0.34710743801710003 0.0247933884297 0.0 0.6889739971789001 0.0247933884297 0.2475307397703 0.0247933884297 0.39467849223929996 0.22152791775839997 0.6174158435799 0.2723241281994 0.19673452932849997 0.2963112275749 0.0743801652891 0.5686353557754
0.0869565217391 0.130434782609 0.0 0.1739130434782 0.0 0.0434782608696 0.0 0.0869565217392 0.0434782608696 0.3478260869571 0.0 0.0 0.0869565217391 0.0 0.0
0.0 0.0 0.0 0.0 0.0 0.0 0.0 0.0 0.0 0.0 0.0 0.0 0.0 0.0 0.0
1.1316805345475 0.6145364135783999 0.0441558441558 2.5230186334056 0.0 0.6084201250378 0.6624786066652 1.5828785737012998 1.3241287464269003 1.7691134920159999 0.294079740655 0.4282643634869 0.5938207910804 0.1468691868818 1.2765549483615002
0.0 0.0 0.0 0.0 0.0 0.0 0.0 0.0 0.0 0.0 0.0 0.0 0.0 0.0 0.0
0.15222088835529998 0.33165266106400004 0.0705882352941 0.9622248899553999 0.0705882352941 0.5667867146855 0.055702280912300006 0.2228091236492 0.44009603841480005 0.47835134053570005 0.5064425770301 0.08291316526600001 0.5676670668278999 0.1237294917966 0.36822729091610007
0.0289855072464 0.0579710144927 0.1 1.0086956521741999 0.0 0.1449275362324 0.0289855072464 0.2739130434782 0.37681159420309995 0.5608695652172999 0.0 0.0289855072464 0.0289855072464 0.15797101449280002 0.2028985507245
0.530567255836 0.6016546602115 0.22431077694270002 0.6707081840733999 0.0 0.28140377120789994 0.30003018016259997 1.2310488262528998 0.5354092036374 1.3597409754768002 0.2808526551982 0.3154089412013 0.4569932685115 0.17095749845840003 1.0409138028332
0.0689655172413 0.0722928009678 0.1709013914093 0.5750151240167 0.0 0.44041137326060004 0.4171203871746 0.4304295220818001 0.25983061101039995 0.8581367211130999 0.0722928009678 0.1249243799151 0.1512401693888 0.101935874168 0.2565033272836
0.7584975753565 0.11712363822469998 0.0425531914893 0.8871780622984 0.0 0.20486583315069998 0.05683890577509999 0.8969292304595001 0.4365018435534 2.9551161312665997 0.30548383057740003 0.6006583828051001 0.7359218714485001 0.13848762213600002 0.8638438814591999
0.5163182984961 0.111111111111 0.083975064173 0.3854052071873 0.074074074074 0.232123212321 0.0 0.4572790612391 0.19508617528400002 0.9508617528421001 0.372937293729 0.0964429776311 0.38063806380600007 0.009900990099 1.1338467180049998
0.41032608695649997 0.0 0.0 0.5597826086959999 0.0125 0.09347826086950001 0.173913043478 0.5282608695650001 0.18043478260899998 1.0391304347838 0.29836956521700003 0.5038043478255 0.3168478260865 0.0559782608695 0.827173913045
0.0 0.0 0.0 0.0 0.0 0.0 0.0 0.0 0.0 0.0 0.0 0.0 0.0 0.0 0.0
0.047619047619 0.047619047619 0.0 0.3333333333332 0.0 0.047619047619 0.0 0.2 0.095238095238 0.9904761904761001 0.1428571428571 0.0 0.0952380952381 0.0 0.0
0.5389077616385001 0.0140845070422 0.0298507462686 0.7353810246469 0.0 0.42690671220110005 0.5865773201873999 1.4397015347042001 0.47617464652950003 1.0416374859247999 0.34041274841819996 0.5309050170991 0.9196466932853 0.0565557729941 0.8632580290563001
1.1940884663097 0.0 0.0731707317072 0.9206283588269 0.0423728813559 0.1271186440677 0.0487804878048 0.6008681273256999 0.1887143447703 1.0849524596937 0.47374948325759997 0.5148821827208 0.6496486151298 0.0423728813559 1.0386523356769999
0.0 0.136842105263 0.0105263157895 0.0736842105263 0.0 0.0736842105263 0.0421052631578 0.20000000000020002 0.0947368421055 0.2210526315789 0.0210526315789 0.021052631579 0.0315789473684 0.0631578947369 0.0105263157895
0.0 0.125 0.0 0.0 0.0 0.675 0.425 0.325 0.225 0.1 0.0 0.125 0.0 0.0 0.0
0.21187083080629998 0.1506505828137 0.102906942624 0.8197668325732 0.0 0.28830627695020006 0.1644160823625 0.7702866979851001 0.4936632451454999 0.6893788443195 0.1269817205231 0.2752013509099 0.2412825955122 0.061974789915900004 0.6033132075573
0.0 0.0 0.0 0.0 0.0 0.0 0.0 0.0 0.0 0.0 0.0 0.0 0.0 0.0 0.0
0.0 0.171428571429 0.0857142857142 0.1142857142856 0.0 0.2000000000002 0.0571428571428 0.0571428571428 0.0 0.1714285714285 0.0 0.0285714285714 0.0285714285714 0.0285714285714 0.0571428571428
0.08866995073860001 0.07665716014150001 0.0147783251231 0.4552761213377 0.0 0.1265232045629 0.0914354852648 1.2136375421303 0.4054100769168 0.4627084953758 0.0295566502462 0.0914354852647 0.239218736496 0.04986604442130001 0.6548267219765
0.28385601367396 0.4562476517194 0.2279979270349 0.39788023288026 0.0266666666667 0.22518563188366003 0.29736527839946003 0.9235631951235801 0.5016611321878199 0.76461035348522 0.13766986636536 0.21733369164438 0.49562096310292 0.17484792154261997 0.8694934742875
0.1639318885449 0.0883900928792 0.0210526315789 0.3407120743034 0.0147058823529 0.1410216718266 0.0357585139319 0.1871517027863 0.0862229102167 0.3724458204335 0.0820433436531 0.0357585139319 0.1681114551085 0.039938080495299996 0.2227554179568
0.66907739534569 0.12707827886387002 0.05128205128197 1.47140338823128 0.0 0.45249078535032006 0.21859497645196002 2.34539728900399 0.58898525033859 2.6887621962661705 0.68859175124772 0.57006585470186 1.15054824087374 0.26912991770126 1.70859262434177
0.448000598511 0.0175438596491 0.0473946059177 0.5887405079861999 0.0 0.21392286686849998 0.0 0.8487038491757001 0.3352784947443 1.0116784498558 0.2579732914374 0.3740395765533 0.40951632813350003 0.08961208992619998 1.3575954812404
0.09446640316200001 0.0 0.047233201581 0.14525691699600002 0.0 0.1199604743084 0.0217391304348 0.21027667984200005 0.11620553359680001 0.41007905138340006 0.2505928853755 0.15237154150219998 0.1379446640315 0.0217391304348 0.2721343873519
0.26309121621598 0.00781249999999 0.015625 0.37542229729698 0.0 0.1015624999999 0.0 0.5082347972969 0.04687499999999 0.5580658783791801 0.09670608108098 0.23965371621599 0.36824324324408 0.04687499999999 0.3718327702701
0.0 0.07142857142850001 0.0535714285714 0.053571428571300005 0.0 0.08928571428570001 0.0714285714286 0.1249999999999 0.19642857142859999 0.17857142857140001 0.0178571428571 0.0178571428571 0.0357142857143 0.0357142857143 0.053571428571300005
0.9373620217538 0.0538803179056 0.0108695652174 0.7122244177449 0.095238095238 0.2435844865583 0.0779610194902 1.3225453517471 0.8301913559355 0.9351075614272 0.45936622702450003 0.29980574229019996 0.7125289313868001 0.16659354654449998 1.1427413597340998
0.42083333333338996 0.0 0.05 0.4000000000003 0.00833333333333 0.06666666666666 0.0 0.3416666666667 0.38333333333343 0.87499999999999 0.4583333333334 0.1750000000001 0.22916666666663 0.12083333333333 0.47083333333336
0.175824175824 0.43956043956 0.175824175824 0.483516483516 0.0 0.395604395604 0.175824175824 0.527472527474 0.21978021978 0.703296703296 0.131868131868 0.0 0.087912087912 0.395604395604 0.087912087912
0.0 0.0 0.0 0.0 0.0 0.0 0.0 0.0 0.0 0.0 0.0 0.0 0.0 0.0 0.0
0.74941265974303 0.18269761155026 0.1020408163266 0.9854445329311701 0.00925925925926 0.5227433457341201 0.3676060208947 1.7168072374534198 0.69271352940515 1.4097159011870202 0.34066358412418 0.31649333873857 0.5939144924313 0.19887087023788 0.81161679998107
0.0 0.0 0.0 0.0 0.0 0.0 0.0 0.0 0.0 0.0 0.0 0.0 0.0 0.0 0.0
0.19232269969726 0.14314888651162 0.0727174060507 0.41239466313233997 0.00884955752212 0.10004886406054 0.08556373158125999 0.4074062068162 0.34061611937712 0.34946567689896 0.1864049858149 0.1357292330743 0.18982787124324 0.107041107041 0.26846299117672
0.09722222222219999 0.08333333333330001 0.0 0.09722222222230001 0.0 0.0277777777778 0.0555555555556 0.2361111111118 0.0972222222222 0.1388888888889 0.0 0.0277777777778 0.08333333333330001 0.0277777777778 0.0277777777778
0.5709172488285401 0.22679394338310002 0.060233802258699995 1.1405306250282699 0.0408163265306 0.09134139092527 0.137590520079 1.08584467297927 0.22893191100417 1.0651552822814698 0.19239151971437002 0.3429760253618 0.53719232760474 0.4687294272564 1.8105549767658
0.2245210727965 0.0904214559386 0.0689655172413 0.2490421455936 0.0459770114942 0.25057471264340003 0.0 0.2482758620687 0.3854406130265 0.6597701149427 0.2260536398467 0.2053639846745 0.4490421455938 0.1578544061301 0.7386973180080999
0.8556094051711001 0.32139179472615 0.029588383011200002 1.27635727753306 0.34304207119707003 0.6461970034371199 0.11084573954846999 2.38133315078897 0.9842970932356099 1.61314790946644 0.37846320894457997 0.51318656185651 0.49093072234054 0.39705020390834 1.65855947483175
0.45193864106871995 0.0151515151515 0.032542819499300005 0.35491953698472 0.0 0.08939864483330001 0.0151515151515 1.1339497459074999 0.28573781291196 0.79345708639114 0.28613542254876 0.20758987389396 0.30472190852588 0.10478307923948 0.9245223978920201
0.0232558139535 0.0232558139535 0.046511627907 0.20930232558200002 0.0 0.0232558139535 0.046511627907 0.0232558139535 0.046511627907 0.32558139534880004 0.0 0.1395348837215 0.0465116279069 0.0232558139535 0.0232558139535
0.6350098159602999 0.0669456066945 0.0 1.0582830624065 0.133333333333 0.4887731782273 0.19682684061420003 2.0016399637893 0.9517627580408 1.5962467623039 0.19801804772269999 0.2509863334545 1.2160305242251 0.0677989130435 2.1383448601832
0.03125 0.0 0.0 0.09375 0.0 0.03125 0.0 0.09375 0.09375 0.28125 0.0 0.09375 0.0625 0.0 0.21875
0.8544358841647 0.11464808330199999 0.0595238095237 1.0476725757863 0.0468682968682 0.2608054265966 0.2049583218505 2.432529288394 0.6673774844957 1.6497855812325999 0.3612612741105 0.5596547414704 1.0934000759936 0.07582711799570001 1.5712520382147
1.5439783487255 0.1528668977111 0.0254237288135 1.5803216401652 0.0664996740212 0.4395566688409 0.0863672236901 2.1031869734107005 0.9552527949559999 1.5078278529550002 1.9402153146598002 1.3855552718687998 1.0774643095384 0.08636722369 2.0491160769461
0.07317073170720001 0.0487804878049 0.0 0.0975609756096 0.0 0.14634146341450002 0.0121951219512 0.0975609756097 0.0975609756097 0.14634146341480003 0.0243902439024 0.0243902439024 0.0243902439024 0.036585365853600005 0.1707317073172
0.0 0.0 0.0 0.0 0.0 0.0 0.0 0.0 0.0 0.0 0.0 0.0 0.0 0.0 0.0
0.6632503688191 0.0621164496333 0.032823702168 0.7141754755479 0.0 0.5602326569557 0.32690513676159993 1.6677484037434 1.4803708973282 1.3763138717438 0.24309402753409998 0.2430940275339 0.6781711064857 0.17381138084710002 0.7778924948996999
0.02 0.0 0.0 0.04 0.04 0.0 0.02 0.04 0.04 0.04 0.02 0.0 0.06 0.0 0.68
0.18239564428292 0.24410163339436 0.1293103448275 0.78584392014466 0.0263157894737 0.35480943738656 0.17377495462790002 1.16696914700548 0.26860254083502 0.6937386569873399 0.11343012704161999 0.46778584391986 0.35435571687840006 0.1637931034481 0.8747731397462801
0.05660377358482 0.08512006861064 0.030231560891879998 0.29674099485474 0.0 0.74819897084044 0.05102915951974 0.43627787307024 0.33833619211029997 0.38336192109774 0.02079759862774 0.08126072041158 0.64536878216064 0.43216123499144005 0.39451114922844
0.7378476105374 0.13262378219686002 0.036757613338790004 0.54374790648596 0.00423728813559 0.06423231756528 0.18619627641666997 1.87308373219937 0.39022817928596004 1.31001170198004 0.12491633693569001 0.12183187661178 0.40284271126949 0.21298199070237 1.85846067634658
0.6594566797913 0.5145358450788999 0.31072119953969995 1.2758277220283 0.0 0.31307577736879993 1.1605420439065002 0.8607735768123 1.0698880166865 0.8974342668572 0.3016279699017 0.30397314073369996 0.7335158735767001 0.1960793604816 1.4025485272362
1.5435751866606 0.20721562083544 0.0763391888961 1.9301622698423 0.0 0.79231245054538 0.52743866437218 5.72761742359764 1.46404011217694 3.94766752173788 0.82091808825198 1.028253977891 1.46196785022404 0.69271728395528 3.7797743610215995
1.4094185451550998 0.1687298114671 0.100917431192 0.7339330705206001 0.0672782874616 0.21456086641179997 0.0755427502715 5.749288866554299 0.7543743808181 1.1608240327362 0.415280343492 0.45606856472870005 0.8326347948327999 0.0683936727659 2.7927545815901
0.7115151515149001 0.1780276448693 0.27770866560310004 1.0708133971285 0.0378787878788 0.2651408825091 0.353328017012 2.1051196172236 0.8501913875602 1.519377990433 0.4820574162678001 0.7650132908023002 1.3149920255175997 0.22998936735769998 2.8388463583194
1.01831024677239 0.1342030289398 0.0832958464537 1.19142696257066 0.0679012345679 0.44936982368279 0.25163334962999 3.4481689210729 1.9240257768636901 1.9599796957084898 0.1170664894152 0.56209804180538 1.24340602227459 0.32918770153617993 4.2199268587070895
0.095238095238 0.0 0.0 0.1428571428571 0.0 0.0238095238095 0.047619047619 0.285714285714 0.0238095238095 0.047619047619 0.047619047619 0.0238095238095 0.047619047619 0.1190476190476 0.095238095238
2.0922671723571002 0.1847661188374 0.1788137378845 1.4154972608524 0.079646017699 0.6151285292877999 0.5544142435736 3.0545301306306003 1.3142962494744 2.8441740412991003 0.44678676780430004 0.9983354403706 1.7229772439959 0.2653603034132 3.2330067425205
1.1892998136098 0.3039129015689 0.047619047619 1.7654394203124002 0.0958452442826 0.3283705666515 0.20444564585169997 0.9647905192481001 1.7303672476004 1.8957977096758003 0.9542251704475 0.7002004479024 1.2136767226378 0.1961915125975 1.4098180299921
0.04081632653063 0.06122448979583 0.01360544217686 0.06802721088436 0.0 0.08843537414973 0.054421768707560006 0.18367346938790002 0.0884353741498 0.17687074829952 0.01360544217686 0.04081632653066 0.02040816326533 0.06122448979600001 0.08843537414963
0.538461538463 0.0769230769229 0.0 0.0 0.0 0.0769230769229 0.0 0.0769230769229 0.0 0.0769230769229 0.0 0.0 0.0 0.1538461538458 0.0
1.3494507506592 0.3868592688917001 0.22989389102430002 1.2980251343505 0.0 0.7269563716609 0.22597278695220002 2.7756420925762 0.9845012516513 2.075739363727 0.6907823268058 0.5213895448914999 1.1325507719607 0.16151681042760002 2.4407196344231
0.0 0.0 0.0 0.0 0.0 0.0 0.0 0.0 0.0 0.0 0.0 0.0 0.0 0.0 0.0
2.3524713894892 0.35862967789909994 0.24842733086990004 1.8002101558218 0.0640476633773 0.7281518684602999 0.3240692462065 1.498753749435 0.9424406346388999 1.0228861247285002 0.1280310082766 0.4023391614902 1.1007261217657 0.3685731499171 0.6602427176247
0.2341137123752 0.1404682274246 0.0234113712374 1.030100334448 0.0234113712374 0.2809364548502 0.1404682274246 0.5384615384624 0.3511705685617 0.6789297658867 0.1170568561872 0.4682274247488 1.5451505016711 0.0702341137123 1.3578595317731001
0.6855445168764001 0.3679696925125 0.1439219165926 0.9086180661379 0.0124223602484 0.4605704770787 0.19603722078119998 1.2878736089233003 1.2425967160488 1.6017774230329003 0.3649809458841 0.46040693231269997 0.6023407916376 0.2243030321765 1.440636299757
0.7050866034037 0.3800992815186 0.0233918128654 1.1813351629582 0.2859575098087 0.3856235146712 0.3270600141641001 0.6703513301799 0.32785660858439997 1.1447304892371 0.31386593570059995 0.1633173241053 0.9172790279105999 0.1463844446431 2.027660940248
3.31117083867817 0.36101089573841 0.11017899504529 4.33723143544861 0.24285579351463 1.6593167439612297 0.57653472369492 8.74326234970103 3.1261966979807196 4.861606823318609 1.0976686456240798 1.11790723190785 3.5468840545210396 1.1563703927807198 5.751804378074779
0.72301766627171 0.0611353711792 0.03286231078113 0.7092030860360501 0.00804289544235 0.16569301192976002 0.024819415338829996 1.5621363428816601 0.43436318297265 0.71611037615463 0.1502979500565 0.19465680133915 0.7445824601656099 0.016776519896479998 1.4563026095517797
1.0845114057693 0.1535402410924 0.27010189971590004 1.6666777885572002 0.0526315789473 0.3105568056763 0.5924638162458 3.2012961471335 1.0014136762489 2.7308114023705 0.7213476433851 1.0046422867591 2.2953043826291 0.4495813785782 4.4651195468916
1.6404437930795 0.17023717753349998 0.0165289256198 1.8248909199139 0.13228113862330002 0.3249595139232 0.2996643638893 3.8437128261129 2.4100396389927 3.7682123903379 0.5682504415866001 1.0477412403122 2.1175476375922 0.2276838040817 4.607806188410699
0.31315714691622 0.082693947144 0.0696220517192 0.33930093776590997 0.09349246945151 0.02614379084961 0.12617220801341 0.7720943449835099 0.21113952827501 0.6047172492180299 0.23699914748533002 0.08269394714389999 0.31315714691632 0.1088377379936 0.61977834612081
2.592235194294 0.23072545741500003 0.1365616939467 1.8012998912201001 0.1365106022796 0.7310372274582 0.7894574366868999 5.513765265115799 2.425949334387 3.7658736550493 1.2080844625979998 1.2822082584996 2.6630204695874005 0.305109299046 3.4181617524201005
0.86561518619766 0.07849479037466 0.0465827338129 1.3975026791362601 0.0232913669065 0.39449843029396003 0.17468353810586 0.7283587355997 1.2352163682983601 1.67861340552086 0.5770505778815 0.6979628345358999 0.8181558620192999 0.06321701259686 2.2207564787201597
0.3749191984484 0.0800258564964 0.0800258564964 0.8832579185534 0.117647058824 0.525533290239 0.17104072398210002 0.5930187459596 0.3781512605041 0.6605042016803 0.2462831286364 0.07058823529410001 0.20711053652220002 0.24628312863649998 0.3656108597287
0.1599999999997 0.1333333333337 0.0533333333333 0.18666666666639997 0.0 0.266666666666 0.0266666666667 0.4266666666667 0.1333333333334 0.1066666666668 0.0266666666667 0.1066666666667 0.0533333333333 0.0533333333334 0.2666666666664
0.92614280514647 0.21374704725437 0.17458791208769997 1.93007716238357 0.0278551532033 1.0409087372713 0.50746906962654 2.21493388248907 1.6299654395347698 2.68870202431554 0.77160739227317 0.56897997524147 0.9240970432135 0.16500348236643997 2.2159228735931698
0.0 0.0 0.0 0.0 0.0 0.0 0.0 0.0 0.0 0.0 0.0 0.0 0.0 0.0 0.0
1.1077883680081 0.6477347637151001 0.2815869950101 2.6241429261253 0.0614035087719 0.9613965108225001 0.6372199945420001 2.4543348798827 1.8771177544985 2.0718129588028 0.5052561599442 0.7521403228846 1.106518240156 0.7804855177428 1.1310610990971
0.35619195619160005 0.0740740740741 0.2981314981318 0.8803936803943001 0.0 0.5277981277972 0.2397898397896 0.5542161542161 0.5327709327702 1.0294224294214 0.0592592592592 0.24144744144720004 0.6044844044848 0.1581307581306 1.4438894438882999
1.1431149276251902 0.32076573426588995 0.2438346653349 1.44520934384636 0.0280192307692 0.6780759772137899 0.6070514485515001 1.15299424511768 1.1404255691117 1.5775831455771903 0.30204376474559 0.80117107360708 0.8320710459756 0.19659409207788 1.53104573617779
0.5415962441315001 0.058779342723000005 0.0 0.41990610328660005 0.18779342723 0.2217840375586 0.058779342723000005 0.42234741784049995 0.5477934272305001 0.9282629107979999 0.10723004694829999 0.22178403755870002 1.0268544600936 0.1847887323944 1.0723004694842
2.29278704582083 0.5595559495339 0.20970043479713002 3.11037113431661 0.19145810527530002 1.01062408497712 0.50228770912475 4.59420793093315 1.7916014249048298 3.92086063527965 0.80593750113981 1.7019340600268302 1.70154146377654 0.43517721509117 3.17195530500306
1.9977625947965003 0.1898780948552 0.2108978654164 1.8038295001543 0.0397350993377 0.4122852531572 0.39266596069580006 2.4561363666613003 1.3352835219361 2.2894677454253 0.6830023290056999 0.5820732147196 1.2822628981233999 0.3960335582253 2.9286859975007
0.9900198177485 0.1382607326327 0.08825583019120001 1.0071308238777 0.0351014805373 0.20051579626059998 0.0792293956329 0.9539021948068999 0.468507013462 1.3771908713551002 0.2998689711111 0.7459465723027 1.6473510474873998 0.0 1.9687194525915
1.3978160054581799 0.2061636464937 0.05655296934489999 1.4571769551 0.0754840716059 0.41091979510518 0.33586194415048 2.1716464162423796 1.5094148976885 2.07859542197418 0.56866619293058 0.68338986259768 1.0515011410344999 0.30412051185554 2.69269016841748
0.48666666666689995 0.2213852813856 0.0533333333333 0.6547186147183001 0.0238095238095 0.4665800865798 0.34181818181830004 1.0028571428570998 0.5004329004332 1.5231168831171997 0.15428571428600002 0.7983549783558 0.4571428571436 0.7926406926409 0.5228571428572
2.49910125807254 0.20331029058886 0.14272230680915998 2.02883954333026 0.1916524932467 0.5539242830553199 0.46447977345085995 3.3868459897789402 2.88045984831226 3.81717908189838 0.9214447456291599 1.1159181734398 2.3790904198388603 0.52752444176222 2.8875073507922604
1.8741937481256998 0.0727936701156 0.1676362982672 1.7932860445759 0.0537634408602 0.29714945365769996 0.23451801869720001 1.4042969435898998 1.3859095281302 1.884748791243 0.6794989739260999 0.6105428410856 1.3863690489020999 0.15331239889599999 2.0019807999239
0.2000000000003 0.18333333333329999 0.0999999999999 1.0999999999997 0.0 0.3833333333329 0.15 0.5499999999999 0.483333333333 0.8666666666657 0.05 0.1666666666666 0.1166666666666 0.1999999999996 0.45000000000060003
0.2057191634654 0.0281690140844 0.0887750746905 0.5228339735378 0.0 0.5704225352112 0.7976952624831 0.2761416986767 0.25117370892040003 0.2663252240714 0.0563380281689 0.666666666668 0.2705932565084 0.4037558685452 0.5953905249674001
1.22757385748525 0.568063105323 0.14378267738535 1.72726708058245 0.0368973340896 0.6808402746269 0.21641306402949997 1.59762639830502 1.43955984290216 2.3283204239085498 0.6932237215496899 1.09607881758647 1.19998109093436 0.11010472115108 1.9342675901400799
0.0 0.0909090909091 0.0 0.0 0.181818181818 0.0 0.0 0.181818181818 0.181818181818 0.0 0.0909090909091 0.0909090909091 0.0909090909091 0.0 0.0909090909091
0.3121940321465 0.9326276870907 0.1860836186325 1.4623035727696 0.0 0.7639002829742 0.7993991006361 0.9245684736219001 0.7435592832278 1.1858236832406 0.24693221860929998 0.23817916438609998 0.5291832390682 0.5997416028986 1.075504040697
0.5552802460694 0.2608509911139 0.3861927546144 1.2689678742323998 0.0 0.4302802460698 0.135850991114 0.5668147641826 0.7589712918663 0.7248803827754999 0.306305536569 0.0902255639096 0.41857484620709995 0.0566473000683 1.0401572112106
0.9654162708833001 0.3107026688092 0.1282599959815 1.9748052807625 0.0 0.7276660875323 0.6467444983770001 1.4462771162212 1.1758130123005 2.3354973435060002 0.3994564781274 1.0590615593341002 1.3397756926449 0.6619706065855001 1.8285533889341998
0.5868740404134001 0.2545124492024 0.128205128205 1.41125688470754 0.0320512820513 0.37804746875542 1.0549619996517798 0.9652272506266201 0.5629127509654399 1.41498766719922 0.1404436271693 0.46451925655492 0.5785991294845 0.19098453169232 0.8364165333191199
2.3043775566498 0.3141674483555 0.2261873975166 4.019649878156 0.11612823266950001 1.1608532933559002 0.8212536900045999 4.6911151802522 2.4406526563810003 6.426999480180599 1.8934995070535 1.6238472393690002 2.4053738823175 0.5790747329835 2.9768198247604003
0.43925907683664 0.0855614973261 0.00328947368421 0.6663558964260301 0.0213903743315 0.23693005910500997 0.11024134534180999 0.45407050379913 0.51333380241973 0.68278567407814 0.12832465522083 0.25995637489450996 0.50840838727743 0.07732901773143 0.8127638615245298
1.0032705146684 0.1822847868059 0.1769483427889 1.5436797115268999 0.053180053747300005 0.400202878248 0.2363330347716 1.6595807463675 0.7827721821697999 1.8691674293920997 0.5887057298706 1.0197840226763002 1.272996231765 0.10832408435060001 2.1027702508471005
1.4211714352722 0.1434099437146 0.0856003752344 1.6727347439670999 0.1928353658536 0.7021616419739001 0.4432659959884 2.8614184714029998 1.9334747201929998 2.2665646026042006 0.8872977251392 1.1619371482174 1.819538679885 0.2032422607878 3.2053468897567003
0.125 0.0 0.0 0.125 0.0 0.0 0.0 0.125 0.125 0.0 0.0 0.25 0.125 0.0 0.125
2.5330511153573902 0.21201079209589 0.0880436865298 2.3154313534913804 0.3138762749854 0.7095479119866901 0.38040968259650004 2.5162117669286896 2.0940241116780904 2.7090727345653 0.5931149525856 1.34082074114409 1.8767154704864801 0.468683600802 2.8489858047778904
0.35654273644069 0.0121951219512 0.025726010101 0.47909876453448 0.0217225609756 0.0710867168283 0.07546309127859 0.30873133701078 0.30832619603669004 0.67869130756727 0.21477491705339 0.30187543038349 0.43128111760368004 0.05679795632249 0.65768673591188
0.16279069767499998 0.116279069768 0.0232558139535 0.34883720930289996 0.046511627907 0.16279069767440002 0.093023255814 0.1860465116278 0.1395348837209 0.3023255813958 0.0232558139535 0.046511627907 0.1395348837215 0.0697674418604 0.139534883721
1.0708020050122 0.0 0.1842105263161 0.4147869674187 0.0 0.5701754385964 1.2312030075183 0.1578947368421 0.2543859649125 0.1052631578946 0.0 0.140350877193 0.140350877193 0.5526315789473 0.17794486215519997
1.9180238684989102 0.7278773665392 0.2747827951835 3.3784481377931197 0.03759671179881 1.34451572778692 0.25348537743561 1.44899076286992 1.58568252445511 3.03899249656064 0.73902113100731 0.610599898114 1.3021154775797 0.641098123768 1.6987696006117101
0.0 0.0 0.0 0.0 0.0 0.0 0.0 0.0 0.0 0.0 0.0 0.0 0.0 0.0 0.0
0.16503913818508 0.2349066108664 0.0695187165775 0.5947066573663999 0.0144927536232 0.45369293962648005 0.2497868712712 0.18809579167638998 0.5633961094323899 0.57126249709427 0.030303030303 0.22471518251609002 0.1469038208168 0.24645431295038 0.24672556769738999
0.159842995169 0.1701690821256 0.2152777777778 0.5770531400972 0.0173913043478 0.3440821256038 0.2812801932368 0.3751811594202 0.2571859903382 0.36159420289879995 0.0347826086956 0.18762077294680002 0.378985507247 0.1180555555556 0.5214975845412
0.5750257720402 0.1137555465912 0.1100309264488 1.5202904396929 0.0666666666667 0.4237013132534 0.5678140827393 0.9099233561915 0.5758639236244 1.3490654833936 0.2502442741255 0.5161669131819 0.8767782708084 0.1998207162385 0.9448523150005999
0.80743706482024 0.11278788885741 0.11002722323041 1.11531545037154 0.051724137931 0.19231549656901 0.44862135566660005 0.5358698922580201 0.68406287221301 2.07849347202994 0.39831841412299995 0.21065623498392 0.9807452542557101 0.17265105979089998 1.1009741828986102
0.9064412594869501 0.35207994956338 0.115830378237 1.9203511634318 0.15546471665136 0.6082069846277299 0.39437559886544 1.52375003113616 1.10089067621397 2.3024526878249905 0.71494610774071 1.03172677568239 0.93377204624943 0.3801615102657 1.5595501140196
0.9069569534073001 0.0847457627118 0.0420537550528 0.7707963974193 0.0169491525424 0.18140557407279997 0.08034891142469999 0.49648961066600006 0.5988227785272999 0.8247642011211 0.2391319764559 0.36281114814540005 0.41741720445279995 0.1644564215304 0.8128501524713999
0.1136581929947 0.1788040583157 0.0372670807452 0.5718441033295001 0.047576359095800005 0.15700838829459998 0.1568694235275 0.42634390510009995 0.5051042303871001 0.4263370931028 0.1743149513828 0.24382594526700002 0.2688096305307 0.1503912130669 0.5418454248572
0.9298326494847899 0.31058134710259 0.01834862385318 1.1596643769302901 0.00917431192659 0.26857037480957 0.13622331842688998 1.28088792586788 0.7209026785304 1.02970264164978 0.5046793601043 0.97279148033668 0.6913383430914 0.09787469457367 1.8694278733132899
0.0425531914894 0.1478163493843 0.0212765957447 0.2956326987687 0.0 0.274356103023 0.1478163493844 0.5274356103023 0.212765957447 0.6550951847705 0.0 0.210526315789 0.0425531914893 0.4008958566627 0.0212765957447
2.8092623689439 0.1826472962065 0.1471379075086 2.4668195433547 0.349154840572 1.1179025384185 0.6548961835109 2.8253332115927 2.176679019503 4.1571375511883994 0.8934951586507001 1.6630910502144998 2.3179902447336 0.4052879985897999 1.8331650870096001
1.2085825904635 0.12786060812439998 0.0243902439024 1.1056994561149 0.0347622302509 0.21163623344080001 0.0909394328391 1.0533046744197 0.7489847361516 1.6962938705652002 0.19621630890640002 0.7965215700006 1.2196321814986 0.1533333333331 1.3318425299871999
0.1352272727272 0.41136363636359996 0.1431818181818 0.780681818183 0.03125 0.4579545454545 0.2056818181817 0.8409090909089001 0.4295454545453 0.5022727272724 0.1562499999999 0.1795454545454 0.25 0.0937499999999 0.3823863636364
0.0 0.0 0.0 0.0 0.0 0.0 0.0 0.0 0.0 0.0 0.0 0.0 0.0 0.0 0.0
0.5622601320291299 0.33782047168805995 0.05322969340483 1.62052267405809 0.0338983050847 0.41413603788243 0.37381778292079 0.73904768431796 0.8119674206457299 1.78801758861586 0.36184805415392995 0.5718077908984001 0.6410073165988001 0.032576030772799996 0.65804301692343
0.0 0.0 0.0 0.0 0.0 0.0 0.0 0.0 0.0 0.0 0.0 0.0 0.0 0.0 0.0
0.22836134453780002 0.5265231092439999 0.1633928571429 1.2169642857151999 0.0588235294117 0.6621323529411 0.423739495798 0.6228991596636999 0.5213760504205001 0.9852415966382 0.13125 0.1338235294117 0.507825630252 0.4213235294123 0.3963235294117
0.0 0.0 0.0 0.0 0.0 0.0 0.0 0.0 0.0 0.0 0.0 0.0 0.0 0.0 0.0
1.3558451638703999 0.5221804897760001 0.270609532094 2.2417652760199998 0.1191053390356 0.7151268654017 0.45356778479640003 1.7416168560898002 1.5075331581926 1.7231153488638 0.303182735223 0.9717326329948001 0.9308799497394 0.3459991082635 1.7977397596466
0.8863606793403 0.14665747375357 0.17173988239416998 2.02159176378698 0.09301563907297 0.3180518728296 0.75346864789744 0.7325132256883701 0.99990475187997 2.22519292066287 0.37562433472507 0.3275294786594 0.7527805767367 0.20000310579157 0.9955656467868701
0.9856941000140301 0.28905617484574 0.05267670765561999 1.5854839012829802 0.07411042903890999 0.6642674663734599 0.36926010376901 1.59500261819372 1.29809199632027 2.4132750822630897 0.8778440014403001 0.54496940152409 0.97953757515123 0.10529393248302 1.1654365096423902
0.6128191766548999 0.09900990099 0.0 0.4639321074968 0.0 0.034839574183 0.039603960396 0.43862130574 0.4631876721507 0.5519243653699 0.21454626665669999 0.1797066924738 0.2779721581181 0.0649147621529 0.5589220576187
0.45290969514814 0.128640827034 0.07173671884617 0.50480700226261 0.0294117647059 0.20091424083877002 0.07655831961771001 0.6926976390509 0.61400973036387 0.8012629444326399 0.19367127574104 0.5786135907793 0.7007629153133699 0.07820450120537001 0.8757988346610699
0.56935424256866 0.19175684707884 0.0 1.1647922276779201 0.09429374667570001 0.25596169473474 0.0763400854346 0.86862957969 0.85552460466682 1.0782151683390198 0.46285442737189997 0.39602240311932 0.7353209727255399 0.09260024803634 1.1583337518780399
0.0 0.0 0.0 0.0 0.0 0.0 0.0 0.0 0.0 0.0 0.0 0.0 0.0 0.0 0.0
0.90705101862369 0.11730348742396002 0.0394756900231 1.13502935473576 0.1500204016867 0.4752587878940299 0.21417337234500003 1.11693258558903 0.82555900728933 1.1734664584747 0.43599272795239996 0.50671295133373 0.65216784358896 0.06527612343229 1.18558018960686
0.5534782608694 0.2118840579711 0.0 1.6098550724635001 0.0 0.2952173913044 0.2892753623189 0.6234782608692 0.5575362318843999 1.2468115942032 0.5115942028985 0.698695652174 0.5768115942029 0.04927536231890001 0.7760869565228
0.1842105263157 0.392448512586 0.0 0.8890160183070999 0.0 0.263157894738 0.130434782609 0.6819221967963 0.6533180778034 0.6796338672770998 0.078947368421 0.2871853546907 0.3661327231118 0.0526315789473 0.3409610983984
0.0 0.0666666666666 0.2 0.1333333333332 0.0 0.0333333333333 0.0 0.2666666666666 0.0666666666666 0.3999999999996 0.0333333333333 0.16666666666660002 0.133333333333 0.5 0.0
0.980467349672 0.2732340629688 0.0 2.1161629025876003 0.0873191071868 0.7548523343231 0.9624400617787999 1.5861189950588 1.0063819550567 1.6962193435701 0.6791886675989001 0.7278218470264001 0.6744131512336 0.2028054726728 1.2525747492637
0.0 0.0 0.0 0.0 0.0 0.0 0.0 0.0 0.0 0.0 0.0 0.0 0.0 0.0 0.0
0.0 0.2448979591836 0.12244897959180001 0.1632653061224 0.0 0.24489795918360002 0.12244897959180001 0.2857142857148 0.1632653061224 0.2857142857148 0.0 0.12244897959180001 0.0 0.204081632653 0.0408163265306
0.54353054353 0.1142857142856 0.16825396825379998 0.9708994708995 0.0 0.3818662818663 0.31111111111129996 0.45069745069739997 0.6240500240492001 1.0532948532944 0.0454545454545 0.1363636363635 0.2845117845116 0.074074074074 0.8416065416072
0.29407925407909996 0.1460606060605 0.0951515151515 0.7928671328669 0.106060606061 0.24825174825149998 0.31151515151500003 0.36321678321699996 0.5042424242426 1.3367832167834002 0.2427972027971 0.29291375291349997 0.4257808857808 0.166247086247 0.6740326340327001
0.5094178096045 0.0997663551401 0.037987012987 0.707409576405 0.038961038961 0.3540046324391 0.1752533681272 0.5075752518507001 0.6896401262284999 1.0669572561396001 0.3139718614719 0.180305255492 0.5064147145687 0.1998301776105 0.6125055629724
1.33985812186813 0.31790502524313 0.13337050414933 2.4511495631992597 0.1649789764226 1.1928458122840602 0.47226550731323 1.42265510364629 2.0050429402 2.9765346348330297 0.79491331730503 1.3264486760435001 1.25709288375643 0.28392173025073 1.8610172034866899
0.6665293040291 0.0153846153846 0.0543727106227 0.48333333333320005 0.0373626373626 0.15709706959710001 0.1093177655678 0.309226190476 0.5657051282050001 0.6606913919414 0.2597298534797 0.3531822344321 0.5108516483524 0.0411858974359 0.7760302197814001
0.3105590062113 0.2281209781208 0.0 0.2835040008952 0.0 0.441301549997 0.1873006546918 0.4965306921828001 0.2026047786918 0.8197358849542 0.3368166302946 0.6401992054172 0.27972693190090003 0.23795534665079998 0.5356443399924
0.31025228126665 0.08443370907136999 0.0 0.51674718196437 0.0 0.13859366612997 0.0308641975308 0.3520665593129 0.30268384326347 0.7125067096077099 0.14755770263007 0.40703166935157004 0.31223832528177 0.00617283950617 0.67885131508344
0.2181372549025 0.3014705882351 0.0 0.6348039215690999 0.0 0.39460784313710007 0.2352941176468 0.27696078431390003 0.31862745098010004 0.4093137254905 0.1004901960785 0.3088235294118 0.3921568627455 0.1421568627451 0.2671568627452
1.08735853956106 0.178275058275 0.0866321243523 0.95980440112544 0.2321370339503 0.50573885527228 0.30410256410248 0.8599862917741801 0.8240310035385601 1.6430208220117402 0.28636907134298 0.39982728842829995 0.60445764943158 0.1332642487047 0.8949950481296002
1.6862750219585 0.076923076923 0.016129032258 1.6827964671573001 0.051282051282 0.37847721039540005 0.2365721997301 0.8149602952056 0.9829288591500001 2.3924088428631003 0.8710512231552 0.7788290606833 1.3761597103251 0.2974358974358 1.357771051479
0.0392156862745 0.1553544494721 0.1361236802413 0.39064856711959994 0.0392156862745 0.31221719457060004 0.1353695324284 0.4091251885364 0.3107088989438 0.2330316742081 0.0976621417798 0.0384615384616 0.0192307692308 0.15535444947209998 0.5282805429858
0.0384615384615 0.2435897435901 0.2435897435901 0.4743589743594 0.0384615384615 0.24358974359000002 0.24358974359 0.1923076923076 0.1923076923075 0.192307692308 0.2051282051285 0.23076923076960001 0.076923076923 0.0 0.38461538461570005
0.38958152761132003 0.0371475953565 0.0 1.01376386072018 0.08215780851825999 0.28001745049419996 0.1255863539448 0.8230527097374599 0.63428021766876 1.1209253890245199 0.05090780851836 0.27887598159022003 0.5615474456994201 0.07529805242076 0.526857798695
0.0 0.0 0.0 0.0833333333333 0.333333333334 0.0 0.0 0.0 0.0 0.25 0.0 0.0833333333333 0.0 0.0833333333333 0.1666666666666
0.043010752688 0.0910815939278 0.0588235294117 0.2093611638203 0.0215053763441 0.16065781151170003 0.05091714105 0.28399746995610003 0.22296015180259998 0.30550284630040003 0.0215053763441 0.13693864642630002 0.0645161290323 0.1470588235294 0.18216318785570002
0.1014492753623 0.0289855072463 0.0144927536232 0.2173913043477 0.0 0.0144927536232 0.07246376811579999 0.07246376811579999 0.231884057971 0.1449275362318 0.0144927536232 0.0 0.0 0.0434782608696 0.0434782608696
0.8656498540215 0.36041477902019997 0.110037249572 1.0097150911105002 0.0834591764823 0.4630021141663 0.1783449109028 0.7173562871242 0.698479814758 0.9414074297796999 0.56558944931 0.6833282996075001 0.9642605456573 0.060606060606 1.2983489378855
0.19054532256600998 0.1049813991469 0.0388349514563 0.55802558751461 0.0 0.1898194356229 0.18337718900361 0.3242899918337199 0.32646765266321 0.32283821794691 0.02876327012061 0.13447055621061998 0.15388803193881 0.018691588785 0.42500680518990996
0.7344455617912 0.37587647094730003 0.2073433753203 1.3259764279714 0.0290703646635 0.6872160108848 0.4316366651545 0.8454902317769 1.2587179159848998 1.8282460666576 0.39769626511559997 0.4221992196189 0.4015195991222 0.1658931588701 0.8886726661186
0.3830721003137 0.0114942528736 0.0 0.1809822361547 0.029676071055400002 0.15506792058510002 0.029676071055400002 0.1024033437826 0.1368861024035 0.321630094044 0.1187042842215 0.1005224660397 0.07084639498440001 0.0344827586207 0.3245559038662
0.2656087631233 0.0976121369486 0.0453729812868 0.5218430344576 0.0550589454592 0.0215053763441 0.066878357631 0.555625384172 0.2505119999557 0.6110509298694 0.1281171356668 0.4116424517561 0.383811154019 0.0240963855422 0.561264963767
0.6059940059939 0.09725274725269999 0.0357142857143 0.7999500499504 0.17857142857129998 0.158891108891 0.1042457542457 0.4358141858142 0.6895604395607 0.5290709290708 0.1783716283716 0.4791708291712 0.7481018981022001 0.08541458541460001 0.8738761238770001
0.0983606557375 0.0327868852458 0.0 0.1311475409834 0.0163934426229 0.0819672131147 0.0327868852458 0.1639344262296 0.0327868852458 0.1639344262293 0.0491803278688 0.0819672131147 0.0327868852458 0.0327868852458 0.0491803278688
0.931843941064 0.0350877192982 0.0238095238095 0.7460131219766 0.0 0.1670817170313 0.0492872308158 1.2789377903352999 0.6499209807969 0.9456443656908999 0.3249525086605 0.5972814201102999 0.565546030682 0.1353303641267 0.5492632856021
0.0714285714286 0.0 0.0 0.0 0.142857142857 0.142857142857 0.0 0.35714285714259997 0.0 0.0714285714286 0.0714285714286 0.0 0.142857142857 0.0 0.0
0.0487804878049 0.0487804878049 0.0243902439024 0.1707317073172 0.0 0.1707317073172 0.0 0.21951219512210002 0.0487804878049 0.0975609756097 0.0487804878049 0.0 0.0731707317073 0.0 0.0487804878048
0.0 0.0 0.166666666667 0.166666666667 0.0 0.0 0.0 0.333333333333 0.166666666667 0.166666666667 0.0 0.0 0.0 0.0 0.0
0.7839981005918 0.43114395183390003 0.0383512544803 1.4272237798699199 0.0357142857143 0.6155918353514399 0.23135271807854 1.29376035444002 0.85644553645822 1.51010412918106 0.68541170261482 0.22297636508652002 0.37049896302991997 0.22138575098884 1.2760412722819199
0.0 0.0 0.0 0.0 0.0 0.0 0.0 0.0 0.0 0.0 0.0 0.0 0.0 0.0 0.0
0.1561904761903 0.19619047619059998 0.2714285714286 0.253333333333 0.0 1.3619047619045 0.20952380952389998 0.2409523809524 0.2676190476189 0.4009523809522999 0.0266666666667 0.0 0.2095238095236 0.1561904761903 0.2495238095236
0.0 0.0 0.0 0.142857142857 0.0 0.142857142857 0.571428571428 0.142857142857 0.0 0.0 0.0 0.0 0.0 0.0 0.0
0.3092643748722 0.2332719459791 0.0 0.6643006957232002 0.08870472682620001 0.21383261714739998 0.1658353795784 0.6004066912216001 0.6166103949251001 0.9722605893178999 0.28441528545100003 0.306732146511 0.5240178023329 0.1031179660323 0.9172293840817
0.4499999999998 0.0 0.0499999999999 0.19999999999970003 0.25 0.1999999999997 0.0 0.0 0.0 1.0000000000004998 0.19999999999970003 0.0499999999999 0.4499999999998 0.0999999999999 1.0500000000007998
1.2659470838829 0.22580231065450002 0.0449438202246 1.3552679293247 0.0698447893569 1.1154790028637 0.40612227771630005 0.9839716925196 1.4924879392047998 2.2452148156504 0.6093106863009999 0.6164623547209 1.2186126237641002 0.1611896393948 1.189343034417
0.3092399403874 0.0491803278688 0.0227272727273 0.16020864381510003 0.0454545454545 0.12369597615500001 0.0163934426229 0.1274217585694 0.2649031296573 0.3002980625931 0.1173621460505 0.1046944858421 0.0719076005961 0.0227272727273 0.2637853949329
0.4391939180362 0.0509171410499 0.0215053763441 0.5590946055846999 0.0215053763441 0.2320859722188 0.0588235294116 0.809743134791 0.6608882262582001 1.0710149749044 0.374333193688 0.6061542505572999 0.2798352185454 0.08663142676419999 0.728273655504
0.2685015290516 0.0 0.0516819571865 0.2351681957184 0.0550458715595 0.14678899082619998 0.0666666666666 0.4535168195719 0.4568807339443 0.6553516819579 0.0550458715595 0.1100917431192 0.0550458715596 0.0 0.3902140672778
0.2242424242423 0.2151515151513 0.0 0.1 0.0 0.0 0.0 0.39696969697030005 0.0333333333333 0.2666666666666 0.0333333333333 0.0 0.4303030303026 0.0666666666667 0.2333333333332
0.5338375510786999 0.00961538461538 0.027027027027 1.1828715320087402 0.03664241164238 0.13229442970818 0.467847157502 0.22662914904276 0.52108574091308 0.8511631658177601 0.05587318087314 0.10395010395018 0.17541580041568003 0.27238511721248004 0.40336224818975996
