0.2040816326531 0.0 0.0 0.4395221503243 0.0 0.10602289696350001 0.0 0.1627675460428 0.2608262817324 0.47287207565910006 0.228471876556 0.4240915878543 0.23643603782980002 0.0408163265306 0.4240915878552
0.116368286445 0.1598465473149 0.0588235294117 0.5856777493599 0.0 0.2787723785172 0.0 0.2046035805632 0.3375959079283 0.6713554987216 0.0 0.0 0.116368286445 0.117647058824 0.35294117647080003
0.0 0.0 0.0 0.0 0.0 0.0 0.0 0.0 0.0 0.0 0.0 0.0 0.0 0.0 0.0
0.5633991579208 0.2253968253969 0.031168831168800003 0.9489098420599 0.0 0.3420466899915 0.3281385281382 0.9298029215838 0.44351934215020006 1.1406550831206 0.281092727668 0.1622487101937 0.46395066121039996 0.07745952677449999 1.0622111526225
0.0 0.0 0.0 0.0 0.0 0.0 0.0 0.0 0.05 0.25 0.1 0.0 0.5 0.0 0.1
0.2334426078124 0.2074660633482 0.1902714932126 0.9155323667933001 0.0941176470588 0.4110444177668 0.1443900637177 0.34679102410170004 0.6036706990489 0.7053929264013 0.6694570135752 0.0662895927602 0.6922199649105 0.12633668852160002 0.5935774309721
0.07549713515340001 0.0812268284462 0.0 0.7850522413214 0.0 0.23795079204629999 0.228597910347 0.361897539602 0.648129423661 0.4856757667679 0.0232558139534 0.3855746545332 0.1937141894169 0.0579710144928 0.4354566902597
0.7468870106558 1.0234398728275 0.2730912647475 1.0753819166734 0.0 0.3825402799551 0.3697530763443999 1.4962767664907997 0.6959251019896 1.8062995248312002 0.4099549409849 0.42356881861219997 0.6140613313384 0.3382413702499 1.3445787242986
0.3403292810354 0.2892946104843 0.2168784029035 1.1222282137026 0.0 0.8768616625283999 0.6125226860256 0.7683248759566 0.32601813808929997 1.5307671464753003 0.20466785512570002 0.1723031295646 0.4905627475675 0.228729461853 0.8205117886849
0.3174620262915 0.3772974814152 0.041078575942699994 0.8206461058932 0.02 0.5483809832236 0.1842138894739 0.5227226622315 0.7256933575226999 0.7801643247843999 0.3151023269997 0.2841162839687 0.3124878870868 0.25785518373989996 0.4927789114254
0.21076274294100003 0.0277777777778 0.0284195086175 0.16318298496539999 0.0185185185185 0.06545654565455 0.0 0.26283461679485 0.05619728639525 0.31197286395345 0.1229372937294 0.06866519985335 0.2139713971396 0.009900990099 0.43940227356104994
0.2688595068138 0.0 0.0 0.32324789098000006 0.0125 0.1056456846203 0.0434782608696 0.24419208306290002 0.0975340687864 0.6041855937713 0.1624188838417 0.4342066839719 0.16321382219340003 0.0382949383517 0.5022225827391
0.64339135801798 0.037886340977080005 0.0434782608695 0.7447159556520799 0.0588235294117 0.18529463369718 0.08011018703718 0.5140817712507 0.6015458799587999 0.6790669399668999 0.15217205526308 0.23120493591689997 0.44005437104826006 0.08340692209087999 0.50476685884346
0.030303030303 0.3257575757576 0.060606060606 0.045454545454500006 0.0 0.045454545454500006 0.030303030303 0.15530303030300002 0.1818181818181 0.32196969697 0.0 0.0 0.0 0.6363636363636 0.16666666666660002
0.368862490009 0.0281690140845 0.0298507462686 0.7980570809850001 0.0 0.30962804016890005 0.6788056904087001 1.2499882550263 0.4408376243966 0.8511445281786 0.28306868403210006 0.4801001881253 0.7097120856396 0.0422700587084 0.7295055139665
0.6945018602744 0.0 0.0365853658536 0.5450599421257 0.0254237288135 0.0762711864406 0.0243902439024 0.3385696568827 0.09859446052080001 0.6314592806934 0.262298470442 0.304051260851 0.36295990078539997 0.0254237288135 0.5744109136002999
0.0 0.0 0.0 0.0 0.0 0.0 0.0 0.0 0.0 0.0 0.0 0.0 0.0 0.0 0.0
0.0 0.0 0.0 0.0 0.0 0.0 0.0 0.0 0.0 0.0 0.0 0.0 0.0 0.0 0.0
0.7538000101498 0.2845941793241 0.24800221341509998 1.9044086950651002 0.0 0.9048319930876 0.3747250894695 2.7469758118365 1.6519258299079 2.0624328879658 0.36646842462310003 0.4432239638058 0.7706975511117 0.2228930828524 1.2650202673813
0.0 0.0 0.0 0.0 0.0 0.0 0.0 0.0 0.0 0.0 0.0 0.0 0.0 0.0 0.0
0.08064516129009999 0.016129032258 0.0 0.2741935483874 0.0 0.0806451612903 0.0483870967741 0.1451612903224 0.0806451612902 0.064516129032 0.0322580645161 0.0 0.0645161290323 0.016129032258 0.0967741935484
0.02955665024623 0.0372482931466 0.00492610837437 0.32719730360385996 0.0 0.07726212081914001 0.042174401521 0.47472128597447 0.28718347593136995 0.23610751015434003 0.00985221674875 0.042174401520950006 0.09143548526477 0.04001382767257 0.30014691902154
0.18280199522866003 0.17823899371054003 0.07449143352844001 0.46687703318123996 0.0533333333334 0.17253741053984 0.07528735632176001 0.26118412491834003 0.41049230101912 0.6000780741707 0.0933333333333 0.1553047061374 0.56547603556676 0.04082194751675999 0.66974192149224
0.0253164556962 0.0506329113925 0.0126582278481 0.240506329114 0.0 0.037974683544299996 0.1139240506331 0.126582278481 0.0379746835443 0.11392405063290001 0.0126582278481 0.0506329113924 0.0253164556962 0.037974683544299996 0.11392405063290001
0.5594912187777 0.558172010915 0.2438242651653 0.8751271330633001 0.0 0.8906684303368001 0.1411819887427 2.6590151301006992 1.0261442630682 2.2831419012719003 0.4968794248996 0.7117163552435 0.7335102954442001 0.5786357951004 1.2424917878688
0.2589683163132 0.00877192982455 0.05354804922755 0.32521602513655 0.0 0.08379156847345 0.0 0.8800733176221001 0.14702801780555 0.6192720607488 0.1518722178579 0.24927991620785 0.26289604608485007 0.03115998952605 0.9281225451697998
0.24261455131 0.0 0.047233201581 0.3489606207 0.0 0.13847899282690002 0.2439613526568 0.72879519836 0.3569462743378 0.7434123847164 0.3246669594495 0.18940857853919998 0.5453520714392001 0.20692431561980001 0.8832454984624
0.829913882714 0.015625 0.03125 1.4333128718909998 0.0 0.39543269230760003 0.0 1.3992031238791 0.1282327586206 1.4279999910396999 0.3108757796256 0.6066463097707999 1.0232274715051002 0.09375 1.3045301186459
0.0 0.07142857142850001 0.0535714285714 0.053571428571300005 0.0 0.08928571428570001 0.0714285714286 0.1249999999999 0.19642857142859999 0.17857142857140001 0.0178571428571 0.0178571428571 0.0357142857143 0.0357142857143 0.053571428571300005
0.7409144767796 0.1188639551192 0.0543478260869 1.0239855878517001 0.0454545454545 0.24265554173040002 0.297328608423 1.9244348133843001 0.8427928264615 1.1830386859352 0.4773106481948 0.5709604874984 0.8382279168339001 0.2125429220874 2.4271411581609
0.7107202447172 0.161290322581 0.0 0.4092046718574 0.0172413793103 0.0 0.0 0.9302002224699 1.1194382647407002 1.0745272525029 0.4890155728586 0.6646273637373 0.3122219132367 0.0797413793103 1.0317714126799
0.08395604395600001 0.20989010989009999 0.1039560439561 0.24087912087910002 0.0 0.1989010989011 0.08395604395600001 0.2518681318685 0.09494505494500001 0.355824175824 0.032967032967 0.02 0.041978021978000005 0.1189010989011 0.16197802197800001
0.0810810810811 0.054054054054 0.054054054054 0.027027027027 0.0 0.0810810810811 0.08108108108100001 0.1621621621622 0.08108108108100001 0.2432432432431 0.0 0.027027027027 0.027027027027 0.054054054054 0.027027027027
0.2027602380908 0.4899538473793 0.0 0.7228707971427999 0.0 0.4770625054108 0.17059932388760002 0.7075337728232 0.7258295535921 0.48703771958120007 0.1394520971986 0.3045492642947 0.1191765980501 0.1457566564094 0.30741762613900003
0.0 0.0 0.0 0.0 0.0 0.0 0.0 0.0 0.0 0.0 0.0 0.0 0.0 0.0 0.0
0.4026362580938 0.3057185358074 0.13444580111249999 0.9704630560090001 0.0265486725664 0.2959409213095 0.24977218782529997 0.9461366777011 0.7719501082342 0.835535817837 0.46587619743950004 0.2452015372368 0.47465251889980004 0.1811151811152 0.6940065288146
0.35119047619019994 0.17857142857129998 0.0 0.44642857142830006 0.031746031746 0.1230158730158 0.1190476190476 0.8710317460318 0.4464285714292 0.7103174603169 0.031746031746 0.1230158730158 0.7817460317463 0.0595238095238 0.7261904761908
0.37154467018283 0.020408163265320002 0.08209688432855 0.48347394000531996 0.0102040816326 0.056354564613160005 0.01020408163264 1.05296862386167 0.0830875718656 0.6366612520005501 0.14039106776452 0.25472418767712 0.2388265183308 0.04520155169495001 0.5138528411446599
0.21683373429563 0.16621510673233 0.110632183908 0.4309542902968 0.0459770114942 0.8518482453117999 0.154844961241 0.72980963836953 0.5883845037613 1.06170809943959 0.44052392408460006 0.26227612937743 0.28579925153703 0.07729885057463 0.57689406957626
1.3056985352936001 0.5724645673893 0.12919916637562 2.22322871661268 0.3682546850301 0.8488966332454202 0.19026977580017998 3.7471061060306807 1.9241023884852 3.00416129118628 0.6297826481453599 0.75961633671786 1.23207440626016 0.62617174410286 2.4389729993231
0.5590814982115 0.0151515151515 0.032542819499300005 0.3995623941275 0.0 0.10725578769050001 0.0151515151515 1.2232354601932998 0.4107378129122001 1.0880999435343 0.2950639939773 0.26116130246540004 0.3493647656687 0.13156879352510004 1.1120223978921002
0.2632558139539 0.0918272425249 0.0750830564784 0.5235880398676 0.0 0.49182724252469995 0.21222591362120002 0.9146843853825 0.4236544850496 1.1312956810642 0.1942857142856 0.31096345514990004 0.8693687707647 0.2632558139545 1.2346843853821001
0.14211994421183 0.03347280334721 0.0 0.44225941422561 0.133333333333 0.150348675035 0.0500697350069 0.67712691771291 0.40055788005541 0.29246861924692 0.0835425383541 0.05857740585762 0.5341701534172001 0.0 1.00195258019552
0.0857142857142 0.342857142857 0.0571428571428 0.2857142857148 0.1 0.2285714285716 0.0 0.4571428571428 0.257142857143 0.6000000000005999 0.0 0.2142857142856 0.2571428571428 0.38571428571419997 0.7285714285716001
0.66766524504653 0.07738045779173 0.0357142857142 1.14179717697386 0.0524453024452 0.34661536853426 0.2968140864523 1.8790056834799598 0.58075317248733 1.6297240097788301 0.3486130332526 0.39053820966093 0.8186901414166001 0.096098680436 1.6381451465291996
0.8185654759284 0.14585609616469 0.1222123104374 0.96388711509377 0.01698521085679 0.09988676526118999 0.023607727413080003 1.43239742131549 0.574304502363 0.9171992632614699 0.55973303561509 0.5728407068672899 0.53625993486018 0.121693851815 1.0945705827494998
0.16300813008106002 0.17256097561 0.03333333333333 0.33678861788606007 0.0 0.38434959349542996 0.06605691056913 0.28678861788596 0.27845528455276003 0.4760162601633 0.0487804878048 0.08211382113816 0.11544715447153 0.13983739837393 0.41646341463482
0.1369863013699 0.0 0.0 0.082191780822 0.0 0.191780821918 0.2191780821918 0.7123287671237001 0.13698630137 0.2465753424657 0.0 0.0547945205479 0.054794520548 0.027397260274 0.1369863013699
0.5118011888898999 0.25290429881075 0.0926374532674 0.92485850153151 0.0 0.6216602507236499 0.20893160444817 1.4596990595585997 0.9153302506077201 1.13619434834129 0.28829928631487 0.33950607039921 0.58966057140325 0.28391268286092 1.3746044328422897
0.0 0.0 0.0 0.0 0.0 0.0 0.0 0.0 0.0 0.0 0.0 0.0 0.0 0.0 0.0
0.051724137931 0.0775862068965 0.1293103448275 0.1293103448275 0.0 0.206896551724 0.051724137931 0.8275862068965001 0.0775862068965 0.3620689655170001 0.0 0.258620689655 0.155172413793 0.1293103448275 0.5431034482755001
0.4128508973763 0.3605274442541 0.2907950884825 1.0927394050963 0.0 1.4259297996074003 0.3705052713045 2.7992589842297 1.4076475756185 1.5642806342307 0.0690394511149 0.2542881646654 1.6475128644931 0.1876647282766 1.1169596912518998
0.66533442676986 0.28296904271140005 0.1608600125548 0.74785871575296 0.0127118644068 0.07248789346246 0.35163807207750003 1.4635694372952 0.48228024286536003 1.6071079921509 0.18311138014491998 0.12333535108946002 0.8427425561923599 0.21241849535806 1.79157451717046
0.57002441815059 0.30942872257669995 0.11976315468479001 0.64181948111639 0.0 0.18773980295759002 0.38943132729699 0.4724603474401 0.6596737716836001 0.69320854188368 0.3339251161046 0.38461011395878997 0.54792719034739 0.16234643950529 1.52764157229509
1.10439056133945 0.1570529723927 0.10852128966961999 1.41053412612588 0.0 0.8896026703586399 0.21595827153931 3.85578583979536 1.1959255215570601 3.27725052866082 0.5006357257726499 0.51860806616869 0.90785625497696 1.08089724652872 2.77698092511875
0.6532134193705199 0.13155403936319 0.00917431192659 0.5158034397851501 0.00611620795106 0.24770123340066003 0.02264513357086 1.7469524824779301 0.31967287610205 0.9047940646234301 0.21284393627199003 0.17922504488538002 0.74431448911265 0.05932212893293 2.24666719222609
0.22248803827724 0.05887825624667 0.07881446039342001 0.2838915470494 0.022727272727250003 0.04611908559272 0.07828282828262 0.6255980861246699 0.22208931419480998 0.49082934609269 0.15909090909092 0.33559276980329 0.42025518341287 0.06127060074415 0.8940723019668401
1.2189634747229001 0.09199280251889999 0.0520692757535 1.0384438207824 0.0401234567901 0.23002117169419997 0.1814381757427 4.012527891357 0.7085525663041 1.4355609864903 0.10608898825680001 0.6194149211958 0.793526743251 0.1709038030717 3.3003719220649
0.02898550724639 0.21014492753658998 0.39130434782699003 0.05072463768118 0.0 0.20289855072496998 0.0579710144928 0.24637681159478997 0.1231884057973 0.28260869565248004 0.17391304347859 0.0144927536232 0.02898550724638 0.06521739130439 0.12318840579707
1.15247125398852 0.15095659502786 0.1419089759797 0.99893263500148 0.079646017699 0.47730540003618005 0.40254349527429995 1.41167298777804 0.8410649569567601 1.38876587803364 0.20743302630784 0.46085244717344 1.07423574739554 0.15597254831114 2.05623803503692
0.44788779922049005 0.11259056962184 0.0 0.9610073824224601 0.06963806182547 0.19361441627055 0.15507089335206 0.50228980950465 0.8878708545521801 1.1962883061227099 0.4663454941486 0.30955133482707997 0.65023358290797 0.06988130816259999 0.97773018705888
0.1373743527261 0.2284495887902 0.0408163265306 0.4428876028023 0.0149253731343 0.3996344806585 0.1632653061224 0.6405726469699 0.3100822418525 0.7097167225107001 0.0557416996649 0.1821504721291 0.1060006091988 0.2284495887906 0.3399329881202
0.184405940594 0.059405940594 0.061468646864600004 0.09900990098999998 0.0 0.4022277227718 0.1980198019802 0.549092409243 0.23968646864690002 0.6637788778874 0.019801980198 0.0812706270626 0.05940594059399999 0.16047854785459997 0.2219471947194
1.33505185650182 0.46631430264789997 0.21636393235191 1.54436079900311 0.0 0.8590456847960299 0.34785907366560004 2.8309741670849 1.31090463043121 2.4241047207438102 0.6956627699431099 0.5655920906359 1.0209052224074 0.2293635764773 2.1534971733079997
0.0 0.0 0.0 0.0555555555556 0.0555555555556 0.0 0.0 0.0 0.0555555555556 0.0 0.0 0.0 0.444444444444 0.0555555555556 0.3333333333336
1.1005138799383 0.5403835412393 0.30841495207909997 1.0808174210657 0.0472910072612 0.5715542244568 0.4164232796293 1.2235809747232 0.9463306948726 1.1478858479679002 0.1341751155192 0.6611140637439 0.6266989387447 0.4800173925215999 0.714798666238
0.3660421469624 0.17735493716909997 0.0840774534315 0.8993083741923 0.0133779264214 0.3733805240771 0.25353118810249997 0.6168782673638 0.6380599841991 0.9565433862605002 0.0863071078351 0.31261702979789996 0.9023606195401002 0.1885032091869 1.1316578454615
0.9435510238277001 0.2954259864291 0.19254658385079998 1.4991957778346 0.0443892339544 0.811904881582 0.21636352756719998 1.8298763747772 1.3202841106304 2.7413238550020003 0.6030584377509 0.5954202419842001 0.8283394966427 0.3532653574131 2.7250551107613004
1.0499700034143 0.5387451759631 0.046783625731 1.8709726959255 0.1879487748915 0.649810435939 0.5953631796592 1.2490249728495 0.6534565679259 2.1371765147187003 0.6237171349560999 0.30954446620970005 1.2248088062897 0.2916405646651 2.5710370808647998
2.35361279434335 0.28502991305339 0.06481423153957 3.3222971975921993 0.16170094402687 1.01328389032991 0.5791452896948601 6.07037380216235 2.36475161772925 4.214301809707681 0.8891765098081 1.2662470528821201 1.96452624818501 0.6271091587500299 3.8236295401954203
1.09387718272765 0.1282884226224 0.049424244959399996 1.04150684575395 0.03243313934475 0.25723630727519997 0.07796671537069999 2.7102351819476 0.6725674645795501 1.2262285996076 0.343769033239 0.26798729446965 1.0950990220997499 0.057728697977149995 1.9456518480229497
1.1414206031957599 0.26424269042368 0.23347639034790002 2.0739956989897 0.015037593985 0.49705203176268 0.99229627800218 2.78130519694676 1.22976310433678 2.9053875488403795 0.7664044311331 1.2181167255836 2.6749516332673 0.6389007958124 5.56764927737028
1.46570815279812 0.12644090281625 0.0185950413223 1.27696641659735 0.18357591988529998 0.24408989616089 0.30918862999349 3.43433584135124 1.40962049506535 2.39288920011852 0.5571180324798399 1.0657680617374 1.29756302762049 0.1373890064262 4.080751375633399
0.2784882068771001 0.1074168797955 0.0812730889458 0.33077578857640005 0.07104290991750001 0.0522875816993 0.1364023870418 0.7325944870712 0.30633702756549996 0.6297243535095001 0.18414322250620002 0.1074168797955 0.27848820687750003 0.1597044614948 0.5439045183297
2.7605820688587004 0.295569976406 0.137385919043 1.5559290434594 0.138113811382 0.7051843448482 0.7434793186938999 5.9574712813701005 2.0188698492789 4.1058946078818 1.3584551805259002 1.3334154371181 2.7438428109481006 0.3167630581458 3.8290432920469004
0.7783202911354999 0.1898741007195 0.0465827338129 1.0950833017802 0.0232913669065 0.4224718120242 0.4025056796667 0.7049393117079 0.9911175270307 1.1380982582364 0.3717478648656 0.5280763810009 0.5676090706381001 0.13459632294170001 1.6056859775329
0.14652014652 0.091575091575 0.065934065934 0.5897435897451 0.0 0.161172161172 0.20512820512900004 0.30036630036620005 0.46520146520100003 0.43956043956010005 0.021978021978 0.0 0.18315018315 0.021978021978 0.3076923076931
0.1599999999997 0.1333333333337 0.0533333333333 0.18666666666639997 0.0 0.266666666666 0.0266666666667 0.4266666666667 0.1333333333334 0.1066666666668 0.0266666666667 0.1066666666667 0.0533333333333 0.0533333333334 0.2666666666664
0.95393707276094 0.35869142314676 0.0768772893772 1.63364610491652 0.0111420612813 0.9238626328946201 0.52430621951102 2.21380720430072 1.3098245266622002 1.8153206995083797 0.3386546581713 0.45995843364850003 0.6201052010199001 0.10779490807336 1.6520715647264002
0.0 0.0 0.0 0.0 0.0 0.0 0.0 0.0 0.0 0.0 0.0 0.0 0.0 0.0 0.0
0.6655761062009999 0.5884402270139 0.22517946241740003 1.9555954905228998 0.0350877192982 0.9072276223065998 0.5405703328924001 1.5442994002769 1.334024170917 1.2417646029714 0.29618261849259997 0.6527063170492 0.6563598065763 0.6772755582612001 0.6797105648042
0.4656084656084 0.1703703703708 0.416931216931 0.5851851851858 0.0 0.5513227513228001 0.232804232804 1.1735449735456 0.6846560846554001 1.0962962962974 0.1185185185184 0.225396825397 0.190476190476 0.2825396825398 0.8063492063498
1.549450549451 0.2976923076922 0.1306593406592 2.6676923076916 0.0288461538461 1.0864835164841 0.6721978021974 1.5017032967050001 1.4226923076926 2.4740109890117 0.3626373626378 1.3998901098902001 1.0961538461555 0.1830219780218 2.1268681318695
0.67530516431899 0.15943661971819 0.0845070422535 1.13258215962489 0.1150234741783 0.48093896713559003 0.49192488262919004 0.9459154929579902 1.0051643192491002 1.8267605633808701 0.18920187793408 0.53877934272258 0.97577464788749 0.23577464788709002 1.14291079812228
2.47197671942472 0.7652453675353 0.2803841770528 2.9089821316152795 0.18690611029579998 1.0609475939000201 0.60534822085484 4.58065420095292 1.87640871068862 4.16974381823082 0.7727019003397999 1.7482494932007202 1.70165050625994 0.62480772122256 3.24599332842104
1.8653122636712 0.1567655120737 0.2108978654164 1.7177367849219 0.0264900662251 0.36592763726310007 0.38604344413950004 2.3965337176546 1.2227007404794 2.1636399308556 0.6300221965552999 0.5622056650507 1.2027926994478 0.3827885251127 2.7101429511429
0.95964748354317 0.14311849508191 0.11336950925752 1.44277668355002 0.05041785773541 0.20533996604917001 0.16057478572645 1.21001214676452 0.77111936033826 1.9067496745957202 0.37258506418259996 0.8067311941319101 1.66022876045461 0.1334693590374 2.06385965954772
1.0552029923661599 0.29993016480702 0.061278800486600005 1.5051371591895397 0.10324810453979999 0.3235939036757 0.29156897852020003 1.8677452157573202 1.1854079365908001 2.00377388806756 0.5105852254519 0.6876152808349199 1.17840403853722 0.2128890956071 2.7136192155729204
0.16666666666660002 0.069264069264 0.0 0.2859307359305 0.0238095238095 0.3623376623377 0.2409090909091 0.45952380952379995 0.1883116883116 0.7058441558443 0.097619047619 0.2510822510825 0.24047619047629998 0.5487012987012 0.35952380952359997
3.6074671323581597 0.42591001758409996 0.24136526913673 3.21320532236059 0.139535825044 1.0552491356964602 0.9023155863971001 5.63086724344773 2.1805523981092 5.1257093303738195 0.6849130208005 1.90414145470603 3.2807316786989302 0.81108794144696 4.7969486438470605
1.32151144481771 0.029620612700299996 0.06618765227279999 0.7339166608322101 0.0215053763441 0.12959615926691 0.11694034044492 0.5635207198858099 0.8442359379286001 0.8031107927258401 0.28985936582710997 0.27963384484441 0.7614349964178 0.06845180321621999 0.97047429247631
0.2000000000003 0.18333333333329999 0.0999999999999 0.6333333333329 0.0 0.3833333333329 0.15 0.48333333333330003 0.483333333333 0.5333333333331001 0.05 0.09999999999999999 0.1166666666666 0.1999999999996 0.383333333334
0.14511310285940002 0.0281690140844 0.058472044387500005 1.0249984757028001 0.0 0.0704225352112 0.2435827083711 0.3583927809277 0.0845070422534 0.1754161331624 0.0563380281689 0.333333333334 0.14938113529639999 0.0704225352112 0.2014511310284
1.3353230229784998 0.5339814223669 0.1629265937993 1.9513886005939 0.0725154491447 0.8639249271883999 0.4973166335233 1.6768562942318999 1.6796432087051998 2.1383122813397 0.45359385360910004 0.7816082625087 1.1212027266964 0.18284231474419999 1.5485644085711998
0.0 0.0 0.0 0.0 0.0 0.0 0.0 0.0 0.0 0.0 0.0 0.0 0.0 0.0 0.0
0.30056065337977 0.6033742232523001 0.3115281668219 1.27667310602467 0.0 0.59691383066737 0.36377829292617 1.13184798823777 0.59995631969304 1.2105049529381497 0.37718900587147 0.339512862616 0.77986498814047 0.284614550801 0.8236810586298
0.2030075187966 0.0676691729322 0.0225563909774 0.4962406015048 0.0 0.2030075187972 0.0676691729322 0.1804511278192 0.31578947368480004 0.3157894736838 0.0676691729322 0.0902255639096 0.24812030075260003 0.0225563909774 0.6992481203009999
0.8626369535159999 0.1475552246217 0.04544906570225 1.6569336595411999 0.0 0.5509928021846001 0.447920433996 1.23525511470415 0.916773038329 1.9840921178581 0.3477023720888 0.9657908733110501 1.10865865333395 0.28971917881075 1.4405205120032
1.4463140104738001 0.30359758235830003 0.0256410256411 1.30936320316825 0.00641025641025 0.51360512643705 0.37927190803325 0.8162037077982001 0.6684841706968001 2.1689416777923998 0.431904378807 0.41285558099780006 1.4781494316889499 0.3580107208417 1.6812472188573
1.27994776650317 0.37204845500914 0.15528969555221 2.20452550115915 0.3840232449271 0.8739260092073601 0.38105107038113 2.1327472336391797 1.34624363604128 2.95772960642857 0.81807476597983 0.75528891562773 1.41601034995135 0.40479618973054 1.51829755986326
1.2312169684454002 0.0721076309312 0.027673350041699997 1.0533514043588 0.0160427807487 0.3462047498426 0.1316967775946 1.2474686046678 0.9292516049498 1.4320845563101001 0.3604326100454 0.5161086763258 0.8112091726638 0.14294872653989998 1.6822023865372
1.0708032869442399 0.16418390959766002 0.12134965661380001 1.58041714549372 0.0548968958321 0.37792993513353995 0.22377479785574003 1.63227146520658 0.7215881316697 2.09053693974194 0.54873165216922 0.8640417806168 1.27883201081612 0.21128791809199998 2.0593544742174203
0.66275847060079 0.089714440169 0.0445590994371 0.83008977783329 0.0434451219512 0.30372935908550003 0.22926505790229998 1.59613581328227 0.9374039503248 1.22637495812487 0.36532126474689 0.50774914936199 1.3877188719563 0.13314018427809998 1.64259448094419
0.054054054054 0.0945945945949 0.0675675675676 0.1216216216216 0.0 0.0675675675675 0.0810810810811 0.2162162162163 0.054054054054 0.08108108108100001 0.0405405405405 0.0 0.027027027027 0.054054054054 0.040540540540500006
1.36493525133056 0.1987359593495 0.03341157309821 1.55247073871103 0.1506755347314 0.6693227111328001 0.30860169717621 1.43763563302201 1.1178946005867498 1.7981228510681102 0.2592550853535 0.82678297453681 0.94938966531306 0.31469445193461 2.0180712726548204
0.67938535139719 0.0696663863191 0.0913825757575 0.92849236132768 0.0332168138492 0.14077169550149998 0.11726037445519 0.69414140147808 0.53233565181559 1.59141521138867 0.48443591367859 0.5638093541317899 0.81573761017228 0.09968585166939 1.15826344705938
0.336493738819 0.2612317914642 0.0348837209302 1.0342448249422 0.085152057245 0.2595706618964 0.1856887298746 0.5351137234864 0.459851776131 0.6073345259396 0.0348837209302 0.0697674418604 0.2400715563504 0.12003577817559999 0.735675951955
0.390977443609 0.0 0.0526315789474 0.4586466165412 0.0 0.2105263157898 0.5864661654134 0.4736842105274 0.2631578947374 0.3157894736848 0.0 0.4210526315788 0.421052631579 0.1578947368424 0.2481203007518
1.8885115092818499 0.45046486554590004 0.0957446808509 2.6796746499196997 0.092238878143 0.8305102537274 0.470301848141 1.48359921480275 1.4328877485226 2.7403038171019003 0.9715319023783999 0.74774835735815 1.8161899808785 0.5583890837203499 1.7419032096298999
0.0 0.0 0.0 0.0 0.0 0.0 0.0 0.0 0.0 0.0 0.0 0.0 0.0 0.0 0.0
0.41032594856140003 0.21223580341269999 0.20859434682970002 1.4895976572445 0.0214285714286 0.7595874713520001 0.4386554621863 0.5582760376875999 0.8445250827615001 0.9444996180298001 0.09458874458870001 0.40486376368770005 0.5059587471368 0.4422587216705 0.6646040234281
0.06666666666660001 0.0222222222222 0.0222222222222 0.1444444444443 0.0 0.2999999999999 0.0111111111111 0.1666666666668 0.1000000000002 0.4222222222221 0.0 0.0111111111111 0.4 0.0333333333333 0.2999999999999
0.6478645992920901 0.21497388750099 0.09817161833808 1.2907353571622802 0.0120481927711 0.6724784651333899 0.57705010120898 1.07619176199119 0.64687835274028 1.67279859703507 0.2355732563739 0.5806389398982 1.08569648444679 0.15336877402569 1.0355316120811902
0.53220770702242 0.11278788885741 0.11002722323041 0.95935214761893 0.051724137931 0.16479256078921 0.41192410796018003 0.4991726445515801 0.60149406487361 1.6656494353325197 0.27905235907680004 0.16478467535080998 0.5862498414117001 0.09925656437828001 0.7615246416147101
1.29651923874742 0.40598915345392006 0.12413325841683999 2.23089100069974 0.052162592217500005 0.81015541720888 0.51031731808946 2.0511649022230998 1.46943335691912 2.9079197600071196 0.7249034738126601 1.1992432342632802 1.2042485431492203 0.31574562592814 1.6971731248652
0.71528643133502 0.12886736615549998 0.03096707089332 0.90180703158522 0.0225988700565 0.24260465597980999 0.14219862826330998 0.52869266279643 0.8740762503619 0.90177101027423 0.16230414819181 0.53282835957813 0.6314715943817 0.17238673830391998 1.01213918184482
0.38468203127368994 0.26888653857008005 0.08687984050299999 1.10242913323479 0.0848434398411 0.28295072879769 0.24241872476999 0.66816057943439 0.8125420706600701 0.9376122301712 0.42066480473018997 0.64588423738519 0.7517306824063901 0.17515925232770002 1.13515570589378
0.45401606657125 0.06500031695169001 0.01834862385318 0.61727430155355 0.02479931192659 0.2190446210408 0.055921810889290005 0.46854182034011005 0.35504212576640004 0.45716181250324 0.34599531487720003 0.49589763611628 0.54280505163416 0.06882318703607 0.81132799894022
0.392857142857 0.0526315789474 0.0 0.1052631578948 0.0 0.23026315789500001 0.0526315789474 0.3533834586468 1.0 0.47838345864680004 0.0 0.105263157895 0.285714285714 0.6936090225564 0.25
1.0855992653117998 0.015873015873 0.03209681662717 0.99200793802531 0.1260636367303 0.41501739686550004 0.19714142327767 1.09271441895517 0.97144262614687 1.7137547170626801 0.4099283732233 1.0174274198118 1.17569084033217 0.1405539556714 0.61468815608787
1.3530303030295001 0.1304784688994 0.0 1.509074960126 0.0334928229665 0.4017543859652 0.0634928229665 1.0263636363631001 0.9908133971294 1.5535087719299 0.2679425837315 0.9487400318968999 1.1468421052618 0.12333333333319998 1.4511323763955999
0.1923295454544 0.35397727272720003 0.13011363636360002 0.8582386363650001 0.0234375 0.5252840909089 0.17698863636360002 0.7443181818182001 0.3903409090909 0.5357954545454 0.1171875 0.2028409090908 0.1875 0.0703125 0.491335227273
0.0666666666667 0.1333333333334 0.2444444444444 0.7333333333327001 0.0 0.2444444444444 0.17777777777769999 0.33333333333340004 0.39999999999970004 0.5333333333334 0.0666666666667 0.488888888889 0.2666666666664 0.0 0.3111111111111
1.0840417687958999 0.23797961118550004 0.10983509606790001 1.8195923328961 0.0677966101694 0.5113106550127 0.35810229200910004 1.1551207137911002 0.6021861794311 1.927753627971 0.7144308637489001 0.6670816014271 1.3158375368914 0.15306414945789998 1.2758669611424
0.0 0.0 0.0 0.0 0.0 0.0 0.0 0.0 0.0 0.0 0.0 0.0 0.0 0.0 0.0
0.2452786377708 0.2934404024773 0.1615131578945 1.1944078947377998 0.0588235294117 0.46476393188840004 0.33351393188830003 0.8672600619191 0.3935565015482 1.2972716718278998 0.1838815789473 0.2390866873063 0.5942917956657 0.17132352941169998 0.5015866873063001
0.1011695906432 0.3383458646614 0.048538011695899996 0.5339181286549001 0.088888888889 0.45221386800319996 0.3773600668337 0.5715121136177 0.6142021720976001 0.8233918128653002 0.0222222222222 0.2843776106932 0.3152046783629 0.14970760233910002 0.2789473684208
0.9120242279227999 0.19292604501650001 0.0192926045016 1.4989905032517001 0.14323637179419998 0.09276153443499999 0.32057130038119996 1.1947954834368 0.7027219023407 1.1636132505811998 0.2011141852987 0.7383907874083 0.7072085545514 0.0 1.1123532490831
0.5632412016645001 0.08156247023487001 0.04929090280177 0.90096075276098 0.06523786129527 0.20845573552399999 0.19470721228814 0.33248194880967 0.42677550017817 1.3904521277927702 0.26451322361427 0.2040444524652 0.5608871527001 0.10996479161536998 0.6474246662554701
0.9077946958763 0.28434509058309 0.10563550349751999 1.7708513905045598 0.07159966863721 0.7027328922926099 0.31832870313722 1.94425655292733 1.29549559630992 2.2633496178884998 0.7506599820856 0.8491295727371401 0.9749466134301801 0.12184921955296998 1.6390249005372701
0.41355244547013004 0.0673620933521 0.0 0.33910891089124 0.0 0.07099121566288 0.04658769448367 0.33538208144097004 0.30302240750393 0.39203361125632 0.11620170475697 0.170210489094 0.23720036477326 0.05031452393354 0.4580324573812701
0.5512975988368001 0.0215053763441 0.0676691729322 0.39445387662649994 0.0 0.0655671436655 0.0676691729322 0.5266391785921 0.2664726331955 0.9583636510631 0.1988034602632 0.4631740641926 0.6457272212791 0.0655671436655 0.7070903064110999
0.7111616370405001 0.1774700289373 0.0 1.3521703183134002 0.040650406504 0.20267328096980003 0.21161637040069997 1.7576960176363 0.796293234118 1.7070001377976 0.7507096596391 0.794267603692 0.81905746176 0.11974645170170001 1.5594873914849
0.0856255545697 0.0421472937001 0.0 0.18899733806570002 0.0434782608696 0.0842945874002 0.0408163265306 0.2133984028395 0.24755989352309998 0.4826974267969 0.0217391304348 0.2133984028395 0.1047027506655 0.1237799467613 0.1073646850045
1.3098451486376002 0.16487548064809998 0.0508393263868 1.5487125725347999 0.1624427619351 0.6984543019079 0.3116270287717 1.7053878398622002 1.2565001752789002 1.6521793505785003 0.6776295601305 0.6992595351851 0.940851061389 0.10663693653199999 1.7147589202188003
0.607171873193 0.2315177576046 0.013698630137 1.1124904279752 0.065934065934 0.2922483512118 0.0989090619525 0.7064392724602999 1.1624050160672 1.4616753605744 0.640860598603 0.6556799464186 0.852738635198 0.1263063222265 0.971924680442
0.3270676691728 0.4685354691086 0.1071428571428 1.0613762667539999 0.0357142857143 0.7988721804518 0.2934782608702 1.0437234390327002 0.6626348479905999 1.0460934946062999 0.1146616541353 0.1132723112128 0.3350768224909 0.2312030075188 0.3611474338018
0.0 0.0 0.0 0.0 0.0 0.0 0.0 0.0 0.0 0.0 0.0 0.0 0.0 0.0 0.0
0.45177213637491 0.24902545639292 0.0208333333333 0.67186350257544 0.04365955359339 0.38727048950592 0.10850940817825999 0.67401187848279 0.30928072111832 0.6026884263637899 0.28052839973366 0.21235414695686 0.3305673814782 0.051265373699090004 0.6063697922142001
0.0 0.0 0.0 0.0 0.0 0.0 0.0 0.0 0.0 0.0 0.0 0.0 0.0 0.0 0.0
0.10782928208007 0.204416192707 0.06984517945107 0.37402948743081 0.0 0.21558069242386999 0.11125275435200001 0.35413470079941 0.3481674184652 0.3627553904544 0.0508762012436 0.13796276000504 0.2793951384963 0.13567563825974 0.24807916383057
0.5017316017311 0.0571428571428 0.29523809523840006 0.7095238095237 0.0 0.28874458874439995 0.23333333333299996 0.5004329004331 0.4298701298701 0.8077922077919999 0.11212121212109999 0.2030303030301 0.1363636363635 0.0 0.7246753246761
0.6385168503809 0.4136640195968 0.0151515151515 1.062566670617 0.1738572162305 0.35489510489480003 0.1628787878786 0.7834242029158002 0.7208674094267999 2.0183714590498 0.38597842835109997 0.4726156611746001 0.6555005728733001 0.3035192208919 0.8381928805656
0.448051948052 0.0 0.0194805194805 0.2337662337661 0.0584415584415 0.116883116883 0.0194805194805 0.0974025974025 0.1753246753246 0.4870129870132 0.29220779220800003 0.11688311688299999 0.3896103896106 0.116883116883 0.4285714285715
1.0129231822233198 0.10419061060197998 0.03600031561922 1.34599656348165 0.10887766265765002 0.5421311826254501 0.32302873878131 1.40334011411216 1.25895795547594 1.98579633254254 0.36241909535823 0.72010674234634 0.9294241759224899 0.21270835427267 1.65409897397669
0.2615384615384 0.0153846153846 0.0 0.2461538461537 0.0153846153846 0.0923076923077 0.07692307692309999 0.16923076923070002 0.1538461538461 0.26153846153849997 0.076923076923 0.16923076923070002 0.1846153846153 0.0307692307692 0.24615384615439997
0.7881731446493001 0.06745213549330001 0.0 0.5172141469761 0.0103092783505 0.2661672109451 0.1585494439818 0.5993660754309 0.7040490064242999 1.0431367526847999 0.2276941794196 0.7360184414431 0.6882649249748001 0.0320484087853 1.1615568504409
0.4055348167664 0.1670167862196 0.0 1.3386619821404 0.0454545454546 0.4925828331636 0.1348204264869 0.8817181476600999 0.6417630410383001 1.1115551651777 0.354525935685 0.5204191675209999 0.7076818913774001 0.09211560044889999 1.1061496608609
0.0 0.0 0.0 0.0 0.0 0.0 0.0 0.0 0.0 0.0 0.0 0.0 0.0 0.0 0.0
0.75690371338836 0.04 0.112597036633 1.28021761859554 0.0503188521323 0.24341338413348 0.39856858574128 0.53805494925458 0.59033884972186 1.62829691374654 0.31748826437128 0.5074349647248 0.48401814840358004 0.1592291609854 0.8931195581727001
0.6383107088980999 0.0384615384615 0.0 0.7248868778276 0.025641025641 0.11538461538460001 0.0384615384615 0.48748114630420003 0.5034690799399 0.7536953242828001 0.5838612368025999 0.182805429864 0.4168929110102 0.0 0.49064856711899996
0.0196078431372 0.3494720965316 0.0969079939668 0.7004524886881001 0.0196078431372 0.2612368024132 0.1157616892911 0.3052036199093 0.3989441930615 0.1742081447963 0.0584464555052 0.0384615384616 0.0192307692308 0.1161387631976 0.3263197586724
0.0 0.0 0.0 0.0 0.0 0.0 0.0 0.0 0.0 0.0 0.0 0.0 0.0 0.0 0.0
0.7316702356447 0.0447761194029 0.0 0.9048686677452 0.0536380597015 0.3276009116974 0.34818763326279994 1.2201648775828002 0.6876734707012 1.5838759558120001 0.1069785769429 0.4595482409382 0.7231568450858 0.0380130597015 0.7698473457834
0.0 0.0 0.0 0.0833333333333 0.333333333334 0.0 0.0 0.0 0.0 0.25 0.0 0.0833333333333 0.0 0.0833333333333 0.1666666666666
0.5115500785304999 0.1410815939278 0.0588235294117 0.8823948716863 0.0215053763441 0.22807354184870005 0.2520407365555 0.6036603913041001 0.6437466686566 1.0785365541659 0.12262897185010001 0.20435437676330004 0.33305545487529997 0.2307666886979 0.6877811653832
0.20289855072500002 0.0579710144927 0.0289855072463 0.4347826086963 0.0 0.0289855072463 0.1449275362317 0.1449275362317 0.46376811594330003 0.2898550724633 0.0289855072463 0.0 0.0 0.08695652173889999 0.08695652173889999
0.4242000349713 0.08970099667783 0.08253191117332999 0.44413358978853 0.0199335548173 0.2447980416162 0.1024654659906 0.38713061724055997 0.39709739464953 0.42420003497132996 0.189368770764 0.23920265780720001 0.3388704318936 0.1052631578948 0.511103339745
0.8599514626059 0.19907392337590002 0.0388349514563 0.9778583833854 0.0260869565217 0.47976730320870004 0.2375015287028 0.6159133589135 0.7940236539424999 1.2229825979333 0.39370573426419997 0.2713911990904 0.7218910059934001 0.2151815124454 0.9458364281604
1.13385776145967 0.30638192556800004 0.06788160469657 2.16736499516065 0.09725745830390001 1.0322878165998 0.6590051691070701 2.21341086503968 1.25883103860834 2.9575966806586096 0.7554714689889 0.87428406015324 0.9631750334283 0.23881084013679998 1.27438328209217
1.886058406204 0.0344827586207 0.0 0.8061046032017 0.0890282131661 0.5704669196497001 0.1416597921134 0.359841610295 0.7264477808947 1.5438376505541 0.4087444316114 0.6173568718031 0.3178023428475 0.103448275862 1.3947203431789001
0.2613998795778 0.1717210256164 0.09356575237109999 0.8037056687907 0.0361445783132 0.0 0.14007738027799999 0.5162480699637 0.1955193361272 1.1638578062882998 0.0851063829786 0.48665518084230003 0.4019482184053 0.0955449705799 0.5485057498687
0.5693398706556 0.1498843262 0.0178571428571 1.0602883958153 0.2133458646614 0.12317682317680001 0.24428334823050002 0.6980322309271001 0.702718334298 0.5798228087701001 0.1783716283716 0.4960881224043 0.8514853567488 0.06755744255740001 1.0477483043285
0.19672131147539998 0.0655737704918 0.0 0.2622950819672 0.0327868852459 0.1639344262295 0.0655737704918 0.3278688524598 0.0655737704918 0.327868852459 0.09836065573769999 0.1639344262295 0.0655737704918 0.0655737704918 0.09836065573769999
1.1474020671479 0.051282051282 0.0952380952381 2.006915377615 0.0307692307692 0.7214484029762 0.1719978535264 1.6082032617067 0.9728051142067 1.856074286647 0.454777070064 0.8206668066531 0.7443970042697999 0.2588507034365 1.0591726744592
0.7387339772803 0.0444444444444 0.101694915254 0.481416681854 0.0161290322581 0.2151084381265 0.1028673835126 0.2190510904563 0.5447603426277 0.6203329080855 0.18285037361019998 0.3385152785375 0.4830143976674 0.0944717817872 0.8166089544994
0.049180327869 0.0655737704919 0.0 0.1967213114758 0.016393442623 0.09836065573779998 0.049180327869 0.09836065573779999 0.0655737704919 0.1311475409838 0.032786885246 0.0 0.08196721311479999 0.032786885246 0.08196721311489999
0.0 0.0 0.0 0.0 0.0 0.0 0.0 0.0 0.0 0.0 0.0 0.0 0.0 0.0 0.0
0.5830459302988 0.19908814589659998 0.0909090909091 1.6214361323819 0.0970111448835 0.2521938458202 0.44898157136880007 0.9627848376799001 1.0774046833548 1.2490910111569 0.2666688887044 0.4180859622392 0.520627429379 0.0592077538979 1.1534635720322002
0.0 0.0 0.0 0.0 0.0 0.0 0.0 0.0 0.0 0.0 0.0 0.0 0.0 0.0 0.0
0.2453416149066 0.1583850931676 0.1226708074533 0.086956521739 0.0 0.5621118012418 0.0714285714286 0.8027950310579 0.1940993788819 0.28105590062089997 0.0 0.173913043478 0.0714285714286 0.1583850931676 0.0714285714286
0.076923076923 0.076923076923 0.0 0.3846153846145 0.0 0.076923076923 0.3076923076925 0.1923076923075 0.5 0.23076923076900002 0.0384615384615 0.0 0.0 0.0 0.11538461538450001
0.4055657867813 0.1517290771436 0.0 1.0091569470022 0.1218538980969 0.5295170861467 0.22518927767539998 0.5017393083692 0.5017393083692 0.8010026601185002 0.1290157560875 0.30790873746659997 0.5017393083691 0.17382852465729998 0.6400143237158
0.4096014492754 0.0672877846791 0.055978260869600005 0.31915113871620004 0.0625 0.12142857142850001 0.0869565217391 0.1583850931677 0.09109730848860001 0.44047619047630004 0.12142857142850001 0.0797877846791 0.23154761904750001 0.1119565217391 0.6424171842658999
0.5308943687889001 0.0 0.0 0.5518897476790999 0.0427272727273 0.1824534821903 0.17048767022440003 0.4171835766572 0.6076912853231 0.7095200997835 0.1443248272194 0.3616758679916 0.4048086124401 0.0242690058479 0.8520741831268
0.190476190476 0.0 0.0 0.0238095238095 0.0 0.0238095238095 0.0 0.07142857142850001 0.1428571428575 0.2142857142855 0.07142857142850001 0.047619047619 0.142857142857 0.0 0.07142857142850001
0.4782013685233 0.0322580645161 0.0322580645161 0.3569892473116 0.16559139784909999 0.17165200391000002 0.0 0.5894428152493001 0.4946236559135 1.2191593352884 0.20175953079159997 0.6760508308896 0.3429130009777 0.0322580645161 1.2068426197466
0.6600781708797899 0.21532005689880002 0.00917431192659 0.8099785976217801 0.0275229357798 0.20655239014979 0.0263157894737 0.5503051143852801 0.59422984065648 0.89338470773998 0.0801545147271 0.29525924282540006 0.8196424236891902 0.174054054054 0.63802784919109
0.0263157894737 0.0 0.0263157894737 0.1315789473684 0.0 0.078947368421 0.07894736842109999 0.13157894736849998 0.0263157894737 0.1052631578948 0.0526315789474 0.0 0.1578947368427 0.07894736842109999 0.1052631578948
0.7239115484991001 0.0192307692308 0.037037037037 0.9303286390988 0.040969899665599996 0.21616862508919998 0.1749680715197 0.2638274879654 0.5758093175633 1.2791115126194 0.17524464263599998 0.43484454354 0.3761612783356 0.16762772459929998 0.5847589026001
