0.19524793388442999 0.00826446280991 0.0113636363636 0.46376738560851 0.00826446280991 0.12149768191891 0.00826446280991 0.24695121951200996 0.17297419875019998 0.41700262043951 0.2206712356379 0.17607337230371 0.18164180608740998 0.02479338842971 0.7432221326350201
0.1507863089732 0.1729879740984 0.0 0.30157261794619994 0.0 0.2349676225718 0.0425531914893 0.24653098982420002 0.14986123959300002 0.5393154486595 0.0 0.0 0.0869565217391 0.0531914893617 0.0212765957446
0.0 0.125 0.0 0.125 0.0 0.375 0.125 0.0 0.625 0.375 0.0 0.0 0.0 0.0 0.25
1.0593627967541 0.0882352941176 0.0 0.7333663918679 0.0 0.2551230397318 0.0 1.3603111634545 0.38848323312530003 0.8543048410089 0.0684931506849 0.43973842434779997 0.054794520548 0.19831401475240001 0.49947312960979995
0.0 0.0 0.0 0.0 0.0 0.0 0.0 0.0 0.05 0.25 0.1 0.0 0.5 0.0 0.1
0.4112291070274 0.2651583710404 0.3248868778284 1.2193000277046 0.0941176470588 0.6465232246741001 0.2801828423677 0.6591929079321001 0.9761196786409001 1.1582971650196001 0.7271493212673 0.12398190045240001 0.8880598393221 0.2825376304367 0.9432634592294001
0.0579710144927 0.115942028985 0.0 1.3007246376804 0.0 0.2898550724637 0.141304347826 0.431159420289 0.9202898550727001 0.6884057971001 0.0 0.391304347826 0.141304347826 0.1159420289854 0.40579710144799996
0.15519820493648 0.06426078284720001 0.0595238095239 0.14136125654448 0.0 0.06189229618547999 0.03428072799798 0.31089503864352 0.06806282722508 0.41230366492182 0.0880703066567 0.08950386437314001 0.14996260284224 0.0223759660933 0.3423086512093
0.1888141295204 0.1074764286661 0.2168784029035 0.8191979106723 0.0 0.6041343898013 0.6125226860256 0.6774157850476 0.29571510778629995 1.1065247222333001 0.1440617945197 0.1723031295646 0.36935062635540006 0.13782037094389998 0.5477845159579
0.7813558032429999 0.5528158178178999 0.0 1.2043410712501 0.02 0.8420395445465 0.054285714285700004 1.2622776101033 1.0156959312432998 2.9882708175737003 0.2941657292105 0.5577021308336 0.640993270073 0.3444852289137 1.4415713309065998
0.30555555555589997 0.0833333333333 0.0555555555555 0.2222222222222 0.0555555555555 0.1666666666668 0.0 0.1944444444445 0.13888888888880002 0.6388888888891999 0.25 0.0277777777778 0.1666666666666 0.0 0.6944444444451
0.663915476963 0.0625 0.0 0.8148523685918 0.025 0.2451979234263 0.1059782608696 0.6621958144061 0.20863481505499998 1.2367415639212 0.3193218689163 1.0257178780016 0.4187175535366999 0.11189568462039999 1.0993307916941
0.5012200241386 0.0316550348953 0.0 0.40486435430510004 0.1083591331269 0.1212808941596 0.0432649420161 0.4691714330697 0.3539381854439 0.7549981634057001 0.0316550348953 0.0994516450647 0.47180825943230004 0.06555333998 0.5427795560693001
0.030303030303 0.0757575757576 0.203463203463 0.045454545454500006 0.142857142857 0.37878787878750003 0.31601731601699995 0.17316017316 0.1818181818181 0.6731601731600001 0.0 0.0 0.333333333333 0.1363636363636 0.30952380952360004
0.4071428571431 0.0 0.0149253731343 0.3589552238804 0.0 0.0577825159913 0.1921108742007 0.6953091684438999 0.2441364605543 0.5246268656711999 0.22921108741979998 0.3363539445628 0.4427505330489 0.0428571428571 0.45383795309050007
0.77689357402148 0.4166666666673 0.0365853658536 0.50052133572214 0.00847457627118 0.19764595103578 0.2743902439024 0.53047172844658 0.39275641908948 0.9644159661933399 0.24949244407690002 0.25094391621879997 0.5548619723483 0.09180790960447999 0.7540719305498599
0.0 0.136842105263 0.0105263157895 0.0736842105263 0.0 0.0736842105263 0.0421052631578 0.20000000000020002 0.0947368421055 0.2210526315789 0.0210526315789 0.021052631579 0.0315789473684 0.0631578947369 0.0105263157895
0.0 0.333333333333 0.0 0.166666666667 0.0 0.30000000000000004 0.3 0.533333333334 0.266666666667 0.1 0.0 0.0 0.0 0.0 0.0
0.9656764792341999 0.2717113402382 0.3294189498294 2.3081018925462 0.0 0.859978863969 0.409299011055 3.3812745854496007 1.4878394063808003 2.4896915821910004 0.5097408311404 0.5019773279786001 0.9650728048343 0.14292225154520002 1.3772946736079001
0.0 0.0 0.0 0.0714285714285 0.0 0.0 0.0714285714285 0.0 0.0714285714285 0.0 0.0 0.0 0.642857142858 0.0714285714285 0.0714285714285
0.09090909090899998 0.0589826839826 0.0 0.1498917748917 0.0340909090909 0.2451298701298 0.0952380952381 0.2564935064937 0.0454545454545 0.4561688311686 0.1044372294371 0.1996753246752 0.1136363636363 0.0340909090909 0.11580086580080001
0.08866995073860001 0.0942010197906 0.0147783251231 0.7184340160757 0.0 0.17915478351020003 0.10897934491389999 1.3189007000249 0.6334802523552999 0.5855155129199 0.0295566502462 0.10897934491380001 0.2567625961451 0.0849537637195 0.7776337395202
0.41522052009982 0.6147741566599 0.2391569566845 0.82365233335306 0.0533333333334 0.29174838824140004 0.21165099268526003 0.46530076299740003 0.93707892194642 0.9457041462120601 0.1387878787878 0.21190847972232 1.55604207330176 0.14288026655606 0.9527607894163002
0.0947368421051 0.2210526315786 0.0631578947368 0.5368421052632 0.0 0.3789473684211 0.0631578947368 0.2526315789476 0.1263157894736 0.8526315789487 0.1578947368419 0.0631578947368 0.0631578947368 0.0315789473684 0.0947368421051
0.7724718610695 0.27323877487139997 0.1132348342713 1.5567947120679002 0.0 0.6440790030037 0.2334194203005 3.0065541883310005 0.8449842478897001 2.762588418564 0.7416628807842001 0.959016205624 1.1539000560514001 0.34987744253499997 1.5881779546327
0.5226274641827999 0.0175438596491 0.0623199790521 0.6708300602239999 0.0 0.2213855534357 0.0 1.1098978790257 0.3725919275801 1.1683948677655998 0.3027494108404 0.4337410690901 0.47668050723749994 0.09707477649339999 1.5441626454206998
0.28367735324230003 0.0434782608695 0.0581027667984 0.8453374322944 0.0 0.2363050797833 0.2729468599032 0.7674425413551 0.4825501390723 0.8243302591125 0.3560679256332 0.591582491583 0.33279168496550005 0.20450885668270002 0.7008783487042
0.53774721095278 0.00781249999999 0.015625 0.63796272819438 0.0705882352941 0.3133272058819 0.211764705882 0.6312214756586 0.39900481744378996 0.7066651876263801 0.12150735294107999 0.05873161764699 0.33514198782938 0.08216911764699 0.8707308569978001
0.0 0.0714285714286 0.142857142857 0.2 0.0 0.0714285714286 0.6 0.2142857142856 0.0 0.0 0.0 0.142857142857 0.0 0.3571428571432 0.2
0.65915620077102 0.1325302210647 0.039596273291900005 0.80936593915032 0.0772005772005 0.30246876108082 0.3097509686716 1.0824414475485 0.7334487849643 0.7947035716186599 0.3851447495772 0.3361044132313 0.5855202652827001 0.14281463338974 1.6097531931565403
1.0210574881185002 0.10752688172 0.0 0.8624060403822 0.042241379310300003 0.171212121212 0.0 0.9261679644042 1.3114959382487 1.6415604880836 0.7370605386454 0.7459323490753 0.7707263120636 0.1047413793103 1.557871119424
0.131868131868 0.32967032967 0.131868131868 0.362637362637 0.0 0.296703296703 0.131868131868 0.395604395605 0.164835164835 0.527472527472 0.098901098901 0.0 0.065934065934 0.296703296703 0.065934065934
0.0810810810811 0.054054054054 0.165165165165 0.36036036035999996 0.0 0.1921921921921 0.08108108108100001 0.38438438438420003 0.08108108108100001 0.2432432432431 0.0 0.027027027027 0.027027027027 0.16516516516500002 0.138138138138
0.8457580555037 0.4823276768343 0.2118847539017 1.5839853779614002 0.0 0.6769682478890999 0.43777021001599997 1.6319011396192 1.4451505178354003 1.3307301467466002 0.18435136292260002 0.4969606664524 0.5503692735836 0.38057062637790007 0.7412719443584
0.0 0.0 0.0 0.0 0.0 0.0 0.0 0.0 0.0 0.0 0.0 0.0 0.0 0.0 0.0
0.14161723232516 0.32172031508362 0.010989010989 0.54026062433194 0.00884955752212 0.22923757658273997 0.11995526597296 0.3183409510845 0.22950500826612003 0.30978313721656003 0.17273655547990002 0.13308373042889998 0.18982787124324 0.1043956043956 0.16969755907812
0.35119047619019994 0.17857142857129998 0.0 0.44642857142830006 0.031746031746 0.1230158730158 0.1190476190476 0.8710317460318 0.4464285714292 0.7103174603169 0.031746031746 0.1230158730158 0.7817460317463 0.0595238095238 0.7261904761908
0.51059885120343 0.23008558262051998 0.13377242457275001 0.73229949590882 0.0102040816326 0.14670846376766 0.09084924292304 1.83170335608797 0.2218285677943 0.93058546120855 0.20177534587282 0.34852312284732 0.35501818760750004 0.22262090653425 1.0334269094186601
0.07729885057463 0.07097701149423 0.110632183908 0.33793103448279993 0.0459770114942 0.2339080459768 0.108333333334 0.35660919540153 0.3048850574714 0.64310344827659 0.1149425287357 0.16925287356343 0.14626436781613 0.07729885057463 0.20258620689635998
1.60297174169506 0.34092925470858 0.029588383011200002 1.7974269489688601 0.0601339655302 0.82320460485088 0.07497475373819999 3.7191375619834 1.6681073603571 2.6540236907887005 0.6003839628915801 0.97898149733434 0.79684001916594 0.2913587192684 1.56193753570904
0.57519292301897 0.00757575757575 0.05105401844515 0.54760728401892 0.0 0.10580180688855001 0.00757575757575 2.24640033879205 0.46623847167305993 0.99622388480934 0.21709721437991 0.28710239036336 0.33120412196438 0.10056700545808 1.06035902503342
0.31671260407630003 0.0893757434067 0.0679401993355 0.5431647594441 0.0 0.3887584594562 0.1754887002173 0.8593581067226 0.373442844838 1.4177683442022 0.1504056437389 0.46563717649020003 0.8652594233216 0.1932558139535 1.0934321807960998
0.8547571402578 0.1506276150626 0.0 0.9010369292336999 0.0 0.4026559941797 0.1274877205748 3.2101146079670997 0.7329452428601999 1.4661087866115998 0.2520283791156 0.3940331089682 1.0081135164632 0.0782608695652 2.4218300891427
0.0598214285714 0.114285714286 0.0190476190476 0.18898809523819998 0.0 0.10744047619049998 0.0 0.24613095238099997 0.17946428571429998 0.48125000000019996 0.0 0.1318452380952 0.0815476190476 0.0285714285714 0.36160714285719997
1.1319468138188 0.1346327840096 0.0833333333332 1.2258537389770001 0.0548048048047 0.40425630652799993 0.3566325714511 3.353491097976 1.0507492884339 2.3044129500655 0.5186171650051 0.8122487276038 1.3684293181004001 0.127844712182 2.0727463877054
0.9737958355231501 0.155360951533 0.105263157895 0.9682254274371499 0.01842638026285 0.059877157465000004 0.03167141337545 1.3138279183466999 0.42618047217425004 0.8101212266165501 0.33220068885545 0.53975692781075 0.48031373325585003 0.16309087111055 1.62188783833945
0.0 0.0 0.0 0.0 0.0 0.0 0.0 0.0 0.0 0.0 0.0 0.0 0.0 0.0 0.0
0.22031963470319998 0.0 0.0833333333333 0.082191780822 0.0 0.3584474885846 0.4691780821921 1.1289954337907 0.13698630137 0.2465753424657 0.0 0.0547945205479 0.054794520548 0.027397260274 0.1369863013699
0.8166107041307 0.41208274609045004 0.20135289049959998 1.2267629579535098 0.0 0.63087611954205 0.35137336636386995 2.6691501494770997 2.2392390933093202 1.77781075018889 0.40653309400206994 0.43034261781251 0.8587123070067499 0.26170228254162 1.71745092108529
0.0 0.0 0.0 0.0 0.0 0.0 0.0 0.0 0.0 0.0 0.0 0.0 0.0 0.0 0.0
0.20689655172399998 0.44514106583080004 0.349529780564 0.5047021943571 0.0 0.6880877742948001 0.2805642633227 2.2836990595619 0.697492163011 1.3228840125386 0.0689655172413 0.6724137931030001 0.7398119122262001 0.4639498432599 1.2758620689646
0.10538426138962001 0.08512006861064 0.05462180479428 0.34552148265954 0.0 0.39697945864524 0.09980964732454001 0.89481445843604 0.36272643601269994 0.45653265280494 0.02079759862774 0.08126072041158 0.64536878216064 0.056551478893840004 0.39451114922844
0.9345726133044001 0.3158852180452 0.15182658888720002 0.8953654215697 0.0127118644068 0.244371572703 0.26769155761490004 2.1094686342798 0.7943860991753 1.7784923496383 0.2334888482052 0.2750705679757 0.7440261101787 0.2259673800212 2.0166751739929
0.50655692589059 0.3274885780975 0.11976315468479001 0.68929110134349 0.0 0.41735796601229 0.41884309200289 0.4905202029610001 0.5781464239017 0.5822694293966801 0.1935742389117 0.20349556287509002 0.37248859385629 0.12725872020709 0.97294600985849
1.51885741475861 0.19776765152634 0.11264187088842 1.41507026734526 0.0 0.84622975795822 0.35013366077445 5.37777992209 1.5346891149838 3.33739445278632 0.61906452938789 0.68441638511425 1.2513619982253001 0.6084111398941 3.1461818342694103
1.6753666385651802 0.22895509452696 0.0917431192659 0.9521890691916599 0.0611620795106 0.23810915410936 0.0859554679403 5.35212566764118 0.83150518267556 1.41349261383546 0.41413801085437996 0.46205505725276 1.15306771965278 0.06861946129756 3.9715156636813
0.34370015948933996 0.14978734715537 0.12426900584797 0.5717703349277001 0.0530303030303 0.09157363104727 0.12373737373717 0.8983253588523699 0.38875598086131 0.8696172248811399 0.29545454545456995 0.53256246677264 0.8141945773515701 0.1067251461987 1.6364965443908401
0.24030339381224997 0.04281001649419999 0.02545359124305 0.35446343779695 0.03395061728395 0.12381916329295 0.09143049932524999 0.7589968511028999 0.84524166541755 0.5932423651716501 0.0242914979757 0.1322787024543 0.3679712100765 0.10762483130905 1.2581221572451002
0.0579710144927 0.0869565217392 0.1159420289862 0.1014492753623 0.0 0.072463768116 0.1159420289856 0.49275362318820004 0.2463768115944 0.8568840579706001 0.0144927536232 0.0289855072464 0.0579710144928 0.2554347826086 0.49637681159360003
2.30571341864003 0.1661125158027 0.1651601348504 1.33171650327021 0.0713247919693 0.37825145987611997 0.38848955511382 5.893058254861919 1.47533535591061 3.2224662447203296 0.5685576497145101 1.23073495624612 2.1173362059139103 0.35336560829553004 2.33237734481061
0.6096163127411 0.2378338159588 0.0 0.9027107464610999 0.07018178893180001 0.26831965894430004 0.1755751287002 0.8457006113254999 0.7308759652508999 1.3989301801796 0.5810609716858 0.42434845559839995 0.9190999034753 0.0977115508364 1.7380349099105
0.1632653061222 0.4707044107977 0.0544217687074 0.4979152951503 0.0 0.35374149659880005 0.28220320386180003 0.7992100065842 0.5150318191805 0.9010313802938001 0.0544217687074 0.1955233706383 0.0816326530611 0.2448979591833 0.3859995611146
0.154702970297 0.029702970297 0.0515676567656 0.04950495049499999 0.0 0.2636138613858 0.0990099009901 0.42037953795530003 0.1406765676568 0.4360561056103 0.009900990099 0.061468646864600004 0.029702970296999996 0.1010726072606 0.15264026402630002
0.8157588467255 0.807795783582 0.25109286197069997 1.5850738834026998 0.0555555555555 0.9128948926288001 0.43654738730479997 2.1859569950423 1.5089078879246 2.1408276868989997 0.5332402178482 0.937126805081 0.9688601810454999 0.1854564520964 1.6749045628928998
0.0 0.0 0.0 0.0 0.0 0.0 0.0 0.0 0.0 0.0 0.0 0.0 0.0 0.0 0.0
0.49137082987755 0.47931483894975 0.19015961138095 0.5936185914250001 0.03202383168865 0.38785971801415 0.28798056904925007 0.8212687666091001 0.83716626326535 0.6973890083105999 0.0640155041383 0.6211695807451499 0.5503630608821499 0.43617846685059997 0.5101213588124
0.1337792642144 0.08026755852840001 0.0133779264214 0.5886287625409999 0.0133779264214 0.1605351170572 0.08026755852840001 0.30769230769260003 0.200668896321 0.38795986622069994 0.066889632107 0.2675585284288 0.8829431438120001 0.0401337792642 0.7759197324421001
1.0600371047951 0.43745951407579997 0.18109344072065 1.6686621436990001 0.031966873706 0.7492189217059 0.3942474766390501 2.2581806512979 1.08391985299275 2.00858490222395 0.5144486918429001 0.68872267788905 0.9658691506873499 0.28884904158295 1.66873955613805
0.56303315755239 0.2547476640781 0.0233918128654 0.92535766647476 0.12140054778270001 0.32848568063489003 0.28908533061977004 0.5891277014879799 0.30746279705158996 1.01656593227469 0.30859167409678 0.16700930722779003 0.63475441469068 0.13618753887669 1.33479877428428
2.73142030446226 0.25704706991706006 0.06673457625279 3.2753082459215896 0.17934231001997 0.95132622349925 0.5364883237627001 6.294497204809099 2.50591227166554 4.12281045897866 0.8047197776300901 1.2818687482983397 2.21141101433975 0.67813434804759 4.1029791223897805
1.6526693863694502 0.2077164767284 0.0642554303891 1.45001680421695 0.044628261295949996 0.34885948333219996 0.11109058372719999 4.2930182259355 1.0209272473022502 1.7891479733433 0.49290632155510006 0.39635559780315 1.4668638532862501 0.08475500535805 2.57678934935375
0.7920952566619299 0.1602024174576 0.17578915901696 1.3614342019425902 0.0375939849624 0.2845122264671 0.5556197079490299 2.2398113008581304 0.67321052969243 1.8990323597821899 0.45158813036539996 0.7490532581913 1.65849366000943 0.37531116118343 3.5862526454608
1.62753626421167 0.17023717753349998 0.0165289256198 1.5692741836535 0.067765009591 0.43239371432329 0.58687384518789 4.198861025198791 2.1962883791075 2.90022700088727 0.85545992288699 1.1718200128146 1.71815072818469 0.2353796637099 4.253204147102999
0.0 0.0 0.0 0.0 0.0 0.0 0.0 0.0 0.0 0.0 0.0 0.0 0.0 0.0 0.0
2.5059030388909003 0.241950017371 0.1230542456409 1.4882219286127998 0.11470537297660001 0.5755947099676999 0.643280081824 5.118536760223201 1.8868907876093002 3.8081353846066004 1.1248305875825 1.2255707392251 2.6734458049709 0.2782646006873 3.1916159398110002
0.68761863606966 0.08928615728096 0.0537769784172 1.25051290253538 0.0268884892086 0.39474244560745997 0.13284332606492 0.66246618648122 1.1009153880312599 1.4047777372126597 0.45296458351929997 0.45565983482989997 0.7239280863454999 0.051786157280960005 1.5118330911156201
0.124542124542 0.058608058608 0.032967032967 0.4358974358984 0.0 0.106227106227 0.1282051282053 0.20146520146519997 0.322344322344 0.29670329670310003 0.010989010989 0.0 0.117216117216 0.010989010989 0.1538461538464
0.08 0.0666666666667 0.0266666666667 0.0933333333333 0.0 0.1333333333334 0.0133333333333 0.2133333333333 0.0666666666666 0.0533333333332 0.0133333333333 0.053333333333299995 0.0266666666667 0.0266666666666 0.1333333333336
0.35523716156064 0.29575204770756003 0.0351648351648 0.85458881961002 0.0111420612813 0.5965253868074201 0.27027020922522005 0.90288224962562 0.7039593270469 1.02457926501678 0.1154937912598 0.3634574808976 0.5357132041284 0.06794956822806 0.8672845924396
0.0 0.0 0.0 0.0 0.0 0.0 0.0 0.0 0.0 0.0 0.0 0.0 0.0 0.0 0.0
0.5243556637908 0.2860908753736 0.1276356027683 1.3354124241607 0.0175438596491 0.4222695750144 0.2828739179419 1.1253367763258 0.7950615469664999 0.9554335579669 0.25674707310739997 0.4539877815798 0.4407686547841 0.4161008824412 0.5603818081298
0.25180005179980003 0.0592592592592 0.1357679357678 0.7121471121477 0.0 0.42336182336149997 0.2221704221702 0.5653975653978 0.3604247604249 0.5850297850294001 0.0296296296296 0.1493395493394 0.46526806526860004 0.0654234654234 0.9749805749797
0.90087890278079 0.51810687138975 0.28670853060016005 1.29410566491799 0.02321153846153 0.68835070248872 0.65648049776293 1.01278043718641 1.0925743985437002 1.4720181670778798 0.28233521242859 0.61327570810328 0.741351982431 0.26015477053000996 1.1576666152994899
0.6615090543259201 0.10425888665316 0.02816901408452 0.7032662642521601 0.14788732394312 0.40936955063714 0.21064386317873998 0.5700871898055601 0.54269617706248 1.06310529845754 0.13117370891986 0.31706237424513994 0.8931455399060201 0.23114688128768002 0.98647887324028
2.26178816768344 0.63439473125486 0.2115728030993 3.246079592651 0.19294899528599999 1.0786274049916398 0.4821181147433201 4.20956932831204 2.02798758904298 3.9082906747669797 0.8108963132938001 1.3899556501365802 1.9144308099193998 0.43302197338232 3.1983178514333996
1.5237788090891 0.1397989187933 0.1565760505407 1.3800082504117999 0.0264900662251 0.30270374523640003 0.2884316895688 1.9179752798251999 1.0237441022087 1.7775960905167 0.5188658837378 0.46337346441800004 0.9609290065211 0.30769519688440006 2.2120334460215
1.1424961558734998 0.1751239173964 0.1466985873048 1.5331768319522998 0.031308716204200004 0.165554262103 0.20945643383450002 1.2376049075134001 0.9395664769461002 1.8106639923301 0.45268921744229995 0.9724319292530998 1.4626881471848 0.2411876451139 1.4793527795478
0.75699435169164 0.19687431654572002 0.0393609922675 0.9241044932243401 0.0549867768264 0.19419453592018 0.18851313025877997 1.2645839934174 0.7620148912792 1.3525620861695398 0.22312474073128002 0.45747829453269995 0.63003733674532 0.16462776789364 1.7905422924957999
0.2466666666666 0.0683333333333 0.0133333333333 0.1349999999998 0.0 0.38666666666620003 0.3316666666666 0.548333333333 0.3583333333337 0.1599999999999 0.0683333333333 0.08 0.1083333333333 0.44166666666630006 0.053333333333299995
1.9117021345528 0.15251041100135 0.15685925437919 1.71875977538885 0.07595964076299 0.48750450236047 0.40318753320074 2.9638074816249604 1.85077105862544 3.0739001012034795 0.56960354663546 0.99694032338812 1.7505713266076701 0.42592468258748 2.4619982276836
1.3220542075593 0.0490888802818 0.0890072660091 0.9969822811356001 0.030596285435000002 0.2007772640195 0.1270326814538 0.8162703062491 0.9814923727059 1.1244628674891999 0.4860483385398 0.4310413748105001 0.8787676315019 0.107789427244 1.3585888155647998
0.250000000001 0.225 0.05 0.39999999999990005 0.0 0.1749999999999 0.175 0.42500000000000004 0.2749999999999 0.5499999999998 0.07500000000000001 0.1 0.125 0.1 0.07500000000000001
0.352941176471 0.0 0.117647058823 0.0588235294117 0.0 0.0 0.117647058823 0.1764705882347 0.0588235294117 0.0 0.0 0.0 0.0588235294117 0.0 0.0588235294117
1.28828748086806 0.35838801908679996 0.17634081692016 1.84896879787748 0.1151715078961 0.9512920382853 0.2806521501168 1.9278385566073402 1.83059504189396 2.24173795293148 0.5507290069629001 1.0027124736084 1.56490449882028 0.1833549715126 2.6790266866118797
0.0 0.0 0.0 0.0 0.0 0.0 0.0 0.0 0.0 0.0 0.0 0.0 0.0 0.0 0.0
0.38214863467710003 0.4239828498442 0.10356261022910002 1.3554041233348002 0.0 0.9112430821631 0.36698047801440004 1.0760414766168 0.5308605485617 1.2272918567174 0.2467718786108 0.2719558474732 0.8008416955530999 0.14998114699249998 1.1529337712103
0.24897470950069997 0.1517561385981 0.38042220936939997 0.8238340606759 0.0 0.7166320521583 0.4559519427938 0.5355105420895 0.5444423997054 0.5217151269783 0.2426652295068 0.060150375939700004 0.43289605131700004 0.15314948209680002 0.7318996792688001
1.4562852744916 0.33351033951201997 0.15349105887070003 3.1005732250725 0.0 0.7398878960868001 0.9924738005348 1.82821929793454 1.66994308493818 3.1304283138944 0.6369486635427 1.57288283067936 2.0524899211290197 0.64414557739582 2.6887207159138398
1.297122125662 0.2827758524658 0.0769230769232 1.36755059100154 0.0192307692308 0.42595789166602 0.67051311520328 0.86158089698002 0.7494761875293401 1.88714051435352 0.40505401678020003 0.41585958289541997 0.8326783835645001 0.30008376579192003 1.4080532299576203
1.70289114747145 0.1452816754231 0.15191346651811002 2.72428520765097 0.089399322482 0.6853284851780199 0.64490162245211 3.4176102891637603 1.68306060139614 4.081395470028131 1.6682821744101102 1.3714817277973304 2.02234041728035 0.3725768128915 2.2392515798652197
0.34181403821502 0.037263390204559994 0.019162489557209998 0.40780399081521 0.00534759358288 0.17174034685661 0.09351950509067 0.41994776379459 0.38295437792351006 0.5674304410762799 0.14351861159129 0.25825872613824996 0.40960522965143 0.060946707231509994 0.68068678827273
0.93241337566184 0.12886669296866 0.1261869214691 1.1459432167231198 0.0514679821407 0.43598683103644 0.20984855864894 1.2326261874283801 0.6594056189089 1.75641716980294 0.39313460282442 0.5584033221221 1.1375039683689199 0.22666727961680003 2.00512827227852
0.6745282737619901 0.05928029700759999 0.051125703564700004 0.72728585377059 0.0373475609756 0.2494276768903 0.2010052079962 1.7055301911279699 0.8351227311313999 1.0890764876823702 0.33981207468119 0.51589380544989 1.0458778378354001 0.08880566906219999 1.3798806290659902
0.11466011466 0.10974610974639999 0.0675675675676 0.21253071253060002 0.0 0.15847665847650003 0.1113841113841 0.3222768222769 0.1449631449631 0.1871416871415 0.1314496314496 0.030303030303 0.10278460278450001 0.0692055692055 0.2375102375102
2.10719387590999 0.23105841114369 0.08069074535340001 1.84272054502918 0.219869706841 0.52278320610429 0.3659138842785 2.0701405798309898 1.4196978294411902 1.9645952884134998 0.3741204582365 1.33045659548609 0.95573121471348 0.4149431391002 2.10008452012749
0.7505256518074901 0.2089991589573 0.015625 0.9454373423039801 0.0684004415475 0.1421362489486 0.09183794154748999 0.4508187026915799 0.98409246215399 1.1576364066446698 0.44184319806629 0.40736043944478995 0.60114197855338 0.02610518292679 0.70803984440698
0.0 0.0 0.0 0.0 0.0 0.0 0.0 0.0 0.0 0.0 0.0 0.0 0.0 0.0 0.0
0.32080200501219996 0.0 0.0175438596491 0.2481203007517 0.0 0.0701754385964 0.4812030075182999 0.1578947368421 0.08771929824550001 0.1052631578946 0.0 0.140350877193 0.140350877193 0.0526315789473 0.17794486215519997
2.0398869205633 0.7990897386171 0.14396365123530003 3.9602078571591006 0.0553675048355 1.4243768527971001 0.5205036546685999 1.2171900674662 1.9776482903274 2.4696391746455 0.757141415782 1.005572795858 1.8031439875142998 0.3160628809892 1.5102052075504
0.0 0.0 0.0 0.0 0.0 0.0 0.0 0.0 0.0 0.0 0.0 0.0 0.0 0.0 0.0
0.38118377785898 0.1726708074536 0.0873949579832 1.2727560589461 0.0430641821946 0.34704664474508 0.1876019973206 0.43276093045929004 0.63357690902429 0.6532334672999699 0.0857142857142 0.20808671294629 0.6174156619176999 0.23066617951518004 0.64682742662289
0.29728260869542 0.20036231884051 0.2541666666666 0.6246376811601 0.00869565217391 0.52065217391231 0.16702898550721 0.73967391304402 0.43206521739189996 0.80579710144981 0.01739130434782 0.13061594202891 0.14782608695660998 0.1624999999998 0.49130434782633003
0.9326856839311 0.32856410397229996 0.16840186246629998 2.0268698987995 0.0694779116465 0.9718280560217 0.9906318608523002 1.8063335718559 1.1410361014016999 2.2886554294304 0.3310682759054 0.7876153123548 1.2129567229011 0.267721243489 1.6761539649652
0.52694177648328 0.1888698869187 0.20010819489030002 1.38677335876189 0.051724137931 0.2533433469907 0.53527588896529 0.6312203256538 0.8430259923889001 1.7591932036062798 0.16308130338489002 0.1784572093849 0.4773154154828001 0.1010208551334 0.7036491040224799
1.3211236407451499 0.42504785868100003 0.10626514560610001 2.5396016407565 0.4316190884747 0.92983771025465 0.7611079804330001 1.9643669071918999 1.4519776767252501 2.94068321460065 0.88358951498575 1.33383235226115 1.44532123849125 0.5628165666171999 1.9028094641781998
1.3680060966073 0.12886736615549998 0.0560716734037 1.2658237679874 0.0225988700565 0.30536616225589996 0.1547509295185 0.8048432904114 1.100017672956 1.3536538554625 0.3505886670208 0.6583513721305 0.7946515106993 0.23514824458 1.4012605207572
0.6536686783632 0.217457338157 0.09316770186329999 1.2418018025232003 0.1240955369148 0.5118830841387 0.2949380082601 0.7749927963116001 0.9928343311792001 1.2275935278880001 0.4500894457965 0.6998293126088 1.0101361897293 0.0619837356726 1.6455285105977002
1.2228876607814998 0.2182151439538 0.0366972477064 1.5058661282324002 0.057411123853200005 0.5184519933381 0.1319441242911 1.3044281758574001 0.928912769121 1.1956914013882 0.9141561448295 1.39148905364 1.2977253670883 0.1733718765846 2.1027517893386
0.0425531914894 0.0425531914893 0.0212765957447 0.08510638297869999 0.0 0.063829787234 0.0425531914894 0.10638297872329999 0.212765957447 0.2340425531915 0.0 0.0 0.0425531914893 0.08510638297869999 0.0212765957447
1.6817946079872 0.1667742803335 0.109516229003 1.5381023318831 0.24512621508979998 0.7224732976834002 0.2896624594466 1.4801955776033 1.3208031987428002 2.2750125030261996 0.5967249322052 0.8566767079041 1.3289351145211998 0.16474768967500003 1.2234548548930002
1.5105132962274999 0.23821787235300002 0.0 1.6973062526429 0.07430914949709999 0.8605194304451 0.20733897681250002 1.1773683459392998 1.191001780175 1.8552617808250997 0.3087589102621 1.2220733652309002 1.8843774270826001 0.1266666666665 1.6462867458351
0.1706439393939 0.29053030303030003 0.08068181818180001 0.8994318181811 0.015625 0.3017045454546 0.11193181818180001 0.46590909090910004 0.44204545454550004 0.38143939393930004 0.078125 0.1837121212121 0.1250000000001 0.046875 0.4063446969694
0.0444444444444 0.0888888888888 0.0888888888888 0.2666666666663 0.0 0.0888888888888 0.0444444444444 0.2222222222218 0.2666666666663 0.3555555555548 0.0444444444444 0.177777777778 0.17777777777769999 0.0 0.13333333333320002
0.9203283385322001 0.6146236667009 0.10186267633079998 2.5487577813335003 0.0677966101694 0.770966592464 0.5843733332133 1.3105774314954002 1.1525568446781 2.2712442167726 0.4216060415126 0.9641002974231001 1.0285546069461 0.15306414945789998 1.0895874129668999
0.0 0.0 0.0 0.0 0.0 0.0 0.0 0.0 0.0 0.0 0.0 0.0 0.0 0.0 0.0
0.21050420168060002 0.383665966387 0.1098214285713 1.0741071428581 0.0588235294117 0.5371323529411 0.3523109243696 0.5871848739494999 0.37851890756309997 0.8780987394954001 0.13125 0.1338235294117 0.47211134453759995 0.2963235294117 0.3963235294117
0.2546251993618 0.2081339712916 0.7434609250391 0.6932216905905999 0.133333333333 0.33245614035029997 0.6364433811793 0.4587719298241 0.5730462519934 1.3531100478452 0.0333333333333 0.34146730462479996 0.4464912280706 0.45263157894690004 0.33947368421019997
0.5797876317954 0.1840275181336 0.0625887983249 1.0049727061987002 0.032154340836 0.08311523218410001 0.23225902938739998 0.6235698796081 0.6844387945863 0.6789800343975002 0.0920137590668 0.4234651910568 0.4207358109622 0.0 0.8978912734611001
0.48745256536949 0.11712972062325 0.13092355586317 1.4120827427865998 0.04591418979775 0.23544564193145004 0.58054150602593 0.54647359244383 0.69533509793075 1.29543841016291 0.16789486612636 0.19238701587739 0.38165024054319 0.12512387873855 0.58620697578215
1.24195091150249 0.39612687569604 0.08199354273252 1.50838745241469 0.09791518804076 0.67876415254937 0.34423515298877 1.67460796201943 1.67518417261392 3.1610152573912695 0.769312080285 0.63623413758364 1.1675534512108001 0.14673523107932 1.4199844318914598
0.26503759398493 0.0178571428571 0.0 0.25000000000014 0.0 0.06109022556388 0.026785714285670004 0.23637218045097003 0.18421052631583 0.21381578947392002 0.07659774436097 0.14050751879700002 0.12828947368416 0.04041353383454 0.35902255639126995
0.28959156375399997 0.1040506630996 0.0327868852458 0.39479837413510005 0.0294117647059 0.1606085586004 0.0458052073288 0.4863621281413 0.447301977375 0.43771062100110003 0.12329040553280002 0.38115272550050006 0.444507522734 0.0542922615899 0.5683293412557
0.43114286045496 0.14704139992443999 0.0 0.9249548293038199 0.0617734214725 0.22750641018193998 0.060079922833 0.6084669780645999 0.60755712499212 0.8465078512659199 0.324643045258 0.33504679336332 0.44263804589584 0.07227504478434 0.9103662722039401
0.248890860692 0.133984028394 0.0 0.2910381543924 0.0434782608696 0.1251109139308 0.0816326530612 0.2746228926354 1.2373558118902 0.7480035492464001 0.0217391304348 0.2746228926354 0.1659272404614 0.225820763088 0.1277728482698
1.5751787647295001 0.2802487633281 0.0467749600961 1.9759777802753997 0.3319165775319 0.6120050864583999 0.31342538672189996 1.9794735004597999 1.4237412023115001 2.3894210084491996 0.7265972198671 1.0853539247502 1.2517897844933001 0.1098424742507 1.8982535662806
0.4404873387482 0.11644529383659999 0.0 1.0929192546583 0.065934065934 0.11644529383660002 0.1747061634018 0.4664214046821 0.7743526039174 1.0809268991880998 0.2510750119445 0.42506450071669993 0.492355470616 0.0547061634018 0.448160535117
0.2556390977442 0.25657894736910003 0.0535714285714 0.5404135338346 0.0178571428571 0.5310150375951 0.125 0.6889097744362 0.3101503759398 0.5150375939846 0.0968045112781 0.0263157894737 0.1766917293234 0.141917293233 0.26409774436079997
0.0 0.0 0.0 0.0 0.0 0.0 0.0 0.0 0.0 0.0 0.0 0.0 0.0 0.0 0.0
0.69026967183082 0.15369043179062 0.0 1.18288780025506 0.10462299367309999 0.28886234506342 0.16022810890338 0.5562888707453 0.6903192315057399 1.0651894523579202 0.69408576679766 0.36556140191706 1.02008426824652 0.0264900662251 1.00141959068822
0.0 0.0 0.0 0.0 0.0 0.0 0.0 0.0 0.0 0.0 0.0 0.0 0.0 0.0 0.0
0.29879073533707 0.2999556933982 0.06267474370917 0.68007959910221 0.0 0.23978656440496998 0.1966831161289 0.48332009227970996 0.6271905031099 0.6000488900433 0.0836630864895 0.24466029059004002 0.5031434769992 0.12047576123314001 0.55952744717617
0.037037037037 0.0 0.111111111111 0.1851851851851 0.0 0.074074074074 0.1111111111111 0.074074074074 0.037037037037 0.0740740740741 0.0 0.0 0.1481481481481 0.074074074074 0.074074074074
0.6772053872056001 0.6490067340079 0.188164983165 1.6494781144799 0.238636363637 1.3320707070701 0.6490572390567 1.0299158249163998 1.1086195286207001 2.7580471380477998 0.5290572390566 0.6254377104375 0.9899158249169001 0.3645117845119 1.2108754208765
0.6827511429373999 0.1747663551401 0.11298701298700001 1.384909576405 0.038961038961 0.5681712991059 0.4377533681271 0.7700752518506 1.2946401262284999 1.6977905894731 0.45813852813870004 0.2953052554922 0.7472480479021 0.29066351094389997 1.0458388963058
1.05676842194022 0.23862047788729 0.14610459829609002 2.11050854450569 0.15854637629695 0.9546371753082898 0.35465143804028 1.5878210924429998 1.91676618277204 2.60332109805418 0.5193272353080001 1.3251898007443401 1.1152780000886 0.15772486995214 1.7547346883695
0.0 0.0 0.0 0.0 0.0 0.0 0.0 0.0 0.0 0.0 0.0 0.0 0.0 0.0 0.0
0.5586956521735 0.0333333333333 0.0 0.3985507246372 0.0 0.0659420289854 0.0985507246376 0.42536231884029996 0.4978260869562 0.7862318840577 0.196376811594 0.6528985507246 0.42898550724639994 0.0326086956521 0.8246376811593
0.1328563411893 0.0691638608305 0.0 0.5892255892259 0.0454545454546 0.2182940516275 0.0730920314253 0.2572951739618 0.24943883277209997 0.3546576879908 0.1318742985409 0.158529741863 0.2933501683496 0.0464365881032 0.3803310886651
0.08823529411770001 0.0882352941176 0.0 0.08823529411770001 0.0 0.1764705882353 0.1176470588235 0.1176470588236 0.1176470588235 0.0588235294118 0.0294117647059 0.0294117647059 0.0294117647059 0.0294117647059 0.0294117647059
1.7251613373863601 0.13673659673650002 0.07073720570849999 1.67919826445414 0.22177433964979998 0.55326975533128 0.38650289347867994 0.9525962986627801 1.03852737680896 2.01947585092954 0.40497296263307997 0.5224776294481001 0.6187124019033801 0.10182528861009998 1.5680317982559
0.7787176670335 0.0 0.016129032258 0.6732148207326 0.0 0.2792869269946 0.0526315789473 0.3783880954759 0.3022271047635 0.7829621492065 0.6409567562181 0.1351043643263 0.6827723958863 0.0 0.2776091081593
0.0 0.0 0.0 0.0 0.0 0.0 0.0 0.0 0.0 0.0 0.0 0.0 0.0 0.0 0.0
0.0 0.0 0.0 0.0 0.0 0.0 0.0 0.0 0.0 0.0 0.0 0.0 0.0 0.0 0.0
0.75491232947302 0.37048092869009996 0.0 1.02659568885278 0.05090780851836 0.43152265027540004 0.152570480929 0.48666108412226 0.72287319796466 1.3018829013396203 0.10424832575976001 0.27594939428872 0.8478261813308201 0.05967305242076 0.413895976035
0.0 0.0 0.0 0.0 0.0 0.0 0.0 0.0 0.0 0.0 0.0 0.0 0.0 0.0 0.0
0.1852120333453 0.0967741935483 0.0 0.6426241391816999 0.0645161290322 0.1515041681773 0.09822399420079998 0.4124682856106999 0.7042406669083 0.5781080101495999 0.0982239942007 0.3450525552739 0.24972816237790002 0.0112359550562 0.3620877129394
0.1014492753623 0.0289855072463 0.0144927536232 0.2173913043477 0.0 0.0144927536232 0.07246376811579999 0.07246376811579999 0.231884057971 0.1449275362318 0.0144927536232 0.0 0.0 0.0434782608696 0.0434782608696
0.42524916943480007 0.18856684614500002 0.039867109634500006 0.7276893114903 0.0265780730897 0.2550120288697 0.10092794134489999 0.4090961163933 0.38790239431740003 0.7011112384003 0.2524916943516 0.3879023943173 0.4863100011461 0.0 0.6112956810635
0.43689557090690007 0.1488825680616 0.0 0.45339292970260003 0.0086956521739 0.3886225111752 0.0928078017065 0.47468508736380005 0.34124339699399997 0.7346607070287001 0.1323852092647 0.13823648923179999 0.22519301097080002 0.1082486793986 0.3160503860221
0.8356311120498701 0.5547583126197 0.1799461150464 1.8364251759321801 0.07527601597360001 0.79103709082458 0.23372605217558 1.42511216953139 1.1674977224478802 1.8777234787397998 0.46855979508389 0.43877925721579003 0.7738870623689801 0.2576934016479 1.08394723834378
0.3830721003137 0.0114942528736 0.0 0.1809822361547 0.029676071055400002 0.15506792058510002 0.029676071055400002 0.1024033437826 0.1368861024035 0.321630094044 0.1187042842215 0.1005224660397 0.07084639498440001 0.0344827586207 0.3245559038662
0.07228915662640001 0.0120481927711 0.0240963855421 0.07228915662640001 0.0120481927711 0.0 0.0240963855422 0.08433734939750001 0.036144578313200004 0.2891566265064 0.0 0.1325301204818 0.08433734939750001 0.0240963855422 0.1325301204822
0.6372127872125999 0.09725274725269999 0.0 0.8421578421572999 0.142857142857 0.1294205794205 0.08251748251739999 0.5244755244762 0.3434065934063 0.5245754245752999 0.24830169830159998 0.5056443556447 0.8135364635361999 0.0776723276723 1.0309690309696
0.0983606557375 0.0327868852458 0.0 0.1311475409834 0.0163934426229 0.0819672131147 0.0327868852458 0.1639344262296 0.0327868852458 0.1639344262293 0.0491803278688 0.0819672131147 0.0327868852458 0.0327868852458 0.0491803278688
0.7000506072870001 0.3188259109311 0.0625 1.1302631578945 0.0307692307692 0.820344129554 0.30128205128200003 0.9636639676119 0.6734480431844 1.1449224021587001 0.2350877192982 0.5499831309038999 0.7982118758432002 0.10472334682850001 1.1659244264503
0.237288135593 0.0 0.10640301318260001 0.31167608286320003 0.0 0.0894538606402 0.16666666666649999 0.1450094161957 0.1403013182674 0.16195856873819997 0.0338983050847 0.1016949152543 0.1911487758945 0.0725047080979 0.24199623352139998
0.09836065573769999 0.1311475409836 0.0 0.3934426229508 0.0327868852459 0.1967213114754 0.09836065573769999 0.19672131147539998 0.1311475409836 0.2622950819672 0.0655737704918 0.0 0.1639344262295 0.0655737704918 0.1639344262295
0.0 0.333333333333 0.0 0.333333333333 0.0 0.0 0.0 0.0 0.0 0.333333333333 0.0 0.0 0.0 0.0 0.0
0.9056895676686 0.45052929462350005 0.1979472140761 2.6463423186595003 0.0782674772036 0.6450386286462 0.9702479783442 1.8029783272305 1.2224834834040998 1.9723567504396 0.5826012927192 0.867658927864 0.6135995554565 0.19218221116579998 1.8520769725021
0.0 0.0 0.0 0.0 0.0 0.0 0.0 0.0 0.0 0.0 0.0 0.0 0.0 0.0 0.0
0.2519685039374 0.0 0.0 0.5669291338583 0.0314960629921 0.3464566929133 0.0314960629921 0.3149606299214 0.34645669291500003 0.5354330708662 0.1889763779526 0.34645669291329995 0.2834645669301 0.09448818897629999 0.6614173228356
0.0 0.0 0.090909090909 0.636363636363 0.454545454546 0.6212121212130001 0.8484848484840001 0.530303030303 0.090909090909 0.454545454545 0.0 0.181818181818 0.454545454545 0.0 0.636363636364
0.4972375690609 0.1474348855567 0.0571428571428 1.0847671665346998 0.0994475138121 0.7018153117596 0.2846093133384 0.587529597474 0.587529597474 0.957853196527 0.1657458563535 0.42178374112100003 0.5589581689037999 0.1234411996842 0.7247040252573
0.0322580645161 0.0 0.0 0.1451612903227 0.0 0.1451612903227 0.1290322580647 0.1129032258064 0.0967741935485 0.1935483870969 0.0322580645162 0.0 0.0322580645162 0.0483870967742 0.0322580645162
0.9882257920169 0.1883023106546 0.0449438202246 1.3272243354921 0.0471175166297 0.6467755206734999 0.363807684415 0.8174611927857001 1.1554697308066 1.8838677927893 0.4962358590811 0.6392095636519 1.1213040113239998 0.13692063354689998 1.1431342359061
0.0819672131147 0.0491803278688 0.0 0.1147540983605 0.0 0.0327868852458 0.0163934426229 0.0819672131148 0.19672131147549998 0.1639344262294 0.0491803278687 0.0819672131148 0.0491803278688 0.0 0.08196721311460001
0.0 0.0 0.0 0.0 0.0 0.0 0.0 0.0 0.0 0.0 0.0 0.0 0.0 0.0 0.0
0.41197006277179 0.0331578947368 0.00917431192659 0.36565427329778 0.0275229357798 0.14655239014979 0.0263157894737 0.32219700627728004 0.39422984065668 0.46311443746997993 0.0801545147271 0.1671511347174 0.21910188314818999 0.06 0.27370352486709
0.0263157894737 0.0 0.0263157894737 0.1315789473684 0.0 0.078947368421 0.07894736842109999 0.13157894736849998 0.0263157894737 0.1052631578948 0.0526315789474 0.0 0.1578947368427 1.0789473684211002 0.1052631578948
0.5201288244761 0.0 0.037037037037 0.4943639291462 0.0434782608696 0.2109500805153 0.037037037037 0.037037037037 0.3655394524961 0.9162640901767 0.1610305958132 0.3027375201286 0.3719806763281 0.0434782608696 0.45893719806809996
