0.6443961882277001 0.0330578512396 0.0113636363636 1.6848851971602 0.0330578512396 0.43423499212160005 0.0330578512396 1.0147583252972001 0.5736957451792 1.3440252335554999 0.6194264240671 0.7105572602881 0.8635256491999 0.1195817169841 1.8803760778355998
0.2061952440549 0.1423654568209 0.0294117647059 0.5888610763449 0.0 0.6921151439296 0.127659574468 0.5375469336668001 0.4662077596989 0.7362327909893001 0.0 0.0 0.0147058823529 0.2183979974968 0.24030037546879998
0.166666666667 0.0 0.1 0.05 0.0 0.15000000000000002 0.15 0.333333333334 0.333333333334 0.15000000000000002 0.05 0.15000000000000002 0.1 0.05 0.21666666666700002
1.4531343220315 0.6878504937323 0.2108225108228 2.1735013963862 0.0 0.7707481046718001 0.426647426648 1.9493589497618 0.5866578641761999 2.3603307278568 0.18114214552539998 0.4664487003723 0.4056929371992 0.2022224350989 1.1254419857153999
0.0 0.0 0.0 0.0 0.0 0.0 0.0 0.0 0.1 0.500000000001 0.2 0.0 1.0 0.0 0.2
0.0812217194571 0.0662895927601 0.11968325791850001 0.19140271493199998 0.0235294117647 0.0823529411763 0.08868778280530001 0.1239819004524 0.16357466063339998 0.2746606334842 0.21063348416299998 0.0309954751131 0.1721719457014 0.050226244343899995 0.3205882352938
0.0930232558138 0.0465116279069 0.0 0.1860465116277 0.0 0.1860465116274 0.23255813953500004 0.20930232558130002 0.20930232558200002 0.1162790697674 0.046511627907 0.0465116279069 0.1627906976739 0.0 0.4651162790705
0.31612937902568 0.2484713091636 0.1121553884713 0.32860822010718 0.0 0.15298541359438 0.13954388589278 0.6874132572670201 0.21887254382487997 0.7098745151246201 0.145762614349 0.21197350000084 0.22688567976524002 0.07500754504070001 0.4263167483753
0.23688100517350003 0.22032909324299998 0.0789473684209 0.5360213171503 0.0 0.5320340763214 0.0263157894736 0.32004901388730006 0.2915353794687 1.1514568016485 0.1357023378844 0.1033376123233 0.4215972303262 0.1942467032324 0.7515462714437001
0.9115674833276001 0.39142016695649995 0.041078575942699994 1.0883671843243001 0.02 0.8170210304107001 0.1151662704263 1.2904995799208 1.0351257610426 2.7534538631870005 0.5331055696739 0.6799627446993 0.7716254870568 0.353910910679 1.1976953723525001
0.414466446645 0.0833333333333 0.0654565456545 0.3113311331135 0.0555555555555 0.1765676567658 0.0 0.3924642464246 0.1487898789878 0.7378987898793 0.28960396039599995 0.0871837183719 0.32508250825060003 0.009900990099 0.9023652365241
0.1851708074534 0.0 0.0 0.5908385093172 0.0125 0.09658385093170001 0.0791925465839 0.2767080745342 0.2254658385091 0.6990683229821001 0.10271739130440001 0.2817546583851 0.08858695652170001 0.023369565217400003 0.33804347826110004
0.71782744824348 0.037886340977080005 0.0434782608695 0.6785505421183801 0.1377708978327 0.15446756602807998 0.04928311936808 0.4479163577167 0.5444030228160001 0.8061346091402 0.037886340977080005 0.23120493591689997 0.54306188984536 0.05483549351948 0.51529317463356
0.060606060606 0.151515151515 0.121212121212 0.09090909090900001 0.0 0.09090909090900001 0.060606060606 0.260606060606 0.36363636363600005 1.19393939394 0.0 0.0 0.0 0.27272727272700004 0.333333333333
0.6619517359013001 0.0281690140845 0.0298507462686 0.9726190433932 0.0 0.42936134922999997 0.7067900348313 1.6549807458110002 0.6696411560037999 1.3735561242282999 0.45994485023599996 0.7570423444081 0.9736428188120001 0.11676603103800001 1.1656840057511
0.6953860640309999 0.0 0.0 0.4945386064038 0.0169491525424 0.1675141242938 0.0277777777778 0.4136534839926 0.49472693032009996 0.7948210922786001 0.2739171374764 0.31977401129940003 0.3858757062143 0.10028248587569999 0.8147834274956
0.0 0.136842105263 0.0105263157895 0.0736842105263 0.0 0.0736842105263 0.0421052631578 0.20000000000020002 0.0947368421055 0.2210526315789 0.0210526315789 0.021052631579 0.0315789473684 0.0631578947369 0.0105263157895
0.0416666666667 0.0416666666667 0.0 0.0416666666667 0.0 0.425 0.3416666666667 0.3666666666667 0.391666666667 0.4333333333337 0.0 0.333333333333 0.166666666667 0.208333333334 0.2083333333337
0.46996601102696 0.0687721369539 0.1262430165896 0.7320234240927199 0.0 0.26279683297042 0.1299964094013 1.52202741026688 0.4482619067903 0.94305097432992 0.21666676809569999 0.1332743521706 0.39676648328218 0.051431523022359996 0.49872275100679997
0.0 0.0 0.0 0.0 0.0 0.0 0.0 0.0 0.0 0.0 0.0 0.0 0.0 0.0 0.0
0.0991636798086 0.0346475507765 0.0 0.34826762246140003 0.0 0.2658303464755 0.0669056152926 0.3303464755074 0.1362007168457 0.1941457586617 0.0322580645161 0.0925925925927 0.10155316606930001 0.10872162485049999 0.1893667861411
0.21295945433850003 0.1338758035672 0.00985221674875 0.39123671247095004 0.0 0.17881573961410002 0.14372802031600002 0.92110249097755 0.34629677642445 0.5801772335343001 0.0197044334975 0.06680494339279999 0.16532711088035 0.35263224373915 0.4774868204992
0.5080195751178 0.4824797843661 0.2684419245904 0.6330567869706 0.0 0.2318887725946 0.1535303776681 1.1962064789701 1.1743501564598 1.2139354850886002 0.0455486542442 0.35658114338999997 1.3987157364701 0.2051925519717 2.1320525720926002
0.3180130757994 0.2586214329056 0.0463690872751 0.9596557670151 0.0147058823529 0.2514537975359 0.26360661519709994 0.4403162597483 0.196655035926 0.8416732320444 0.24529083383209999 0.3094381298201 0.2187443665009 0.15037020620459998 0.4850862778433
0.36929369072701 0.94280542337997 0.11937148217616998 0.6246476450067 0.0 0.94560355129844 0.11339836122036999 1.6860458185089997 0.6096687338019999 1.58224873165077 0.31759779503394003 0.48242758889617 0.70112439657527 0.37703019976666996 1.1287365819569
0.3778251599145 0.0 0.0298507462686 0.43084577114429995 0.0 0.09111584932469999 0.0 0.6557213930354 0.26510305614790003 0.7134328358209 0.2228855721392 0.2336886993604 0.2867093105897 0.07206823027709999 0.6207533759768
0.18249158249160002 0.0 0.0727272727272 0.21885521885500003 0.0 0.2367003367007 0.0555555555555 0.3690235690232 0.16397306397310002 0.4191919191921 0.34579124579169995 0.1461279461278 0.2750841750841 0.074074074074 0.44040404040419995
0.42761327503950003 0.015625 0.03125 0.5711943561205 0.0235294117647 0.2737132352942 0.0705882352942 0.8132899443557999 0.1996323529411 0.8789298489670001 0.147625198728 0.2748559220983 0.5403020667732 0.1055147058823 0.6263364467404
0.0 0.1428571428571 0.19642857142839998 0.053571428571300005 0.0 0.16071428571430002 0.0714285714286 0.33928571428550003 0.19642857142859999 0.17857142857140001 0.0178571428571 0.16071428571409999 0.0357142857143 0.3928571428575 0.053571428571300005
0.8714544993246001 0.0756194483404 0.0326086956522 0.8995950181596 0.063492063492 0.2335775852471 0.16491754122930002 1.4388324462948 0.8277758969983 0.9602973474868001 0.4117471794055 0.40850139446440004 0.7811969783157 0.2000649061028 1.6303189994862999
0.30287356321868 0.1764705882347 0.1 0.68640973630812 0.02528735632186 0.3098039215681 0.0588235294117 0.6828262339416 0.72356321839066 0.8864097363080601 0.17528735632186 0.43468559837716003 0.3936781609198 0.12528735632186 0.91859364435338
0.23780219780200001 0.3637362637361 0.1039560439561 0.31780219780220004 0.0 0.1989010989011 0.1608791208791 0.2518681318685 0.5564835164831 0.4327472527471 0.032967032967 0.02 0.041978021978000005 0.1189010989011 0.16197802197800001
0.162162162162 0.108108108108 0.108108108108 0.054054054054 0.0 0.162162162162 0.16216216216200002 0.324324324324 0.16216216216200002 0.486486486487 0.0 0.054054054054 0.054054054054 0.108108108108 0.054054054054
0.7976462965232001 0.5372382540995 0.1020408163266 1.4002340378204001 0.0 0.6758178422739 0.39210318939570005 2.2218881997127 1.2083380499489 0.998122669172 0.3007395019465 0.35718412942919997 0.5933196582088001 0.34673678006520003 1.0685905750774
0.142857142857 0.0714285714286 0.0 0.0 0.0 0.0 0.0714285714286 0.0714285714286 0.0714285714286 0.0714285714286 0.0 0.0 0.2142857142856 0.0 0.2857142857142
0.5492431473254 0.3659681026943 0.2579025912363 0.9921343269432 0.0176991150442 0.4444675558242 0.2946520866871 1.0753605075152 0.815542373066 0.9046700595372 0.48531166746480003 0.44707914176920005 0.3137216765534 0.4006919006922 0.6355557476497
0.35119047619019994 0.17857142857129998 0.0 0.44642857142830006 0.031746031746 0.1230158730158 0.7857142857146 0.8710317460318 0.4464285714292 0.7103174603169 0.031746031746 0.1230158730158 1.1150793650793 0.0595238095238 0.7261904761908
0.40614203559341 0.1579986833442 0.06367009613761 0.76232052405082 0.0306122448979 0.07775341541572 0.0951283739302 0.62486058139661 0.18941071496572 0.9102348217357099 0.16377129364122 0.23203744307642 0.4669435089418 0.34408239435571 1.4750338685195201
0.25032299741569997 0.2146825396825 0.1249999999999 0.7576227390189 0.0 0.8113510520479 0.3482558139545 1.0687430786257 0.6175433739382 0.9593023255828 0.273901808786 0.11595607235139999 0.4058785529715 0.11388888888880001 0.9375507567374001
1.5983152376615 0.58376508035515 0.137775970072 2.1737665343063597 0.02521261383307 0.98273174558122 0.15480178350447 3.32171806612477 1.93422870437051 2.7283647671624403 0.8289370717995801 1.0286907227790099 1.0787198302739398 0.32342099074434005 3.09955088142725
0.2956521739124 0.0 0.0347826086956 0.34782608695580003 0.0 0.0521739130434 0.0 1.6347826087026 0.26086956521779997 0.45217391304340004 0.0695652173912 0.1565217391304 0.1565217391302 0.0347826086956 0.5043478260866
0.11172839506165 0.019488536155149998 0.00714285714285 0.10264550264540001 0.0 0.09417989417984998 0.03377425044085 0.2916225749561 0.1013227513227 0.40537918871314993 0.0409171075837 0.14162257495575 0.2715167548503 0.0500000000002 0.32865961199325
0.8407614380582 0.0502092050208 0.0 1.120590208295 0.2 0.30718062124809997 0.14466981990170003 2.2955816809166 0.9622498635615999 1.4262029288698 0.20697141622680001 0.308654152265 1.0185106649077 0.119972826087 1.9984451746397
0.03125 0.0 0.0 0.09375 0.0 0.03125 0.0 0.09375 0.09375 0.28125 0.0 0.09375 0.0625 0.0 0.21875
0.39411842384779994 0.09877506742905 0.01190476190475 0.90481543292945 0.03099528099525 0.21318637897765003 0.18908530597755002 0.924592780458 0.5086473257655 1.0466109780579 0.23427714712610004 0.2421944240092 0.91879690139055 0.044081086249800006 1.23791870488115
1.4756174322439 0.061318326870890005 0.0169491525424 1.2143948611425697 0.02734790515729 0.24578259291369 0.060286211187279996 1.17137309885139 0.7079300169256999 1.07155016642517 1.00711119604229 0.8326008585411899 0.7330154246210799 0.1987232127821 2.1759995437528996
0.07317073170720001 0.0487804878049 0.0 0.0975609756096 0.0 0.14634146341450002 0.0121951219512 0.0975609756097 0.0975609756097 0.14634146341480003 0.0243902439024 0.0243902439024 0.0243902439024 0.036585365853600005 0.1707317073172
0.0 0.0 0.0 0.0 0.0 0.0 0.0 0.0 0.0 0.0 0.0 0.0 0.0 0.0 0.0
1.1183673275431 0.58901155724945 0.2461544522144 1.72303836858445 0.0 1.02239893918655 0.35430579099295 3.7224008108413003 2.5806748977617 2.19421019496805 0.5725830513250499 0.6475993592172501 1.16055905390605 0.4645291601547 2.60416703605935
0.02 0.0 0.0 0.04 0.04 0.0 0.02 0.04 0.04 0.04 0.02 0.0 0.06 0.0 0.68
0.16016333938284 0.25841445306017 0.08855799373034 0.53320409173411 0.0131578947368 0.31455205411704 0.18837650552713997 0.8374030687998699 0.44856459330287 0.6333113347627399 0.1084392014518 0.30716878402877 0.43932519386308 0.18025078369901 0.48911070780340005
0.02830188679241 0.15430245854771 0.10413093196104 0.21655231560941 0.0 0.39379645511707 0.37021154945671003 0.25829045168661 0.24871355060103997 0.48713550600351 0.01608061749567 0.05767581475124001 0.33404802744441003 0.02744425385937 0.30331618067460997
0.5099291105899 0.4588101791503 0.1620050902811 0.7592669147038 0.0169491525424 0.21639054069800004 0.17151315146350002 0.8540259978877001 0.5210483482493 1.2046783005865 0.236599145652 0.20945294198699999 0.5742813599363 0.135900615851 0.9691491504229001
0.3709095212733 0.1841529084565 0.10710692940410001 0.5381383513820001 0.0 0.09183975383160001 0.3971832652815 0.2757559618915 0.3683058169121 0.2769394638734 0.1703059352624 0.07657257825899999 0.40144387241839996 0.046038227114 0.6953074146398999
1.69592376593796 0.38245504428239996 0.13237547892714002 2.2310528272682 0.0 1.2179413551993399 1.0316581847884199 4.9820944348524 2.3681906542755 4.36941021627912 0.8873446293132599 0.9874347860035599 0.89237413134194 0.6487049313725 4.173039560150719
1.5686353618994997 0.24858338199700003 0.0642201834861 1.008221363814 0.0428134556574 0.3463819521813 0.0717390754921 4.7169274616309 0.7739150476093 1.6064772854898002 0.42756832780980003 0.4306466841302 1.3175573430058 0.090067447001 4.2862456288021
0.5055821371603 0.2716640085063 0.2804359383303 1.093301435407 0.060606060606 0.2533227006908 0.2825624667727 1.598086124401 0.787081339713 1.2990430622034 0.4665071770335 0.4319510898455 1.4992025518338001 0.1927166400849 2.9779372674089
1.1737039424256 0.11628430049460001 0.0682636077373 1.1276133577132998 0.0401234567901 0.25558162851940003 0.17460996860029998 4.0679592366593 0.7926462678369 1.5266843172059 0.1204302374763 0.6487822545688999 0.8994747360799 0.1852450522912 3.8025976355985005
0.1387163561076 0.0434782608696 0.0869565217391 0.44720496894469997 0.0 0.0238095238095 0.17805383022799998 0.45962732919199994 0.0672877846791 0.047619047619 0.09109730848860001 0.0238095238095 0.047619047619 0.20600414078680002 0.1387163561076
1.7080204000776003 0.1555583649388 0.17317741255809999 1.0042422257509 0.068022718267 0.3353464571669 0.36915598097610003 4.429435628428 0.9507336623737 2.0879784839575 0.43622993035579993 0.8596301318041999 1.3369792450062 0.2941451672464 1.791344191091
0.7454703587509 0.2597279198839 0.0 0.924941682755 0.07043315637049999 0.24000060328159997 0.1705628619688 0.9810720318529 0.8592995897683999 1.3999859234234 0.6195855453668 0.5287664897039 1.0136794160228 0.1078215492277 2.0786528716215
0.0 0.225806451614 0.0 0.22580645161329999 0.0 0.0 0.0645161290322 0.0645161290322 0.1612903225811 0.1935483870965 0.0 0.0322580645161 0.0 0.0 0.0322580645161
0.69316450876 0.1066260472199 0.0515676567656 0.04950495049499999 0.0 0.34053693830869997 0.0990099009901 0.49730261487820004 0.1406765676568 0.5129791825332 0.009900990099 0.061468646864600004 0.029702970296999996 0.2549187611064 0.15264026402630002
1.4813488123154 0.3541417081886 0.2626535235314 1.6463027511527 0.0 1.0154872278297 0.25328620404330005 2.934980435369 1.2099131628422999 2.301628480308 0.7676780022858001 0.5488416602739 1.2049296671151 0.20267836062260003 2.8161300041179
0.0 0.0 0.0 0.0 0.0 0.0 0.0 0.0 0.0 0.0 0.0 0.0 0.0 0.0 0.0
1.4617268001751 0.3647737851417 0.255441979106 1.2894265179672 0.0594861292124 0.5501501374427 0.32345030665619995 1.3466594190213002 0.8214065023872 1.1063762896289002 0.1463702374704 0.42989455154879996 0.8827964997202 0.30016900755099996 0.6618718369697001
0.3994869630161 0.1974218268011 0.0874219350368 1.0464655648284 0.0167224080267 0.4135143033416 0.27359807773449996 0.693801344287 0.6882272082798 1.0535333528171 0.1030295158618 0.37950666190430005 1.1230964054937 0.1985366540029 1.3256377785712001
2.3966668915527403 0.8988277120075401 0.3740427274589 2.37839434002634 0.01954451345752 1.1631686981922198 0.58273757897302 4.7062890959337205 2.5563994747053203 3.217829313446 1.01113494459124 1.62649606667424 1.84753530945116 0.43619857811189994 2.78473475542442
0.8053889999267 0.49162727493829994 0.0350877192982 1.3282150523979999 0.23695314235009998 0.6986427038051 0.4491291519933999 0.7143967513716 0.4304220466775 1.2968259255744 0.3549855651789 0.23922940262029999 0.85866829521 0.18889523386520002 1.8715327347918
2.6490937666541896 0.28944467940405 0.07863325240132 3.26895415906306 0.23254305403051997 1.1012137337747299 0.47156298322673 6.26638180097253 2.7131784887372197 3.9770516939630993 0.7832500537260101 1.28766662490564 2.18493963844315 0.8456117270591 4.850474343636931
1.1971270356019 0.0917030567688 0.0613578093353 1.2568341196711001 0.0160857908847 0.3008183382697 0.0452720184506 2.4517836027932005 0.7158879379989 1.2269805776364 0.2656614022967 0.3281782314997 1.3581605535188999 0.0291862275659 2.6549632977113
0.7511419261914 0.125637117263 0.1657005802114 1.1356538750918 0.0300751879699 0.21886947401989998 0.46922875305780004 1.890673280033 0.558835161955 1.6597201706854 0.4092351048503 0.7325038272834 1.3760141073385 0.3539050668386 3.122806367212701
1.3657268290592 0.1797386206771 0.0123966942149 1.5733735621542002 0.1972095944339 0.355614220862 0.3494386856785 3.6155054496012005 1.3983605850398 2.7679939087718 0.594262191891 0.9628566761405 1.7927924141656 0.1565051045329 4.6782254627759
0.13924410343842 0.05370843989770001 0.0406365444729 0.16538789428801004 0.035521454958810005 0.02614379084961 0.06820119352081 0.36629724353471 0.15316851378241 0.31486217675473 0.09207161125313 0.053708439897600005 0.13924410343852 0.0798522307473 0.27195225916461
2.4645992484644 0.189318438423 0.1256364587495 1.3360401273076 0.1248063830776 0.49624546921459994 0.5015410541202999 4.9811668526777995 1.5968475624779002 3.6657867650651 0.8460572491598 1.1627052746055 2.4860193263155 0.2685011347835 2.7547286555577
1.0152829279228 0.20994821384269002 0.0884712230215 1.5044748919553803 0.02423561151079 0.6080730207121 0.4970625514106 0.9314646087122801 1.39445875060439 2.0216950704426897 0.5485481487761 0.5490569413802899 0.7889740476225999 0.19119821384270003 1.6270557782445898
0.4918121094587 0.119543201896 0.068261150614 1.2650075414798 0.0882352941177 0.5104503339794 0.2500754147813 0.6746175393229 0.6783020900662 0.8387847446661001 0.18745959922400002 0.052941176470500007 0.27438052143900005 0.18745959922419997 0.3126696832579
0.08 0.0666666666667 0.0266666666667 0.0933333333333 0.0 0.6333333333333999 0.7860606060604001 0.4860606060603 0.0666666666666 0.2351515151514 0.0133333333333 0.053333333333299995 0.1175757575758 0.0266666666666 0.3151515151516
1.6162482375528002 0.33696525271259997 0.11204212454200001 2.411882851994 0.0389972144846 1.0296290226753 0.5599174176353001 3.4721125094811 2.0428899018684996 2.9957288590781 0.583107492039 0.8873521928633 1.3092491327557 0.23386201817 3.3700157721519997
0.0 0.0 0.0 0.0 0.0 0.0 0.0 0.0 0.0 0.0 0.0 0.0 0.0 0.0 0.0
0.25730746891155 0.23691460402115 0.08546917753095001 0.8605303046212499 0.00877192982455 0.53448141694465 0.2520233171681 0.5526205221878 0.5025287790678 0.49069244711320004 0.1160679920783 0.32444901643854995 0.2309706855892 0.30541781258100004 0.24175452592394997
0.3061383061378 0.2222222222224 0.1003885003884 1.0327894327903002 0.0 0.6427350427344 0.12836052836040002 1.2114996115002 0.8674436674431 1.2295260295259 0.1777777777776 0.2032634032633 0.39906759906730005 0.14731934731899998 1.3314685314682002
1.9729950900174 0.5328846153846001 0.2098076923076 3.638166939444 0.0264423076923 1.6783592471359998 0.7928846153840999 1.8903089198039003 2.1396256137462 3.9089832242223 0.4195990180033 1.6218371522101998 1.4593903437012 0.299065057283 3.4096501636652
1.014460093896 0.0661971830985 0.0 0.5481690140842201 0.328638497652 0.28478873239422 0.052863849765200005 0.46244131455372006 0.58863849765236 1.26112676056282 0.21098591549266005 0.27145539906070004 1.7569953051688598 0.27004694835666004 1.8831924882644402
2.47267450628135 0.42212783763746 0.20770398350605 2.57301567345338 0.24678719905685 0.8813893651010801 0.49366721633154004 4.7293978298335295 1.4660222192358199 3.7982149053306298 0.7898811045485601 1.72969157574073 1.9606666486369502 0.5335411737269601 3.69521876157792
1.6562291402143998 0.1729115015748 0.1565760505407 1.4661009656442 0.0397350993377 0.3490613611305 0.2950542061251 1.9775779288319 1.1363268836654001 1.9034239050864001 0.5718460161882 0.4832410140869 1.0403992051967 0.320940229997 2.4305764923793
1.13469138267727 0.14753663470946 0.13445594969862001 1.41009671195432 0.03871736422306 0.16375389254822 0.15941751243475 1.2455801020310702 0.7412129821135099 1.8517264548507202 0.42414389199424996 0.9368702154865101 1.66666730018071 0.1334693590374 1.81166024605707
1.0466541051341598 0.41849926264692 0.056050555402800004 1.5277214953393399 0.1274109269449 0.3177453432649 0.27352132769789994 2.07915839568182 1.3266638677642002 2.2535427880220604 0.4484507512204 0.64131469599302 1.2505388015989198 0.25710922460290003 2.97561845869492
0.1633333333334 0.084025974026 0.0133333333333 0.2840259740259 0.0119047619048 0.37995670995659997 0.2809090909091 0.47809523809529997 0.1835497835499 0.6515584415584 0.10047619047620002 0.3191774891778 0.2119047619049 0.5796536796537001 0.2580952380953
2.2085565518935 0.2296694473943 0.130445926005 1.6421655569276 0.19697123511550002 0.7367294928138001 0.4737860292361 2.9026492216335997 1.9134351631364 3.0937214939245 0.6673240350845 0.9259090913645 2.7131699683251003 0.46650974445119997 2.6989570426951
1.99223743109984 0.17064521953392 0.6799048290582199 1.65736620171802 0.028934506353800002 0.5100831513748 0.6345634697936 1.57809645811524 1.65696969440224 2.036859949262 0.4844384793431 0.396724485277 1.1861563759851401 0.21724985328152002 1.7697698954050398
0.166666666667 0.15 0.0333333333333 0.7333333333336001 0.0 0.1166666666667 0.1166666666667 0.3500000000001 0.1833333333335 0.6999999999994 0.05 0.1333333333333 0.08333333333330001 0.0666666666666 0.1166666666667
0.0845070422534 0.0281690140844 0.0281690140845 0.09859154929580001 0.0 0.0704225352112 0.0704225352111 0.15492957746469999 0.0845070422534 0.0845070422534 0.0563380281689 0.0 0.0281690140844 0.0704225352112 0.14084507042240002
1.07590355517445 0.4793865700484 0.13768511640975 1.6161185158395501 0.057115562587699995 0.7120938092818999 0.4056530495471 1.2303837137325202 1.3628659762210602 1.6974810236845501 0.36561840004279 0.6573162536634699 0.86944271617306 0.13845692094098 1.19447881665358
0.0 0.0 0.0 0.0 0.0 0.0 0.0 0.0 0.0 0.0 0.0 0.0 0.0 0.0 0.0
0.2077904776212 0.44407847430168 0.12154580350638002 0.8730569775800601 0.0 0.5661518042719 0.28479270635480003 0.6674497640687 0.38178202059876 0.78823651044036 0.14137923879646 0.17451742382761998 0.40005351821458 0.2429773799685 0.7061879004468601
0.30579289131920007 0.1473855092275 0.0150375939849 1.012645249488 0.0 0.27170198222819997 0.11329460013649999 0.3248462064248 0.6537081339711 0.6196172248809 0.2837491455915 0.060150375939700004 0.33586807928919993 0.049128503075799995 0.8070745044438
0.9474350433039 0.22969131690009997 0.0147679324894 2.7814345991577003 0.0 0.2067510548523 0.7202198534312001 1.2984565844976999 0.8449589162769999 1.9588940706167 0.41099267155249997 1.1943704197193 1.4479013990667 0.3346768820785 1.6094492560511
0.928931687781 0.2108731975987 0.0769230769232 1.1557645893922 0.0192307692308 0.3289431807135 0.6976364343620001 0.7446115831090999 0.46959456472780003 1.4023542828862 0.2472129640273 0.37050560059500004 0.9601924624046001 0.2257963275662 1.1614292786856
2.67344366493694 0.3052862710532 0.25834323088699995 4.238563328133661 0.1881994363206 1.0843355690655798 0.7563801028757 4.70327085808894 2.2698767394631405 6.24441458731542 2.3197016181406 2.07411586687062 2.8885981791695396 0.6159849415881999 3.37948560608792
0.56433334896914 0.1148883795941 0.01122598162071 0.89804251046533 0.0267379679144 0.33802504255321003 0.16872534500230998 0.6241749091975299 0.71552376931653 0.9593326565082398 0.18939756923483 0.39279739008941 0.7397554715664301 0.10924481435303002 1.14779484361623
1.5691636962167 0.2533491022804 0.2069274410277 2.0530731330922998 0.0801431496816 0.9315778276455 0.43098483502740004 1.9422862372764 1.324148415087 2.8723802746041995 0.6118455245125 0.9467137615894999 2.038795602164 0.33289770077930003 3.4057132990224
0.30613860225129 0.059685741088089994 0.018761726078769997 0.6474893050079099 0.0495426829268 0.23511596687564 0.31488565051467 1.1609085891508 0.6573457818467499 0.72501182716534 0.25344453564766 0.29491088180108 0.83000723782084 0.06616439962479 1.3805870722004299
0.060606060606 0.0151515151515 0.0 0.090909090909 0.0 0.090909090909 0.030303030303 0.1060606060606 0.0909090909091 0.1060606060605 0.0909090909091 0.030303030303 0.0757575757575 0.0151515151515 0.1969696969697
1.09437532829487 0.06991369266985 0.03992623107872 0.73357401996918 0.1578641228482 0.18473541369751 0.08040762965822001 0.99222882881115 0.6840930337761499 0.9224306701210602 0.2595938658398 0.6870355788712099 0.84557327531784 0.17583055595612 1.0724177530924102
0.8766130608008001 0.1393327726381 0.0969065656565 1.0166551978994 0.0664336276983 0.12506052960199998 0.1436116580013 0.6588160038149 0.8426146717384 1.2626035640248998 0.5398272835592001 0.5042125151853 0.7205214200453 0.037921132052200004 0.9688699972809
0.2660107334524 0.088908765653 0.0116279069767 0.4821109123435 0.054025044722700005 0.11216457960630001 0.1388193202146 0.4622540250446 0.2851520572449 0.4588550983898 0.0116279069767 0.0232558139535 0.1313059033989 0.0656529516994 0.4082289803221
0.0350877192982 0.0 0.0175438596491 0.1052631578947 0.0 0.0701754385964 0.0526315789473 0.1578947368421 0.08771929824550001 0.1052631578946 0.0 0.140350877193 0.140350877193 0.0526315789473 0.0350877192982
1.26128757636105 0.19907897780490003 0.0638297872339 1.6814654369618 0.0652804642166 0.5516303974755 0.2372576668093 0.82801405487705 1.3388613315740998 1.5093362438818 0.42221713644430003 0.42818795997015 1.1834946750883 0.09564132473004999 1.1344169665671
0.0 0.0 0.0 0.0 0.0 0.0 0.0 0.0 0.0 0.0 0.0 0.0 0.0 0.0 0.0
0.5955121178908 0.42683595177239997 0.11414565826340001 2.0329740591883 0.0791925465838 0.6431007185486 0.36280599196220004 0.6325965168673 1.2311228839363 1.1097004018994001 0.1071428571428 0.3438679819753 0.9345999269276 0.4027828522714 0.9836195347702001
0.1362318840578 0.144876684465 0.2327485380122 0.5270531400969 0.0173913043478 0.29130434782590003 0.1863971523011 0.2710144927536 0.39702517162519996 0.6057462496823001 0.0347826086956 0.1333079074497 0.2956521739136 0.19122807017549998 0.5352402745995
1.1164578844721 0.2524677054701 0.1391293063281 1.8401412172326 0.0 0.9641271434580999 0.6830538278639 1.6957809944617 0.9601566335515002 2.5001557267085 0.3599354995401 0.9154068334212001 1.5852064317017 0.286538343272 1.7014424525191998
0.72336140588401 0.1440946039209 0.05421960072587 1.08315957031964 0.0172413793103 0.1490621956482 0.21520921094244 0.55563379109097 0.71219770629261 2.0717084772749796 0.26971986935817 0.16231210671001 0.8066372937506999 0.11871243277437 0.91673035599491
1.8039907668055 0.6168014438388001 0.1805443284586 3.5277851435357004 0.39553331970030003 1.4241054445216998 1.0058526435319 3.4624994106677 2.3832917187254 4.3193943503099 1.243943931301 1.9013406957642 1.9980116155249998 0.76553390067 2.9713712866452
1.62828033135116 0.052058111380020006 0.05585892253492 1.22076955028536 0.00564971751412 0.26030913038931996 0.11913204399542 0.84003329719892 1.02855758288084 1.40901185663938 0.44113723781922 0.59204683220692 0.7682484524901 0.18323084144635998 1.3956760918682
0.7132333977216 0.35056807556650005 0.1302047389003 1.8445168228728002 0.11378625856430001 0.4664458943716 0.3278399604426 1.0971719616570001 1.1874839050776 1.5162127020081 0.7634622614721001 1.1401386721991997 1.3721064073701 0.21637106882709997 1.7604578729489997
1.41538541330479 0.36203235212759 0.01834862385318 1.4614168894934898 0.040424311926590004 0.39484550043766997 0.12627356968319 1.62534144345648 1.0037544373255 1.3364802798406799 0.9712308676415 1.67216962104098 1.1328647250012 0.17042494582987 2.2690070190422906
0.0851063829786 0.0851063829787 0.0425531914893 0.1702127659573 0.0 0.127659574468 0.0851063829786 0.21276595744670002 0.425531914895 0.4680851063833 0.0 0.0 0.0851063829787 0.1702127659573 0.0425531914893
1.28587697202166 0.0497713209578 0.05457083104799999 1.20725040100382 0.1051595551308 0.44551000792109996 0.2672489573235 1.36419362747506 1.00513251821096 1.8972082952678 0.41784396693046 0.75746216145656 1.06929068834184 0.20226548809736 0.8712152088140599
0.8380402652377 0.24029342490699 0.1355013550134 1.8348864805205798 0.0647397715066 0.8588992597998 0.22435496467559002 1.29548929957839 1.23944083304928 2.28372653527529 0.4634891500111 0.47953914872028003 1.4999104653301703 0.07918032786879 1.4625087185018997
0.1767045454544 0.26022727272720003 0.0988636363636 0.7176136363641 0.015625 0.4471590909089 0.13011363636360002 0.5568181818183 0.2965909090909 0.44204545454540006 0.078125 0.1715909090908 0.1250000000001 0.046875 0.436647727273
0.0222222222222 0.0444444444444 0.0444444444444 0.1333333333333 0.0 0.0444444444444 0.0222222222222 0.1111111111111 0.1333333333333 0.17777777777780002 0.0222222222222 0.088888888889 0.0888888888888 0.0 0.06666666666660001
1.0658810585533 0.5046019559818 0.1401278460102 2.8331269090705 0.0508474576271 0.8447741825462002 0.7499801072431999 1.1948002256408 1.3147288620908 3.5341986578309994 0.5874318436623 0.8608618588673 1.0553296210002 0.1048612404544 1.1584481734201
0.0 0.0 0.0 0.0 0.0 0.0 0.0 0.0 0.0 0.0 0.0 0.0 0.0 0.0 0.0
0.0766806722687 0.37767687720279997 0.0535714285714 0.5218894009221 0.0294117647059 0.4537476280845 0.33566007047970003 0.2207237733802 0.1575630252101 0.30401192735140004 0.0 0.1261859582541 0.09453781512590001 0.2189278937381 0.0294117647058
0.078947368421 0.0526315789474 0.0263157894737 0.2894736842107 0.0 0.1315789473684 0.07894736842109999 0.1842105263163 0.315789473685 0.5789473684211 0.0 0.0526315789474 0.0263157894737 0.1052631578947 0.078947368421
1.1469724607893 0.6126238624509 0.33341544686479996 2.0404426392566 0.1234271590405 0.6124932920489 0.5430640033579 1.6145400513612 1.5864351580595 1.8410354513816 0.3420906225447 0.9342609227763001 0.9966243807204 0.23228049933480002 2.0402940500135003
0.5144390721162799 0.09230879775133001 0.13092355586317 1.3011382150506399 0.05557602554657 0.22511747268278 0.51640690665902 0.49683174670002994 0.72432060517713 1.4238741922707903 0.21620404487035 0.20138251812618 0.51208502315208 0.10030295586666998 0.48908886816853
0.85815119503764 0.22236766298277003 0.034289095099960004 0.73343897374638 0.31253567038008 0.34545650496876 0.14441690445067 1.1215215514163301 0.63667452479093 1.9469917097560503 0.46582919544362 0.37265998482991003 0.7129975457195299 0.25383445930311 0.8388350220759699
0.56206729695513 0.1168670438471 0.0 0.42821782178234 0.0 0.08089220576188 0.06638967468167 0.43439198243097 0.42183428869182993 0.57025143303912 0.15580566515297 0.199913459391 0.34611125586236 0.06021551403254 0.55704235837127
0.77156312718624 0.16769579328237 0.12917539751004 0.9241086314556101 0.0882352941176 0.31247448184594 0.20921397031626998 0.8782132603097 1.02384942120134 1.66482614365524 0.30788520980467 0.7681677558436399 1.45914996297194 0.07549280392944 1.21994874656697
0.7668044646545 0.2802397684991 0.0 1.6241008681270999 0.07317073170720001 0.40463001240159996 0.4314592806942 1.8766432410082001 0.9816866473746 1.6228606862332 0.7837536171966999 0.6539892517568 1.0499793303031 0.155849524597 2.2948325754471
0.0204081632653 0.0204081632653 0.0 0.1020408163265 0.0 0.0408163265306 0.0408163265306 0.061224489795900006 0.2040816326535 0.2653061224489 0.0 0.061224489795900006 0.061224489795900006 0.1020408163265 0.0204081632653
2.5562312230900996 0.40518376618540003 0.07597204038800001 2.6013429256873 0.6071893416454 0.7831419333597001 0.3967409490393 3.0061697649637 1.8975970986794999 3.2189910841861002 0.9345197908493 1.866860537527 1.8007378802517997 0.17630663528779997 2.6730150288659
0.5001425643077 0.0871954132824 0.0 0.8067521538766 0.0762141084721 0.1194534777984 0.0545867176302 0.5118405437479 0.6990120678759 0.9705431314839 0.29419493549910003 0.4671678251622 0.7170869102852999 0.08684478214630001 0.6089653684333001
0.31203007518724 0.3468249427921 0.026785714285670004 0.72444017652788 0.00892857142857 0.5286654135344699 0.10597826086964 0.85246404053607 0.46056717881683995 0.58932657731294 0.12734962406007 0.1264302059496 0.2805655442953 0.1235902255638 0.3860534488387701
0.0 0.0 0.0 0.0 0.0 0.0 0.0 0.0 0.0 0.0 0.0 0.0 0.0 0.0 0.0
0.7528847210763 0.4470926770718 0.0208333333333 1.5411848398269001 0.1076402538801 0.5241456716046 0.2527769017834 0.9013753469777 0.9023203107782 1.3013428031916 0.6817134879592 0.3924440455669 0.8506298098680001 0.052605644906900006 1.2710101521728
0.0 0.0 0.0 0.0 0.0 0.0 0.0 0.0 0.0 0.0 0.0 0.0 0.0 0.0 0.0
0.2164750957853 0.1388888888888 0.0258620689655 0.5028735632182 0.0277777777778 0.347701149425 0.0795019157088 0.41570881226080003 0.2863984674333 0.49712643678130003 0.103448275862 0.181034482759 0.5986590038315001 0.1072796934865 0.4712643678163
0.2963443963442 0.0571428571428 0.4063492063494001 0.5613756613755 0.0 0.2719095719094 0.3444444444441 0.5139009139011 0.2850889850892 0.4576238576237 0.0818181818181 0.1121212121211 0.1936026936026 0.074074074074 0.3442039442042
0.6340084899409 0.3515807795469 0.03367003367 1.0638364303614 0.1399589111457 0.6750194250191 0.22264309764290002 0.8523116870581 0.7322447640249 2.1992919196322 0.2737325449189 0.5609160926959 0.887271783459 0.2594551556414 1.1140588852453999
0.634785774973 0.07476635514010001 0.025974025974 0.6107537322489001 0.077922077922 0.34276004369449997 0.10074038111410001 0.4850103167856 0.5515232431114001 0.9857992474816 0.38961038961100003 0.19322733341409998 0.6503216409763001 0.2119189221991 0.6648865153540999
1.2429991422307998 0.19682576826019998 0.0575807787904 1.9859690213672998 0.085408036454 0.9315431069991 0.41256915908619995 1.5444172502958 1.3875122340036001 2.5779438737274 0.5913367158497 1.0099475422867 1.0344899513967 0.26469473752280004 1.6767626817324996
0.2615384615384 0.0153846153846 0.0 0.2461538461537 0.0153846153846 0.0923076923077 0.07692307692309999 0.16923076923070002 0.1538461538461 0.26153846153849997 0.076923076923 0.16923076923070002 0.1846153846153 0.0307692307692 0.24615384615439997
0.7747934942683 0.1692028552852 0.0 0.5296999631377 0.020618556701 0.42141169792419997 0.18450697928500004 0.6306413892925 0.5706322862529001 0.9438640151327001 0.3266434648772 0.6184304814524 0.6674285125876 0.1395962300264 1.0025300737765999
0.4771995315472 0.21041575172 0.0 1.2877909530088 0.0909090909092 0.4023422632117 0.11531986531980001 0.6320890060019 0.6657590396724 1.2489825794165001 0.3248865466255 0.5882886839418999 0.6396794027226 0.0867003367003 1.2296369492022
0.10906862745100002 0.15073529411750003 0.0 0.3174019607844 0.0 0.19730392156860005 0.1176470588235 0.1384803921569 0.1593137254902 0.20465686274490003 0.050245098039200006 0.1544117647059 0.19607843137269998 0.0710784313726 0.1335784313725
0.95340078746761 0.15109557109549998 0.042210708117499995 0.7425066729469401 0.2114116453493 0.42469461453893004 0.24974358974348 0.69604049663623 0.6407919972941601 1.15178394144739 0.21084097249888 0.25720738674070004 0.43610903776728005 0.057754749568199995 0.7744078287863001
0.7836151464643 0.0576923076922 0.0 0.9609907120745 0.0384615384615 0.3046558704455 0.08400809716589999 0.5748749702304999 0.6788759228392001 1.0983924743994002 0.6340676351528 0.3782805429864 0.7606096689693 0.11538461538460001 0.5300904977379
0.0 0.3102564102571 0.0576923076923 0.5435897435899999 0.0 0.1435897435896 0.09615384615389999 0.1679487179487 0.3205128205126 0.1153846153846 0.0192307692308 0.0384615384616 0.0192307692308 0.07692307692309999 0.0910256410256
0.18131868131849999 0.0769230769231 0.21978021978009998 0.3076923076924 0.0384615384615 0.076923076923 0.076923076923 0.47802197802160007 0.3351648351645 0.192307692308 0.0384615384615 0.23076923076960001 0.076923076923 0.0 0.6703296703297
0.50113230891392 0.0149253731343 0.0 0.7749743450528799 0.06310293046956 0.2479884011399 0.09701492537340001 0.45082331195175995 0.36928942074736004 1.0267684260571202 0.08196068909026 0.30575969239142 0.56192766717302 0.09625841827446 0.40807409022999996
0.0 0.0 0.0 0.0 0.0 0.0 0.0 0.0 0.0 0.0 0.0 0.0 0.0 0.0 0.0
0.2115500785305 0.0910815939278 0.0588235294117 0.7823948716863 0.0215053763441 0.22807354184870005 0.15204073655550002 0.5536603913041 0.5937466686566001 0.8785365541659 0.12262897185010001 0.20435437676330004 0.2330554548753 0.1807666886979 0.6877811653832
0.20289855072500002 0.0579710144927 0.0289855072463 0.4347826086963 0.0 0.0289855072463 0.1449275362317 0.1449275362317 0.46376811594330003 0.2898550724633 0.0289855072463 0.0 0.0 0.08695652173889999 0.08695652173889999
1.0165792950554002 0.5683964917896001 0.23086813676600001 1.3278314341385 0.123240416674 0.8182436666862001 0.5795383247315999 1.2111983817310001 0.9050960002609001 1.980158255144 0.6132973273867001 0.7722322311220999 0.8081297735707 0.3441223379303 1.7010679270057998
0.8345406855526001 0.4074164453597 0.116504854369 1.9038293064841998 0.0086956521739 0.7054088156573 0.5588272191839001 1.2502867192572 1.419261884909 1.3339170590214 0.2331908279385 0.4507752208987 0.8911969357796 0.1295252751433 1.7566230982718003
1.26154582822037 0.15362931641990002 0.013698630137 0.98831154120478 0.09834569582290001 0.22679050016868002 0.09643005396428 1.31554232106179 0.49823354984117996 1.8388333583545 0.45319121827449 0.67998070318009 0.39095055443228 0.1172395675322 0.86727716138588
0.2456140350878 0.0 0.0 0.0877192982457 0.0 0.0350877192982 0.0175438596491 0.0175438596491 0.1052631578946 0.1929824561403 0.0175438596491 0.105263157895 0.0350877192982 0.0 0.14035087719300002
0.0935657523711 0.0546013842604 0.0453729812868 0.2637785183286 0.0120481927711 0.0 0.045372981286900003 0.2545501153548 0.09997436554729999 0.3529864137404 0.0851063829786 0.1750833119711 0.2332735196104 0.0240963855422 0.2601896949502
0.6221528471527 0.0923076923076 0.0178571428571 0.7551198801197001 0.0178571428571 0.1238261738261 0.1241508491507 0.5955294705302001 0.5192307692309 0.5246253746257 0.23146853146889998 0.6182317682319001 0.7099400599394 0.0458291708291 1.0018731268743
0.10344827586210001 0.0689655172414 0.0344827586207 0.3793103448276 0.0344827586207 0.5915119363396 0.1883289124667 0.3687002652518 0.2758620689657 0.35278514588890003 0.0 0.2572944297081 0.17241379310350002 0.0689655172414 0.10344827586210001
2.4828655421029 0.025641025641 0.0238095238095 1.4614054735062998 0.0615384615384 0.8145283591139001 0.1258836704695 3.146587807101 1.69973402394 2.426830918549401 1.0489465948085002 1.5616341195951002 1.4994913791095001 0.389006322764 1.2320967779565002
0.19239631336416002 0.0 0.0 0.12903225806466 0.15092165898603 0.1831797235022 0.040322580645230005 0.42165898617492 0.12096774193570001 0.20852534562233002 0.09562211981573 0.05645161290329 0.21543778801836 0.00806451612903 0.17741935483886
0.09836065573769999 0.1311475409836 0.0 0.3934426229508 0.0327868852459 0.1967213114754 0.09836065573769999 0.19672131147539998 0.1311475409836 0.2622950819672 0.0655737704918 0.0 0.1639344262295 0.0655737704918 0.1639344262295
0.133333333333 0.0 0.0 0.2 0.0 0.1333333333334 0.133333333333 0.1333333333334 0.0 0.0 0.0666666666667 0.0666666666667 0.0666666666667 0.0 0.0666666666667
0.6220120772291999 0.31496116176940003 0.0222222222222 1.57397926280062 0.10891590678820001 0.47136341764494 0.22628686194854 1.02282391364792 1.18482145537262 1.22809087068726 0.25508018242541997 0.13650913199012 0.53725195529532 0.06531816266324 1.23036341751542
0.0 0.0 0.0 0.0 0.0 0.0 0.0 0.0 0.0 0.0 0.0 0.0 0.0 0.0 0.0
0.410353597105 0.1149068322981 0.0791925465838 0.6104073947278 0.0314960629921 0.7346554506776 0.10292463442069999 0.7699295740218 0.4970778109274 0.7295324497481 0.1889763779526 0.4334132146522999 0.3548931383587 0.20939502127440002 0.7328458942642
0.0384615384614 0.0384615384614 0.0227272727273 0.35139860139879997 0.113636363636 0.152097902098 0.1993006993006 0.1870629370629 0.27272727272770003 0.2290209790209 0.0192307692307 0.0454545454545 0.1136363636364 0.0 0.2167832167828
0.5583683175248 0.1406793533867 0.0645161290322 1.1162122847306 0.08870472682620001 0.48175376410029996 0.2859070641662 0.6374437282587 0.5144598572909 1.2655700277903 0.2007832663352 0.44442629227 0.44994372825889994 0.21422907714349998 0.5370023828855001
0.2181555004136 0.0430402930403 0.0384615384615 0.4903993855612 0.0 0.29351293867430006 0.30210918114150004 0.2227933356964 0.35593170270610003 0.49940919295749997 0.10368663594470001 0.0238095238095 0.1513056835637 0.067617866005 0.1897672220255
0.9927107413572 0.1776315789474 0.067415730337 1.0905167135578 0.0681818181818 0.5702642181727999 0.22479638191489998 0.7831658542861 0.9252174315602999 2.0232761530159 0.4426958825388 0.49161693815709995 0.9470781140797999 0.097450555227 1.0979818886677
0.0 0.0 0.0 0.0 0.0 0.0 0.0 0.0 0.0 0.0 0.0 0.0 0.0 0.0 0.0
0.1616883116884 0.0 0.0 0.0714285714286 0.0 0.1084415584415 0.0 0.37792207792219995 0.23571428571429998 0.34350649350650003 0.2155844155845 0.1974025974026 0.0896103896104 0.0357142857143 0.1629870129871
0.41197006277179 0.0331578947368 0.00917431192659 0.36565427329778 0.0275229357798 0.14655239014979 0.0263157894737 0.32219700627728004 0.39422984065668 0.46311443746997993 0.0801545147271 0.1671511347174 0.21910188314818999 0.06 0.27370352486709
0.159649122807 0.0333333333333 0.0263157894737 0.23157894736839998 0.0 0.078947368421 0.07894736842109999 0.1649122807018 0.059649122806999993 0.37192982456140006 0.0859649122807 0.0 0.22456140350929998 0.1456140350878 0.33859649122799995
0.49880999880989996 0.0192307692308 0.0455455455455 0.5406122906122 0.0462577962578 0.1974229474229 0.118027118027 0.37421687421680006 0.5738693238691001 1.0204767704765 0.1217563717564 0.3256543256542 0.3740366240368 0.1342531342531 0.6098301098301999
