0.31095041322320005 0.0165289256198 0.0113636363636 0.5877343277572 0.0165289256198 0.1958778472081 0.0165289256198 0.33786031042049997 0.2142965127997 0.5740274138278 0.30331586373709996 0.20913122354330002 0.2560219713767 0.049586776859399995 0.9002469260232999
0.1570713391738 0.11451814768469999 0.0588235294117 0.6670838548179 0.0 0.6182728410514999 0.08510638297869999 0.43679599499380006 0.5068836045055 0.7065081351689 0.0 0.0 0.0294117647059 0.2240300375473 0.3954943679602
0.0 0.0 0.0 0.0 0.0 0.0 0.0 0.0 0.0 0.0 0.0 0.0 0.0 0.0 0.0
0.9342211938164 0.5247902120673 0.1412698412697 2.0235418813108 0.0 0.7533780500915 0.4010067451926 1.5477964295947 1.0683213342124 1.8180041483203 0.24492280930600002 0.2893839047033 0.4515803830863 0.24226146583560002 1.5595216011906998
0.0 0.0 0.0 0.0 0.0 0.0 0.0 0.0 0.15 0.750000000001 0.3 0.0 1.5 0.0 0.3
0.2205466802104 0.0855203619908 0.2158371040728 0.4951703758425 0.0235294117647 0.1639855942375 0.18601902299380002 0.2825376304366 0.34371594791750004 0.6506417951793001 0.26832579185509997 0.050226244343800006 0.252627204728 0.1295041093359 0.6318127250896002
0.07549713515340001 0.1812268284462 0.333333333333 0.8017189079880999 0.0 0.23795079204629999 1.0285979103467002 0.7118975396017001 1.2814627569939998 0.4190091001009 0.0232558139534 0.05224132119990001 0.11038085608360002 0.30797101449279995 0.4354566902597
0.6876473387826 0.7345173046279 0.2204596857999 0.8746432092533001 0.0 0.3160142185268 0.2435475100724 1.2635362361474 0.4474512694026 1.5687367294016 0.3629352067929 0.40963724178399996 0.5339163454345 0.2646673829254 1.0722903210518
0.1198486122791 0.035183627698299996 0.045977011494099995 0.2441827866555 0.0 0.1637230165403 0.195402298851 0.24698626296579998 0.0358844967759 0.24838800112099996 0.0717689935519 0.0473787496495 0.2181104569666 0.0358844967759 0.2912811886743
0.9515614891183 0.24858022104 0.083631767432 1.4395203265746 0.0 0.678644569875 0.11771946191569999 1.1975223342973 0.8431825324607001 3.7502648126176994 0.5808497878793 0.7442248385946999 0.9011932636898998 0.2227930289872 1.2403115655158
0.828932893289 0.166666666667 0.130913091309 0.622662266228 0.111111111111 0.3531353135315 0.0 0.7849284928485 0.29757975797549996 1.4757975797585998 0.5792079207919999 0.1743674367436 0.6501650165030001 0.019801980198 1.8047304730475
0.355816028553 0.0 0.0 0.43194354315390004 0.0125 0.11651524983770001 0.0869565217391 0.3637573004546001 0.1301427644386 0.7889682024666 0.22763627514610002 0.5320327709285 0.23930077871549998 0.0491645035691 0.6652660610003001
0.9421807042648 0.0633100697906 0.0434782608695 0.8021009435451001 0.0588235294117 0.20442296299489998 0.0483910587079 0.8002803184658001 0.7223691245105 1.2575173031634 0.0633100697906 0.3583235799844 0.7674151458667 0.13110667996 0.7369702486733
0.090909090909 0.227272727273 0.1818181818185 0.1363636363635 0.0 0.1363636363635 0.090909090909 0.090909090909 0.545454545454 0.59090909091 0.0 0.0 0.0 0.40909090909049994 0.49999999999949996
0.8984463887507 0.0 0.0298507462686 0.7924724101694 0.0 0.3942269124724 0.4461346642517 1.6688251133862 0.6367193098581 1.3966653273932 0.49244119818699994 0.7353643311247999 1.1512175135575 0.13163882947240002 1.225997255112
0.38383838383819996 0.0 0.0 0.1131313131312 0.0 0.0444444444444 0.0 0.0888888888888 0.3373737373738 0.22323232323210002 0.0444444444444 0.1575757575756 0.1797979797978 0.0909090909091 0.33636363636399996
0.12499999999980001 0.3254385964912 0.0105263157895 0.8390350877211 0.0 0.6372807017563 0.0421052631578 0.3885964912284 0.3973684210524 0.5236842105258 0.0210526315789 0.2403508771933 0.073245614035 0.0631578947369 0.31315789473660005
0.0 0.0 0.0 0.0 0.0 0.0 0.0 0.0 0.0 0.0 0.0 0.0 0.0 0.0 0.0
0.20810087081977 0.16540187430292 0.14884763294962 1.2019097564944299 0.0 0.54948694120593 0.1970699258451 0.9992449055530901 0.9471389138622001 1.0534299002170602 0.17429603722232 0.30262078975972995 0.34670825274259004 0.10542832835607001 0.60031587066953
0.0 0.0 0.0 0.0 0.0 0.0 0.0 0.0 0.0 0.0 0.0 0.0 0.0 0.0 0.0
0.2419354838706 0.0483870967741 0.0 0.8225806451622 0.0 0.2419354838711 0.1451612903224 0.43548387096749996 0.2419354838707 0.1935483870964 0.0967741935483 0.0 0.193548387097 0.0483870967741 0.29032258064530003
0.02955665024623 0.0197044334975 0.00492610837437 0.06403940886685999 0.0 1.19129720853884 0.35796387520490003 0.86945812807987 0.059113300492669996 0.11330049261064001 0.00985221674875 0.02463054187185 0.07389162561567 0.00492610837437 0.17733990147763998
0.45881487164769996 0.54115331209646 0.28915602723006 0.6624043248851199 0.0266666666667 0.5718406894826201 0.48245655628929995 1.06474732004184 0.7654867665414999 1.1811590158908198 0.19649339577706 0.27930506444847997 0.8932538614147602 0.26116006513775997 1.32590206244626
0.3216012854172 0.4870622199583 0.033710859427 0.8263164426331 0.0294117647059 0.2770355710572 0.164388446918 0.4166751577376 0.33498190748639994 0.6579384985172999 0.2074466695405 0.10109730767729999 0.34048673433359994 0.1073245287456 0.6945226058459
0.44849006394297997 0.2558068020823 0.1549015009379 0.8994635199291798 0.0 0.5404762223832801 0.10862350193329 1.4267381399092902 0.76603208637999 1.7483569131217 0.50471900486248 0.54213658728039 0.53265071600867 0.30287063981399 0.76873430141267
0.14480230426818 0.0175438596491 0.03246923278342 0.23998428908066 0.0 0.13026970411095998 0.0 0.4541764859906 0.10748887143216002 0.4549620319454599 0.07986383870116 0.20005236973016 0.18997119664822 0.02500654621626 0.9234092694428
0.21014492753619998 0.0 0.0217391304348 0.3586956521738 0.0 0.0217391304348 0.2934782608698 0.6811594202904001 0.4202898550724 0.8731884057977001 0.2572463768116 0.19565217391349998 0.5471014492756 0.2101449275362 0.9094202898556
0.3493280933062 0.015625 0.03125 0.4807936105479 0.0235294117647 0.2737132352942 0.0705882352942 0.6539236815415 0.23411511156179998 0.60399974645 0.066544117647 0.0586397058823 0.36602434077049995 0.1055147058823 0.6664110040571001
0.0 0.18541033434659998 0.1071428571428 0.1922492401217 0.0 0.17857142857129998 0.142857142857 0.44148936170249997 0.45668693009079997 0.4209726443778 0.0995440729483 0.056990881459 0.24164133738580001 0.11398176291779999 0.3624620060792
0.60460917774552 0.1107910906299 0.0178571428571 0.52199533873592 0.063492063492 0.19202111693752 0.177339901478 0.8956998075461 0.2949551529915 0.58315014919556 0.2168547062873 0.2274087610573 0.4463976728989 0.10934327383143999 0.53808464431324
0.7048328108675 0.0 0.05 1.0001828631145 0.0508620689655 0.342424242424 0.0 0.6146551724139 1.2169017763845003 1.3213949843253998 0.3364681295714 0.5237983281085 0.8840647857894 0.10086206896550001 1.853552769069
0.08 0.2 0.12 0.24 0.0 0.2 0.08 0.24 0.08 0.36 0.0 0.04 0.04 0.04 0.27999999999999997
0.0 0.0 0.0 0.0 0.0 0.0 0.0 0.0 0.0 0.0 0.0 0.0 0.0 0.0 0.0
0.6924524554138001 0.3077988257459 0.0588235294118 1.1252690065000002 0.0185185185185 0.5147391150632 0.2523185152795 1.8838510691685 0.545036187733 1.4190130749199 0.21090021089990002 0.3215692813148 0.5507316757321 0.3132691318138 0.7857094024842001
0.0 0.0 0.0 0.0 0.0 0.0 0.0 0.0 0.0 0.0 0.0 0.0 0.0 0.0 0.0
0.5150211964367 0.3851988719243 0.218152218152 1.130989299132 0.0176991150442 0.28244747713740004 0.2301425221776 1.1071743726620003 0.880255437778 0.8979545528213 0.4441707096572 0.3894885841785001 0.4455898084214 0.321123321123 0.7345925133529
0.4186507936507 0.2976190476189 0.0 0.46626984127000004 0.015873015873 0.13095238095220002 0.198412698413 1.0257936507942 0.46626984127099996 0.7023809523810001 0.015873015873 0.1309523809523 0.5992063492069 0.09920634920629999 0.43253968254029995
0.6601289388675999 0.29888084265980003 0.1906747329565 0.9378384904111 0.0204081632653 0.1904657404084 0.1333113890716 1.8986410703933 0.3411058418233 1.4971243121918998 0.2961100869102 0.4032954530269 0.634365939112 0.4216481047239 2.0760008941805004
0.53675710594283 0.13611111111103 0.041666666666700006 0.5708010335917001 0.0 0.2631782945735 0.154844961241 0.90058139534753 0.5569121447025001 1.10193798449619 0.6033591731264001 0.21246770025833003 0.92564599483223 0.23055555555532997 1.7651808785544598
1.0397342809123 0.7246623489118 0.0800185729762 2.0736847195474 0.031007751938 1.1881969419033 0.1909415857863 2.9153915771522003 2.0866882643238 2.4646911322808998 0.40437130621600004 0.6998368319285 1.1821205086461999 0.5716059311311 2.3470482463478
0.27954074910592 0.00757575757575 0.016271409749650002 0.19978119706357 0.0 0.0536278938452 0.00757575757575 0.611617730096 0.20536890645601003 0.54404997176664 0.14753199698871 0.13058065123266 0.17468238283423 0.06578439676258001 0.5560111989466201
0.1699999999995 0.0414285714285 0.0214285714285 0.1857142857141 0.0 0.2914285714287 0.10428571428559999 0.6385714285717 0.252857142857 0.5242857142855 0.1257142857142 0.12857142857120002 0.5471428571429999 0.16999999999999998 0.7985714285712
0.58872396307011 0.1004184100417 0.0 0.8135859548930999 0.0 0.49709286775521 0.1628386046068 2.0410857220847998 0.7755090438946199 1.48871538155093 0.20619826723661 0.26608547844261 1.04875140228001 0.0417119565217 1.9692829476237999
0.0883928571428 0.228571428571 0.0380952380952 0.48422619047619997 0.0 0.2836309523809 0.2 0.4985119047618 0.4651785714285 0.6812500000005 0.0 0.16994047619039998 0.10059523809519999 0.1571428571428 0.6044642857144
1.0531196288354 0.18012377918880002 0.0595238095237 1.0276328781304 0.08650793650790001 0.5173324736477 0.4736590487943 3.3815806291284 0.9377663512679001 1.4627494602979998 0.3330046863076 0.6028658596179 1.5772523442021 0.239025365531 2.067855749015
0.8861638819373 0.0803280376076 0.0169491525424 0.6277119390436999 0.0302302439694 0.1131317983738 0.0500977936383 1.3514583940370999 0.46804223320379995 0.9141801260147 0.4918092375589 0.6420875747891001 0.4796393044158 0.0834311269715 1.7647391558959002
0.05 0.225000000001 0.0999999999999 0.4249999999999 0.0 0.275 0.125 0.275 0.25 0.5499999999998 0.0 0.1 0.2 0.1999999999999 0.2249999999999
0.0684931506849 0.0 0.0 0.041095890411 0.0 0.095890410959 0.1095890410959 0.3561643835619 0.068493150685 0.123287671233 0.0 0.027397260274 0.027397260274 0.013698630137 0.0684931506849
0.9993669846941 0.27279296747446 0.1516874928457 1.4447514464382603 0.0 0.9551616418046601 0.40898156505859995 3.13269540053426 2.64228911726226 1.8396403291163597 0.38398203450336 0.56927403161916 0.944631213343 0.35881741172456 1.8959283635822999
0.04 0.0 0.0 0.08 0.08 0.0 0.04 0.08 0.08 0.08 0.04 0.0 0.12 0.0 1.36
0.45462794918302 0.29718693284966 0.08620689655159999 1.2822141560795601 0.0394736842105 0.57531760435586 0.19600725952800002 0.9832123411979801 0.28221415607992 0.94147005444624 0.15290381125212 0.44736842105246005 0.3289473684209 0.12068965517219998 0.81215970961918
0.2382075471697 0.2327401372209 0.1854631217839 0.5934819897105 0.0 0.6963979416813 0.1645583190394 0.5350557461409 0.9266723842197 1.0167238421959 0.0415951972556 0.1625214408232 1.2907375643224999 0.0643224699828 0.8515222984563999
0.7667848342365 0.5480789502402 0.0511734028683 0.7595495098387 0.0127118644068 0.3361644343129 0.2158188594008 2.2262417663004 0.7648878760796 1.5306899036657997 0.21882566585920002 0.170178001193 0.4304583545375 0.2955588657712 1.6728777112936002
0.5488085878773 0.2661810685577 0.1352670306538 0.7846183387251999 0.0 0.15061209997930003 0.404935203266 0.4292126934211 0.5731784636455 0.6222171098153001 0.2784375600053 0.0843245162435 0.5793429390207 0.125218736527 1.0176456522604
1.44334736079502 0.22527843585854002 0.14741198583094 1.9004950514291399 0.0 0.6590430873713999 0.44262005616548006 7.426923956375901 1.3773769625171801 3.2357841034510204 0.68239008591068 1.01434056079856 1.5118116924853802 0.31118075300855996 2.62199590800658
0.7623330499682601 0.12341259699134999 0.0275229357798 0.49547008619974 0.0183486238532 0.15397338440244002 0.034877549473 2.0235184949939704 0.36353945365865004 0.76221756139355 0.18841960915628 0.19352319989693997 0.65163976201246 0.03894827065895 2.16225542156349
0.3763955342902 0.09330143540670001 0.1379585326956 0.5167464114829999 0.0151515151515 0.1156299840509 0.18580542264740002 1.188995215311 0.38038277511979995 0.7232854864438 0.3054226475279 0.3484848484852 0.8070175438595 0.0853269537479 1.7200956937797998
1.1194131070398 0.11628430049460001 0.0682636077373 1.1424801014351 0.0648148148148 0.3907140472338 0.2415605691329 3.6473602115818 1.5195085892258 1.7471937230373997 0.1005297399639 0.5540706275194001 1.1043845305419002 0.2848731743072 3.8985488559286994
0.095238095238 0.0 0.0 0.1428571428571 0.0 0.0238095238095 0.047619047619 0.285714285714 0.0238095238095 0.047619047619 0.047619047619 0.0238095238095 0.047619047619 0.1190476190476 0.095238095238
1.6075732948039 0.1519089759803 0.1823851664559 0.8531503220763001 0.079646017699 0.41553669255319997 0.3355366925533 3.5831015592008 0.7419493106984 1.4485617964007997 0.3466847269879 0.652825236289 0.7302221419542 0.2727072421887 1.5982108241526
0.97480590793958 0.23521920787527997 0.0 1.41881969133884 0.08828411172148 0.17746966575079998 0.14009558150172 0.8282453606442001 1.6234420450868 1.47552554675668 0.8048667784421 0.6754824525966 0.99373198798778 0.09934466575079999 1.4646669966059598
0.0 0.0 0.0 0.0 0.0 0.0 0.0 0.0 0.0 0.0 0.0 0.0 0.0 0.0 0.0
0.214108910891 0.089108910891 0.0713696369636 0.148514851485 0.0 0.5408415841578 0.29702970297 0.6778052805299999 0.3386963696366 0.891501650164 0.029702970297 0.10107260726060001 0.089108910891 0.21988448844859998 0.29125412541219997
1.4147465659553 1.1931817285329 0.35352588768239995 2.667205331219 0.0555555555555 1.4138784693956998 0.6199511039569 3.4390649778525 2.1813336653607998 3.1361776382692006 0.7630273332614 1.1222936496856 1.5825156462674999 0.2813278251183 2.7762146218919996
0.0 0.0 0.0 0.0 0.0 0.0 0.0 0.0 0.0 0.0 0.0 0.0 0.0 0.0 0.0
0.31137082987755005 0.17931483894975003 0.07015961138095 0.41361859142499996 0.03202383168865 0.14785971801415 0.10798056904925 0.6412687666090999 0.41716626326534995 0.4573890083106 0.0640155041383 0.20116958074515 0.5503630608821499 0.07617846685060001 0.3301213588124
0.25492742799652 0.12881124784876 0.06656492515506 0.78744682923606 0.0133779264214 0.2719745429753 0.35084586161016 0.5592752540835 0.27833879923385996 0.7514043575672399 0.07659836997106 0.27726726629286 0.9361301425456602 0.13215572945419998 1.1148813196095002
1.4635021276662001 0.30985377312499995 0.1439219165926 1.6245062086150999 0.039089026915 0.8087264943671 0.2033319143186 3.1612663079798002 1.1491259041956 2.3818388717648 0.8095281520485 0.9556670479193 1.0705738802173 0.26664016699910004 2.6124282072703
0.7738942418709001 0.39089888112140003 0.0 1.2236391880251 0.164556962026 0.52666519722 0.1126015492159 0.8536116883937 0.4855679408861 1.286746646514 0.5537817242895 0.1959348825492 1.0219524739162 0.24278397044289998 2.1673646535267
2.4811630070731 0.27601999157741 0.0912013344703 2.8372492826419102 0.15611431034190001 0.8050070779846 0.47760102918132 6.35849402700701 2.3205442760421198 4.051820766102821 0.84315300539321 1.1543121652788 2.04513046307741 0.5587897786529 4.54339948517192
1.1568254677113 0.1007295771648 0.0891860648062 1.5279462561994 0.058033087033199995 0.41613531835400003 0.122616392407 2.3012367304503996 0.7004699612831999 1.5801907400060002 0.5046838365699 0.30302523031170003 1.8126381136765999 0.0828759883006 3.2434072357218997
0.61094377422218 0.051190228535639995 0.1534107298003 0.75879451010738 0.00751879699248 0.14605188861484 0.30184185178082 1.53746986625068 0.69118652245612 1.6104918772189802 0.5163408404761001 0.6431770544714001 1.3512612034617 0.24313282625300003 2.3771880293614203
1.4488389072369001 0.09565981248086 0.0206611570248 0.99497773589642 0.04566070884342 0.16076160983976 0.21552060010458002 2.93293114141654 1.3844513674916399 2.34103204241036 0.45363931436286 1.01448985186678 0.99516573749194 0.13411484936614 2.76209516416474
0.8033532253478 0.2003410059678 0.1480534242685 0.5745950554129999 0.1131003125888 0.1045751633987 0.243819266837 1.2622904234160002 0.5836885478833 1.3922989485640997 0.2958226768972 0.2003410059674 0.47001989201469996 0.5271383915888 1.0805626598468
2.9522197093779 0.11144630088000002 0.13440124500259998 1.2576263766282 0.1662105234922 0.2508196638012 0.31091672852989993 7.0260649281870995 1.9211102757651 3.9188390327716993 1.1187702182055 1.6754792789266 2.7706138936222002 0.3232470816525 3.0622347431567
1.12577705670126 0.11882752418756 0.0734712230215 1.85154944172556 0.0367356115108 0.5658563439626599 0.21501627191866 0.9678821168952 1.64362464168046 2.07074470048576 0.700881513133 0.8208495251833 1.0548465095019 0.08479974640976 2.6691377736841604
0.33063994828669996 0.134195216548 0.134195216548 1.0085972850684 0.0882352941177 0.5177763413054 0.30135746606400005 0.6672915319967001 0.6050420168062001 0.816806722688 0.20943762120200002 0.052941176470500007 0.303684550743 0.2094376212022 0.6203619909505
0.7599999999997 0.1333333333337 0.0533333333333 0.18666666666639997 0.0 0.266666666666 0.1266666666666 0.6266666666665001 0.1333333333334 0.1066666666668 0.0266666666667 0.1066666666667 0.1533333333332 0.0533333333334 0.2666666666664
0.8597256951249701 0.41557332175517003 0.060760073260000005 1.8201732097463699 0.0278551532033 1.0693627445037002 0.4341796652325401 1.98405148968827 1.7761385493711699 2.17382842891954 0.39647002963567 0.72623057348047 1.0928819404871 0.12800714537014 2.03476198022347
0.0 0.0 0.0 0.0 0.0 0.0 0.0 0.0 0.0 0.0 0.0 0.0 0.0 0.0 0.0
0.3991304347831 0.6026086956523999 0.12 1.1182608695653 0.0 0.7591304347823999 0.5686956521739 0.5443478260872001 0.7243478260869001 0.5982608695653 0.07826086956520001 0.4756521739134 0.2686956521738 0.4217391304348 0.3208695652172
0.20984200984180001 0.2592592592592 0.1077959077958 0.5513079513076999 0.0 0.3464387464386 0.38021238021220005 0.5374255374258 0.30448070448090003 0.45915565915550005 0.0296296296296 0.7143745143745 0.3324009324007 0.058430458430400005 0.7092463092457999
1.0167173252285 0.0288461538462 0.0618131868132 1.4590834697217998 0.0144230769231 0.5236439092827 0.2925824175823 0.886617371991 0.8069762684115 1.5486468318924 0.2214753331774 0.7966740706098 0.7272913256968 0.070391045125 1.5448182137019002
0.54197183098569 0.14610328638489 0.0845070422535 1.05258215962499 0.1150234741783 0.40093896713599003 0.49192488262919004 0.9059154929579901 0.9251643192489001 1.64009389671407 0.14920187793408 0.47211267605588003 0.88244131455429 0.22244131455379001 0.9695774647891799
4.448077173431301 0.8940087998384 0.33984443811900006 5.055456765880301 0.5321781217009001 1.5078971036710003 0.7445028768005 7.6007288150952 2.5522916608740998 7.027110540454601 1.3910409152634 3.0630901085763003 2.8393295041875 0.6823549403998 5.3220882357058
1.7691323660216 0.1769437596393 0.1807695989278 1.5830364495159002 0.0397350993377 0.3732549095175 0.33940904483510004 2.1308037352839 1.1927784965686 2.0163271308931 0.6081363387692 0.5074345624739 1.1331411406807002 0.345133778384 2.6039635891539
0.86688145595687 0.08453142204800002 0.10680618011342 0.8513598380393799 0.0248924794304 0.13096700730242 0.08258741498062999 0.82055932693149 0.46154236188229 1.14250231040768 0.31097625582294997 0.58966163348035 1.1638343319854498 0.0515021459226 1.31139583569221
1.8438328576133602 0.36709300549852 0.09043450955749999 2.00864771622224 0.1376362857348 0.3759319099013 0.45901835216310005 3.15421838461352 1.7210113918932 2.97197446717076 0.8149484369145 1.0539221458500199 1.58969567111092 0.3876784229348 4.02395644281072
0.24333333333340001 0.1106926406926 0.0266666666667 0.3273593073595 0.0119047619048 0.2332900432902 0.1709090909091 0.5014285714286 0.41688311688350005 1.0948917748926 0.0771428571428 0.39917748917749996 0.2285714285719 0.7296536796533 0.42809523809570005
2.47817238892894 0.19538462855086 0.13610010485586 1.8712316862120602 0.15511929881000003 0.5942723846118201 0.45639250661076003 3.4094776037953394 1.7674578824302603 3.41778529821378 0.62384960054356 1.1684211291647 2.31971117769476 0.53122619031272 2.8753981192697604
0.93042800690168 0.00628930817609 0.08337507652908 0.38147715255738995 0.0 0.04797684644057999 0.08337507652897999 0.50653976735178 0.22802916457959 0.5670952301441801 0.2375466132348 0.34374130350058996 0.585963154673 0.0707964601768 0.92736683920439
0.26666666666759997 0.24166666666660003 0.08333333333330001 0.5833333333330001 0.0 0.30833333333310003 0.19166666666660004 0.5249999999996999 0.4249999999998 0.6333333333330999 0.07500000000000001 0.1166666666666 0.1416666666666 0.1666666666667 0.2416666666669
0.0 0.0 0.0 0.0 0.0 0.0 0.0 0.0 0.0 0.0 0.0 0.0 0.0 0.0 0.0
1.72373868816626 0.23544376627740005 0.14843384017606 1.9488909075927798 0.0856733438815 0.6947325634885999 0.3564171439968 1.5681078344538397 2.10977608117226 2.37118048102798 0.7118283727124 1.1176006454121 1.47248211092668 0.1983544151535 2.25733980556268
0.0 0.0 0.0 0.0 0.0 0.0 0.0 0.0 0.0 0.0 0.0 0.0 0.0 0.0 0.0
0.2905090311984 0.26288998358008 0.00571428571428 0.9690640394099601 0.0 0.6972413793100999 0.28499178981990003 0.7292282430215999 0.41451559934315996 0.7107717569785601 0.11924466338266002 0.19297208538582 0.47395730706108 0.1194417077174 0.72945812807816
0.2272727272731 0.1363636363636 0.0 0.909090909091 0.0 0.1818181818181 0.0909090909091 0.2727272727272 0.5909090909087 0.5454545454546 0.318181818182 0.0 0.22727272727269998 0.0454545454545 0.4545454545451
0.8976214736399 0.14900001306332 0.04544906570225 2.1000709144431 0.0 0.37452221394970003 0.5505520129433 1.11796925299029 0.91992061314828 1.7608723036167 0.3400656331827 0.9340571271813101 1.10680106819457 0.33063765146297003 1.3724606564824402
1.0964699017794 0.19820224023740002 0.0769230769232 1.1151370753132002 0.0192307692308 0.28972355078580003 0.6622382042735999 0.6927209958195001 0.5263121833919 1.3792247575431997 0.3178082978972 0.3401355281892 0.8145770159046 0.23203124309309997 1.23926515962
2.03254909471441 0.22420265002072998 0.17442888969141002 3.5261885941649296 0.0710980748574 0.8008098396627699 0.8537589277576401 3.9228430843638096 1.8877679943773602 4.784645663656369 1.82265809399484 1.5051939370477403 2.2367146166502705 0.4729194427844 2.6842210962574904
2.0149912437062 0.1148883795941 0.0408312447786 1.6973846157307 0.0267379679144 0.5452618846588 0.19833060816019998 2.0156222776189 1.4852606114232 2.2915694986140998 0.5742659902874 0.8072710743005 1.272650208408 0.2276658669845 2.687268527828399
0.36539212447101 0.0152284263959 0.0304568527919 0.33328327276002 0.02114558615921 0.07779413089841 0.04820833208183001 0.6361096927281 0.09049950440022 0.60391073198591 0.21232691556820998 0.34938275313113 0.4711200552667 0.029585798816510002 0.7155558225449099
0.1296904315197 0.023100375234489996 0.012664165103169998 0.35957009769051995 0.0060975609756 0.09334767419284 0.22951979685626997 0.9084314550038299 0.33646163550495 0.3726871320434699 0.09509849906196999 0.12875234521558998 0.50264443294284 0.02005159474669 0.7818828039075401
0.16871416871400002 0.2043407043415 0.135135135135 0.3341523341520001 0.0 0.226044226044 0.19246519246500002 0.5384930384926 0.1990171990171 0.2682227682225 0.1719901719901 0.030303030303 0.12981162981150002 0.1232596232595 0.2780507780507
2.42393969309396 0.3039839160181 0.07901417896136 2.13041807916338 0.2806344035987 0.7031240378408999 0.37777085750486006 2.3911278810474594 1.5114084036814 2.38301755543826 0.4004385296291 1.7314674370661602 1.06020804574676 0.5126578473229599 2.7107891338857204
1.1907729523994 0.1515278945893 0.1069760101009 1.3113028943761 0.0881561886738 0.29945077350439997 0.23877171897670002 0.71662003498 1.2878509522279002 1.3199502781169998 0.5539067212286 0.601625286188 0.8363115623227999 0.1018311930278 1.1949455392872999
0.0923076923076 0.0868131868132 0.0 0.5109890109888 0.0153846153846 0.0153846153846 0.0461538461538 0.256043956044 0.25054945054940003 0.1538461538462 0.0 0.0 0.0307692307692 0.0153846153846 0.5263736263737999
0.0350877192982 0.0 0.1842105263161 0.2719298245617 0.0 0.0701754385964 0.5526315789473 0.1578947368421 0.2543859649125 0.1052631578946 0.0 0.140350877193 0.140350877193 0.0526315789473 0.0350877192982
1.2186982932386599 0.3423113554448 0.09190681389710001 2.33905930732276 0.0276837524177 1.03838811757396 0.45511265401721995 1.03679134285346 0.9229021714448 1.9434792996327601 0.5436162631731 0.49035152554370004 1.0777168380978601 0.33198398821639996 1.13999827712652
0.0 0.0 0.0 0.0 0.0 0.0 0.0 0.0 0.0 0.0 0.0 0.0 0.0 0.0 0.0
0.6925858881107 0.47271786184849995 0.19968169085820003 1.9219002225388002 0.0793995859213 0.8381738466130999 0.26133235903100005 0.8418535002929 1.3022093422367 1.3712608363501 0.12489177489170002 0.33759258644170004 0.957210394041 0.461944066164 1.1372460446631
0.23357487922690004 0.0847826086956 0.05 1.1041062801945 0.0347826086956 0.5103864734296 0.1847826086957 0.458695652174 0.43381642512109997 0.8620772946864 0.0695652173912 0.20579710144929997 0.67463768116 0.08888888888890001 1.0041062801937
0.51787328807443 0.17307397644091 0.08780453483667999 0.8333958741803801 0.0 0.5366521154964901 0.4056925721277 0.91428151511509 0.45482283741568 1.11630752585281 0.1532634335134 0.36126668146802 0.55806307869869 0.22074328754293 0.66675927923721
0.7492234748493999 0.1613359832313 0.08870235934649999 1.2641940530782 0.0344827586207 0.18354495426900003 0.3358988661147001 0.6418406876426 0.8156459821544 2.2613636496889 0.3042026279788 0.1881741756754 0.8411200523715 0.1273331224295 1.0029372525466
1.3001217672866199 0.4104769064891 0.07151781396214 2.8162111728849197 0.20762730886880001 0.88112387278432 0.64858491748382 2.2491980569975603 1.49277530757452 3.4874080996327397 1.06104269135704 1.42752781326644 1.43176836541512 0.43750514263581997 2.0771107633584
1.09697049516872 0.1650524616625 0.04498498924422 1.27778678310622 0.0282485875706 0.33481921241701 0.19279112254771 0.7656177711138 1.2244774939977 1.3036765376313197 0.2578878228833 0.7410669962612201 0.8896582815803 0.23514205341712 1.4418193913976096
0.51284957898409 0.23288823877808001 0.11180124223590002 1.2504392248823901 0.1427290772875 0.51008766488399 0.30255640888109003 0.7996434174295901 1.05154939328947 1.1877546303717 0.48255256691429005 0.6571759740991899 0.95486639159289 0.06819491579680001 1.73491127457158
0.59713994283249 0.1608151710386 0.0091743119266 0.71020593218319 0.0202121559633 0.3523976245906 0.07308653358528001 0.8119672041395699 0.53152545986809 0.64271250172869 0.42531392628269005 0.730456669817 0.5311559805907 0.0751622216587 1.32867436379218
0.1115187087308 0.234930686952 0.0212765957447 0.6422751670078 0.0 0.37961926091799997 0.20044792833140002 1.0827895122981999 0.31621423330910003 1.3483801212494 0.1379310344827 0.3847549909254 0.1115187087307 0.8346526624701 0.1936903888481
1.3082045047626 0.1334409470002 0.10399136712453999 1.43727783701448 0.1563815796647 0.6637184687684 0.33832674387084 1.20979368117302 1.12280387760382 1.9605398815955 0.52891784504246 0.5559176307246 1.0900844422994198 0.17037922922676 1.22022196412972
0.28379371813411997 0.08989998376182 0.0243902439024 0.6056910894459999 0.02997754125572 0.2404254195208 0.046154743844020005 0.49157591137951995 0.6121238058826199 0.7702656853477 0.27269289530522 0.17738072235180002 0.7163362367187001 0.0491803278688 0.59011167527882
0.1196022727272 0.31761363636359996 0.11193181818180001 0.640056818183 0.0234375 0.3798295454546 0.1588068181818 0.653409090909 0.3357954545455 0.4085227272726001 0.1171875 0.1482954545454 0.1875 0.0703125 0.3276988636364
0.0 0.0 0.0 0.0 0.0 0.0 0.0 0.0 0.0 0.0 0.0 0.0 0.0 0.0 0.0
1.107365517594 0.44336931381780004 0.0719840582168 2.4088501167389 0.0508474576271 0.7082408238124 0.4990231301728 1.2300205672892002 0.9698587744250999 2.3712317733457997 0.6925770113861001 0.8402775203851 1.2671385842712 0.05950234403179999 1.2797130068803
0.0 0.0 0.0 0.0 0.0 0.0 0.0 0.0 0.0 0.0 0.0 0.0 0.0 0.0 0.0
0.1013157894736 0.12006578947369999 0.1088815789473 0.5628289473679999 0.0 0.2325657894737 0.1013157894737 0.5328947368421001 0.285197368421 0.7694078947367999 0.15756578947369998 0.12763157894729998 0.3976973684209 0.1125 0.3901315789473
0.36092962290760006 0.33666061705960004 0.3561655575719 0.3704073401896 0.0444444444445 0.40467836257300005 1.7594928412982 0.8781205888282 0.4425690663443001 0.8470407340180001 0.0111111111111 0.17420850978000002 0.3644988909055 0.40675035289350003 0.2429219600724
0.8858641509251001 0.4420920342637 0.094846862841 1.8001715058991 0.1341798472125 0.23540330420199998 0.3432867863265 1.2214693544767 0.9477546235432999 1.2948840103918 0.3553295880238 0.6972836456702001 0.9061071537982 0.0645161290322 1.5768110033936997
1.1690396442508 0.27941834455729997 0.0662400553441 2.1609006980407 0.11962662736409999 0.5533373201548 0.4403329869712001 0.8684950157221999 0.7255350187236 2.7236414653273004 0.4408826660114 0.4295962246016 0.8794104475504 0.32947791640869994 1.8140655689704999
1.40153483418955 0.36725239321534 0.08358665905712001 2.3221014129674504 0.23874149261931 1.21321960286972 0.47380812856101007 2.75634257389393 2.1908128940338303 3.66368736335016 0.89841335961601 0.98442196889082 1.3618446807426 0.26511218245062 1.77912045353865
0.41355244547013004 0.0673620933521 0.0 0.33910891089124 0.0 0.07099121566288 0.04658769448367 0.33538208144097004 0.30302240750393 0.39203361125632 0.11620170475697 0.170210489094 0.23720036477326 0.05031452393354 0.4580324573812701
0.41674768936224 0.3231683101584 0.08034327622317 0.8591946589647099 0.0588235294117 0.26665676735766997 0.22277336301201 0.6850795098308 0.8236288239033701 0.8018415365252399 0.17559027284814002 0.5329771394765 0.76416696545927 0.18681105858237 0.8021970988850701
0.7329066747035 0.2345982415945 0.0 1.5401126080004 0.0699035027733 0.3565266664861 0.2102383905192 1.4054354223228003 0.9298941788704 1.5986368301824 0.6433560120491 0.6841579963388 0.7430238802626 0.12649855312109998 1.7247110427705001
0.0652173913044 0.2598343685298 0.0 0.0869565217392 0.0434782608696 0.09109730848860001 0.047619047619 0.29503105590059997 0.0910973084886 0.407867494824 0.0217391304348 0.1521739130436 0.0434782608696 0.30745341614880006 0.0869565217392
0.90192385773216 0.18771108166004002 0.0716521099733 1.8481278830914398 0.23419401024409997 0.51272058113752 0.35861929033389994 1.21842170837172 0.71421766878232 1.6271433262590997 0.3989538560308 0.55083431196852 0.7286696170384401 0.08598589604616 1.56082480133064
0.22161172161159998 0.1443223443222 0.0 0.8428571428569 0.021978021978 0.27765567765550003 0.0443223443223 0.4769230769230001 0.5868131868126 1.2750915750925 0.5329670329669001 0.1886446886446 0.5655677655676999 0.0443223443223 0.776923076924
0.1842105263157 0.131578947369 0.0 0.2368421052631 0.0 0.263157894738 0.0 0.42105263157929995 0.13157894736839998 0.1578947368421 0.078947368421 0.0263157894737 0.1052631578948 0.0526315789473 0.2105263157894
0.0 0.133333333333 0.2 0.2666666666662 0.0 0.0666666666666 0.0 0.3333333333332 0.1333333333332 0.6000000000002 0.0666666666666 0.33333333333320003 0.266666666667 0.6000000000000001 0.0
1.0324229149977 0.6791093919655 0.0208333333333 2.2636147437644 0.1213388840171 0.5353911486032 0.7232693722763999 1.1431489209425 0.9746311810343 1.6271396598103 0.7646175194934999 0.9610124634504 0.8963197870649999 0.1432649855662 1.1138856936788
0.0 0.0 0.0 0.0 0.0 0.0 0.0 0.0 0.0 0.0 0.0 0.0 0.0 0.0 0.0
0.32546933592689997 0.6422570948334 0.2635895924074 0.9551264182814001 0.0277777777778 0.8289160545279001 0.3770433514235 1.0343555620552 0.7116242954694 1.2238812946839 0.11984171848490001 0.5162365299046 0.724046686596 0.48384963914330004 0.7659846484849001
0.0714285714285 0.0571428571428 0.0285714285714 0.1428571428571 0.0 0.08571428571430001 0.09999999999999999 0.1428571428571 0.1571428571431 0.1714285714285 0.0 0.0 0.0 0.0 0.0428571428571
0.3685824345146 0.2270184899846 0.09136363636360001 0.8009861325109 0.1134437596304 0.2159090909084 0.28499999999979997 0.522411402157 0.528574730354 1.1816332819719 0.187534668721 0.34084745762700003 0.39208012326669994 0.19344375963 0.5511710323572001
0.485435125622 0.0997663551401 0.0444805194805 0.745331654327 0.0584415584415 0.3662990047335 0.1817468746207 0.5400427843182001 0.66808168467 0.9359615851439 0.30470779220800004 0.1792662944531 0.5829515111059 0.1854578832381 0.6220293724966
0.7071540658586 0.151868836822 0.0469483568075 1.0404094895386 0.0619357168652 0.41689365344359997 0.2884704980715 0.8710690834476998 0.8660271902294999 1.5398014646304001 0.4270219083152 0.6281590416495999 0.7767736821669 0.22433371365209998 0.9531332985024001
2.1167582417581 0.0384615384615 0.084478021978 1.1923076923075 0.0494505494505 0.37774725274750004 0.26579670329649996 0.779532967033 1.1634615384617 1.5982142857136001 0.6847527472525 0.8015109890111001 0.9684065934068999 0.139423076923 1.7396978021990002
0.8462220656972 0.18110761719 0.0 0.5535094869473 0.020618556701 0.5166497931628 0.2202212649993 0.72587948453 0.6539656195860999 1.1343402056096 0.33854822678200003 0.737478100499 0.7626666078254 0.1395962300264 1.1691967404433998
0.25390377201943 0.15206899917031 0.0 0.8753915971314301 0.0909090909092 0.2811399014297 0.084455667789 0.35828331625431 0.44133606597413 0.74517152198251 0.21211145269111997 0.29430049285131 0.3883106426578 0.0805274971941 0.74208998194512
0.0208333333333 0.062499999999900004 0.0 0.2291666666667 0.0 0.0208333333333 0.0 0.0208333333333 0.0416666666667 0.14583333333310003 0.0208333333333 0.125 0.16666666666680002 0.0416666666667 0.1041666666666
0.99242146352296 0.1728205128205 0.0844214162348 1.16320168298174 0.039956157831799996 0.56160921248528 0.40105171664488 0.70953684250888 0.9173698189355601 1.68547199573254 0.24632340523258 0.3899036913435 0.58740119749778 0.11550949913639999 0.9330013870975
0.7828784119101 0.0 0.0483870967741 0.5496277915624 0.0 0.0483870967741 0.0 0.0967741935482 0.2506203473942 0.8684863523556001 0.2220843672455 0.5781637717125999 0.9851116625323 0.2307692307691 0.3387096774194
0.0196078431372 0.193061840121 0.1546003016591 0.31070889894420006 0.0196078431372 0.2714932126697 0.2119155354452 0.4064856711917 0.38612368024099997 0.28959276018130004 0.0776772247359 0.076923076923 0.0384615384615 0.193061840121 0.35067873303139996
0.142857142857 0.0 0.142857142857 0.0 0.0 0.0 0.0 0.285714285714 0.142857142857 0.0 0.0 0.0 0.0 0.0 0.285714285714
0.19667478157982002 0.0149253731343 0.0 0.51088687659238 0.05090780851836 0.1403349108118 0.09701492537340001 0.30658445576986 0.20486553512906 0.57008213505622 0.03528280851836 0.22039383873312 0.33863077903182 0.05967305242076 0.25374271933000003
0.0 0.0 0.0 0.0833333333333 0.333333333334 0.0 0.0 0.0 0.0 0.25 0.0 0.0833333333333 0.0 0.0833333333333 0.1666666666666
0.4852120333453 0.2644212523713 0.117647058823 0.8602711980051 0.0645161290322 0.3867982858237 0.2570475236125 0.8154094620811 0.81306419632 1.1310491866199999 0.0982239942007 0.4038760846856 0.34972816237790005 0.3553536021146 0.5973818305858001
0.125 0.25 0.0 0.45 0.025 0.0 0.25 0.3 0.05 0.175 0.0 0.07500000000000001 0.15 0.0 0.15
0.7119026675337999 0.47513043272332 0.17066477423712 1.05937098441952 0.0435920668478 0.7642702802908 0.7195440098820001 0.8464901305656399 0.7229343406715198 1.8056064048074203 0.33391073131110005 0.4875750278607 0.32041798695330004 0.31292804202979996 1.2256621198609
1.2017940185012 0.3429346766377 0.0582524271844 1.5595158381078003 0.0260869565217 0.7641779158306 0.37124619797 1.066187207485 1.2889337578648 1.8562649003847 0.46465925240249994 0.41597783929550003 1.0463991500196999 0.2738412857601 1.2637285760320998
0.8341865418771701 0.12244957884470001 0.08158023483357 1.17712987641125 0.037638007986800004 0.5635712060122 0.27058673822387 1.39207740762818 0.88304790422924 1.88874312966431 0.5061752489906 0.49067079264844005 0.5711451929851 0.1368473207574 1.0441508189075699
0.31034482758649995 0.0114942528736 0.0 0.1264367816093 0.0114942528736 0.0459770114943 0.0114942528736 0.0114942528736 0.0459770114943 0.10344827586220001 0.0459770114943 0.0459770114943 0.0344827586208 0.0344827586207 0.16091954023
0.43927873370320003 0.20268358553350002 0.10071936682900001 1.0988560282933002 0.06710713823020001 0.052755376344100005 0.1687363710799 0.8892359893834 0.3724123922224 1.2421406959104 0.1906171356668 0.7156842001451 0.5150235034168 0.0870735850377 0.8576758982028
0.5116633366632 0.0307692307692 0.0178571428571 0.7830919080914001 0.0178571428571 0.11403596403589998 0.0696053946053 0.4626623376631 0.5192307692308 0.4910589410589 0.1587412587412 0.3441058941058999 0.634415584415 0.0598151848151 0.7850899100899
0.0 0.0 0.0 0.0 0.0 0.0 0.0 0.0 0.0 0.0 0.0 0.0 0.0 0.0 0.0
0.7900483693319 0.0350877192982 0.047619047619 1.0585699918582 0.0 0.23214086170839998 0.06672732787380001 1.1274364254579 0.6083680538934 1.0087320211353001 0.2612582411448 0.5128106891437 0.5065530067203 0.14003160768150003 0.6046166371342
0.8753833736882001 0.3428571428571 0.0508474576271 0.6577078288934999 0.0 0.4624697336561 0.0666666666667 0.5862792574656 0.7561743341401 1.2651331719132999 0.2767554479415 0.4778853914452 0.421307506053 0.1502824858754 0.610250201775
0.0666666666666 0.0 0.0 0.733333333333 0.0 0.0 0.0 0.0666666666666 0.0666666666666 0.0666666666666 0.0 0.0 0.0 0.0 0.0
0.0 0.0 0.0 0.0 0.0 0.0 0.0 0.0 0.0 0.0 0.0 0.0 0.0 0.0 0.0
0.3767114075907 0.2781155015198 0.0 1.2333835435900997 0.0782674772036 0.3066748258334 0.3411248890444001 0.9965839094076999 0.7494015116867 0.8979611049844999 0.1847782230948 0.0815289022782 0.3085442612367 0.1068268015169 1.0600976410148
0.0 0.0 0.0 0.0 0.0 0.0 0.0 0.0 0.0 0.0 0.0 0.0 0.0 0.0 0.0
0.1582423164847 0.0 0.0645161290322 0.34798069596150005 0.0157480314961 0.2377444754884 0.0480060960122 0.38328676657359995 0.3022606045218 0.3644907289816 0.1267462534925 0.2377444754885 0.1417322834647 0.0795021590043 0.4919989839986
0.0 0.0 0.0454545454545 0.3181818181825 0.227272727273 0.2272727272725 0.090909090909 0.181818181818 0.0454545454545 0.2272727272725 0.0 0.090909090909 0.22727272727300002 0.0 0.318181818182
0.2671373030488 0.09064865970949999 0.0 0.6989973398809 0.10527931246149999 0.302230407202 0.136484550849 0.3022304072028 0.35778596275820007 0.5127890321255 0.1013914466952 0.21935747902590003 0.41334151831419996 0.0516676897892 0.4406588909352
0.7092948717943 0.08608058608050001 0.114423076923 0.8404761904754999 0.1875 0.44670329670290004 0.34615384615350003 0.21978021978 0.5183150183149999 1.3617216117219 0.292857142857 0.085119047619 0.5755952380950999 0.1134615384614 1.1025183150189
0.810126651989 0.036585365853600005 0.0224719101124 0.8653000996981 0.080376940133 0.5050148868648 0.23834822019780003 0.7888226352027999 1.2262014390345999 1.5788540851251998 0.41567341864179996 0.4798420226552 0.8762919578153 0.0699223050775 1.0061680615999
0.8457526080479 0.09836065573769999 0.0681818181818 0.3658718330849 0.136363636364 0.33830104321980004 0.0327868852459 0.3002980625935 0.5979880774975 0.7369597615507 0.3029061102827 0.23211624441169998 0.1665424739195 0.0681818181818 0.7093889716851001
0.1935483870966 0.0215053763441 0.0215053763441 0.1935483870966 0.0215053763441 0.0215053763441 0.0 0.15053763440860002 0.1075268817203 0.34408602150490003 0.0860215053763 0.2365591397853 0.1720430107532 0.0215053763441 0.4086021505383
0.7115242234018999 0.0263157894737 0.0608562691131 0.6255593111218 0.0825688073393 0.2464992757125 0.11929824561399999 0.7478190890073 0.716900048285 1.0505713825849 0.187831965234 0.3493481409942 0.3457267020764 0.0 0.7291807500399
0.159649122807 0.0333333333333 0.0263157894737 0.23157894736839998 0.0 0.078947368421 0.07894736842109999 0.1649122807018 0.059649122806999993 0.37192982456140006 0.0859649122807 0.0 0.22456140350929998 0.1456140350878 0.33859649122799995
0.49961515178900007 0.0192307692308 0.027027027027 0.3803868477781 0.0679969266926 0.2658609506436 0.0995085995085 0.3556983556983 0.608490901969 0.9971273340836001 0.128197595589 0.2177638264595 0.4489158510901 0.1559922646879 0.7281875977528999
