0.37683420475683 0.00826446280991 0.0227272727273 0.61438581479851 0.00826446280991 0.38504128117640996 0.20826446280991 0.43478362520161007 0.28869776090230004 0.76057095686501 0.4363484156013 0.38479322388120996 0.29736536823951 0.17853488502801 1.59512380239492
0.0735294117647 0.0735294117647 0.147058823529 1.029411764705 0.0 0.5882352941176999 0.0 0.294117647059 0.7352941176460001 0.8088235294103999 0.0 0.0 0.0735294117647 0.294117647059 0.8823529411764001
0.0 0.0 0.0 0.0 0.0 0.0 0.0 0.0 0.0 0.0 0.0 0.0 0.0 0.0 0.0
0.9234986457037 0.6416054230003 0.1604617604616 2.0714497707166 0.0 1.1138727259774 0.44545118963700003 1.6397774184323999 0.8287891500380999 2.0339401775522004 0.1178438000355 0.31118394189419996 0.2573919231452 0.2019894091253 1.2527446642774
0.0 0.0 0.0 0.0 0.0 0.0 0.0 0.0 0.05 0.25 0.1 0.0 0.5 0.0 0.1
0.2590082186719 0.12398190045230001 0.2542986425343 0.4951703758425 0.0235294117647 0.31783174808360004 0.22448056145530004 0.43638378428280006 0.5360236402252 0.7275648721023 0.26832579185509997 0.08868778280530001 0.368011820113 0.20642718625900003 0.6702742635511001
0.1044826423997 0.13919784293850002 0.333333333333 1.310414560161 0.0 0.3828783282776 0.5075834175930001 0.7858105830792 0.8582743511966 0.5798786653167 0.0232558139534 0.0812268284462 0.13936636332990002 0.1159420289854 0.6383552409832001
0.13255012131268 0.36942919167439997 0.0487804878048 0.26331247605648 0.0 0.07495849827598 0.059251691993279995 0.14480909206992001 0.09245307112748 0.28425488443362 0.0767462648448 0.06627506065644 0.07853403141364 0.1568126676031 0.151832460733
0.1198486122791 0.23015970425329998 0.0854506957045 0.6090153225405999 0.0 0.5417134471621 0.20856019358779998 0.31277573665 0.1543055494077 0.7328377618868 0.0849268882887 0.08685243386 0.27074203591379997 0.16626727189540003 0.3965443465689
0.57638565194076 0.55027899697161 0.00990099009901 1.34724628093679 0.04 0.5069186145429301 0.09980198019799999 1.1833507415723 0.72599077949133 2.49168352147756 0.30463379601674 0.51022094510092 0.75964150741003 0.19959705007412998 1.69434914416615
0.3037037037036 0.0555555555555 0.053703703703700006 0.29814814814800006 0.037037037037 0.1444444444445 0.0 0.2129629629628 0.19259259259250003 0.5425925925929999 0.3000000000001 0.10185185185180001 0.17777777777769999 0.0166666666667 0.5629629629631
0.3938595068138 0.0 0.0 0.5732478909799 0.0375 0.2056456846203 0.0434782608696 0.3441920830628 0.1975340687864 1.2041855937719002 0.2374188838416 0.6592066839719 0.18821382219340002 0.0632949383517 0.8522225827401
0.3696410767703 0.0316550348953 0.0 0.2996011964104 0.0294117647059 0.0949651046859 0.0169491525424 0.3639082751747 0.3539381854439 0.5707876370896001 0.0316550348953 0.0994516450647 0.3402293120638 0.06555333998 0.3322532402793
0.077922077922 0.1233766233766 0.060606060606 0.37878787878770004 0.0 0.09307359307350001 0.030303030303 0.030303030303 0.27705627705610003 0.3874458874461 0.1428571428571 0.0 0.0952380952381 0.1363636363636 0.16666666666660002
0.5045767757231001 0.0281690140845 0.0 0.43014663322370006 0.0 0.29406300818590003 0.39458394200810004 0.959369918139 0.4525647032881 0.8518907968352999 0.32464650919189997 0.5573922989995 0.47421101954159994 0.0565557729941 0.6718296077825
0.7356977171473 0.2083333333337 0.0365853658536 0.522790638924 0.0169491525424 0.1369585687382 0.1493902439024 0.4345206926647 0.2456754398053 0.7979376234441 0.2558954572595 0.2774975885351 0.4589109365666 0.0586158192091 0.6642414220751001
0.12499999999980001 0.2201754385962 0.0105263157895 0.3653508771931 0.0 0.5320175438613 0.0421052631578 0.28333333333340005 0.3447368421051 0.4710526315785 0.0210526315789 0.187719298246 0.073245614035 0.0631578947369 0.2605263157893
0.0 0.0 0.285714285715 0.0 0.0 0.0 0.0 0.0 0.0 0.0714285714285 0.0714285714285 0.0714285714285 0.142857142857 0.142857142857 0.21428571428549997
0.32376146580675996 0.4543940907574 0.09208972845340001 1.26287538219372 0.0 0.58779478097612 0.3075977053252 1.5179366088453798 0.8597538824821 1.2429199588297202 0.15515166651530002 0.1389462809918 0.44959018254488 0.17997343565526 0.4272148306239
0.0 0.0 0.0 0.0714285714285 0.0 0.0 0.0714285714285 0.0 0.0714285714285 0.0 0.0 0.0 0.642857142858 0.0714285714285 0.0714285714285
0.0991636798086 0.0822665983955 0.0 0.3958866700804 0.0 0.4086874893326 0.1621437105307 0.4732036183645 0.1362007168457 0.4798600443758 0.0798771121351 0.2354497354497 0.10155316606930001 0.10872162485049999 0.2369858337601
0.18866995073850001 0.0591133004924 0.5147783251231 0.1921182266007 0.0 0.0738916256156 0.2738916256157 1.6083743842357001 0.277339901478 0.3399014778321 0.0295566502462 0.5738916256156 0.22167487684690002 0.114778325123 0.5320197044326
0.21244377811072002 0.28285714285749997 0.09553366174050001 0.5686521025198601 0.0800000000001 0.2448425787105 0.22766830870256 0.9149182551581 0.44249589490962 0.9487956021984599 0.1855486542443 0.29179910044951995 0.39209895052456 0.12385878489316 0.9884871849793
0.0 0.0 0.0 0.0 0.0 0.0 0.0 0.0 0.0 0.0 0.0 0.0 0.0 0.0 0.0
0.69066552584688 0.3075964758236 0.1183161350843 1.9473446884641799 0.0 0.74279774666258 0.19137611517379 3.2579906293123897 1.0455518750513901 3.3851688182867004 0.75125861049218 1.02321185845859 1.23316433291417 0.34412816277819 1.9614290256509703
0.2636591478697 0.00877192982455 0.00877192982455 0.34561403508765 0.0 0.13759398496234998 0.0 0.2298245614035 0.22556390977465002 0.5491228070169 0.15087719298250002 0.18446115288225 0.21378446115275 0.06591478696735 0.6160401002514999
0.43369931195989997 0.0434782608695 0.10533596837930001 1.0739276826236 0.0 0.3562655540918 0.3780193236713 1.0888303323081998 0.7098667837802 1.3732981993855 0.634438588787 0.7439540330852001 0.6096252378859001 0.28180354267290003 1.1674571805011
0.3397891425907 0.015625 0.03125 0.511795200373 0.0 0.203125 0.0 0.7084546831312 0.1282327586206 0.6520124650513999 0.0717905405405 0.1549831081081 0.44058713886309997 0.09375 0.6486049627218
0.0 0.0 0.0 0.0 0.0 0.0 0.0 0.0 0.0 0.0 0.0 0.0 0.0 0.0 0.0
0.8058586490172 0.2402908568763 0.0613354037266 1.1257687976284 0.0 0.2685126906591 0.3512529449565 2.7661772224416996 0.7906618695266999 1.4362178933585998 0.5261865035232001 0.6598538288461 0.8883036592316 0.2192967456362 1.8602829345700997
0.6044354838710999 0.0537634408602 0.05 0.5680107526881 0.0166666666667 0.0833333333334 0.0 0.5123655913978 0.6852150537643 1.1897849462363 0.5739247311828 0.4543010752691 0.38884408602180004 0.12916666666670001 0.6901881720426
0.087912087912 0.21978021978 0.0879120879122 0.24175824175820002 0.0 0.197802197802 0.087912087912 0.26373626373720005 0.10989010989 0.351648351648 0.065934065934 0.0 0.043956043956 0.19780219780219999 0.043956043956
0.0810810810811 0.054054054054 0.054054054054 0.027027027027 0.0 0.0810810810811 0.08108108108100001 0.1621621621622 0.08108108108100001 0.2432432432431 0.0 0.027027027027 0.027027027027 0.054054054054 0.027027027027
0.9238164226931 0.35838337881540006 0.0 1.2964598358311998 0.037037037037 0.6684991028120999 0.3354538202458 3.206058791025 0.739139259321 1.7873945745145996 0.4259793414719 0.37567721042239993 0.9552011629474 0.33311316822729997 1.5577868946312
0.0 0.0 0.0 0.0 0.0 0.0 0.0 0.0 0.0 0.0 0.0 0.0 0.0 0.0 0.0
0.23627874365326001 0.31612405948662003 0.0837064170397 0.89143414217274 0.00884955752212 0.24412700813854002 0.18161582763325998 0.6874224868330001 0.46556524432612 0.51145183888496 0.2083830077929 0.17968527703030002 0.29279897421424 0.140008140008 0.5525492752628199
0.1269841269841 0.047619047619 0.0 0.2996031746031 0.015873015873 0.047619047619 0.281746031746 0.69246031746 0.299603174604 0.4107142857141 0.015873015873 0.047619047619 0.34920634920699994 0.015873015873 0.349206349207
0.9731204100795001 0.6342988808434 0.17378896437980001 1.6393338105684 0.0510204081632 0.34084444927339996 0.26069782751799997 2.3047690419740996 0.47251001872689996 1.7288759850963 0.3237183379455 0.5807713940568999 0.8062774436435001 0.6665569453608 2.0434160823733
0.1292502004813 0.1932266009853 0.15948275862060002 0.7154771451493 0.0229885057471 0.8366384083698 0.3482558139545 0.9928810096603 0.5769303471189 0.9891873830546001 0.2202619620429 0.15197139802200002 0.1637329591019 0.0594827586207 0.440232749074
1.2459939086097003 0.6657762901821 0.09552244894520001 2.4457019921329004 0.0194174757281 0.9518296211196999 0.2684022956526 3.3703895071431997 2.1149114831868996 2.602122348372 0.6382413776790001 0.6737535655421001 1.0271705362252 0.5759379032491 2.3048292462285
0.8053924336528999 0.0227272727273 0.057509881422900005 0.6416572557868 0.0 0.1560700169395 0.0227272727273 2.1542631281828997 0.5563241106728 1.4505505364201 0.45105872388560003 0.3773009599096 0.5185347261427999 0.17926312817600001 1.6066205533601
0.211111111111 0.0142857142857 0.0142857142857 0.0941798941798 0.0 0.1142857142857 0.3206349206351 0.4412698412696 0.1470899470899 0.4280423280423 0.0571428571428 0.1412698412697 0.3269841269842 0.1 0.5894179894178
0.45294403007724 0.01673640167361 0.0 0.63199927233033 0.133333333333 0.1345946273725 0.09387544721360999 1.33494027044992 0.46404705596941 0.79623430962353 0.08452489236543001 0.15972348553753 0.53809956946231 0.0782608695652 1.08068643502452
0.0598214285714 0.114285714286 0.0190476190476 0.18898809523819998 0.0 0.10744047619049998 0.0 0.24613095238099997 0.17946428571429998 0.48125000000019996 0.0 0.1318452380952 0.0815476190476 0.0285714285714 0.36160714285719997
0.7217525407175001 0.2188013136283 0.0357142857142 1.2832845160442998 0.038931788931700004 0.1587338570094 0.1153530377667 1.6770847201873997 0.4909022322809 1.1606754537786 0.24528469356029997 0.410509031199 1.6873363511291999 0.0238095238094 1.7318266542419
1.3263767937341 0.0811858765397 0.0338983050847 1.1875372741603998 0.0339704217136 0.25240510947 0.0735312442999 1.9278616004347 0.8690692462387999 1.4424185766467 1.0360757773133 0.9789236101331 0.7927978373664001 0.1331803671068 1.8307679597577
0.2695121951216 0.37134146341600005 0.0999999999999 0.7176829268289 0.0 0.7140243902436 0.1615853658536 0.5676829268288 0.5426829268294 0.9890243902447999 0.0731707317072 0.1731707317072 0.2731707317072 0.3097560975607 0.7371951219521
0.0684931506849 0.0 0.0 0.041095890411 0.0 0.095890410959 0.1095890410959 0.3561643835619 0.068493150685 0.123287671233 0.0 0.027397260274 0.027397260274 0.013698630137 0.0684931506849
0.7199241110203001 0.42185205540245 0.17335245197600002 0.9181723560659101 0.0 0.7029728011791501 0.22028897581266998 2.2107693291187 1.4097080764152201 1.58101884128349 0.39098628248906997 0.9147958062996099 0.74868707284235 0.24003939387152 1.34743244622149
0.0 0.0 0.0 0.0 0.0 0.0 0.0 0.0 0.0 0.0 0.0 0.0 0.0 0.0 0.0
0.18239564428299998 0.3114997525163 0.0454545454545 0.7795743276683 0.0263157894737 0.28506022108620005 0.21060881042729998 0.6536462629927 0.46217620854809993 0.6310427322225999 0.1479128856623 0.2867513611614 0.4139168454059 0.1371473354232 0.42649727767760004
0.18160377358482002 0.09080188679244 0.14386792452828 0.16037735849074 0.0 0.07547169811344001 0.09080188679244 0.18514150943393998 0.4292452830187 0.54245283018874 0.00943396226414 0.04716981132068 0.62264150943344 0.00943396226414 0.41155660377394
0.8210581567794599 0.6110710762249 0.11621405327470001 1.01031199074826 0.0127118644068 0.35082761665896 0.342315242475 1.4323813951853999 1.09963299940246 2.0158541057006 0.21563170534812 0.26614199654716003 0.54839711829056 0.40419810598826 2.75325257297206
0.7150682373917001 0.460537146362 0.16833141919990002 1.0582200682794 0.0 0.5271507203233 0.4265950299874 0.7664259140829001 0.9258762134921001 1.2030572794214 0.3323181085526 0.21124750085959998 0.5809999053575999 0.2778678010487 1.3463046556421
1.4857924449298898 0.2381426314426 0.1553639846742 1.8227359643830099 0.0 0.81287330073097 0.30832294741086996 6.042445139846741 1.61961444880024 3.61240865560615 0.81330492367144 1.16025047781031 0.78146627409907 0.326175114106 2.82110369248224
1.3098523302841 0.2228186342316 0.0458715596329 0.8970621882543999 0.0305810397553 0.3664685117049 0.055374428185000005 4.0381940800561 0.6556135732215 1.5050332096599002 0.3957286299685 0.3733295372734 1.2125691069397 0.0930640407575 3.7984391300727998
0.2751196172246 0.064726209463 0.11975013290794999 0.3540669856458 0.022727272727250003 0.06951089845815 0.10752259436455 0.8361244019141 0.3098086124405 0.5960925039875501 0.17663476874005 0.37652844231785 0.5079744816583001 0.08466241360975 1.0987506645397
0.3771498157459 0.0364372469634 0.0242914979757 0.3710610377275 0.0123456790123 0.2795839637943 0.0946373314793 1.2087814719393999 0.5701913421216 0.7159017071289999 0.0364372469634 0.1459489178788 0.5654248285818 0.1643833749095 1.3974245377762002
0.1387163561076 0.0434782608696 0.0869565217391 0.44720496894469997 0.0 0.0238095238095 0.17805383022799998 0.45962732919199994 0.0672877846791 0.047619047619 0.09109730848860001 0.0238095238095 0.047619047619 0.20600414078680002 0.1387163561076
1.2326744685458402 0.18230720606824 0.1796881584491 1.33979879813566 0.150970809668 0.44344801637516 0.41535277827892003 2.7475883855079806 1.07459759177802 2.0882049118689805 0.2861607440495 0.6988663149847001 0.7647352186154 0.2628075443624 2.13279905331444
0.83864351028906 0.16828353937758 0.0 1.1483263978671603 0.082045558608 0.16078582875456 0.19266540750916 0.99922312674988 1.2518609607312798 1.44839979261138 0.6029184510343 0.6136254982764 1.0536783222907 0.1139108287546 2.3256327771526406
0.11148339932980002 0.21200121839779998 0.0272108843538 0.6136663620668 0.0298507462686 0.44552746471750004 0.1088435374149 0.5464514163875 0.26642298710560003 0.7119504518226 0.05706163062240001 0.20103563813570002 0.1303685653365 0.2120012183976 0.32612447964229996
0.309405940594 0.059405940594 0.1031353135312 0.09900990098999998 0.0 0.5272277227712 0.1980198019802 0.84075907591 0.28135313531350004 0.8721122112195999 0.019801980198 0.12293729372920001 0.05940594059399999 0.2021452145212 0.3052805280522
1.7559535071618 1.1966162379163001 0.2815314104248 2.0277839931706003 0.0185185185185 1.007927796625 0.3495883283307 3.5911971070972 1.5594588116779002 2.6918267692022995 0.7191135472418999 1.4278272380565 1.3448225401533 0.24496716061130003 2.7828670338072
0.0 0.0 0.0 0.0 0.0 0.0 0.0 0.0 0.0 0.0 0.0 0.0 0.0 0.0 0.0
0.7648702628590001 0.4342394339973 0.1494101318528 0.92368951101 0.0518525414261 0.283413449332 0.27050659264419996 1.2116949611563999 0.8062837460426 0.8687691474411 0.1249267954163 0.3808314009582 0.8446285607888999 0.16444119090730003 0.7204422741652001
0.6224632269384001 0.3831866740269 0.0719550605577 1.8067993635763 0.0234113712374 0.6207422800928001 0.1890119167449 0.9268110530264 0.739520083126 1.8439783095761002 0.1656005455075 0.5167711140691 1.5936941909914 0.3129525603143 2.1831022502181
1.3283310877653003 0.4142769950409 0.2196505357994 1.9005825323924 0.0443892339544 0.9981955843805 0.3514188395404 2.5967404409517 1.3015915871273 2.8565889654343 0.7207866363819 0.9234812593432 1.189845330055 0.4170009898917 2.7371199819463996
0.47286993855963 0.14984454807917003 0.01169590643274 0.62484269746094 0.11555259456637 0.25836479384096 0.14227552002317 0.36993855947848 0.20267969501799 0.6234547338809 0.24913020949008002 0.1437375083277 0.50024058035345 0.09256791768452999 1.04280479680359
2.44111465582254 0.22637359778667998 0.059515560346989994 3.0534033195885906 0.15270399914413002 0.73736605887356 0.50498907548506 6.24176838225869 2.3081306337811 4.23314570825447 0.91902345997114 1.2531622787424201 1.9762302220704502 0.6201081593937301 4.272964888470121
0.8590603001561801 0.07942805410601 0.04700276719914 0.92325526677221 0.022918982541 0.23103336372467997 0.05457158953613 1.8723272799116601 0.51994155216112 0.97042607614805 0.2563758942142 0.22488304864181 1.01519646657387 0.037750167970739996 1.88582919034115
0.7675570097016 0.19058000884279996 0.1506629862264 1.4149111786553998 0.0225563909774 0.3296138923173 0.6640574277985 1.9286403350758 0.6849615466186 1.8104691806152 0.42496144359770005 0.7830978696405 1.6522007571679 0.42260735691530005 3.7531226158516007
0.809028976102 0.11589967910213 0.00619834710743 1.20649677999073 0.23631384486940002 0.19867090306432 0.12894734127812002 2.22817893279089 1.03477121084436 2.04215090676937 0.27305106835379 0.5299633763603 1.39840996689392 0.09368216653526001 3.69823649994403
0.13924410343842 0.05370843989770001 0.0406365444729 0.16538789428801004 0.035521454958810005 0.02614379084961 0.06820119352081 0.36629724353471 0.15316851378241 0.31486217675473 0.09207161125313 0.053708439897600005 0.13924410343852 0.0798522307473 0.27195225916461
2.4767768525881904 0.07821954070399001 0.1427020750855 1.202986537645 0.1657104734872 0.38818652548778004 0.35147078393549996 5.9259642931256 1.7422548902271902 3.34343774264336 0.9648376374476 1.38362978147619 2.5318509548288 0.26949483142748 3.03247707988769
1.4042057366246 0.2813309352515 0.1075539568344 2.2960655928698 0.0537769784172 0.8227415961956 0.4939625141989 1.3592766110996002 2.0167055181769 2.2898207264157997 0.7202675106873 0.909571953774 1.1862587662669002 0.18855315747380003 2.8699084457144
0.2790346907993 0.049170437405599995 0.0235294117646 0.6467571644049 0.0588235294118 0.2865761689291 0.0983408748113 0.34962292609339995 0.2971342383105 0.4126696832574 0.1176470588235 0.035294117646900006 0.121870286576 0.1176470588235 0.10588235294090001
0.1599999999997 0.1333333333337 0.0533333333333 0.18666666666639997 0.0 0.266666666666 0.2993939393938 0.6993939393937 0.1333333333334 0.288484848485 0.0266666666667 0.1066666666667 0.1442424242424 0.0533333333334 0.4484848484844
0.8957485630533699 0.16697101301307 0.1394230769229 1.75320306155407 0.033426183844 0.990716775101 0.5417289292344399 2.06402734550977 1.6775925261589697 2.41455846437884 0.7480356065845699 0.5433026503999699 0.8583071537455 0.13048009798234 2.04247855251707
0.0714285714284 0.0 0.0 0.0714285714284 0.107142857143 0.0 0.0 0.0357142857142 0.1071428571427 0.0714285714284 0.0 0.0357142857142 0.3214285714295 0.0714285714284 0.1071428571427
0.34983239910715 0.18143793868415 0.11886367294375 0.92488610837075 0.00877192982455 0.36979055136844996 0.2044604930755 0.8980293773937 0.5677541480343 0.7109636876393001 0.2218119091105 0.36680242688875 0.2834078614965 0.38116571844430003 0.41202177761895
0.199948199948 0.0740740740741 0.09873089873080002 0.7195545195554001 0.0 0.39373219373150004 0.1406889406888 0.46910126910129996 0.4196840196835 0.7035483035478 0.0592592592592 0.14933954933940002 0.4430458430464 0.0654234654234 1.0638694638688
2.0878280387514003 0.3270334448159 0.2635112279024 3.4036851917739 0.1520384615384 1.1200745849890998 1.3316048733888002 2.5136877585885 1.8852699423600003 4.2396557369579995 0.6416625021597 1.8905554177553001 1.9267702981589 0.5534865610797 3.6631359597858
0.62497652582139 0.20835680751149 0.1408450704226 1.52544600938949 0.1291079812205 0.51652582159589 0.7936150234735901 1.3001877934272899 1.2460093896724 2.22629107981337 0.18403755868518 0.6440375586846799 1.0484507042250901 0.29136150234709 1.1207511737089801
2.17079855674368 0.52635025395944 0.20028029887698 2.97458548835784 0.18325078967838 0.9445599519647699 0.41534210174274 4.59972139810004 1.6243952205074201 3.69985069285183 0.90106065378083 1.55304673709771 2.70559466603079 0.61859719558826 2.88256599472258
1.5266025862499 0.14466873788009998 0.1383172202546 1.3669303333071001 0.0264900662251 0.29334699210180004 0.2529789280104 1.9368562983001 1.0533459017686 1.8249302534346001 0.5211512288133 0.48962501988929996 0.9245668929954 0.3102078799512 2.1899816608197
1.6677058771305 0.15150905614 0.2480597993537 2.0514355431103 0.0786528343476 0.3913728647999 0.21985011599880003 1.8054466538565004 1.3064180755875001 2.6641272032877 0.6854931766164001 0.9592505741296 2.3484118123714 0.20600858369 3.2162578295766004
1.0129344001816398 0.25448948075112 0.0450916512933 1.24083360938024 0.10400595249309999 0.29223288725358 0.26045494202868 1.8980422257304002 1.2347060969221 1.78134762727644 0.61241281655158 0.5262462028421 1.13455574097852 0.23370425015104002 2.3689421161682
0.3266666666666 0.0771428571428 0.0266666666667 0.4271428571428 0.0238095238095 0.37809523809539997 0.23 0.8061904761905 0.4428571428574 1.1319047619058 0.1509523809523 0.1838095238092 0.37380952381 0.7880952380948001 0.6328571428573
2.3848568845402998 0.29900986429480003 0.1850290314203 2.2838113858464997 0.19012192004710002 0.8067458860079 0.5696961929326 3.4022016694602 2.4141357711950997 3.8642640333252003 0.8007718415192999 1.1571153565315 2.8381253429716 0.5305637125793999 3.2735511073307
1.9037093495753001 0.09078488702250001 0.31336394477420004 1.6997187490176002 0.0396871945259 0.3788142895684 0.35234629801769995 1.4000094956267 1.4757124696641 1.8100019092945 0.6461210981945 0.563117352487 1.2760274686485 0.17907705903460003 1.8715084345472999
0.10000000000023002 0.09166666666670001 0.05 0.31666666666652 0.0 0.19166666666656 0.07499999999999 0.24166666666652997 0.24166666666659 0.26666666666669 0.02500000000003 0.04999999999996001 0.058333333333330004 0.10000000000010001 0.19166666666689
0.4374482187244 0.0281690140844 0.1458160729075 0.1574150787075 0.0 0.0704225352112 0.18806959403409998 0.3314001656994 0.1433305716651 0.0845070422534 0.0563380281689 0.0 0.0869925434961 0.0704225352112 0.1996685998341
1.5650320572132 0.5123453547589 0.1844240413319 2.1554992042422003 0.0769994327849 1.2734240035068 0.5151741071729999 2.4291601362127 1.8626917341519 2.5321901556619006 0.7369228898589999 1.0611820760638 1.4993708303972 0.1701014180018 2.4254825586337003
0.0 0.0 0.0 0.0 0.0 0.0 0.0 0.0 0.0 0.0 0.0 0.0 0.0 0.0 0.0
0.2965400975206 0.5803765950827 0.23082269945009998 1.2389044506701001 0.0 0.5229121278149 0.24940865234979998 0.9612252308336999 0.5731351799979 1.0377943770107 0.3706141715955 0.26243386243379996 0.7805996472657001 0.27217034962130005 0.6230625583563
0.39516404647979997 0.1853344024395 0.40297860034690003 1.0928019349079001 0.0 0.8741850255001999 0.5008938429991 0.6477798517271001 0.7125046006632001 0.7011409642988 0.23078894789409998 0.15037593984949998 0.6241981702516001 0.1643422367106 1.3175114359328
0.7483896478569 0.3514335788156 0.20414256933235 1.7603630755552 0.0 0.5567947694529 0.6441099612985001 1.0418311287402502 0.9092580636212 1.7066277565274002 0.2887455981727 0.8904161275581499 1.08746602793895 0.63398482235875 1.1764368727726002
0.54809902486954 0.15144037378534 0.0769230769232 0.8699641066892201 0.0192307692308 0.21641301176726 0.62683997418504 0.57264859034876 0.37848434751093996 0.91291341401998 0.1497672681302 0.27567454669266 0.3962342966771 0.13599343134746 0.66937376782528
1.5948562333271301 0.21674514610133 0.0944936450651 2.46782286529927 0.1864230172509 0.70103262939086 0.45413284758434 2.6870039894242 1.40371237731007 3.43525174558127 1.19579974667554 1.20004778862154 1.86151012379496 0.34042837700541007 2.16073946756792
0.51696140976282 0.050717256599600004 0.01451545530491 0.55370321972492 0.0106951871658 0.2006235508557 0.09180091494331 0.55418124187463 0.48019447013311006 0.70628945358071 0.1679896041349 0.27842221418111 0.46206760216052 0.07427436684392 0.8375640527343199
1.0981128143631 0.141891428045 0.1716333233802 1.1953500172818001 0.0624264772138 0.5901193242064999 0.2655089491707 1.4423762219024 0.7890424973316 1.9254600584580002 0.46095237139159995 0.6963039758593 1.4282770860823 0.212460842325 2.5200846129916
0.8886027482750899 0.1176225077112 0.06683864915559999 0.94662274024529 0.0495426829268 0.364583664578 0.2145872420259 1.92698106139107 1.0969756654064 1.51716553844427 0.50368899457869 0.71342457150029 1.5631086629901 0.1579994713326 1.8722557994407898
0.38493038493 0.6660524160548 0.405405405406 0.987305487306 0.0 0.6629811629806 0.7667895167898999 1.4033579033596002 0.4152334152331 0.6758804258797999 0.33415233415210005 0.19696969697 0.2379197379195 0.42280917280880004 0.4402129402127
2.04873713816439 0.21577223152509 0.0668231461965 1.77772382972908 0.2311540251282 0.72524604791789 0.3640751357488 1.94593575131969 1.24241427758209 2.0572053943434003 0.3055728437499 1.17989545897949 1.22356988112648 0.4139885227255 2.20188631576099
0.2560975609755 0.0243902439024 0.0 0.3170731707316 0.0121951219512 0.0487804878048 0.0121951219512 0.1951219512194 0.25609756097490005 0.23170731707300002 0.1097560975613 0.1097560975609 0.19512195121939999 0.0121951219512 0.21951219512179998
0.439713774598 0.16243291592179998 0.0232558139535 0.8103756708415 0.0926654740608 0.20894454382820002 0.2314847942755 0.7398926654750999 0.46261180679720004 0.7638640429333999 0.0232558139535 0.046511627907 0.2318425760292 0.1159212880142 0.6472271914134999
0.0 0.0 0.0 0.0 0.0 0.0 0.0 0.0 0.0 0.0 0.0 0.0 0.0 0.0 0.0
0.92604641483311 0.4023883139315 0.10692661419830002 1.94140354611182 0.026958413926409998 0.5887317456168201 0.44769151968911003 0.87940201251292 0.95802893239241 1.62992631883154 0.43834045747181 0.5429193271866999 0.9632696884953 0.2814796896407 0.8664870051640099
0.0 0.0909090909091 0.0 0.0909090909091 0.272727272727 0.0 0.0 0.0 0.0909090909091 0.0909090909091 0.0 0.0909090909091 0.0 0.0909090909091 0.181818181818
0.5293292811202 0.44458486952129994 0.1016424751719 1.505446684601 0.0649068322981 0.682163616435 0.2468396054074 0.5681962112905999 1.1086884556204 1.2625651841761 0.12489177489170002 0.34995405276740005 0.7381140598539999 0.39374287264310004 0.8789340242028
0.097342995169 0.1504322400206 0.2383040935678 0.5770531400972 0.0173913043478 0.21908212560379997 0.314174930079 0.18768115942020003 0.3525807271806 0.46685736079359996 0.0347826086956 0.17775235189420002 0.378985507247 0.2134502923978 0.5741291634886
0.73642759825016 0.13806772066078 0.0314239612747 1.0203084220704 0.0120481927711 0.33613113203120004 0.33617309091177994 1.063348999062 0.4860719197887 1.1839752718010599 0.19838709416130001 0.48586860552297995 0.7050705443798 0.17770638827986002 1.0889910590324798
1.02008816916825 0.10647414432131 0.04106170598908 0.8875661643989801 0.0172413793103 0.15119595425981 0.22559066917514 0.48039627230379 0.58887325937012 2.29997134273442 0.44532395257317 0.21003689095393002 1.15128096456351 0.19210692818716998 1.18279220269182
1.10725568122489 0.30993416029179 0.04799484844323 1.7929669180722696 0.13807718591213 0.59642740848486 0.35350922453917 1.34756075150177 1.1047962616410598 2.9427116409533802 0.79485457823758 0.85045931813845 1.06297200252031 0.21824253712091 1.33223748291554
1.3680060966073 0.12886736615549998 0.0560716734037 1.2658237679874 0.0225988700565 0.30536616225589996 0.1547509295185 0.8048432904114 1.100017672956 1.3536538554625 0.3505886670208 0.6583513721305 0.7946515106993 0.23514824458 1.4012605207572
0.41115365882119004 0.22942969469087998 0.061958438769899996 1.19591937060629 0.0578856374463 0.30323647312318996 0.21123475857909002 0.79945466620419 0.77445600269177 0.8807139624552 0.46121178700689003 0.66354621859019 0.7960176536316901 0.1853918494421 0.9683898279369799
0.8310848969607 0.1545766389285 0.0366972477064 1.1944261156696 0.033973623853200005 0.30248936771 0.12189387303480002 0.9059121582682002 0.6241860103268 0.8792262631972 0.5491671372919 0.8205484129362 0.9377614851784 0.11644662532840001 1.4916101436096
0.11398176291789999 0.0425531914893 0.0212765957447 0.08510638297869999 0.0 0.063829787234 0.0425531914894 0.1778115501518 0.7127659574474999 0.3054711246199999 0.0 0.0 0.1854103343463 0.22796352583569998 0.0212765957447
1.1495657694312 0.0650793650793 0.05314390949744 1.8809070322981198 0.1651489515153 0.7300433840756999 0.38212236430874 1.40666884066734 1.23593770490354 2.52265178250446 0.5652644699317 0.7764023786924 1.5802496792854401 0.2193782897168 1.26743607809364
0.34965969497573 0.06115567287382 0.0555555555555 0.70027155391102 0.02519285226051 0.21557161835112 0.0147846889952 0.48324134621562 0.42135332832139005 1.13857976322566 0.20121755136541 0.1663721773384 0.55031427123607 0.07918032786879 0.53754959750543
0.0 0.0 0.0 0.0 0.0 0.0 0.0 0.0 0.0 0.0 0.0 0.0 0.0 0.0 0.0
0.0 0.333333333333 0.0 0.0 0.0 0.333333333333 0.166666666667 0.166666666667 0.0 0.0 0.0 0.0 0.0 0.0 0.0
0.9263102274933099 0.3570296701118 0.11221367979821001 1.9956109970856297 0.0508474576271 0.6174601254443001 0.42692136929031 1.3584663467538203 0.6326957651630101 1.8191595598132 0.53560423864331 0.8130349812533101 1.0673318032152102 0.1686910276884 1.11862275061613
0.0 0.0 0.0 0.0 0.0 0.0 0.0 0.0 0.0 0.0 0.0 0.0 0.0 0.0 0.0
0.1695378151258 0.4529936974788 0.1633928571429 0.9669642857143999 0.0294117647059 0.5591911764705 0.32079831932760006 0.5346638655461 0.5066701680675 0.8528886554617999 0.13125 0.10441176470569999 0.4490021008402 0.3919117647065 0.36691176470569997
0.24409155071580002 0.1823956442831 0.1306614236741 0.7131377293804 0.088888888889 0.3751461988298 0.4463904012905 0.6586912684012 0.698205283324 1.2163137729362998 0.0222222222222 0.2023190159305 0.3973280903411 0.2713046985273 0.35290381125200004
1.5214005938957 0.7557241031317 0.21360650900159997 2.9150111071126004 0.1642251398862 0.6646335808071001 0.5784293860486001 1.9882580456678 1.5996378484842002 2.0402720324779997 0.5008641135548 1.0587800919746 1.3401308247355002 0.3121545815576 2.346872041659
0.5964537620511 0.09122430598367001 0.04929090280177 0.9480622020357798 0.04712191926627 0.21872143600709998 0.19953813016254002 0.29625006475167 0.37242767409116995 1.28900285242977 0.20171129124707 0.219744935557 0.6218774908647 0.06407107180857 0.78450196094177
1.30260006007542 0.30656292975239996 0.0637465286542 1.94882198667153 0.24036747282139997 0.7561264464953 0.51775068189611 1.8680667798264101 1.7319657096956 2.73729882507591 0.945639356226 1.1168571332664 1.4416740775693 0.28493753637089997 1.7375844756037302
0.6785900394555 0.0852192362093 0.0 0.5891089108913999 0.0 0.1320814412268 0.07337340876939999 0.5717542618931001 0.48723293381989996 0.60584940073 0.1927994491178 0.3107180078911 0.3654898384577 0.0907280577681 0.8170550137712999
0.77156312718624 0.34269579328237 0.15417539751004 1.17410863145561 0.0882352941176 0.33747448184594003 0.33421397031627004 0.9282132603097 1.14884942120134 1.71482614365524 0.30788520980467 0.79316775584364 1.45914996297194 0.20049280392944 1.24494874656697
0.41207136132816 0.12998342560634 0.0 0.88031536421816 0.051211913988200006 0.19054113398704 0.0763400854346 0.73733256578531 0.46414097120473 0.7880396497611599 0.36164631248713 0.36798501994173005 0.49347004954326 0.09260024803634 0.9543218986755501
0.0652173913044 0.15507246376779998 0.0 0.28695652173920005 0.0434782608696 0.2434782608693 0.0666666666667 0.21884057971030002 0.0434782608696 0.2840579710147 0.0217391304348 0.21884057971030002 0.0434782608696 0.22173913043449997 0.0869565217392
1.1729657160137 0.2315421473148 0.0508393263868 1.4997764023222 0.2291094286018 0.5190216777946 0.32368376636029994 1.5259552157489 1.0827413100303 1.5755836058977 0.48614019842860007 0.7659262018517999 0.8919148911763001 0.10663693653199999 1.5381631755382001
0.546249402771 0.0979455327282 0.0 1.251552795032 0.021978021978 0.1979455327281 0.0544672718586 0.7682274247495 0.6346392737694 1.3330625895850001 0.5373148590542 0.6002388915437 0.790205446728 0.0544672718586 1.1117056856196
0.2556390977442 0.3435354691082 0.0535714285714 0.7578048381828 0.0178571428571 0.5310150375951 0.1684782608696 0.7758662961752999 0.4840634194184 0.6889506374632001 0.0968045112781 0.1132723112128 0.2636482510625 0.141917293233 0.30757600523039996
0.0 0.0 0.0 0.0 0.0 0.0 0.0 0.0 0.0 0.0 0.0 0.0 0.0 0.0 0.0
1.1058777192884 0.37982689679689996 0.0208333333333 2.2944696798169 0.2116752514101 0.6539608754017998 0.6256330743090002 1.5247512176321998 1.0400074998578 1.5856112553139 1.0715437983653 0.7778353912463 1.0532168193582 0.1105102127451 1.5442469751249002
0.0 0.0 0.0 0.0 0.0 0.0 0.0 0.0 0.0 0.0 0.0 0.0 0.0 0.0 0.0
0.16591591591580002 0.1929429429428 0.054054054054 0.1936936936937 0.0277777777778 0.2477477477476 0.1088588588588 0.13588588588580003 0.0277777777778 0.2995495495494 0.0 0.135135135135 0.08258258258250001 0.1096096096095 0.21846846846829998
0.5281385281388 0.40504201680699997 0.1142857142856 1.0812324929964001 0.0 0.43376623376699996 0.4588235294122 0.7496816908584001 0.8103896103889999 1.3452508276046 0.030303030303 0.1497326203208 0.1497326203208 0.1176470588236 0.6259740259744
0.44084350677575995 0.31210007506647003 0.08378787878787 0.6952169017421099 0.0604134565999 0.27534965034947 0.22060606060604998 0.64828552803171 0.5113835881631201 1.53128363162312 0.27844375963019996 0.37085911263880006 0.5934204496072499 0.33825727944367 0.6397491209352699
0.5094178096045 0.1497663551401 0.087987012987 1.132409576405 0.038961038961 0.4790046324391 0.35025336812709995 0.6825752518506001 1.0396401262285 1.2919572561395 0.33897186147189995 0.230305255492 0.6314147145687 0.2248301776105 0.8125055629724001
0.7552324926243001 0.126592819015 0.0690721223158 1.0107971080954 0.24769795242030002 0.3972965417981001 0.22333913675119998 1.0341715182239 1.1243419244428001 1.7660587265303 0.38401431250250007 0.6729227811856 0.8038764503317999 0.2583890624818 1.1261970512780002
0.8077838827843 0.0153846153846 0.0428113553113 0.4897435897433 0.026373626373600002 0.15595238095230002 0.10874542124539999 0.3173534798533 0.5160256410263 0.6642399267399 0.2777014652013 0.33933150183140004 0.4414835164837 0.051602564102500005 0.7454670329681
0.3971793558301 0.1303221483633 0.0 0.246440267507 0.0103092783505 0.2888883793187 0.1218167485536 0.39897717721549997 0.2151340044662 0.5875802645192 0.23621636620269998 0.4311698039851 0.3215031321261 0.1292869516759 0.4851761218863
0.47371663494829996 0.2818025751436 0.0 1.7068960469273 0.136363636364 0.5513080160266 0.1575476992142 0.7972876356433 0.872484044174 1.6188696897355 0.37876835992749996 0.5658737129756 0.8114958934673 0.1269640852974 1.5206219701605
0.1299019607844 0.21323529411769998 0.0 0.546568627451 0.0 0.21813725490200003 0.1176470588235 0.6593137254903 0.20098039215680003 0.7254901960787001 0.0710784313726 0.2794117647059 0.3627450980396 0.2377450980392 0.2377450980393
0.72575479685596 0.0128205128205 0.0310880829015 0.62986834964744 0.039956157831799996 0.18827587915128 0.08105171664488 0.33620350917498 0.43736981893425997 0.93880532906464 0.24632340523258 0.3899036913435 0.26740119749678 0.062176165803099995 0.6130013870969001
0.1794871794871 0.0384615384615 0.0 0.2307692307694 0.025641025641 0.11538461538460001 0.0384615384615 0.205128205128 0.25641025641070003 0.2948717948717 0.0897435897436 0.07692307692300002 0.20512820512820001 0.0 0.24358974359000002
0.0392156862745 0.1553544494721 0.1361236802413 0.39064856711959994 0.0392156862745 0.31221719457060004 0.1353695324284 0.4091251885364 0.3107088989438 0.2330316742081 0.0976621417798 0.0384615384616 0.0192307692308 0.15535444947209998 0.5282805429858
0.0192307692308 0.0384615384615 0.0384615384615 0.153846153846 0.0192307692308 0.0384615384616 0.0384615384616 0.09615384615389999 0.096153846154 0.09615384615389999 0.0192307692308 0.1153846153846 0.0384615384616 0.0 0.19230769230769998
0.39180520163412 0.37048092869009996 0.0 0.86503660558908 0.031852930469560004 0.43572786474139996 0.152570480929 0.46495166444216 0.53007725599656 0.53065970958222 0.031852930469560004 0.34569024794701997 0.50107996602342 0.08063341827446 0.26758079521079997
0.0 0.0 0.0 0.0 0.0 0.0 0.0 0.0 0.0 0.0 0.0 0.0 0.0 0.0 0.0
0.584402561314 0.17903225806439999 0.0 1.0841730095444 0.0860215053763 0.2169868309777 0.2534372357132 0.65988280778 1.0713845596224 1.0981515041685999 0.1534372357133 0.4750513471065 0.4704240666906 0.0724719101123 0.5951431678135
0.0 0.0 0.0 0.0 0.0 0.0 0.0 0.0 0.0 0.0 0.0 0.0 0.0 0.0 0.0
0.9538851481391 0.36041477902019997 0.110037249572 1.0685386205223002 0.11287094118820001 0.4630021141663 0.1783449109028 0.8644151106535 0.698479814758 1.1767015474265 0.6538247434276 0.7421518290192 1.0524958397749 0.0900178253119 1.4748195261214
0.4405250056219 0.1604060232834 0.0388349514563 0.7497362742273 0.0086956521739 0.3541428813771 0.220110224355 0.49990965863609993 0.48079516180619997 0.6836671492752 0.1424568906003 0.1979406903023 0.3043146877696 0.0895570906135 0.6289076585019
0.47187729480747 0.3280645819951 0.12360808687720001 1.2406497009059798 0.0479915433403 0.44595740434208003 0.18832841382027998 1.1914761036643902 0.96315177360518 1.5966442620722996 0.40787151695379004 0.35083992283029003 0.5904950022323799 0.16244299386900002 0.8906013986829799
0.2456140350878 0.0 0.0 0.0877192982457 0.0 0.0350877192982 0.0175438596491 0.0175438596491 0.1052631578946 0.1929824561403 0.0175438596491 0.105263157895 0.0350877192982 0.0 0.14035087719300002
0.3358372577473 0.0761067606044 0.1078729812867 0.6115607763929 0.0335535691152 0.07325268817189999 0.1186256694589 0.7175877497644 0.3002431827515 0.7007686718046 0.23161175932260003 0.5433628818635 0.40229233681459997 0.055346385542200005 0.6919773293585999
0.5195054945054 0.12802197802190002 0.0178571428571 0.5343406593407 0.16071428571409999 0.11758241758239998 0.1101648351647 0.39972527472569996 0.4010989010991 0.38626373626410004 0.19725274725319997 0.5560439560442 0.6087912087908 0.0535714285714 0.8090659340674001
0.3468061051444 0.1328434143583 0.0172413793103 0.5830977953647 0.0664217071791 0.34934991520680003 0.1156020350479 0.5607687959309001 0.2362916902204 0.629734313172 0.1475409836065 0.2976257772756 0.1845675522892 0.1328434143582 0.1992651215374
0.4337742936468 0.025641025641 0.0 0.1660950514453 0.0 0.0640209047852 0.038379879144200005 0.5997060264579 0.2680875387882 0.40862322391 0.1658500734936 0.3319451249389 0.2168871468234 0.05103707333 0.22995263759579998
0.42968444895706 0.0428571428571 0.10640301318260001 0.59785119807066 0.00806451612903 0.1583478698568 0.20698924731173002 0.29523983094222 0.3326976316316 0.4133410572176299 0.10094899632893001 0.30100367101479 0.34944370677016 0.08056922422693 0.5765584455029599
0.1475409836067 0.1967213114755 0.0 0.5901639344274 0.0491803278689 0.2950819672132 0.1475409836067 0.2950819672132 0.1967213114755 0.3934426229514 0.0983606557378 0.0 0.2459016393443 0.0983606557378 0.2459016393448
0.0 0.0 0.0 0.0 0.0 0.0 0.0 0.0 0.0 0.0 0.0 0.0 0.0 0.0 0.0
0.37893384769930005 0.10334346504559999 0.0161290322581 0.7353281786840999 0.0331813576495 0.1293698612941 0.23524849593379998 0.702796936828 0.4524606351315 0.7942254446257999 0.1481406442474 0.19477529898430002 0.24252471683689997 0.091465818414 0.7420762663699001
0.0 0.0 0.0 0.0 0.0 0.0 0.0 0.0 0.0 0.0 0.0 0.0 0.0 0.0 0.0
0.06299212598435999 0.0 0.0 0.14173228346469 0.00787401574803 0.08661417322833 0.00787401574803 0.07874015748032 0.0866141732286 0.13385826771665 0.04724409448823 0.08661417322829 0.07086614173243 0.02362204724413 0.16535433070883002
0.0 0.0 0.0 0.0 0.0 0.0 0.0 0.0 0.0 0.0 0.0 0.0 0.0 0.0 0.0
0.4282659062555 0.0220994475138 0.0322580645161 0.8786312600248 0.0662983425414 0.418107289253 0.1648547495989 0.3535911602211 0.3858492247372 0.808768490466 0.1427553020851 0.3721261807162 0.35359116022090004 0.0441988950276 0.5286045268221
0.11249999999999999 0.0 0.0125 0.05 0.0625 0.05 0.0 0.0 0.0 0.2500000000003 0.05 0.0125 0.1125 0.025 0.2625000000002
0.6914547604960001 0.0526315789474 0.067415730337 0.5813128326429999 0.0 0.23107628622140003 0.09949733885260001 0.30011827321140006 0.4095209934945 0.6528681253696 0.3617681845058 0.3412182140742 0.5887049083378 0.0994973388527 0.5229154346535
0.4545454545457 0.0 0.0454545454545 0.090909090909 0.0909090909091 0.181818181818 0.0 0.090909090909 0.1363636363636 0.2727272727271 0.136363636364 0.0454545454545 0.0454545454545 0.0454545454545 0.36363636363609997
0.1365546218488 0.0294117647058 0.0 0.3655462184881 0.0 0.0651260504201 0.0588235294116 0.3319327731092 0.1533613445377 0.25420168067209997 0.1428571428573 0.26050420168120003 0.0714285714286 0.0651260504201 0.0651260504201
0.4269415480182 0.0942389758179 0.0183486238532 0.5087338666524 0.0550458715595 0.159946885563 0.0263157894737 0.3663428034508 0.3226702076288 0.6492587469176 0.1076774505068 0.256251060331 0.45689508919810007 0.027027027027 0.5243060540014999
0.2172248803827 0.281818181818 0.0263157894737 0.2315789473684 0.0 0.178947368421 0.1789473684211 0.49521531100550004 0.1263157894737 0.1052631578948 0.0526315789474 0.0 0.5215311004787 0.3789473684211 0.2052631578948
0.37464387464369997 0.00961538461538 0.037037037037 0.47471509971473996 0.00961538461538 0.06588319088318 0.037037037037 0.13319088319076 0.27314814814798005 0.70263532763476 0.10292022792014001 0.33618233618217996 0.17841880341868 0.03846153846148 0.22649572649576
