0.49253668409560003 0.0165289256198 0.0227272727273 1.0554259276792 0.0165289256198 0.483811690368 0.2165289256198 0.6476439356227001 0.42758105056199996 1.0639372136683 0.5433832876029 0.51541205073 0.44491626523600003 0.20332827345769997 1.8497095713928002
0.319148936169 0.212765957447 0.0 0.6382978723401 0.0 0.957446808511 0.21276595744639998 0.797872340425 0.5319148936167 0.9574468085114001 0.0 0.0 0.0 0.265957446808 0.1063829787234
0.0 0.0 0.0 0.0 0.0 0.0 0.0 0.0 0.0 0.0 0.0 0.0 0.0 0.0 0.0
0.40866766238 0.3127934941887 0.0441558441558 1.1193991830494001 0.0 0.5292313906518 0.566182310369 0.7435327194485001 0.5507955049212 0.9035802280140001 0.18114214552539998 0.20662548665070002 0.4056929371992 0.087016710591 0.9411843828538
0.0 0.0 0.0 0.0 0.0 0.0 0.0 0.0 0.0 0.0 0.0 0.0 0.0 0.0 0.0
0.0235294117647 0.047058823529300006 0.0235294117647 0.1529411764704 0.0235294117647 0.0823529411763 0.0117647058823 0.047058823529300006 0.1058823529411 0.0823529411764 0.15294117647060002 0.0117647058823 0.1529411764706 0.0117647058823 0.070588235294
0.0289855072464 0.0579710144927 0.0 0.6086956521742 0.0 0.6449275362324001 0.5289855072464 0.1739130434782 0.37681159420309995 0.2608695652173 0.0 0.0289855072464 0.0289855072464 0.0579710144928 0.2028985507245
0.9987129590420001 1.7065880291734998 0.2653890824617 1.5261809074216 0.0 0.48010125556489996 0.2567877361642 1.8735509022092 0.6884442467816 2.5002927079552 0.8434904197151 0.5249808853646 1.1004497160934 0.5256611391833 1.7093700128645999
0.18599791013560002 0.0229885057471 0.045977011494099995 0.2257053291537 0.0 0.11494252873549998 0.195402298851 0.24033437826509998 0.0417972831765 0.36886102403300003 0.0835945663531 0.0229885057471 0.1442006269592 0.0114942528735 0.29571577847400005
1.0565390540458 0.22898235601109998 0.041078575942699994 1.2629229767905998 0.02 0.40259316971399994 0.20088055614060002 1.4042522451658002 0.7411136785976 2.7978923848641997 0.6044452995956999 0.6323436970798999 1.0823397727709998 0.18900330584629998 1.335612927435
0.5304363769705 0.0555555555555 0.066740007334 0.415474880822 0.037037037037 0.1408140814081 0.0 0.7236890355694999 0.1222955628895 0.7229556288961999 0.28547854785469995 0.1967363403005 0.5863586358639999 0.029702970297 1.0867253392
0.293316028553 0.0 0.0 0.3069435431539 0.0 0.0665152498377 0.0869565217391 0.31375730045460004 0.0801427644386 0.4889682024663 0.19013627514610001 0.4195327709285 0.22680077871549997 0.036664503569100004 0.4902660610003
0.8853439680966999 0.0842472582252 0.0 0.817048853439 0.117647058823 0.2527417746753 0.0254237288135 0.692921236292 1.1191425722845 1.2238285144568 0.0842472582252 0.1859421734794 0.7676969092704 0.1350947158523 0.6086739780648
0.0 0.0 0.0 0.0 0.0 0.0 0.0 0.0 0.0 0.0 0.0 0.0 0.0 0.0 0.0
0.680796887089 0.0 0.0298507462686 0.7622398520297999 0.0 0.20141129785450002 0.35506323568040005 1.2368068409608999 0.5476412367688 1.1112002111132 0.372839869283 0.567590244744 0.8942822976091 0.149579028808 1.0906982517880999
0.25373878364988 0.0 0.0 0.28713858424784 0.00847457627118 0.08424725822538001 0.0 0.13509471585238 0.06729810568298 0.53090727816614 0.0508474576272 0.0932203389831 0.1350947158525 0.06729810568298 0.28664007976125994
0.12499999999980001 0.1885964912282 0.0 0.7653508771948001 0.0 0.56359649123 0.0 0.1885964912282 0.30263157894690007 0.3026315789469 0.0 0.2192982456143 0.0416666666666 0.0 0.3026315789471
0.0 0.0 0.0 0.0 0.0 0.0 0.0 0.0 0.0 0.0 0.0 0.0 0.0 0.0 0.0
0.3716490728521 0.2794593710579 0.1989004612773 1.6501031097613001 0.0 0.8101688289281002 0.3002443046002 1.8117487997595 1.0884414016203001 1.1974963539124 0.19607264393340001 0.5223427814204 0.47651746649050003 0.1438728383914 0.9529825659922
0.0 0.0 0.0 0.0 0.0 0.0 0.0 0.0 0.0 0.0 0.0 0.0 0.0 0.0 0.0
0.2809818616272 0.10499387112280001 0.0 0.600432124626 0.0681818181818 0.6132329438784 0.1621437105307 0.7004763456384 0.2271098077548 0.8207691352852 0.19351347577150002 0.34908609908620003 0.3288258933418 0.1769034430323 0.3733494701237
0.118226600985 0.0963615936391 0.0197044334975 0.5193155302047 0.0 0.1511537464348 0.1160660271367 1.5830956702121999 0.4645233774092 0.5760089879865 0.039408866995 0.1160660271366 0.3131103621116 0.0547921527957 0.8321666234543998
0.30539070087564 0.1315723270439 0.1195489047928 0.3934587423268 0.0266666666667 0.19911911968515997 0.0505747126436 1.04376283556358 0.4406072435482 0.74916353144216 0.09014492753615999 0.36913279209356004 0.54771991362756 0.04277597050526 1.4903616116478
0.1639318885449 0.0883900928792 0.0210526315789 0.3407120743034 0.0147058823529 0.1410216718266 0.0357585139319 0.1871517027863 0.0862229102167 0.3724458204335 0.0820433436531 0.0357585139319 0.1681114551085 0.039938080495299996 0.2227554179568
0.8269458010736801 0.1954972655102 0.0862648530331 1.3949305380182802 0.0 0.5121688174224801 0.23925680591159001 2.5734315551114904 0.66011577141929 2.6876373700288 0.7565410584593799 0.84988393829839 1.23690225256477 0.26453513675659 1.71588883639697
0.44354917143607997 0.0350877192982 0.05001309243252001 0.66454569258996 0.0 0.32926719784515995 0.0 0.7804922754646999 0.36814050050535996 1.15320764597976 0.24828489133276 0.45468896120866 0.46515916657281997 0.09969326300816 1.907870422327
0.2447665056359 0.0434782608695 0.0108695652174 0.7834138486319 0.0 0.1163446054749 0.3345410628018 0.6682769726245 0.4774557165867 0.5531400966183 0.1332528180354 0.4392109500809 0.33373590982300005 0.23832528180350004 0.6231884057968
0.5967178756225 0.0 0.0 1.2446854718668 0.0470588235294 0.5257918552030001 0.141176470588 0.6671226695567001 0.2462474645028 0.6134519446899 0.2649749296806 0.1700990583343 0.47701247823 0.0235294117647 0.9821315464328
0.25 0.22796352583579998 0.19642857142839998 0.3487841945285 0.25 0.16071428571430002 0.0714285714286 0.7222644376911 0.3240881458966 0.6812310030394 0.14551671732510002 0.2032674772034 0.376139817629 0.4779635258362 0.564209726443
1.0082719776822002 0.0645161290323 0.0 0.6493193495414 0.063492063492 0.2347935095431 0.103448275862 1.8339248194636002 0.3868495859594 0.9736567967934 0.4600879283859 0.5750834260287 0.6705422250472 0.1474742659392 0.8285396472265999
1.1880561735266 0.23023402909489998 0.05 1.2345929027903 0.0675287356321 0.3098039215679 0.0588235294117 1.4299619402818 1.6309047089359 2.0063670963368 0.8497868001479 0.8157108115769 0.9198785687791999 0.1800287356321 2.0283220462814002
0.197802197802 0.263736263736 0.0439560439561 0.1978021978022 0.0 0.09890109890109999 0.12087912087910001 0.1318681318685 0.5164835164831 0.2527472527471 0.032967032967 0.0 0.021978021978 0.09890109890109999 0.021978021978
0.41216216216199997 0.233108108108 0.233108108108 0.054054054054 0.0 0.162162162162 0.41216216216199997 0.44932432432399994 0.16216216216200002 0.486486486487 0.0 0.054054054054 0.054054054054 0.108108108108 0.179054054054
0.5965331518673 0.6359557947486 0.1020408163266 1.7055394191577002 0.0648148148148 0.8925599429972 0.48773685557170005 2.40138428253 1.2744127782947 1.8407405806035 0.2352607709754 0.3985012554931 0.8354119425548001 0.2869829193446 1.2421246747312
0.0 0.0 0.0 0.0 0.0 0.0 0.0 0.0 0.0 0.0 0.0 0.0 0.0 0.0 0.0
0.2749927064087 0.7231109598373 0.010989010989 1.0750267431687002 0.0176991150442 0.6040795487704 0.2893610813966 0.5762423417293 0.37109792862 0.6030827579503 0.3592093746962 0.2936399883306 0.3137216765534 0.247252747253 0.2404940192551
0.1944444444448 0.16666666666660002 0.0 0.3194444444443 0.0 0.0555555555556 0.611111111111 0.8472222222226 0.3194444444443 0.6527777777775999 0.0 0.3055555555555 0.4166666666666 0.0555555555555 0.0555555555555
0.6982111949324401 0.4246214614874 0.2010697154027 1.12715323995077 0.0510204081632 0.30609772801057 0.1477946017115 1.7218397001547698 0.42243405192996997 1.71594092311937 0.38036860337617 0.5076763229693 0.93273174838604 0.2484017867341 1.1146385136738999
0.1387329591018 0.0459770114942 0.0689655172413 0.1844426623896 0.0459770114942 0.2071638599303 0.0232558139535 0.27773322641 0.2763966853783 0.6690724405249 0.2777332264107 0.2074311681371 0.20769847634330002 0.0689655172413 0.3004544239507
0.86436162744207 0.4705414904663 0.040718970951490005 1.5668632454119902 0.0349213516971 0.6987495971831001 0.1439098856903 2.17998062655779 1.31350971047289 1.6860940600318 0.3869641914903 0.471947869145 0.6987074409031 0.3228903033216 1.1198396292360902
0.8126482213442 0.0454545454545 0.0715415019761 0.6699604743079 0.0 0.175494071146 0.0454545454545 1.9079051383413002 0.286561264822 1.1573122529627 0.7794466403169 0.34466403162070003 0.6628458498015 0.2079051383396 1.8328063241158998
0.42371805914405003 0.10925597801555 0.14667774086365 0.9046265534644 0.0 0.28394733604035 0.76886468971765 0.5325011279275 0.3378946720805 1.9124937451289497 0.0809171075837 0.67133833723015 0.6621627496823 0.1397674418606 1.02583446126175
0.8488688906065 0.1004184100417 0.0 0.9470228078955 0.0666666666667 0.3573413149604 0.11904978473109999 2.5902575647349 0.8529417561100001 1.4149058577417999 0.24025623825109998 0.3530420001817 0.951649953005 0.0938858695652 2.0636928855121
0.0 0.0 0.0 0.0 0.0 0.0 0.0 0.0 0.0 0.0 0.0 0.0 0.0 0.0 0.0
0.5900192176044 0.0906951286262 0.0238095238095 1.1982324913367999 0.048477048477 0.1930828723931 0.07961884858429999 2.2394154566571998 0.37904877560040007 1.2423989596398999 0.2733059526161 0.25799870627489996 1.0408953064109001 0.10678210678200001 1.2362196051858998
1.25740146415494 0.0708231822392 0.00847457627118 1.1616710265939798 0.028789074563399998 0.205772985117 0.0683498971497 1.2996962512493 0.54511672120098 0.98368116932908 0.81347715436738 0.7509295088632999 0.66125001397728 0.1734535654111 1.9711134095129799
0.1575757575757 0.3909090909101 0.1333333333332 0.7030303030293 0.0 0.4575757575749 0.16666666666629998 0.4121212121211 0.4696969696967 1.0515151515149999 0.0 0.1333333333332 0.2666666666669 0.3121212121207 0.34545454545419996
0.1369863013699 0.0 0.411764705883 0.082191780822 0.0 0.191780821918 0.3368251410148 0.8299758259467 0.13698630137 0.42304593070040003 0.0588235294117 0.0547945205479 0.054794520548 0.027397260274 0.2546333601929
0.48648530549784996 0.20027538645795 0.11528929247551001 0.77336410480068 0.0 0.39135767133577 0.11765875349376001 1.64217611095942 1.3988435554433 0.8867113008227598 0.18610494100796998 0.34399967784987 0.47989355287686 0.16501071445673 0.81282963252247
0.0 0.0 0.0 0.0 0.0 0.0 0.0 0.0 0.0 0.0 0.0 0.0 0.0 0.0 0.0
0.45598911070720005 0.6431694439857 0.174764890282 1.9324781389205001 0.0657894736842 0.7483088599248 0.4669608975408 2.0678930869486 0.8823213991115 1.5380300280475998 0.3352994555349 0.8979128856615999 0.9411400758955 0.33542319749189997 1.5145190562608999
0.133686148182 0.09927101200680001 0.0640557670584 0.4257101619049 0.0 0.43471530770199995 0.1139605907207 0.956135213153 0.4523490775224 0.6027590678993 0.025514579759800003 0.10484562607190001 0.9566895368778 0.0612684600259 0.5690394511149
0.6914567417394 0.20225543840970003 0.10603555188078 0.8663500568016999 0.00847457627118 0.09115336916066 0.27028641366104 0.6654633755742799 0.6669655906486599 1.6470543238733197 0.15894997932998 0.2470028937581 0.47868742533808006 0.27028641366104 2.6295778498960596
0.8772384489873 0.5688690287331 0.2191181461042 1.2210455037965002 0.0 0.766151664212 0.8376861840057 0.8235037070318999 0.9432602663485 0.8188532161154001 0.28636079432920003 0.3017279678554 0.6266456445692 0.1655450093366 1.5439944185694001
1.74987616218119 0.30361217399929996 0.1686781609195 2.1732279990685104 0.0 1.12153951755517 0.51613236928507 6.82464851522154 2.08057889572524 4.005947520452651 0.79563076480124 1.1536457032756098 0.88269814466807 0.5973126728567 3.6264713999911398
0.7933234046641999 0.1195128491079 0.0458715596329 0.5045002047828 0.0305810397553 0.2631627265812 0.03471327116025 3.5836486255116 0.44900200297335 0.94718196999055 0.3130840018695 0.2906849091744 0.6547178672709999 0.07240288373275 1.8976126837924001
0.16188197767124 0.04372674109517 0.04851143009042 0.22328548644340002 0.00757575757575 0.04611908559272 0.07828282828262 0.48923444976066993 0.14633173843720998 0.30901116427458997 0.14393939393942 0.15377458798508997 0.35964912280687 0.03096757044115 0.7577086656032401
0.34024378780845 0.0671015144699 0.04164792322685 0.47422077645964 0.00925925925925 0.10515629231264 0.040378964377339996 1.4622999487511 0.24792759101484999 0.57749265369095 0.05853324470759 0.2563576628777 0.40537304480739 0.06779250396684999 1.84621483226629
0.18219461697710002 0.2971014492758 0.5072463768128 0.2950310559005 0.0 0.29917184265040003 0.22153209109719998 1.024844720497 0.3933747412016 0.5621118012423 0.2360248447208 0.067287784679 0.1345755693581 0.3146997929605 0.46480331262900004
1.15822056863942 0.16881373788495999 0.1419089759797 1.13147147143158 0.09457139083329999 0.5104686653423801 0.3999924748662 1.6384853545156401 1.06875304711806 1.5361158628033398 0.19174615454434002 0.49542448494394 1.26582880252794 0.16069383981284 2.03750516875622
1.03934040779386 0.24381613884627998 0.2127659574463 2.03574116826176 0.10151145307389998 0.32536454120536 0.38467504632716 1.56286465581808 1.5296992093132802 1.9152629323464798 0.7137614368773999 0.7173112508985 1.2554157740282998 0.18188229566209999 2.78058773210624
0.09655802619550001 0.1672250989948 0.0272108843538 0.374860391918 0.0149253731343 0.31119910650840005 0.1088435374149 0.4568991775817 0.2216468677026 0.5328459742107999 0.0421362574881 0.1413341455985 0.0855924459335 0.16722509899459997 0.251497613971
0.0 0.0833333333333 0.24999999999989997 0.0 0.0 0.2500000000003 0.2500000000003 0.0833333333333 0.0 0.0 0.0 0.0 0.0 0.0833333333333 0.0
1.5501892311564 0.4560916101382 0.2725958959737 1.7731610780115 0.0185185185185 0.9839382212811 0.27027153352850003 3.0283148787003 1.2087763367053 2.1335618247411996 0.709201293809 0.5824450938773 1.160878810564 0.1455896160338 2.7064660569537002
0.0 0.0 0.0 0.0 0.0 0.0 0.0 0.0 0.0 0.0 0.0 0.0 0.0 0.0 0.0
0.3942715932363 0.3098491900947 0.171228313671 0.534687293715 0.0396574194749 0.2965620080904 0.221415683553 0.8463069345481999 0.6182349655554 0.766396641898 0.0945498552833 0.4175054586079 0.5885309998134001 0.24197999356809996 0.45882364888860006
0.46228528752782 0.08867746858455999 0.38220037665986 0.66161070883526 0.0066889632107 0.46595447608519996 1.03312010910036 1.1658806052531 1.1491581972293599 1.12055151475724 0.04315355391756 0.22041107900126 0.6631368315096601 0.5594132545376 0.9777575737888
1.4035409710487001 0.37346066851039994 0.2447204968942 2.0114350339283 0.0443892339544 0.9680747735143 0.2510707404347 2.5759432257448 1.7980423413414002 3.4361466748066993 0.8808166684617 0.8903435895592999 1.1667411050877001 0.4139841309742 3.541290345744
1.00869956237079 0.5762572838984 0.046783625731 1.7330921768803598 0.1330964542155 0.8755030998042899 0.58554788002707 1.0950255306382801 0.65538484096679 1.9278771705699898 0.5817434590307801 0.33544345229199 1.02401425583578 0.29260470118539 2.12892650655058
2.37306943556408 0.15001003501157 0.046715237819220004 2.2696850107717297 0.12483170937729998 0.59511237044893 0.46768004624132004 7.038852082089309 1.64648160639257 2.95572447323983 0.7645345313245899 1.257365132893 1.9168069317223 0.41331765992472 3.97981373717452
1.8284833344111 0.1924326339334 0.094243606045 1.8839760863266999 0.0553521218857 0.4729858282056 0.1303548987932 4.2463179203817 1.1160898027656 2.0940345884193 0.5826776785449 0.4623026575211 2.0447933052687 0.0932954598343 3.7026600776605996
0.9955940592375001 0.03417895884745 0.1795665634673 0.4326110516521501 0.0225563909774 0.04944613441995 0.3042175488108 1.7433058398143 0.3485436762088 1.5394137566651 0.5088540840193 1.10384684207245 1.0650830038719499 0.224581435627 3.4482006543053996
1.10098756598461 0.13717932629381 0.00826446280991 1.4264387417311102 0.11575221300350001 0.33876944781491 0.39509747542040996 3.0575591404262 1.9812352448458201 2.5482971592792 0.5727744622098001 0.7349916813931 1.65575408252511 0.19445486307051998 3.73244413319691
0.2438192668371 0.1321398124468 0.0929241261723 0.32225063938610005 0.048593350383600006 0.07843137254890001 0.1466325660698 0.6930946291557 0.4015345268543 0.654731457801 0.1312872975275 0.1321398124467 0.2438192668372 0.2105711849957 0.46803069053720003
2.1552897667295 0.166869318511 0.16102780276189999 1.0674491252542 0.1524030451834 0.4795187603232 0.5305851509423999 5.6693280252085 1.4085350904148999 3.0667986679059003 0.9540717911039001 1.3178086444125001 2.4349532220784997 0.2200580960352 3.2153034931374003
0.93110769097946 0.11882752418756 0.0734712230215 1.6116708992150799 0.0367356115108 0.53076862466446 0.16238469297131997 0.74892125319692 1.32277443925126 1.6294491539269598 0.520382187897 0.5317132228883 0.8375725553861 0.08479974640976 1.8594211744939197
0.5657185951303 0.1174315880198 0.0917905623788 1.3476621417825 0.147058823529 0.6944624003452 0.24585218702880002 0.8191122602884999 0.6164619694032001 0.943762120232 0.3051066580477 0.08823529411770001 0.2936867054512 0.30510665804730003 0.41855203619930004
0.0 0.0 0.0 0.0 0.0 0.0 0.0 0.0 0.0 0.0 0.0 0.0 0.0 0.0 0.0
1.0643975748024699 0.42471721970097 0.1281135531134 2.33097585234347 0.050139275766 1.1193633134548002 0.52739219413984 2.43016140996857 2.1480246266648697 2.79531369749094 0.71227904072607 0.97026227536127 1.3222530109062 0.19247771039773998 2.7841292451669704
0.0 0.0 0.0 0.0 0.0 0.0 0.0 0.0 0.0 0.0 0.0 0.0 0.0 0.0 0.0
0.49591921567020003 0.5427422165307 0.1430130371801 1.283322066635 0.0263157894737 0.4750916381499 0.4418936451618 0.9568005374430001 0.9667087943227001 0.802240883421 0.14246005920260002 0.38490668234209996 0.47873575042470007 0.3883316188357 0.4715180652069
0.25180005179980003 0.0592592592592 0.1357679357678 0.7121471121477 0.0 0.42336182336149997 0.2221704221702 0.5653975653978 0.3604247604249 0.5850297850294001 0.0296296296296 0.1493395493394 0.46526806526860004 0.0654234654234 0.9749805749797
1.7660777890014 0.3363271511096 0.2445238819149 2.5129066369945003 0.0992307692306 0.9301508420652002 1.02599748078 1.9561384745399 1.474592786183 3.0744980612975006 0.5312842137816001 1.4280342722331998 1.4732994356864 0.4143775034708 2.7325607017087
0.9995372233402 0.0972166331321 0.0 0.67509725016772 0.281690140845 0.44458081824291995 0.08388329979879999 0.56304493628422 0.6131187122742601 1.2462038900072199 0.18751173708906 0.32410462776640003 1.52694835681146 0.30861167002006 1.6484507042260401
2.64335601649674 0.67733152843658 0.28168245404084 3.4453374908757195 0.1423608837541 1.07308508609015 0.45662989530660003 4.8791895032514 2.0323937644653 4.0971055022780085 0.92628810568685 1.7320156900819699 2.6621185636178497 0.52323103542718 3.42787448020152
1.1794215773473 0.11796250642610001 0.12051306595200001 1.055357633009 0.0264900662251 0.24883660634520002 0.2262726965565 1.4205358235235 0.7951856643788999 1.344218087262 0.4054242258463 0.33828970831599997 0.7554274271198 0.23008918558920002 1.7359757261015998
1.1634459221902 0.21306881395479998 0.137481997443 1.6165510189636 0.0408848184364 0.279029439408 0.2144242411358 1.2312644166148001 1.0679450761549 1.8110888705851997 0.4346155500893 0.9178514148229999 1.6464316514492001 0.2411876451139 1.9847291236337
1.3166366422479001 0.27836461587280004 0.0620324213997 1.4927777608238002 0.08718655883179999 0.34524465056259995 0.3227872938479 2.1543613639626997 1.3495114301679 2.1774381003850003 0.46707731712729994 0.7311201876045 1.0604730635017 0.28641123437559995 2.8685773592884
0.5766666666667 0.1485714285714 0.0266666666667 0.3652380952383 0.0119047619048 0.14238095238110002 0.6633333333333 0.5847619047618999 0.788095238096 0.534285714286 0.1604761904761 0.1719047619045 0.3119047619052 0.25238095238089997 0.2614285714287
2.83507322285054 0.36032292126518 0.19003207006484002 2.33671265486174 0.13362893179000002 0.92858663780874 0.7920206902501999 4.48977918811658 2.6425336995125996 4.023209624938141 0.7373285306097399 1.3311545552532 2.8661046499502403 0.6212545309317801 3.7122580917893
1.3642363198603098 0.0576421549641 0.0697380681787 1.61941067584591 0.071945259042 0.32698821740141004 0.19116524315422 0.83073332063471 1.6374431162234 1.3035239320308398 0.67027398063031 0.40579626023341 0.9019244927203001 0.13912629001972 1.41005266905871
0.10000000000023002 0.09166666666670001 0.05 0.31666666666652 0.0 0.19166666666656 0.07499999999999 0.24166666666652997 0.24166666666659 0.26666666666669 0.02500000000003 0.04999999999996001 0.058333333333330004 0.10000000000010001 0.19166666666689
0.4374482187244 0.0281690140844 0.1458160729075 0.1574150787075 0.0 0.3204225352115 0.5214029273681 0.3314001656994 0.2266639049984 0.0845070422534 0.0563380281689 0.0 0.0869925434961 0.2370892018778 0.36633526650110004
1.09750873802458 0.14374938813258997 0.08701242118569 1.20683086755577 0.03369256948379 0.46588683949109005 0.33874735916219 1.59286706618358 1.1698573443120899 1.70962524203757 0.43245149714139 0.51513843707197 0.88188147972228 0.15872550756008 1.1660252429333902
0.0 0.0 0.0 0.0 0.0 0.0 0.0 0.0 0.0 0.0 0.0 0.0 0.0 0.0 0.0
0.3744218709192 0.6525440827675 0.22510841373579998 1.4957024802264 0.0 0.8308431622978001 0.3931524947147 1.1831464130990998 0.6540218795057 1.3258731947437 0.34504766913240004 0.3171629264731 0.8560676275619001 0.3067516304094 1.0401561544154
0.4628332194114 0.1694292549554 0.0451127819548 1.2197539302808 0.0 0.451469583048 0.1580656185917 0.4290840738194 0.7793062200956999 0.7679425837315002 0.2148838004098 0.1804511278193 0.553058783322 0.0564764183184 1.5121326042374998
0.7785753941807 0.395480790584 0.05643459915600001 2.3147679324903 0.0 0.4984177215192 0.6763602043084002 1.1690706195856002 0.9269764601362 1.7444203864056997 0.2846768820785 0.9404230512990999 1.1930768376634 0.8759049522539001 1.1454141683332
1.8328220452117 0.3599077913234 0.0769230769232 1.7418466489259 0.0192307692308 0.5694615119398999 0.7590086904244001 1.0822164561107999 0.8804094135948 2.5358734186169003 0.5467475002883 0.5372393093635 1.5603533634513003 0.4208601133378 2.0770998912586998
2.25451420589203 0.28638811800002995 0.1548425572865 3.63701666358527 0.200510433594 0.89976426935356 0.7359661145880401 3.8230380445237 1.91020036190417 4.83709575923437 1.83870765614384 1.8087591116905404 3.03860026658036 0.47546703402051 3.09912940360712
0.86455499265082 0.1576691282573 0.01451545530491 1.27562835341442 0.0374331550802 0.46800323000099997 0.22549075451581002 0.9285127926761301 1.01495382842151 1.37473865144401 0.27494147579260003 0.54580189332661 1.02356492836342 0.15448827058722 1.63970309016672
1.2954243848931002 0.15446234473659998 0.1967751567637 1.3046755953478002 0.0750670075497 0.7158180667449 0.30850668231 1.6005914270077 0.9102624676127999 2.2795341351487 0.494504381087 0.6900530593088999 1.6652618965257 0.29516185172270004 3.0139015432463006
0.66312466212937 0.13632063471857 0.0375234521575 1.17282782100254 0.0990853658536 0.4696474802153 0.45735750792531 1.8039913454547698 1.2439726858443398 1.4646349927286 0.5238382238366001 0.6067709161435699 1.6722879998965001 0.16622710433427 2.4823898077552
0.108108108108 0.18918918919 0.135135135135 0.243243243243 0.0 0.135135135135 0.16216216216200002 0.432432432432 0.108108108108 0.16216216216200002 0.081081081081 0.0 0.054054054054 0.108108108108 0.08108108108100001
1.23490068537522 0.32455162192773 0.02689691511779 1.86602245008264 0.1024360434952 0.6883729908426299 0.5647415415451901 1.66523773166166 1.1828241383443299 1.8173205993556598 0.25672292814587 0.9051296055168899 0.7886896169669599 0.36680011076526 2.20935302085709
0.2803030303026 0.0625 0.0757575757575 0.48800505050480003 0.0 0.060606060606 0.060606060606 0.626262626264 0.060606060606 0.8080808080804001 0.1919191919189 0.2499999999998 0.4103535353532 0.020202020202 0.6047979797974
0.2660107334524 0.088908765653 0.0116279069767 0.4821109123435 0.054025044722700005 0.11216457960630001 0.1388193202146 0.4622540250446 0.2851520572449 0.4588550983898 0.0116279069767 0.0232558139535 0.1313059033989 0.0656529516994 0.4082289803221
0.528846153846 0.0 0.615384615385 0.25 0.0 0.653846153846 0.125 0.711538461538 0.403846153846 0.307692307692 0.0 0.0 0.0 0.25 0.153846153846
1.44890804559336 0.4947011275291 0.12894385093410002 2.8245343363973596 0.0390473887814 1.0376199663388601 0.66444121310032 1.3056153510015598 1.5235517928275 2.15000106983096 0.4859215035144 0.8184241180567 1.43133741059486 0.22403623107440002 1.42291659442612
0.0 0.0909090909091 0.0 0.0909090909091 0.272727272727 0.0 0.0 0.0 0.0909090909091 0.0909090909091 0.0 0.0909090909091 0.0 0.0909090909091 0.181818181818
0.3205439488053 0.31260116694935 0.03744588744585 0.82551289290325 0.050621118012349996 0.3379823075479 0.07204968944095 0.32910784867285003 0.6903538490502 0.67478825522295 0.05173160173155 0.1252023338979 0.46408808582710004 0.18327686805935 0.5246941464333
0.269565217391 0.5840579710144 0.0666666666666 0.8159420289865 0.0173913043478 0.4913043478253 0.5507246376811 0.6043478260874 0.4391304347832 0.9449275362325001 0.0347826086956 0.1028985507245 0.2956521739136 0.0999999999998 0.6826086956524
0.61013657275789 0.15775995715259 0.052897986497380006 1.05541197407738 0.0120481927711 0.44320815004159 0.37124578943447994 0.89708728437979 0.52274899950638 1.2872264577309702 0.20406413531220002 0.4484664689197 0.8157959869340901 0.14698403107358998 0.97491801340659
0.336379438153 0.1613359832313 0.08870235934649999 1.0302490989494 0.0344827586207 0.1422605505993 0.28085299455510004 0.5867948160830001 0.6917927711453 1.6420975946424 0.1253035454103 0.1193668362258 0.24937693310519998 0.0172413793103 0.49376294062049997
1.93193915462108 0.77333103149078 0.21372379914995998 3.79739940238828 0.43555370441566 1.4712627232920603 0.8684819997417199 2.8464521742773004 2.4256460540719003 4.5244579898322 1.10795500960212 1.975174509426 2.08085207832056 0.7796955292655802 2.7680748401051
1.25197695086336 0.03618509550702 0.04749072169812 0.8613354000550599 0.00564971751412 0.17589656480511998 0.06732889595802 0.60512594513742 0.65165647376084 1.00441598760728 0.34662969979642 0.37560265341932 0.4757599089556 0.14643732348136 0.9485086614372
0.63526432941042 0.10058585798389999 0.03097921938496 0.7756525044521599 0.028942818723200002 0.24927448656156 0.13229623567249998 0.3927459501235 0.4193091183671 0.80796003973844 0.2785613456309 0.5928269656781 0.7691025768177 0.02886613748702 0.7576324139684001
0.6425504817659 0.1361042674138 0.0275229357798 0.9847975770320999 0.0293864678899 0.33971436279640005 0.08890784196200001 0.7661743577249 0.6475088048885 0.7734571957445999 0.44758122608469997 0.6845388139999 0.9771253736696 0.09263490618220001 1.3619953870644
0.1115187087308 0.07703595011 0.0212765957447 0.3264856933238 0.0 0.063829787234 0.0425531914894 0.45121056493019995 0.31621423330910003 0.7168011738814001 0.1379310344827 0.0689655172414 0.1115187087307 0.3609684519441 0.1936903888481
0.9761198248665199 0.0650793650793 0.050381478558220005 1.2934215837315 0.18168057964014 0.61753462569994 0.27098164076422 1.02684648251672 1.0151775994869199 1.9366798982950202 0.45465396654014 0.8530586546005001 1.30785894269932 0.1252422824362 0.82528307509003
1.1071940549687 0.1449653834393 0.0 1.3281738730465003 0.0443316082413 0.5464075880567 0.043923444976 0.9149469266092001 1.0787241896534001 1.7888673674811002 0.44130391979530004 0.7971250032682 1.2955563381513 0.19169398907079999 1.2767863132371002
0.046875 0.28125 0.09375 0.421875000001 0.0234375 0.2343750000001 0.140625 0.5625 0.28125000000010003 0.28125 0.1171875 0.09375 0.1875 0.0703125 0.1640625
0.0 0.0 0.0 0.333333333333 0.0 0.333333333333 0.0 0.333333333333 0.0 0.0 0.0 0.0 0.0 0.0 0.0
0.81153857420802 0.37826678142229997 0.1354761217089 1.97798211968894 0.0169491525424 0.5789510258020999 0.47051878220112 1.1058494689720202 0.8721114242460399 2.2401934694621404 0.6049132627053 0.72321976441782 0.9487610097709 0.13611499691551998 0.99915404592716
0.0 0.0 0.0 0.0 0.0 0.0 0.0 0.0 0.0 0.0 0.0 0.0 0.0 0.0 0.0
0.34018133569188996 0.78025486510369 0.2320958646614 1.70390037594077 0.117647058823 0.8818304953556 0.6773662096406801 0.74297877045468 0.6350923264045 1.28274823087038 0.07006578947369 0.19527863777079 0.5276343432104 0.53014705882278 0.282778637771
0.1823956442831 0.15607985480949998 0.0952813067151 0.3239564428314 0.0 0.1315789473684 0.2513611615245 0.3221415607991 0.38475499092640003 0.6823956442831999 0.0 0.0871143375681 0.0952813067151 0.17422867513610002 0.1134301270417
0.8382702852455 0.24960128862549996 0.1117691261937 1.382403129378 0.10192178269640001 0.27030547236700003 0.2787706572943 1.0940235586015 0.8689603348074 1.0865286428616001 0.1781746435501 0.6819478445068 0.6163133938831 0.0983606557376 1.1426491842507
0.6379558332799999 0.1341394332235 0.0985818056036 1.3272838243628 0.0737124375664 0.3305588140435 0.37492167095310003 0.5514373275715001 0.6832611452841 1.7519187483404 0.2729877998854 0.249876344544 0.6610255131289999 0.1353885204289 0.7169507817865001
1.5170317568936 0.37269903836900004 0.08452534159260001 2.3876755061873 0.17352110693290002 0.9831882041078001 0.594631299689 2.532593147006 2.1834577969888 3.4758807982752 1.266134671837 1.3725136591068 1.592276764623 0.27180826005909997 2.1920626483299
0.7293419191538701 0.0673620933521 0.0 0.62482319660634 0.0 0.08602880964779999 0.04658769448367 0.57598358519937 0.52858631727817 0.5875223330607799 0.25154005062167 0.29051124097394 0.297350740713 0.09542730588843999 0.8189347130199701
0.28959156375399997 0.2790506630996 0.0577868852458 0.6447983741350999 0.0294117647059 0.1856085586004 0.1708052073288 0.5363621281413 0.572301977375 0.4877106210011001 0.12329040553280002 0.4061527255005001 0.444507522734 0.1792922615899 0.5933293412557
0.665110064534 0.2232988065663 0.0 1.4158188226898 0.0699035027733 0.3452272314579 0.198938955491 1.2302941793863003 0.8733970037298 1.4178458697301999 0.5699096843649 0.5881127985995 0.6865267051216 0.1151991180929 1.6004172574593
0.0204081632653 0.0204081632653 0.0 0.1020408163265 0.0 0.0408163265306 0.0408163265306 0.061224489795900006 0.2040816326535 0.2653061224489 0.0 0.061224489795900006 0.061224489795900006 0.1020408163265 0.0204081632653
0.6844385209189601 0.16573659020494003 0.06435283990030001 1.82141622636777 0.17463507847522 0.5069734064493101 0.34704965901383 1.02656245706113 0.66056850950611 1.6049359925106799 0.40252876884076005 0.36471691803363004 0.64698814865402 0.06936985578683 1.4597270282769501
0.328876315267 0.0884057971015 0.027397260274 0.47363510025809996 0.0 0.1932003176495 0.027536231884100003 0.4122096486004 0.3524816358945 0.7170041691487999 0.3201508834624 0.5149990073459 0.47294024220779995 0.082330752432 0.9888326384762
0.12781954887204 0.1282894736843 0.026785714285670004 0.27020676691708 0.00892857142857 0.26550751879727 0.06250000000004 0.34445488721807 0.15507518796984 0.25751879699224 0.04840225563907 0.0131578947368 0.0883458646614 0.0709586466165 0.13204887218027
0.333333333333 0.133333333333 0.333333333333 0.2666666666662 0.0 0.0666666666666 0.333333333333 0.8000000000002001 0.1333333333332 0.7333333333332 0.0666666666666 0.33333333333320003 0.266666666667 0.2 0.0
1.13557730753602 0.52063465386722 0.0416666666667 1.7508747250313599 0.09800047711689999 0.76008290154892 0.30293970194618003 1.2215627065494 0.9178974847464401 1.5899430284361202 0.71168516519116 0.52515475190756 1.01514264989482 0.1109847657861 1.29785301377622
0.0526315789474 0.0 0.0 0.1578947368424 0.263157894737 0.0 0.0 0.0 0.105263157895 0.1052631578948 0.0 0.0 0.105263157895 0.0 0.2105263157898
0.08196721311460001 0.3268651722983 0.12244897959180001 0.3435931749748 0.0 0.2776848444294 0.1552358648376 0.3676814988295 0.3435931749747 0.3676814988294 0.0163934426229 0.1388424222147 0.09836065573750001 0.22047507527590002 0.1391769822683
0.0714285714285 0.0571428571428 0.0285714285714 0.1428571428571 0.0 0.08571428571430001 0.09999999999999999 0.1428571428571 0.1571428571431 0.1714285714285 0.0 0.0 0.0 0.0 0.0428571428571
0.65379786566205 0.45316155909364997 0.04461279461275 0.8998173828680499 0.1208269132 0.67929292929245 0.17255892255889999 0.81243223192425 0.5099440735034501 1.51047195114995 0.21762826000090002 0.4114592250183 0.6317696741426 0.24035553272845 0.6418706842432499
0.2107165109034 0.12476635514010001 0.05 0.7640654205609 0.0 0.33858255451710007 0.24976635514009998 0.5301401869156 0.7477570093454 0.8547819314643 0.13166666666680002 0.12738317757 0.3091744548286 0.1344080996884 0.4267912772584
0.79486426800303 0.12582304545673 0.06066876097123 1.1373929356071601 0.043391229731299996 0.52552622065956 0.22235927915933001 0.75474736555599 0.8957767479583001 1.6139382932266302 0.43293262028383006 0.5908466168336 0.68299921294583 0.15076012308663 0.9679732805220902
0.4373626373624 0.0153846153846 0.043956043956 0.39999999999970004 0.0373626373626 0.1362637362637 0.09890109890109999 0.2571428571427 0.4615384615382 0.5252747252746001 0.18681318681300002 0.3010989010988 0.4483516483523 0.0307692307692 0.6197802197814002
1.0486809246327 0.15094070506430002 0.0 0.4754855386856 0.0309278350515 0.3518646231555 0.1859135661241 0.844293179008 0.42468129267769994 1.1655721963881003 0.4686233585827 0.9473060657504999 0.7199791518486001 0.17164463881159997 1.0140869242179
0.3561521007169 0.1275106133801 0.0 1.0016249451033 0.0454545454546 0.3394964134094 0.10395622895610002 0.5311008637096 0.4738618064704 0.8584687454247 0.2446493924752 0.4525179329526 0.5447189284142 0.0526094276094 0.8678780559218999
0.125 0.0 0.0 0.0 0.0 0.125 0.0 0.5 0.25 0.5 0.0 0.375 0.0 0.125 0.0
1.7443113266830998 0.065641025641 0.1065975820378 1.3253612419011 0.1006377042645 0.4878002580539 0.2251542807475 0.8496079199643001 1.0588478314228 2.3403816542955 0.5896872952281 0.8674511870259001 0.6779445746724001 0.1998618307423 1.3607142873234002
0.2564102564102 0.0384615384615 0.0 0.6512820512822 0.025641025641 0.11538461538460001 0.1717948717949 0.205128205128 0.40000000000050007 0.7538461538461001 0.1282051282051 0.269230769231 0.4923076923074 0.1820512820513 0.31025641025670003
0.0588235294117 0.117647058823 0.117647058823 0.4705882352937 0.0588235294117 0.3529411764707 0.0588235294117 0.4117647058814 0.2352941176467 0.1764705882347 0.1176470588234 0.0 0.0 0.117647058823 0.7058823529405001
0.0384615384615 0.0769230769231 0.0769230769231 0.3076923076924 0.0384615384615 0.076923076923 0.076923076923 0.1923076923076 0.1923076923075 0.192307692308 0.0384615384615 0.23076923076960001 0.076923076923 0.0 0.38461538461570005
0.64176577774822 0.6463429976554 0.0 1.9468543095434798 0.11340780851825999 0.8108329951033 0.2215359981703 0.71510935998416 0.7821404393437599 1.72321910823602 0.10101556713895998 0.58306146325462 1.0223951468487198 0.15988856966196 0.5324304587930999
0.0 0.0 0.0 0.0 0.0 0.0 0.0 0.0 0.0 0.0 0.0 0.0 0.0 0.0 0.0
0.09919052796889999 0.0322580645161 0.0 0.34154887036360004 0.0215053763441 0.0654826628005 0.055213241512700004 0.19741452216980002 0.3171438927146 0.32004349401980003 0.0552132415126 0.1299987918327 0.1206959043132 0.0112359550562 0.233055454875
0.45289855072499996 0.0579710144927 0.0289855072463 0.8347826086963 0.05 0.0289855072463 0.1449275362317 0.2449275362317 0.5637681159433 0.6398550724633 0.0289855072463 0.15000000000000002 0.3 0.08695652173889999 0.3869565217389
0.6304096051931001 0.2408134501161 0.1905983290544 0.6970493115648 0.0568811033927 0.4161170655171 0.1645313071261 0.705196403773 0.5882851321515 0.8417604012894001 0.3130977549576 0.49998464286940003 0.5463316082161 0.1658692185008 0.9430746662767001
0.14200163324572002 0.07585518555467 0.0194174757281 0.34443335450492 0.0 0.15098448416666999 0.10570728609038 0.23691135105708996 0.20996279829428 0.25487705289856 0.01905453225658 0.08592686689033 0.09563560475435 0.018691588785 0.24054078577241
1.6828391651949 0.05808080808070001 0.0410958904109 1.2311539010441 0.0938067111795 0.42339167557010005 0.1958558184582 3.1498548095379 0.689118422961 2.4415541578981004 0.4895681254648 0.6380653451651999 0.483063965503 0.198253532405 1.1842976711266
1.0037617554856 0.0344827586207 0.0 0.4338557993734 0.0526645768025 0.24702194357350002 0.0526645768025 0.1253918495297 0.2288401253919 0.5285266457685001 0.2106583072099 0.1924764890281 0.1398119122257 0.103448275862 0.6463949843265
0.423837981332 0.1480822012732 0.086596385542 0.9444525099646001 0.0550589454592 0.084005376344 0.15461338979320002 0.7909358740294999 0.334938026675 0.9985292821695 0.16801075268819998 0.6656008881736999 0.328624983806 0.0786021994957 0.7381112032523999
0.9334915084908999 0.0664835164835 0.0178571428571 1.4714035964027 0.16071428571409999 0.21268731268719998 0.09058441558430001 0.7563686313691002 0.7857142857141 0.8771728271723 0.29935064935050004 0.5266733266732 1.2325674325665998 0.1374875124874 1.4314435564429997
0.1500847936685 0.0672696438665 0.0172413793103 0.320802713397 0.0336348219332 0.18541548897680002 0.0500282645561 0.23289994347089998 0.1707179197286 0.301865460712 0.0491803278688 0.13369135104559998 0.11899378179739999 0.0672696438664 0.10090446579969999
1.1628240125058 0.025641025641 0.047619047619 1.2602925736672 0.0307692307692 0.5336786355888 0.1051072070179 1.5344299013084002 0.8769954037469 1.4486642868793997 0.4800097991193 0.7659433984268 0.7282984531391 0.21751942325169998 0.7822076013154999
0.42923707117250004 0.0888888888889 0.0 0.5691756272399 0.30184331797209996 0.49969278033739994 0.1250896057348 0.8877624167941 0.5086021505373 0.9059395801328001 0.3245775729645 0.157347670251 0.56420890937 0.105017921147 0.5326164874553
0.0975609756097 0.0975609756097 0.0487804878049 0.3414634146346 0.0 0.341463414635 0.0 0.4390243902447 0.0975609756097 0.1951219512195 0.0975609756097 0.0 0.1463414634146 0.0 0.0975609756098
0.0 0.0 0.0 0.0 0.0 0.0 0.0 0.0 0.0 0.0 0.0 0.0 0.0 0.0 0.0
0.5564349098957999 0.063829787234 0.0322580645161 0.7656416081055999 0.0425531914893 0.0566748258331 0.1982677461871 0.8122521121706 0.5673738619172 1.0385141003762999 0.1778657806984 0.37185148292440007 0.3373461045546 0.09991435912059998 0.8792220649778
0.125 0.0 0.0 0.0 0.437500000001 0.0 0.0 0.0 0.0 0.0624999999999 0.0 0.0 0.1249999999998 0.1874999999999 0.0624999999999
0.0266666666667 0.1066666666666 0.0 0.5066666666674 0.0 0.2666666666664 0.1333333333333 0.0533333333334 0.1066666666667 0.3733333333337 0.0533333333333 0.0 0.1333333333334 0.0266666666667 0.21333333333340002
0.0384615384614 0.0384615384614 0.0 0.19230769230789999 0.0 0.0384615384615 0.1538461538461 0.0961538461538 0.2500000000004 0.11538461538460001 0.0192307692307 0.0 0.0 0.0 0.057692307692200004
0.5801104972375 0.2608962553711 0.0 1.3100061387333 0.116022099447 0.618784530385 0.2320441988944 0.7298956414979001 0.9521178637194 1.6286065070572 0.4155923879673 0.6476365868624001 0.7298956414983 0.0773480662983 1.7010435850236
0.4096014492754 0.0672877846791 0.055978260869600005 0.31915113871620004 0.0625 0.12142857142850001 0.0869565217391 0.1583850931677 0.09109730848860001 0.44047619047630004 0.12142857142850001 0.0797877846791 0.23154761904750001 0.1119565217391 0.6424171842658999
0.8378528708127 0.1151315789474 0.0 0.7999076289206 0.0427272727273 0.7007648856991999 0.15113038277500002 0.4908087453481 1.3009436469966 1.7107768474212 0.3039739500263 0.5373843700155 0.8462559808614 0.1102339181286 1.0521079213194
0.3092399403874 0.0491803278688 0.0227272727273 0.16020864381510003 0.0454545454545 0.12369597615500001 0.0163934426229 0.1274217585694 0.2649031296573 0.3002980625931 0.1173621460505 0.1046944858421 0.0719076005961 0.0227272727273 0.2637853949329
0.0839572192512 0.0294117647058 0.0 0.2941176470595 0.0 0.10213903743300001 0.0588235294116 0.28128342245960003 0.3176470588234 0.38342245989280005 0.0727272727272 0.1721925133694 0.0181818181818 0.0294117647058 0.15668449197860002
0.341834862385 0.02 0.0183486238532 0.3218348623851 0.0550458715595 0.20678899082619998 0.0 0.34018348623890005 0.45688073394490003 0.5820183486247 0.0550458715595 0.13009174311920002 0.1150458715596 0.06 0.2968807339446
0.0263157894737 0.0 0.0263157894737 0.1315789473684 0.0 0.078947368421 0.07894736842109999 0.13157894736849998 0.0263157894737 0.1052631578948 0.0526315789474 0.0 0.1578947368427 0.07894736842109999 0.1052631578948
0.2450142450144 0.00961538461538 0.0185185185185 0.27101139601144003 0.00961538461538 0.047364672364680005 0.0185185185185 0.11467236467226 0.19907407407398003 0.46189458689466 0.06588319088314 0.20655270655268002 0.12286324786318001 0.03846153846148 0.17094017094026
