0.62683420475683 0.00826446280991 0.0227272727273 0.73938581479851 0.00826446280991 0.38504128117640996 0.20826446280991 0.43478362520161007 0.28869776090230004 1.0730709568650099 0.4988484156013 0.44729322388121007 0.29736536823951 0.17853488502801 1.78262380239492
0.2061952440549 0.1423654568209 0.0294117647059 0.5888610763449 0.0 0.6921151439296 0.127659574468 0.5375469336668001 0.4662077596989 0.7362327909893001 0.0 0.0 0.0147058823529 0.2183979974968 0.24030037546879998
0.166666666667 0.0 0.1 0.05 0.0 0.15000000000000002 0.15 0.333333333334 0.333333333334 0.15000000000000002 0.05 0.15000000000000002 0.1 0.05 0.21666666666700002
0.5121864436933 0.3952380952375 0.062337662337600006 1.090665955049 0.0 0.43416948348410006 0.5896103896108 0.9154658127262999 0.6278301607078001 1.3056632864850999 0.19749747968910003 0.1190179683329 0.5872620530155 0.0864259028642 1.0766293067668
0.0 0.0 0.0 0.0 0.0 0.0 0.0 0.0 0.0 0.0 0.0 0.0 0.0 0.0 0.0
0.2205466802104 0.0855203619908 0.2158371040728 0.4951703758425 0.0235294117647 0.1639855942375 0.18601902299380002 0.2825376304366 0.34371594791750004 0.6506417951793001 0.26832579185509997 0.050226244343800006 0.252627204728 0.1295041093359 0.6318127250896002
0.061004381530200005 0.05224132119990001 0.0 0.39737108190049997 0.0 0.16548702392989997 0.1307718233905 0.1916076845297 0.2930569598925 0.1885743174924 0.0232558139534 0.037748567576700004 0.09588810246040001 0.0289855072464 0.3340074148976
0.47320946197228 0.38133395357919997 0.1083042973287 0.53254324528748 0.0 0.18759586091328 0.08306121580277999 0.7199006671619199 0.13091460958898 0.9188702690488201 0.22784516594409998 0.30620180058304003 0.30380875668824003 0.1687174295079 0.4576932665943
0.5110609883524999 0.10555088309489999 0.1379310344826 0.7628513902698 0.0 0.49116904962150004 0.586206896552 0.8318678798072001 0.1379565206309 0.9875882457872001 0.27591304126189997 0.1421362489485 0.7755434921114001 0.1076534903278 1.1465708387491
1.4121775577115 0.7451315071626 0.041078575942699994 1.8798378877048 0.0 1.0912993809263 0.27516627042630004 1.8651374502065003 1.2384762765067 4.439559826907501 0.5755941511693 0.5740120726374001 1.0422570934773 0.6304716571228 2.1898002920968
0.8341400806741 0.111111111111 0.1204437110377 0.7136230289700001 0.074074074074 0.28525852585239997 0.0 0.9366519985323001 0.314888155482 1.2655482214888 0.5854785478544 0.29858819215230004 0.7641364136417 0.0463696369637 1.6496883021631001
0.387066028553 0.0625 0.0 0.4944435431539 0.0 0.0665152498377 0.14945652173909998 0.5325073004546 0.1113927644386 0.5827182024663 0.19013627514610001 0.45078277092850005 0.3205507787155 0.0679145035691 0.5840160610003
0.7620354258149 0.0463609172483 0.0434782608695 0.8209871420925 0.0588235294117 0.2107183625107 0.0885847633084 0.6666241441317 0.660867913857 0.8909313467471 0.1606466315343 0.27357781727280006 0.558698438845 0.1088306509044 0.6488346554539999
0.077922077922 0.1233766233766 0.060606060606 0.37878787878770004 0.0 0.09307359307350001 0.030303030303 0.030303030303 0.27705627705610003 0.3874458874461 0.1428571428571 0.0 0.0952380952381 0.1363636363636 0.16666666666660002
0.7881718628065001 0.0281690140845 0.0 0.6923383175083 0.0 0.4242452290658 0.4409042883284 1.1144187452803 0.861051565264 0.8414256805565999 0.4582919335350001 0.49676106976370005 0.6794511282702 0.0887816866154 1.0859894789197
0.23611111111100003 0.2083333333337 0.0 0.1472222222222 0.0 0.08611111111110001 0.125 0.17222222222209999 0.1555555555556 0.3444444444443 0.0444444444444 0.06666666666660001 0.17222222222209999 0.0416666666667 0.2
0.12499999999980001 0.2201754385962 0.0105263157895 0.3653508771931 0.0 0.5320175438613 0.0421052631578 0.28333333333340005 0.3447368421051 0.4710526315785 0.0210526315789 0.187719298246 0.073245614035 0.0631578947369 0.2605263157893
0.0 0.0 0.0 0.0 0.0 0.0 0.0 0.0 0.0 0.0 0.0 0.0 0.0 0.0 0.0
0.5467699991165 0.1714809254916 0.2604759207933 1.9108121810933 0.0 0.6947469807874 0.33377879631839996 2.2175991355240003 1.3117535202004 2.0676303959539 0.3978952025422 0.3058680872024 0.7799325584826 0.0950326411556 0.9062236553340001
0.0 0.0 0.0 0.0 0.0 0.0 0.0 0.0 0.0 0.0 0.0 0.0 0.0 0.0 0.0
0.2892364505265 0.2520873093457 0.0857142857142 0.9130936864818 0.0340909090909 0.833933420224 0.1909540877281 0.8314721717948 0.317855979146 0.7301746342064 0.1213343108503 0.2705747955746 0.34531412434669995 0.28010558736339997 0.5040582476068
0.1477832512313 0.11606602713650001 0.0246305418719 0.5833549390716 0.0 0.1757842883067 0.1406965690081 1.9525537982941 0.5236366779016 0.6893094805967 0.0492610837437 0.1406965690084 0.387001987727 0.0597182611701 1.0095065249322999
0.2990851915377 0.6727256391402 0.20180838029880002 0.7005848239814001 0.0533333333334 0.2392109777014 0.3220779220776 0.5860213999831 0.7923009066404001 0.8722927387078999 0.16259740259730002 0.1499371069181 1.2172327044026 0.2106297476106 0.5201617250672
0.18924834424109999 0.1390230042717 0.033710859427 0.5812184034173999 0.0147058823529 0.17899635537089997 0.149682564565 0.3137339812673 0.12419759376100001 0.4863698710664 0.0947015715012 0.0863914253243 0.1934279108047 0.0779127640396 0.33667946858970005
0.7164877682884 0.0869309262165 0.0384615384615 1.2935850714509 0.0 0.33653414204520005 0.2038697017265 2.050785112365 0.5702813085529 2.3957645527839 0.5339957667466 0.8478520111081 1.1433483266284998 0.17754317111450002 1.6045606025140002
0.41291287921279995 0.00877192982455 0.03862267609315 0.50979313956535 0.0 0.15251935809665 0.0 0.7522126211055 0.30019077544615 0.8625556428383999 0.24042943178829998 0.30386413795684997 0.34811281936165 0.08084016010164999 0.9891744286088999
0.15968379446640002 0.0217391304348 0.047233201581 0.4496047430833 0.0 0.163438735178 0.10869565217379999 0.2537549407115 0.2683794466402 0.47529644268770005 0.2505928853755 0.3045454545457 0.1379446640315 0.0652173913043 0.2938735177867
0.4913037330318 0.0234375 0.0468749999999 1.1235152714937 0.0470588235294 0.8304793552030001 0.141176470588 1.0133554864255 0.3523897058819 0.8598769796392001 0.2713093891401 0.1323034502261 0.6614253393667 0.1641544117647 0.8413390837109
0.1 0.34255319148929997 0.0 0.0851063829788 0.0 0.2 0.2 0.1914893617024 0.063829787234 0.063829787234 0.063829787234 0.0212765957447 0.1702127659573 0.24255319148930002 0.2553191489363
0.6366999487975 0.129032258065 0.0 0.3887864823347 0.031746031746 0.1390040962621 0.0 2.5237199180744 0.6869175627247001 1.3060163850495001 0.5919738863292 0.3225806451615 0.5713389656943999 0.09626216077819999 0.5759216589864999
0.2166666666668 0.1764705882347 0.0 0.30882352941159996 0.0166666666667 0.2098039215681 0.0588235294117 0.4362745098033 0.2166666666668 0.4088235294115 0.1666666666667 0.2088235294117 0.2333333333337 0.0166666666667 0.3254901960781
0.043956043956 0.10989010989 0.0439560439561 0.12087912087910001 0.0 0.09890109890109999 0.043956043956 0.1318681318685 0.054945054945 0.175824175824 0.032967032967 0.0 0.021978021978 0.09890109890109999 0.021978021978
0.0 0.0 0.111111111111 0.33333333333299997 0.0 0.111111111111 0.0 0.222222222222 0.0 0.0 0.0 0.0 0.0 0.111111111111 0.111111111111
0.53478202985811 0.2656488711505 0.109843937575 1.19317521320851 0.0 0.5675458096715 0.3473180853526 1.09312764827742 0.92863313265181 1.11781603244694 0.18258753319112 0.49050843224571 0.27699199693669996 0.36656739981322006 0.52545387761921
0.142857142857 0.0714285714286 0.0 0.0 0.0 0.0 0.0714285714286 0.0714285714286 0.0714285714286 0.0714285714286 0.0 0.0 0.2142857142856 0.0 0.2857142857142
0.23627874365326001 0.31612405948662003 0.0837064170397 0.89143414217274 0.00884955752212 0.24412700813854002 0.18161582763325998 0.6874224868330001 0.46556524432612 0.51145183888496 0.2083830077929 0.17968527703030002 0.29279897421424 0.140008140008 0.5525492752628199
0.09722222222219999 0.08333333333330001 0.0 0.09722222222230001 0.0 0.0277777777778 0.0555555555556 0.2361111111118 0.0972222222222 0.1388888888889 0.0 0.0277777777778 0.08333333333330001 0.0277777777778 0.0277777777778
0.29046958589194 0.040816326530500005 0.0398256389933 0.49306518724037 0.0204081632653 0.05052506439457001 0.0204081632652 0.60164454131207 0.07093322765977 0.49405587477697 0.11075886665326999 0.2103229641373 0.25411135327934004 0.040816326530500005 0.2618387160687
0.07810077519383 0.02500000000003 0.041666666666700006 0.2465116279072 0.0 0.0732558139535 0.13158914728749999 0.40445736434053003 0.12151162790709999 0.3926356589156901 0.16279069767499998 0.054844961240330004 0.07810077519383 0.00833333333333 0.18120155038766003
0.9198181469673999 0.4225487897365 0.42039415983040007 1.4432428128985402 0.0349213516971 0.7004500299876002 0.10784467353028 1.56549670913784 1.3307836436048999 2.3226464578053596 0.47165535340375997 0.45538480024756 0.8402196123565799 0.28737454171096 1.6772189170852803
0.7314793901751999 0.0227272727273 0.0488142292489 0.5547007340479 0.0 0.1430265386786 0.0227272727273 1.7455674760041 0.4911067193680001 1.3375070581584 0.4336674195378 0.3381705251269 0.4794042913601 0.170567476002 1.4805335968384
0.16111111111095 0.00714285714285 0.00714285714285 0.0656084656084 0.0 0.05714285714285 0.29920634920655004 0.24841269841299998 0.0828042328042 0.30661375661385 0.0285714285714 0.09841269841255 0.1912698412698 0.0500000000002 0.39656084656155005
0.6468314156198 0.1506276150626 0.0 0.8995423640164001 0.0666666666667 0.45677737099140003 0.091980474198 2.4429044630403 0.923343793585 1.1036087866115 0.2894830892606 0.3104733263595 1.1485573570432002 0.015625 2.453578277549
0.0285714285714 0.114285714286 0.0190476190476 0.09523809523820001 0.0 0.0761904761905 0.0 0.152380952381 0.08571428571430001 0.20000000000020002 0.0 0.0380952380952 0.0190476190476 0.0285714285714 0.1428571428572
0.95774906223903 0.06518883415433 0.07142857142850001 1.0064269843744602 0.0508365508365 0.22313760349026 0.09805802323839999 3.60355604356906 0.71111385706483 1.8067430723405302 0.41572387747170003 0.6107437069751299 1.0113241382679 0.138528138528 1.2294415360178
0.5354287478977999 0.061318326870890005 0.0 0.5852177195210699 0.02734790515729 0.19315101396629 0.03397042171358 0.45486051538949 0.26194969632459997 0.42260577154006995 0.81491267199729 0.48073293758299 0.39120886662368004 0.0339704217136 0.7033249837016
0.12424242424250001 0.2409090909091 0.0666666666667 0.419696969697 0.0 0.2742424242424 0.0833333333334 0.228787878788 0.3030303030302 0.6848484848486001 0.0 0.0666666666667 0.1333333333334 0.17878787878789998 0.1954545454546
0.0833333333333 0.0 0.0833333333333 0.0 0.0 0.1666666666666 0.2500000000003 0.41666666666700003 0.0 0.0 0.0 0.0 0.0 0.0 0.0
0.6929460248431 0.4568829034627 0.1826457957694 1.097493547169 0.0 0.6771154251503999 0.3023501782547 1.7892146929241999 1.3876255036844 1.6135860194375997 0.3308562295577 0.8683643835061 0.7903031592246001 0.2952773177172 1.5153388192981998
0.0 0.0 0.0 0.0 0.0 0.0 0.0 0.0 0.0 0.0 0.0 0.0 0.0 0.0 0.0
0.14791288566226 0.19237749546333 0.043103448275840006 0.69963702359297 0.0263157894737 0.21687840290389998 0.13929219600724 0.61524500907425 0.21687840290398996 0.45235934664257993 0.11343012704161999 0.29537205081653 0.25090744101638 0.07758620689640999 0.51270417422888
0.19811320754699996 0.15587478559169998 0.07740137221259999 0.697684391082 0.0 0.5368782161245 0.1217838765008 0.5428816466547999 0.7864493996570999 1.1144939965705 0.0443825042881 0.19918524871339996 2.2019725557487 0.0557461406518 1.2671526586625
0.9743196774413 0.8173097194712001 0.18719591693940002 0.9766662345781 0.0127118644068 0.49140096607360007 0.27867064176469997 1.9766773063669998 1.279411462249 2.0717311794624 0.24974901080679998 0.3319811370818 0.6348606595503 0.38794361516799997 2.3293706086391004
1.0228403058276 0.4618066872256 0.1148588673886 0.9676389153766001 0.0 0.6640911758200001 0.4637587326777 0.553409740661 0.688319256804 0.5458813123388 0.3881761923006 0.3536743614444 0.7241692906143 0.08887788439670001 1.9624972771227003
1.1091047443153101 0.17143601484993998 0.10421275211442 1.3961033491074901 0.0 0.57116993686335 0.32223998460505 4.219884055407099 1.2250838442424001 2.32210944629401 0.53097936199252 0.70841045876275 1.2381858575021298 0.1617572578954 2.91932293605174
0.9143848049172201 0.16880563222686001 0.0183486238532 0.66266155638142 0.0122324159021 0.24215962295131999 0.0370258043318 2.06705367055276 0.42425079297986 1.05664630887696 0.2336896239538 0.21943197363071998 0.92111762143012 0.05739966260596 2.96479188540356
0.5582137161078 0.15629984051030002 0.3516746411487 0.8301435406707 0.060606060606 0.18580542264770003 0.22089314194550003 1.8086124401922001 0.8444976076562 1.3740031897943001 0.2719298245612 0.8062200956937999 1.0414673046258 0.24641148325330003 2.24322169059
1.1102375362644 0.2198230619282 0.1342030289398 1.5738968972796 0.0493827160493 0.3617651732343 0.1674331894283 4.6183813277266 1.1542766002049998 1.9423545042822 0.1755997341228 0.7999371861644999 1.3642672825699 0.2496738081966 6.0787679535979
0.0579710144927 0.0869565217392 0.1159420289862 0.1014492753623 0.0 0.072463768116 0.1159420289856 0.49275362318820004 0.2463768115944 0.23188405797060002 0.0144927536232 0.0289855072464 0.0579710144928 0.1304347826086 0.24637681159359998
1.45581241346073 0.1144458491361 0.1282553729456 0.69610679670111 0.0265486725663 0.24808139184902003 0.27998615375342 3.7483354403645204 0.74761122148021 1.68215098428823 0.37626452350851003 0.7323929925956201 1.17952982963061 0.22981397868883002 1.35466437902631
1.3631675511846 0.31274294189919993 0.1063829787233 2.280447213664 0.1478365384609 0.2739233837966 0.26875767184890004 1.3322675479756 2.8019827970112003 2.1858648430715997 0.9399863310693 0.8930007661828001 1.2880962481134 0.1588967880521 1.6466463989464004
0.1373743527261 0.2284495887902 0.0408163265306 0.4428876028023 0.0149253731343 0.3996344806585 0.1632653061224 0.6405726469699 0.3100822418525 0.7097167225107001 0.0557416996649 0.1821504721291 0.1060006091988 0.2284495887906 0.3399329881202
0.125 0.0 0.0416666666666 0.0 0.0 0.12499999999980001 0.0 0.291666666668 0.0416666666666 0.20833333333300003 0.0 0.0416666666666 0.0 0.0416666666666 0.0833333333332
1.1362188779117 0.8826189686771 0.27034764908840003 1.7711976007947 0.0185185185185 0.9447151452189001 0.3375309860599 2.6924481038001 1.2147747496065002 2.1702084060462 0.7902049159011 1.0060269996609 1.2005682667953002 0.1528524121283 2.4117683997959003
0.0 0.0 0.0 0.111111111111 0.111111111111 0.0 0.0 0.0 0.111111111111 0.0 0.0 0.0 0.888888888889 0.111111111111 0.666666666666
1.3900455490115 0.3098491900942 0.19437327681580002 1.1429919620184 0.0396574194749 0.700960042488 0.5200151921524 1.0125968608379998 0.6322890196093001 1.0359052414064 0.1036407643742 0.3047781858806 0.8385309998134001 0.24826991985770003 0.5260963761613
0.45559632431782005 0.22914569600916002 0.09109112359416 1.4797545215443602 0.0301003344481 0.5060882553502 0.34415689839886 0.9238237490666001 0.8112262016873599 1.2084835102990399 0.16021041010476 0.6373564524692601 1.99633081143966 0.1901267439468 1.9365089673238
1.1578134894216001 0.1968856906927 0.1836256910788 1.3831912280448 0.0 0.41202581212239997 0.18715382918850001 1.7911917867069 1.0677613593811999 1.627479234585 0.6041820815165 0.7099408866723 0.8738204853347 0.1418457103876 1.6630827148646001
0.51162353897869 0.2856348945922 0.0233918128654 0.9411122270050599 0.12140054778270001 0.3112800421605899 0.30401070375407 0.61027198009538 0.31160873403329 1.04828235018469 0.28495983330018004 0.14026801369549 0.62708443127438 0.13826050736759 1.34081038290798
2.91347802737864 0.17677257215474002 0.06342194321732 2.3102992564888196 0.11587472846381999 0.65508525369672 0.52625755442412 7.362436894995399 1.7333468631397002 3.62606163173406 0.7396219354571 1.38337506697704 2.50512450618234 0.41214378198276 4.47669998370182
0.68521902734269 0.04886036851641 0.05067885041438 0.89036954144761 0.0255999476884 0.23531822505209 0.05556670760387 1.27222425592437 0.40999856657292 0.8670625770785501 0.24825104787213 0.18787636378984 1.04505000860925 0.03606432089108 1.94186019120039
1.0065462245849 0.10929560421585001 0.2471769985301 1.3368826583628501 0.0526315789473 0.17199360982784997 0.4383860320981 2.4361753071381003 0.5374303313496 1.9941490603974001 0.4689263176154 0.92062454545625 1.42059780808995 0.47173990375790004 3.3874440196318005
1.9795615829355002 0.1902798443913 0.0247933884297 1.6100211369657 0.079955540417 0.2867496984905 0.23562117802670002 4.1761179298831 1.5057415091752 3.6531633125927994 0.5842703596487 1.3530772126711001 1.7960117023216 0.1719681395907 4.3526674644746
0.3830633702757 0.18584825234469998 0.1335606706454 0.4876385336742 0.0841148053424 0.1045751633987 0.2148337595908 1.0593918726928 0.5547030406371 0.969593634555 0.2233589087809 0.1858482523443 0.38306337027650006 0.29042341574270003 0.7399829497028
2.44603064236669 0.17468181851099 0.1711288128629 1.3992217122353 0.16250405528439998 0.58974792159408 0.6175660712565999 5.816185758524401 1.74675813280429 3.5138779004017597 0.8904493217520999 1.35031978681949 2.6548202955909 0.25812978514848 3.20857798484989
0.18652566429326 0.00862068965516 0.0 0.47703476197088 0.0 0.05202661826976 0.05217785843912 0.27957327004492005 0.34179114895986 0.85128437805396 0.2629950207086 0.3060402996885 0.3274698683046 0.00862068965516 0.84583973195602
0.13219133807357 0.07769877181634 0.07769877181634 0.49004524886949996 0.0294117647059 0.2275371687135 0.17737556561164003 0.32133160956687 0.34453781512567 0.41512605041981004 0.0808015513897 0.01764705882351 0.16716224951497 0.08080155138970001 0.3606334841636101
0.0 0.0 0.0 0.0 0.0 0.0 0.0 0.0 0.0 0.0 0.0 0.0 0.0 0.0 0.0
1.3290159595444 0.49612706184980004 0.1280219780219 2.7051598446813 0.0278551532033 1.6948468723082002 0.6773300953818 3.3962063344428 2.2056022763509997 2.95234285691 0.9165427809583 0.951810595013 1.270374941015 0.1669842176805 3.0817790326409997
0.0 0.0 0.0 0.0 0.0 0.0 0.0 0.0 0.0 0.0 0.0 0.0 0.0 0.0 0.0
0.16956521739150002 0.09130434782630001 0.0 0.4391304347828 0.0 0.16956521739139999 0.10434782608700001 0.1521739130437 0.1521739130435 0.23913043478260002 0.039130434782600004 0.1478260869565 0.10434782608690002 0.0608695652174 0.1304347826086
0.6246568246562 0.14074074074069998 0.20409220409179998 0.8920486920486 0.0 0.6501424501416 1.1653975653968 1.3077959077979 0.5637399637395 0.7110075110071 0.0592592592592 0.1810411810411 0.44351204351170004 0.125097125097 0.9314685314681
1.37517056856189 0.14941806020059 0.174862876254 2.55012709030176 0.035230769230699996 0.75476923076879 0.6060334448152 1.44895652173948 1.5163411371229003 2.8386822742482902 0.33670903010019004 1.26132441471588 1.3178193979951 0.18763210702328 2.44692307692239
0.41737759892677 0.09486921529171 0.02816901408452 0.59997987927561 0.05399061032862 0.37181086519118994 0.20125419181728998 0.48558014755191004 0.44879946344746996 0.8189738430585901 0.08422535211245999 0.27950368879923 0.43305164319196 0.16541918175712 0.51699530516448
2.5349858069485602 0.50971158756646 0.15037498823893997 2.8746712783096 0.3368461189139 0.95563385224029 0.50443990802072 4.1637836347662205 1.7127873403321998 4.08028614945191 0.76042937491157 1.53876024472473 2.02330449290223 0.5111709927842599 3.3428142298903003
0.7082615688023 0.07275314945131 0.04793242079072 0.61845846616494 0.0132450331126 0.12989834529006 0.08658566387132 0.90125575516179 0.51324804421211 0.87968059527302 0.24357312565431 0.24584151348601999 0.39773142199292 0.14426350731551002 0.9972713894222399
1.03545951829445 0.18718392327929 0.1282654075813 1.40205286554986 0.02918432492399 0.22229185075559998 0.19811545269253 1.05471115976027 0.96228112217278 1.5136414084163599 0.39526528699165 0.82071770890384 1.31953685784174 0.2411876451139 1.49010546771929
1.0831911739402 0.33396185967680003 0.0722377045962 1.6493488164526 0.1196864607041 0.2944775996198 0.3157967518211 1.9845596127482001 1.1219913370735 2.1459710408997004 0.5731691631375 0.7928798524163999 1.3266447046674 0.1999156870653 2.9861682351774
0.16 0.0533333333333 0.0266666666667 0.18666666666679999 0.0 0.1066666666668 0.08 0.34666666666670004 0.1333333333333 0.3200000000001 0.0533333333333 0.1599999999997 0.1333333333337 0.1333333333333 0.1066666666667
1.9704831532363 0.23992632254525 0.1468629239595 1.9835658059965502 0.15453114742489998 0.58146765740645 0.41947039584485 2.75941940912365 1.6454372993208999 3.19201594949515 0.6015595102802 1.03369739894605 2.1360145640268002 0.4479173495016 2.6876311128970496
1.4238429665444998 0.046889466792000005 0.1391844950508 1.6147152956957 0.0504398826979 0.32407702223530005 0.2498589818543 0.9836350001485001 1.3315535215896999 1.3587563518611 0.5620810031818 0.4209261489006 0.9816864824432 0.14607271689180001 1.3662806641106
0.0 0.0 0.0 0.0 0.0 0.0 0.0 0.0 0.0 0.0 0.0 0.0 0.0 0.0 0.0
0.0 0.2 0.2 0.7142857142860001 0.0 0.2 0.7428571428570001 0.142857142857 0.0 0.0 0.0 0.4 0.0 0.4 0.0
0.8477961258261101 0.49931072396255 0.04384612855226 1.4241209319894799 0.0657670836193 0.78434175292575 0.34338030870430003 1.0990460983718902 1.12174965704081 1.4911084386548796 0.2305758763994 0.678266695929 0.8642521287675801 0.11245594014815 1.39398210910858
0.0 0.0 0.0 0.0 0.0 0.0 0.0 0.0 0.0 0.0 0.0 0.0 0.0 0.0 0.0
0.231353696012 0.43430835935878 0.12154580350638002 0.92650525344276 0.0 0.5368414594448999 0.29973523509 0.7220474652184 0.46339121600106 0.68363880929106 0.16609188247455997 0.21532202152882002 0.39775466763958 0.2590693339915 0.5423947969992601
0.24897470950069997 0.1132946001366 0.41503759398490003 0.7853725222144 0.0 0.2262474367737 0.29056732740920005 0.25666438824300003 0.5059808612439 0.4832535885168 0.2042036910453 0.46015037593970004 0.279049897471 0.0377648667122 0.6934381408073
0.9539801974534999 0.35148724379861995 0.07533654812134999 2.2910695079737002 0.0 0.5985025233728 0.7149276143956 1.34151651777819 1.12688633970008 2.1974812309996 0.4032901501712 1.14440578363241 1.4690743674762698 0.7116984257610699 1.6203435493694403
0.9345926934418999 0.2167007034262 0.276353276353 1.7003126339396002 0.0320512820513 0.9817903335616001 1.0820853188105 1.0645879030855 0.8579469530796 1.5956054761365 0.2953130121273 0.45325618334539997 1.0529145551265 0.21896982073959997 1.2375198547758999
1.79789635395393 0.24056407988259998 0.0990145627439 3.2743202689081503 0.0876229034123 1.00232202504073 0.6562768265346102 3.42570093951861 1.83686037730291 4.21001118393481 1.27892370393801 1.43264147353971 2.3693301630408 0.44948154239441 2.8390335958590294
2.2038046877433 0.0959171547407 0.06793024227229999 1.7593351136313 0.0160427807487 0.6041934716473 0.24338224125369998 2.3062092061699 1.642597469612 2.6007875638279008 0.6932960185663 0.9844670723154001 1.4644046613855 0.25635724784319996 3.0612750682422005
1.2498277913545999 0.17500495335479999 0.18178560764409998 1.4642906691147002 0.0675026193458 0.7030753467879999 0.3223902053974 1.6523482319596 0.9495339817477999 2.1797415708631003 0.5312118713681 0.8496319325937001 1.6614475400895001 0.212460842325 2.7997468360584
1.2359580206381 0.1617026266414 0.0886491557222 1.5237255976255002 0.1364329268292 0.6167957883153 0.48594892281760005 2.8900007884769003 1.7032917933626 2.1106957001659 0.8297519934321 1.0887664165102 1.8660325823254 0.1872361632269 3.0750115239050997
0.212121212121 0.030303030303 0.0 0.36363636363600005 0.0 0.36363636363600005 0.060606060606 0.21212121212100002 0.636363636364 0.212121212121 0.18181818181800002 0.060606060606 0.151515151515 0.030303030303 0.48484848484799997
2.0092857671846 0.1517321472443 0.0651465798044 1.5707412013405 0.2906871947924 0.4030842727729 0.1103950912493 1.9331198811314998 1.4572182321415 1.9641987303716002 0.39154357056769995 1.3271523902355 0.9082092377763 0.3952475119883 2.022238191398
0.4913793103446 0.1724137931037 0.03125 0.5948275862068 0.0657327586207 0.0689655172414 0.1126077586207 0.21282327586189997 0.7171336206904001 0.8960129310349 0.34752155172460003 0.3130387931034 0.410021551724 0.015625 0.5506465517239001
0.2660107334524 0.088908765653 0.0116279069767 0.4821109123435 0.054025044722700005 0.11216457960630001 0.1388193202146 0.4622540250446 0.2851520572449 0.4588550983898 0.0116279069767 0.0232558139535 0.1313059033989 0.0656529516994 0.4082289803221
0.076923076923 0.0 0.307692307693 0.0 0.0 0.076923076923 0.0 0.23076923076900002 0.076923076923 0.153846153846 0.0 0.0 0.0 0.0 0.076923076923
1.22687844967555 0.2194351528674 0.1018044707782 2.0724828375196997 0.0539168278529 0.6202452928564 0.3570124563473 0.9298978196471499 1.2807524586555001 1.8078946885921001 0.4835350845085 0.49180821098315 1.0876272537365 0.18044093372335002 1.0862680622535
0.0 0.0 0.0 0.0 0.0 0.0 0.0 0.0 0.0 0.0 0.0 0.0 0.0 0.0 0.0
0.33922011492410004 0.3058967460508 0.064196587726 1.0422526322784 0.0432712215321 0.4601233378729 0.2037754232128 0.3550303916033 0.7661606935263 0.8051682333011 0.07316017316010001 0.23924447249260003 0.4769245247501 0.26843701907640005 0.5571384284938
0.4682971014488 0.2486714975844 0.2763888888887 1.3429951690826998 0.0347826086956 0.9076086956523 0.20422705314 1.0628623188416 0.7407608695661001 1.4454106280204 0.0695652173912 0.246074879227 0.5913043478266 0.195833333333 1.1652173913043
1.4403074239272 0.2757513953106 0.1684828528632 2.1932807696340997 0.0120481927711 1.1858862324978001 0.8387377868112 2.3207827604878997 1.3498345022247 3.0698482325779004 0.4200616670336 1.2008595423117 1.8138637874659 0.30262057702589995 2.4076342770507
1.2459385188886 0.2781026519298 0.20668714225880003 1.9373417376497999 0.051724137931 0.3425336068502 0.6034796552617001 0.9887124536995 1.2458821685576003 3.4566653372295 0.454656442292 0.3167604717405 1.1996182085809 0.21111259825239997 1.4607848688774001
1.4615139985704202 0.57720299708152 0.10260073688434 2.7655418887996395 0.41423155773549997 1.0880102898912802 0.79487603368296 2.1339503212141 1.73721838332472 3.76166588961562 0.9121305834534601 1.32719062083178 1.5336543035889199 0.50022206902524 1.8899903263033002
1.5062142389989002 0.120930858219 0.06443987424049999 1.2681150610721 0.0225988700565 0.2945406326019 0.13512550612739999 0.8254649281882 1.0245378296934 1.3772973435398002 0.3974771574236 0.6128907890124999 0.7299971970912 0.2481322387355 1.3722374749978998
0.35960726706859003 0.21912041634038 0.061958438769899996 1.05158947369919 0.047576359095800005 0.22076224631928998 0.18030692352749 0.65512476929709 0.65074466248577 0.7879304573006 0.41997467360489005 0.63261838353869 0.71354342682759 0.1750825710916 0.82405993102998
0.8132477179483599 0.1656565518624 0.0275229357798 1.2541799328907601 0.0528239678899 0.7845741055891301 0.09885759070580001 1.10223070855943 1.0694267829372999 1.06413021544856 0.6919672185468999 1.0505389627700998 1.4833785970237603 0.1294596549259 2.21200505712513
0.15407190022 0.11958914159940001 0.0425531914893 0.4115920763024 0.0 0.127659574468 0.0851063829786 0.5575935436536001 0.5289801907571 0.9508437270732 0.1379310344827 0.0689655172414 0.1540719002201 0.4460748349227 0.2149669845927
2.2895018221709003 0.1154156577884 0.1246638930878 1.9792045400457001 0.2159596944136 0.903505608655 0.3669213057646 2.1436990205804003 1.8373381370787003 3.1084464717660003 0.7961929906158001 1.5665625347863 1.9367722378905001 0.2326263041843 1.383189781176
0.5915452001017 0.17137068617509998 0.0975609756097 1.0472519126314 0.0191387559808 0.3252804141503 0.1654802193954 1.0469630329697 1.1817340049636 1.1059786611670002 0.5117665852316 0.4115387337885 1.1371661861578 0.0491803278688 1.1380443038097
0.015625 0.09375 0.03125 0.1406250000002 0.0078125 0.078125 0.046875 0.1875 0.09375 0.09375 0.0390625 0.03125 0.0625 0.0234375 0.0546875
0.0222222222222 0.0444444444444 0.0444444444444 0.1333333333333 0.0 0.0444444444444 0.0222222222222 0.1111111111111 0.1333333333333 0.17777777777780002 0.0222222222222 0.088888888889 0.0888888888888 0.0 0.06666666666660001
0.5526253693048999 0.305375343092 0.0529423989999 1.439836163273 0.0 0.4554725216334 0.3313492023576 0.6655173704428999 0.6067243198752 1.4687381925269998 0.3711461671411 0.5056885820336 0.589780511956 0.0212765957446 0.6335272616185
0.0 0.0 0.0 0.0 0.0 0.0 0.0 0.0 0.0 0.0 0.0 0.0 0.0 0.0 0.0
0.1338235294115 0.3285697343458 0.0562499999999 0.8102822580644999 0.0294117647059 0.5349976280845 0.33923149905110006 0.5600094876659 0.2209558823529 0.7031190702084 0.13125 0.20118595825399999 0.37757352941159994 0.2064278937381 0.36691176470569997
0.1367816091954 0.10344827586210001 0.1022988505747 0.401149425288 0.133333333333 0.2666666666662 0.40574712643629995 0.5045977011488999 0.3022988505743 0.47011494252839997 0.0333333333333 0.16781609195390002 0.5022988505752001 0.135632183908 0.3344827586204
1.4027314307957 0.5502616627225 0.1461362388722 2.5130938548305997 0.1142669107791 0.41269604447560004 0.5539634624939 1.6594225686518 1.4206462277207 1.7145059275186998 0.33663186235660003 0.932677398467 1.0880652452179 0.1707831731317 1.9841179919662002
0.63416266183779 0.13909443871388 0.0577654790729 1.20915411370682 0.10994432162438 0.32410200843265 0.27096004632289 0.60102987823466 0.62869149133538 1.9256125137037399 0.39859166462029 0.23254997371588998 0.49822851026909 0.26165871866298 0.70845417974828
2.17026293446802 0.54353338451212 0.1382822214926 2.74105874645896 0.5298195454619 1.10748863550106 0.571936525004 2.8804750834472 2.42689744233636 5.133372976052279 1.7883163297861002 1.35824496228608 1.9896054865606199 0.4623809571954 3.1583247694296803
0.8590969999249299 0.21587694483710002 0.0 0.6064356435641399 0.0 0.10069418595988 0.10599363507767 0.63241178441097 0.6594580510678301 0.92668707660292 0.23501358594497 0.259319399985 0.56393303804016 0.08001749423053998 0.7550621603512699
0.15656789031404 0.0882352941176 0.02255639097737 0.37616099071181003 0.0588235294117 0.15457762052187002 0.08137992038911 0.22224679345409998 0.44250331711697 0.38766032728884 0.06700574966824001 0.1709420610348 0.48142414860766997 0.00751879699247 0.28239716939407
0.5557946629684 0.1566473363133 0.0 1.08418748768514 0.0674720765898 0.18468471949079998 0.0826787928895 1.07135488905961 0.71941174425161 1.1618166926162399 0.51666904915483 0.49909980566591 0.70402537543542 0.09487391484089999 1.1012834530373101
0.0204081632653 0.1537414965983 0.0 0.30204081632650004 0.0 0.2408163265303 0.1074829931973 0.12789115646260002 0.2040816326535 0.3319727891156 0.0 0.1278911564626 0.061224489795900006 0.3020408163262 0.0204081632653
0.76436389663536 0.06864034093474 0.014598540146 0.62250658111124 0.14380922156239997 0.42940871764512 0.07974551428160001 0.87570694496512 0.7907761225995201 0.9531354450123001 0.428232365081 0.39692614589482 0.53491534023554 0.03323208051866 0.8640027433757399
0.5727866464518 0.1431119605033 0.013698630137 0.9248326439645 0.0981921304501 0.2194339519601 0.07137283006850001 0.6231293145362 0.9899646233606001 1.3907309940480999 0.4147736420815 0.5672975247262 0.8973856665215 0.1310281548586 0.9422612863330001
0.0 0.0 0.0 0.0 0.0 0.0 0.0 0.0 0.0 0.0 0.0 0.0 0.0 0.0 0.0
0.166666666667 0.0 0.166666666667 0.0 0.0 0.0 0.166666666667 0.333333333333 0.0 0.166666666667 0.0 0.0 0.0 0.0 0.0
0.47047731366879997 0.6332699257493001 0.0 1.3814626176051998 0.0335661798059 0.5019895869486 0.27658642559299995 0.6771689977721 0.9092647552227 1.1961840730328999 0.45816851441429995 0.4856980138211 0.7663044130428001 0.0436770734784 1.1661821098449998
0.0 0.0 0.0 0.0 0.0 0.0 0.0 0.0 0.0 0.0 0.0 0.0 0.0 0.0 0.0
0.0775862068965 0.0 0.0258620689655 0.33620689655150005 0.0 1.1810344827585 0.051724137931 0.38793103448300004 0.2586206896555 0.413793103448 0.103448275862 0.181034482759 0.543103448276 0.051724137931 0.38793103448300004
0.19264069264060002 0.0571428571428 0.0285714285714 0.3095238095238 0.0 0.1311688311688 0.09999999999999999 0.17316017316010002 0.2480519480522 0.3835497835496 0.0151515151515 0.045454545454500006 0.045454545454500006 0.0 0.2701298701302
0.43127603720810004 0.3494764024423 0.0484006734006 0.7323160988409999 0.1134437596304 0.5921717171707 0.1877104377103 0.5139602237059 0.40606631284550004 1.130656850995 0.22160874279499998 0.2583390401185 0.41226530845170006 0.1534269246133 0.4488814700677
0.33608447627110005 0.12476635514010001 0.062987012987 0.879909576405 0.038961038961 0.3898379657725001 0.2627533681271 0.5950752518506001 0.7846401262285 0.8861239228058001 0.21980519480510002 0.16530525549209998 0.5155813812354 0.1589968442772 0.5791722296391001
1.0494207783864 0.23941628107329 0.13015513349403 2.09495829707086 0.1569637280697 0.8028650656573599 0.55416843581693 1.29006156374266 2.345185571034 2.7845937712461604 0.64139744208023 1.6143290529003997 1.15849244637759 0.28387154548283 1.85412088757259
0.8956959706962 0.0153846153846 0.06478937728930001 0.5666666666663 0.0373626373626 0.17793040293030002 0.1197344322344 0.3613095238093 0.6698717948721999 0.7961080586079 0.33264652014630003 0.4052655677654 0.5733516483523 0.051602564102500005 0.9322802197816001
0.9229301402309 0.0658566519391 0.0 0.5861881283213 0.020618556701 0.1915476724083 0.1331444366181 0.6072207636977001 0.6928806215446 0.9351347890128 0.277645087618 0.6685172141477 0.7270474482932999 0.0423576871358 1.1289108023316
0.48900844190649995 0.19667447421050002 0.0 1.5908505343306998 0.0909090909092 0.5577904650359 0.1770482603815 0.7883960376723 0.723300639244 1.2131264334157998 0.3765236910161 0.6110476748153999 0.8380690967643001 0.09904601571260001 1.2482091445860999
0.0416666666667 0.1250000000001 0.0 0.4583333333333 0.0 0.0416666666667 0.0 0.0416666666667 0.0833333333333 0.2916666666669 0.0416666666667 0.25 0.33333333333369997 0.0833333333333 0.20833333333339998
1.1215632198667 0.0 0.0777202072538 0.9801739162736 0.10950577919480001 0.2788165992256 0.1323337679269 0.6472504070098 0.7181257641972 1.8315580858089002 0.5326924765761 0.9179361079777 0.5665907816601999 0.15544041450760002 0.9302924725225001
1.7814569265090001 0.0384615384615 0.0322580645161 1.7188992770931002 0.025641025641 0.1476426799007 0.0384615384615 0.6987465013426 0.9580304578405001 2.2616058098819005 1.0518190454982999 1.1689941537550002 1.5544786649156 0.46153846153800004 1.0619658546463
0.0392156862745 0.1553544494721 0.1361236802413 0.39064856711959994 0.0392156862745 0.31221719457060004 0.1353695324284 0.4091251885364 0.3107088989438 0.2330316742081 0.0976621417798 0.0384615384616 0.0192307692308 0.15535444947209998 0.5282805429858
0.20054945054929998 0.115384615385 0.258241758242 0.46153846154 0.0576923076923 0.1153846153846 0.1153846153846 0.5741758241759001 0.43131868131929996 0.2884615384616 0.0576923076923 0.3461538461543 0.1153846153846 0.0 0.8626373626379
0.7802591824558001 0.15335228618809998 0.0 1.4905882535628 0.09768611212219999 0.7421371655079 0.38805970149400004 1.1116214080576998 1.0004012133005 1.7116160450649 0.08206111212219999 0.7493345012734001 0.8670739291351 0.15523184382959998 0.6705772458843
0.0 0.0 0.0 0.0 0.0 0.0 0.0 0.0 0.0 0.0 0.0 0.0 0.0 0.0 0.0
0.4685393258425 0.1145161290322 0.0 0.7375498368982001 0.0 0.1641899238853 0.39467198260260006 0.319662921348 0.6465929684673 0.8375498368977001 0.101123595506 0.067415730337 0.3330554548752 0.18048205871679998 0.6346502355918999
0.3631713554983 0.1457800511508 0.1023017902813 0.6521739130445 0.0 0.0434782608695 0.21739130434799997 0.21739130434749998 0.6956521739135 0.8465473145768001 0.0434782608695 0.0 0.0588235294118 0.1892583120203 0.4245524296679
0.898932236232 0.4507494329664 0.23086813676600001 1.0925373164919001 0.123240416674 0.6417730784508 0.34424420708520004 1.0935513229076 0.7874489414375001 1.509570019851 0.5544737979750001 0.7134087017103999 0.8081297735707 0.2852988085186 1.465773809359
0.2840032664916 0.2142103711095 0.0388349514563 0.7513667090099001 0.0 0.3644689683336 0.2114145721811 0.6613227021143999 0.6074255965888 0.5097541057969 0.038109064513100005 0.1718537337806 0.3162712095089 0.03738317757 0.793581571545
1.2181711959518702 0.17278672032200001 0.11052100272847001 1.25755518643105 0.0169491525423 0.6510350719756001 0.31857881410507 1.0406450883345801 0.91789042821024 1.8362924738742097 0.24561953635730002 0.72313087950734 0.20903443906189997 0.1165221736889 1.16526783690997
0.31034482758649995 0.0114942528736 0.0 0.1264367816093 0.0114942528736 0.0459770114943 0.0114942528736 0.0114942528736 0.0459770114943 0.10344827586220001 0.0459770114943 0.0459770114943 0.0344827586208 0.0344827586207 0.16091954023
0.4838111434012 0.3382600328369 0.12199596257360001 1.6856942272061 0.06710713823020001 0.052755376344100005 0.2365245947315 1.1524720111548 0.45949799340960007 1.53852862268 0.27572351864559996 0.8047490195413001 0.6639596736298 0.1103293989911 1.0085912866242
0.7321599453173 0.0570850202429 0.0357142857143 1.3361506914138 0.062030075187999995 0.1707292707291 0.1734029128765 0.7720306009792 0.9777327935221 0.7820442715174001 0.19370629370620002 0.45508701824479997 0.9866817393127001 0.0916583416583 1.1737867395762003
0.10344827586210001 0.0689655172414 0.0344827586207 0.3793103448276 0.0344827586207 0.2068965517244 0.0344827586207 0.1379310344828 0.2758620689657 0.2758620689658 0.0 0.10344827586210001 0.17241379310350002 0.0689655172414 0.10344827586210001
1.3108196484910002 0.1056848852901 0.015625 0.861205185612 0.1021978021977 0.5783489299554 0.1786778773243 1.197357622682 0.7574703770084 1.1879739962656002 0.38770898338500004 0.618814279851 0.8569446107304 0.1492276747723 0.6919431264345001
0.43433179723539994 0.0428571428571 0.0 0.5442396313369 0.0241935483871 0.1495391705074 0.1209677419356 0.2792626728111 0.4343317972356 0.5255760368664 0.11543778801839999 0.31221198156700003 0.30345622119869997 0.0241935483871 0.6894009216598
0.11584699453559999 0.0655737704919 0.0 0.9300546448088002 0.016393442623 0.09836065573779998 0.049180327869 0.1650273224044 0.13224043715849998 0.1978142076504 0.032786885246 0.0 0.08196721311479999 0.032786885246 0.08196721311489999
0.0 0.0 0.666666666667 0.0 0.0 0.333333333333 0.0 0.0 0.0 0.0 0.0 0.0 0.0 0.0 0.0
0.6351301042059 0.3890577507598 0.0 1.6586630427955 0.08080040526849999 0.48040230967090003 0.5142202616309 1.4208262627728998 0.9498258039387 1.3234515028582 0.333475426797 0.0584635661834 0.4067891243338 0.1721449641808 1.5767494746046
0.0 0.0 0.0 0.0 0.0 0.0 0.0 0.0 0.0 0.0 0.0 0.0 0.0 0.0 0.0
0.258532171557 0.0968115942029 0.10799438990169999 0.644792290164 0.0157480314961 0.5449908523002001 0.1146727626789 0.7577795201977 0.3990721987246 0.6381139173873 0.1534129201592 0.3247009972275 0.2083989501313 0.13631375320709999 0.5986656506652
0.0 0.0 0.0227272727273 0.1590909090909 0.113636363636 0.11363636363650001 0.0454545454545 0.0909090909091 0.0227272727273 0.1136363636363 0.0 0.0454545454545 0.1136363636364 0.0 0.1590909090906
0.2486187845303 0.0906486597093 0.0 0.5508491917328999 0.049723756906 0.265193370165 0.099447513812 0.3022304072028 0.3763044812767 0.6239001432365 0.15694700225070002 0.25639451606290004 0.302230407203 0.0331491712707 0.6443625946396999
0.3114247311828 0.0238095238095 0.0125 0.2903993855607 0.0625 0.26658986175120003 0.1290322580647 0.18433179723489998 0.1443932411675 0.6340245775732 0.1536866359447 0.036309523809500005 0.26380568356370004 0.0733870967742 0.41380568356409997
1.2516773324534 0.2873876765083 0.0449438202246 1.5372981480723 0.0993126385809 0.7869440059114999 0.4414761696528 0.8980725535048002 1.1731446345299 1.9338212587717 0.3577971556151 0.5986415277084001 1.1858386711444 0.12279996602439999 1.2808444412973001
0.22727272727269998 0.0 0.0227272727273 0.0454545454546 0.0454545454545 0.0909090909092 0.0 0.0454545454546 0.0681818181818 0.1363636363637 0.0681818181818 0.0227272727273 0.0227272727273 0.0227272727273 0.18181818181829998
0.4831752055653 0.0724225173939 0.0430107526881 0.7145477545851999 0.1096774193548 0.1057558507272 0.0588235294116 0.5187223276403 0.39936748893039997 1.068564199873 0.17204301075210002 0.7240986717266 0.3774193548385 0.0724225173939 1.0799493991152
0.7837478956499999 0.17532005689879998 0.045871559633 0.9736483223921 0.137614678899 0.3801303718018 0.0263157894737 0.7506720868629001 0.7079913085460999 1.4174214049888 0.1902462578463 0.47544272906350005 0.8097341668083 0.054054054054 1.0717893170805999
0.23333333333329997 0.1333333333333 0.0 0.19999999999999998 0.0 0.1 0.1 0.0333333333333 0.1333333333333 0.2666666666666 0.0333333333333 0.0 0.0666666666666 0.3666666666667 0.33333333333320003
0.9042079214487 0.00961538461538 0.064064064064 1.5902789394157402 0.14775352275338 0.16933146674518001 0.504884194539 0.26366618607976 0.6692338890610801 1.4437557584097602 0.35216947716914 0.36320936320918 0.50874913374868 0.27238511721248004 0.73669558152276
