0.0 0.0 0.0 0.0 0.0 0.0 0.0 0.0 0.0 0.0 0.0 0.0 0.0 0.0 0.0 0.0 0.0 0.0 0.0 0.0
0.1 0.45 0.15000000000000002 0.05 0.1 0.0 0.2 0.0 0.2 0.0 0.05 0.0 0.0 0.35000000000000003 0.05 0.0 0.05 0.1 0.0 0.15000000000000002
0.0 0.2842183994016 1.8769633507864998 0.8851475749390999 0.5997928772791 0.1856768885566 0.10284218399379999 0.8536764282853999 0.911900926299 0.1570680628272 0.2111788734822 0.0 0.1028421839938 1.0762614349012 0.44391864679849996 0.0157068062827 0.0314136125654 0.8012341062083002 0.0 1.460157643404
0.0 0.1855943796516 1.0068841335789 0.7185385199297001 0.9421168580548 0.0882352941176 0.1794513661577 0.36246232653560007 0.8188530129186 0.1013471214264 0.2720224899953 0.0 0.1289387651 0.8467924504225 0.0254237288135 0.0 0.0 0.32677951988299997 0.0434782608695 0.9530817725469001
0.023689374824700002 0.3353534459284 0.6649560766356001 0.6364270163898 0.21491161001370002 0.0121951219512 0.20856019358779998 0.08685243386 0.2736333723673 0.048341522435099996 0.22230829386319997 0.0378100423471 0.051668806161599995 0.4228789153091 0.19394388754950004 0.0466778805718 0.0375481386392 0.7340885952171 0.0476406533574 0.7005146189884001
0.0 0.20925925925925 0.26666666666725 0.56481481481485 0.09629629629625001 0.11851851851850001 0.0 0.00925925925925 0.06481481481485 0.0277777777778 0.0462962962963 0.0185185185185 0.0 0.10185185185190002 0.0833333333334 0.00925925925925 0.0185185185185 0.11111111111105001 0.0 0.2537037037041
0.0144927536232 0.0579710144928 0.072463768116 0.1594202898552 0.1884057971016 0.0 0.0144927536232 0.0144927536232 0.15942028985459997 0.0289855072464 0.0579710144928 0.0 0.0144927536232 0.0144927536232 0.0 0.0144927536232 0.0434782608696 0.072463768116 0.0 0.072463768116
0.0108695652174 0.1760481366459 0.9082373458794 0.6972889821086999 0.2514919579121 0.0108695652174 0.1416925465839 0.8721464494301001 0.6184237971632 0.0625 0.14519792342639998 0.0 0.076026119403 0.5433797626774001 0.233452303699 0.0357142857143 0.17365810698079998 0.33677401038309995 0.0 0.7062291415599
0.062649679088 0.048951048951 1.038183734074 0.1093399750934 0.21061404349060003 0.013698630137 0.0 0.2257112750263 0.3747485391317 0.0363636363636 0.22431267362750001 0.0 0.0797202797202 0.5459526774603001 0.0729763387297 0.0 0.0 0.3711275026345 0.0181818181818 0.5674681482897
0.0 0.1489361702127 0.063829787234 0.1063829787235 0.2127659574468 0.0 0.08510638297869999 0.0 0.1489361702127 0.0851063829788 0.3191489361699 0.0 0.10638297872329999 0.1276595744679 0.0 0.063829787234 0.2553191489358 0.0425531914894 0.0 0.23404255319170003
0.0 0.0235294117647 0.11764705882349999 0.3294117647061 0.21176470588239998 0.1882352941174 0.0235294117647 0.0235294117647 0.2823529411762 0.09411764705879999 0.1411764705882 0.0 0.0235294117647 0.0470588235294 0.1647058823534 0.0235294117647 0.0 0.1176470588235 0.0470588235294 0.1411764705887
0.0 0.0 0.0 0.0 0.0 0.0 0.0 0.0 0.0 0.0 0.0 0.0 0.0 0.0 0.0 0.0 0.0 0.0 0.0 0.0
0.0 0.136363636364 0.0909090909091 0.030303030303 0.1818181818181 0.0 0.030303030303 0.0 0.0151515151515 0.0757575757576 0.045454545454500006 0.0 0.1363636363636 0.030303030303 0.0 0.0 0.030303030303 0.0757575757575 0.060606060606 0.060606060606
0.0165289256198 0.0 0.8306473829198 0.24951790633620002 0.11673553718990001 0.1167355371901 0.2165289256198 0.1115702479337 0.2706611570246 0.0165289256198 0.3714876033054 0.0113636363636 0.1663911845726 0.31095041322320005 0.1787190082644 0.0 0.0227272727273 0.49855371900800005 0.0 0.4943526170799
0.0 0.0 0.39603960396 0.356435643565 0.019801980198 0.019801980198 0.0 0.11881188118809999 0.138613861387 0.0 0.019801980198 0.0 0.019801980198 0.217821782178 0.059405940594 0.0 0.019801980198 0.39603960396 0.019801980198 0.1980198019801
0.0 0.0 0.0 0.0 0.0 0.0 0.0 0.0 0.0 0.0 0.0 0.0 0.0 0.0 0.0 0.0 0.0 0.0 0.0 0.0
0.0 0.0 0.0 0.0 0.0487804878048 0.0487804878048 0.0975609756096 0.0487804878048 0.24390243902409997 0.634146341464 0.0487804878048 0.0 0.2926829268297 0.0975609756097 0.0 0.0487804878048 0.0487804878048 0.0 0.0975609756097 0.2439024390242
0.013698630137 0.1867169409402 1.0191832404496 0.8440722334634001 0.4287453808023 0.1601767005569 0.4917628544699 0.2145754185429 0.7830875164562001 0.0 0.16605365538140004 0.0 0.046511627907 0.28563429774 0.0809561045304 0.0447761194029 0.0954291936303 0.6610129001088001 0.0447761194029 0.43283106607739996
0.0 0.05 0.0 0.1 0.0 0.05 0.15 0.15000000000000002 0.05 0.0 0.1 0.0 0.05 0.0 0.0 0.05 0.0 0.05 0.1 0.1
0.0506329113923 0.23508304574150002 1.2721739649303 0.8629349850673 0.6719012364374 0.3316581311874 0.13200517620139998 0.7460219713852 0.9312414414596 0.166105994236 0.379505015648 0.0 0.1405108194834 0.8439479099529998 0.2397809447366 0.092953987217 0.144670861032 0.6075366773636001 0.083631767432 3.0677031590943
0.0 0.0 0.0 0.0 0.0 0.0 0.0 0.0 0.0 0.0 0.0 0.0 0.0 0.0 0.0 0.0 0.0 0.0 0.0 0.0
0.0588235294118 0.0588235294118 0.1764705882358 0.0588235294118 0.0588235294118 0.0 0.0 0.0 0.117647058824 0.0 0.0588235294118 0.0 0.0 0.0588235294118 0.0 0.0 0.0 0.0588235294118 0.0 0.2941176470594
0.10225197808879999 0.30583772325645997 2.9558943899925003 1.0883528868555599 0.6500094444565199 0.193548387097 0.00862068965516 0.40341994249392 0.44419900518396 0.2988435788193 0.09422943732019999 0.0344827586207 0.00862068965516 0.4772650953897599 0.22580645161329999 0.0 0.0 0.45119314962159995 0.0361093038386 1.2213150880444599
0.0117647058823 0.2001690331305 0.7398346075828 0.48781921256550004 0.14036511156189999 0.2542986425337 0.1539215686275 0.0694570135746 1.4303128413194999 0.333333333333 0.6314856711912001 0.0 0.125 0.4286550163832 0.035294117647 0.099358974359 0.0 0.590115462631 0.0 0.2688146876786
0.0759493670886 0.3857428381078 0.5262380635141 0.44930046635709997 0.3226959804575 0.0590273151232 0.36282478347729996 0.17295136575620002 0.6315012214080001 0.5589162780368999 0.24349322673770002 0.0 0.048500999333800004 0.10752831445700001 0.1149122807017 0.0800799467022 0.0210526315789 0.4566844326006 0.0590273151232 0.3235731734403
0.0 0.0 0.5614035087722999 0.1228070175438 0.0701754385964 0.0 0.0 0.1403508771929 0.1578947368419 0.0175438596491 0.12280701754380001 0.0175438596491 0.0175438596491 0.0701754385965 0.0350877192982 0.0 0.0 0.36842105263159997 0.0 0.29824561403489996
0.0701754385964 0.3675568230921 2.1384927836817003 0.5023766312341 0.7334802523552 0.0295566502462 0.9756460115799 0.10897934491380001 0.47281998098670003 0.0942010197906 0.16437645838710002 0.0 0.44811165845600004 0.18866995073850001 0.0 0.0147783251231 0.0701754385964 0.387866217267 0.0147783251231 0.2179586898278
0.16666666666649999 0.1545893719806 1.9231005709261 0.6355292050943 0.2152393500218 0.17887571365830002 0.2101449275365 0.3613087395699 0.2672375933243 0.0 0.18638559508129998 0.0363636363636 0.0990338164251 0.1162055335968 0.2142292490119 0.0 0.0434782608696 0.408344312692 0.0217391304348 0.7615283267453
0.0247933884297 0.35333778011496003 1.3116399388423199 0.70840865953634 0.9320455028735 0.1220926173995 0.1924660253469 0.190917244038 0.77922561203196 0.1147128272796 0.54187871365662 0.0309278350515 0.09716386554616001 0.21029045724096 0.0660305018317 0.0 0.00892857142856 0.4344687542731 0.11871958462160001 0.7619521204578601
0.0105263157895 0.1052631578947 0.052631578947400004 0.0631578947368 0.0947368421055 0.0 0.0421052631578 0.021052631579 0.0421052631579 0.136842105263 0.0631578947368 0.0 0.052631578947400004 0.0 0.0210526315789 0.0105263157895 0.1578947368423 0.0 0.0105263157895 0.1157894736842
0.0 0.1422287390028 0.3394428152498 0.35080645161319995 0.206744868035 0.132697947214 0.0967741935483 0.0568181818182 0.5425219941363 0.0436217008797 0.26356304985379997 0.0 0.066348973607 0.21994134897339998 0.0227272727272 0.0 0.0645161290322 0.261730205279 0.0 0.1895161290322
0.0 0.0 0.0 0.0 0.0 0.0 0.0 0.0 0.0 0.0 0.0 0.0 0.0 0.0 0.0 0.0 0.0 0.0 0.0 0.0
0.0 0.125 0.47568389057789995 0.2450607902734 0.2602583586626 0.0425531914893 0.0714285714286 0.0391337386018 0.0995440729483 0.11398176291779999 0.08928571428570001 0.0 0.0782674772036 0.0 0.0391337386018 0.0 0.07142857142850001 0.0782674772035 0.0535714285714 0.1174012158054
0.0 0.0243902439024 0.6829268292698001 0.2682926829262 0.1463414634144 0.0731707317072 0.0487804878048 0.0487804878048 0.07317073170720001 0.0 0.0 0.0731707317072 0.0 0.19512195121939999 0.1463414634146 0.0 0.0 0.0243902439024 0.0 0.1951219512194
0.0380952380952 0.11016346837229998 0.9043354655304 0.30163468372400004 0.26510305614790003 0.07206823027709999 0.0 0.2336886993604 0.41592039800999997 0.0 0.09111584932469999 0.0149253731343 0.0339729921819 0.36289978678019996 0.1508173418621 0.0 0.0 0.3721393034818 0.0149253731343 0.6181947405828999
0.0 0.0 0.0 0.0 0.0 0.0 0.0 0.0 0.0 0.0 0.0 0.0 0.0 0.0 0.0 0.0 0.0 0.0 0.0 0.0
0.0 0.1406926406925 0.212121212121 0.0238095238095 0.164502164502 0.0 0.25541125541099996 0.0 0.0454545454545 0.32467532467550003 0.0909090909091 0.0 0.14069264069249998 0.0909090909091 0.069264069264 0.0 0.14069264069249998 0.0238095238095 0.16017316017310002 0.11688311688299999
0.0331143951833 0.2724747474747 0.35362367517540005 0.2664041896798 0.5692615813313 0.1272005772005 0.0799373040751 0.1379310344828 0.3159277504106 0.0 0.1880516992584 0.0 0.015873015873 0.3549920386125 0.2652522764589 0.015873015873 0.0848385331145 0.7314089167547 0.0 0.187835249042
0.0 0.0833333333333 0.0416666666667 0.0 0.125 0.0 0.0416666666667 0.0 0.0416666666667 0.0416666666667 0.125 0.0 0.208333333334 0.0416666666667 0.0 0.0 0.125 0.0416666666667 0.0 0.0833333333334
0.0 0.1702633010552 3.4209173169304 0.9819161802745 0.8938684357117002 0.297553157592 0.0698430141285 1.016336903162 1.2740210569645 0.0919348508633 0.5561338280735001 0.0817307692307 0.22463893249599998 0.6406177401556 0.5628401331295001 0.039801980198 0.1009615384615 0.7393439208964001 0.0625 2.7747769406769
0.1 0.0 0.1 0.1 0.2 0.0 0.2 0.0 0.1 0.0 0.0 0.0 0.0 0.0 0.0 0.1 0.0 0.1 0.0 0.0
0.09375 0.16947115384618 0.19110576923076 0.17427884615396 0.4074519230766 0.00961538461538 0.04447115384618 0.01923076923076 0.19350961538456 0.0769230769231 0.143028846154 0.0 0.06730769230776 0.0540865384616 0.02524038461538 0.044471153846099995 0.12259615384618 0.10336538461538 0.0 0.06009615384618
0.07482993197269999 0.58213864058021 3.2936695339282 1.0316242199366 0.42421431382462005 0.1999634564567 0.07482993197269999 0.84088098049202 1.03986057232942 0.1258503401359 0.15622364648321 0.0503035925113 0.09962332040241001 0.99978917186621 0.31074661269432 0.03377466689151 0.08139371451051 0.7777168718724199 0.10520323832001 1.6973632428187
0.0521739130435 0.54998183416961 2.11265654771301 0.7221666877366 1.0517312749852101 0.08340306834030001 0.3191945551639 0.5523135886138201 1.23759538756061 0.20196731979831 0.517600956324 0.0588235294118 0.2701894317051 0.53753876022803 0.0675307743617 0.0759520601375 0.101694915254 0.54995630458342 0.0 0.93752909087291
0.0 0.2544774124567 0.6853782411118001 0.34803528468320005 0.25447741245690003 0.20850040096240002 0.0697674418604 0.21999465383580002 0.1387329591018 0.0229885057472 0.1387329591018 0.0 0.0344827586207 0.1740176423416 0.3603314621766 0.0229885057471 0.0114942528736 0.34803528468320005 0.0344827586207 0.6730820636199
0.030303030303 0.045454545454500006 0.5757575757575 0.181818181818 0.030303030303 0.0909090909091 0.0151515151515 0.0757575757575 0.13636363636350002 0.0151515151515 0.045454545454500006 0.0151515151515 0.030303030303 0.1969696969696 0.15151515151550002 0.0 0.0 0.1363636363635 0.0 0.2272727272727
0.0 0.0 0.0 0.0 0.0 0.0 0.0 0.0 0.0 0.0 0.0 0.0 0.0 0.0 0.0 0.0 0.0 0.0 0.0 0.0
0.0 0.117037037037 1.08 0.678518518519 0.208148148148 0.077037037037 0.632592592593 0.407407407407 0.376296296296 0.057037037037 0.2111111111111 0.0 0.02 0.427407407407 0.0 0.02 0.037037037037 0.3851851851851 0.0 1.265185185186
0.05606038830372 0.30519480519480996 0.83196092137212 0.40646966212830005 0.66985843633241 0.09507532206220999 0.2538183647339 0.03977272727261 0.56421483446141 0.1787870077606 0.2711414591445 0.0 0.070144895346 0.20691845880450999 0.07338348271451 0.0 0.0612244897959 0.34748588936191005 0.1530612244899 0.41542763071923
0.08395604395600001 0.503736263736 0.39384615384700006 0.2738461538462 0.18989010989000002 0.0 0.16791208791200002 0.04 0.291868131868 0.41978021978 0.35384615384600004 0.0 0.15384615384619998 0.16791208791200002 0.065934065934 0.043956043956 0.1098901098902 0.32395604395600003 0.2079120879122 0.20791208791200003
0.0 0.344257512399 0.7239132548875 0.7861519011961 0.7421958572405001 0.1635709423315 0.1501507342215 0.1587085480891 0.705630652535 0.37479334824450006 0.0573762520665 0.0 0.065934065934 0.33569969853150006 0.3759603228630001 0.0793542740445 0.070796460177 0.41019157833270004 0.021978021978 0.4333365749295
0.0 0.0 0.25 0.0 0.0 0.0 0.25 0.0 0.0 0.125 0.0 0.125 0.0 0.25 0.0 0.0 0.0 0.0 0.0 0.0
0.0190476190476 0.0857142857145 0.1904761904763 0.0571428571429 0.08571428571430001 0.0 0.0 0.0380952380952 0.0571428571429 0.114285714286 0.0666666666667 0.0 0.0095238095238 0.0285714285714 0.0 0.0095238095238 0.0666666666667 0.0380952380952 0.0190476190476 0.1142857142857
0.0 0.34571156503852 1.7466215821957 0.7024897794081 0.93605099942736 0.31223052068416 0.16526610644200002 0.7334162636635599 1.12255137771582 0.4067046173302 0.543850267379 0.0 0.08362068965516001 0.7039372751830201 0.23304814392116 0.030303030303 0.0 0.95445226325858 0.05 0.9297455183907001
0.00434782608695 0.01304347826085 0.42173913043495004 0.04782608695635 0.06521739130435 0.0 0.0 0.0391304347825 0.07826086956505 0.0 0.0086956521739 0.0 0.00434782608695 0.0695652173912 0.0173913043478 0.00434782608695 0.0130434782608 0.1 0.0086956521739 0.10434782608680002
0.0 0.0 0.0 0.0 0.0 0.0 0.0 0.0 0.0 0.0 0.0 0.0 0.0 0.0 0.0 0.0 0.0 0.0 0.0 0.0
0.0 0.1290322580644 0.0322580645161 0.0322580645161 0.0967741935483 0.0 0.0645161290322 0.0 0.0322580645161 0.225806451614 0.0645161290322 0.0 0.129032258065 0.0967741935483 0.0 0.0645161290322 0.0 0.0 0.0322580645161 0.0
0.05439941584520001 0.1615602458976 1.0336925095968001 0.2338691374835 0.1223123452038 0.0407132214361 0.1356334428625 0.0392479006937 0.33852856142040005 0.0120481927711 0.1385640843473 0.0 0.0271997079226 0.1068154682612 0.0677402484631 0.0151515151515 0.0 0.19132549855430003 0.0 0.2811985040901
0.0 0.0 0.0 0.0 0.0 0.0 0.0 0.0 0.0 0.0 0.0 0.0 0.0 0.0 0.0 0.0 0.0 0.0 0.0 0.0
0.0437956204379 0.15495360977914 4.36116545765786 0.541578353133 1.1226395657524 0.22619671777227002 0.05350435830197 0.9193985109164702 1.46590593607099 0.24714239646987002 0.48216454983797 0.00775193798449 0.03492135169714 1.33118557007944 0.2685065361046 0.00970873786407 0.062015503876 0.5412246695752 0.0281690140845 2.0980716026066704
0.0869565217391 0.0 0.347826086957 0.0869565217391 0.0869565217391 0.0 0.260869565217 0.0 0.521739130434 0.0869565217391 0.0 0.0 0.0869565217391 0.0869565217391 0.0869565217391 0.0 0.0 0.0869565217391 0.173913043478 0.0
0.1469380999668 0.8000579278388 1.5769033432639001 0.601423369745 1.4272426348907001 0.0188679245283 0.4517709367756 0.1333333333332 0.7456802383311 0.2486924859321 0.6360145647133 0.0 0.5605345911946 0.6763985435296 0.050446871896699996 0.3772012578623 0.3495862297259 1.4080436941410002 0.20440251572289997 0.5864614366106
0.37432448062626 1.4525023355125801 4.88907059287188 1.0170605581085799 0.82962012163696 0.05299838579498 0.42279905689734 0.5474616626315 0.8457490165418 0.30524756439370004 0.07480629539936001 0.00847457627118 0.15966505246168 1.5148120785748 0.35469330104928 0.0387570621468 0.0472440944882 2.70112953041936 0.0666666666667 1.29691756750834
0.08206023753279 0.5511563908971 4.157472194371899 0.83762021587487 1.26355253073829 0.0648347705168 0.28414991001059 0.36676640787688 0.68630952628168 0.0999444312136 0.33526417242489004 0.0404858299595 0.11809762444729 0.7150596022330901 0.0404858299594 0.0196078431372 0.0 0.41831471703379 0.0196078431372 0.89920992234839
0.0563202024996 0.8192384412636 1.0123565996993 0.8213142096702999 1.0099098269381 0.1342642320084 0.3971832652815 0.1818357361537 0.8533199296339 0.4233222604078 0.29819807056130004 0.0 0.2929761699774 0.5833544831871 0.2286661214421 0.0152671755725 0.0968998286337 0.9416494115002 0.1887395824653 0.6451844531063
0.0247933884297 0.1735537190084 2.4793388429734 0.6942148760321 0.2479338842977 0.0247933884297 0.0247933884297 0.0991735537188 0.4462809917361 0.12396694214850001 0.0743801652891 0.0 0.0 0.5702479338845 0.0743801652891 0.0495867768594 0.0 0.3471074380169 0.0 0.5454545454543
0.0 0.3584905660378 0.8251265531524001 1.3018867924527 0.3828808099398 0.0188679245283 0.1053842613897 0.0943396226414 0.31293143120199995 0.0566037735849 0.1997238840321 0.0 0.0432581684307 0.16198803497449998 0.0 0.0 0.1352968246664 0.6415094339625 0.062126092959 0.29958582604710005
0.0233918128655 0.339558745348 1.5247740563533 0.9260925039867 0.5910207336524 0.1709197235512 0.1902498670918 0.6059223817114001 0.5374641148323 0.13775651249329998 0.1605422647527 0.02 0.15914938862300002 0.3445560871874 0.1269271664008 0.0116959064327 0.1143009037745 1.0397395002654 0.1576289207867 0.8183094098886001
0.16003113038166 0.44775234960095 2.3370137155323603 0.8880515940595101 1.27849181962399 0.1383602070062 0.22715394102965 0.33070274097898006 0.69885566007124 0.28203051240298 0.52928471120714 0.047619047619 0.12448274368633 0.59664020209402 0.14113574988958 0.0796898186868 0.13327284310333998 0.7954756174773 0.060030595033 0.70392500051565
0.0 0.34756097561 0.1719512195122 0.2321138211382 0.2642276422764 0.0 0.0955284552846 0.09105691056910001 0.30650406504059996 0.19878048780489999 0.3130081300812 0.0 0.169918699187 0.1065040650406 0.0243902439024 0.0166666666667 0.1500000000001 0.2796747967482 0.0666666666667 0.16544715447140002
0.051724137931 0.6651542649721001 2.3979128856622998 1.7468239564431 0.9791288566256 0.1470054446456 0.4446460980035 1.1261343012692002 0.7068965517233 0.2944646098002 0.8843012704186 0.051724137931 0.448275862068 0.5049909255887001 0.14700544464589999 0.051724137931 0.6510889292190001 1.6529038112499002 0.206896551724 0.8411978221406999
0.0 0.0 0.0 0.0 0.0 0.0 0.0 0.0 0.0 0.0 0.0 0.0 0.0 0.0 0.0 0.0 0.0 0.0 0.0 0.0
0.0817805383022 0.2608695652174 1.2660455486539 0.27950310559 0.5165631469984 0.0238095238095 0.27950310559040004 0.0817805383022 0.22981366459619998 0.1739130434784 0.1159420289855 0.0 0.2981366459627 0.21118012422350002 0.0527950310559 0.0527950310559 0.1159420289855 0.47722567287779993 0.2318840579714 0.25051759834410003
0.0310880829015 0.3959604525386 2.7793315486369004 0.9495086871004801 0.59731277401248 1.2286629286252 0.1103840048254 0.997723872467 1.19662418264658 0.1416463644784 0.3589143912875 0.0 0.1056117113977 1.07739269797054 0.18068619339668002 0.0 0.0932642487045 0.69236114403908 0.00847457627118 1.05505213870118
0.00662251655628 0.1483079166411 3.4697126192386802 0.32462482532338 0.36338781213915994 0.09836563582208 0.0366972477063 0.22832492861016 0.30986086639526 0.06829090467206 0.04994228081896 0.0 0.02497114040948 0.56011908378478 0.1432043259004 0.0397350993377 0.0 0.6299289142709998 0.0550458715595 0.44285801081436005
0.0 0.0909090909091 0.1136363636363 0.0681818181818 0.159090909092 0.0 0.0454545454546 0.0 0.0454545454545 0.1363636363633 0.0681818181819 0.0 0.0681818181818 0.0 0.0 0.0 0.0454545454545 0.0 0.0454545454545 0.1136363636364
0.0 0.115942028985 0.811594202899 0.0 1.043478260869 0.0 0.1159420289854 0.1159420289854 0.115942028985 0.405797101451 0.23188405797 0.0 0.1739130434777 0.1159420289854 0.0 0.289855072464 0.173913043478 0.0579710144927 0.0 0.23188405797
0.00884955752211 0.41026435009291995 1.4250169820928198 1.2006728817541201 1.09798638647034 0.08926918145394 0.23610860273291998 0.5383255745834201 0.58174869736536 0.1056363253266 0.31773523568740997 0.0 0.06323673307642 0.59782683116843 0.07614986293010001 0.017182890855440003 0.07960387694893001 0.75996186217141 0.04373156342173 1.3506926043446699
0.0 0.0958904109589 0.3561643835619 0.041095890411 0.068493150685 0.0 0.1095890410959 0.027397260274 0.027397260274 0.0 0.095890410959 0.0 0.013698630137 0.027397260274 0.0 0.0 0.0410958904109 0.027397260274 0.0 0.068493150685
0.0461538461538 0.5187818776706 9.7016261838947 1.1688085643192 0.9732121183547 0.260905186247 0.224812717939 0.9892853785191 1.3727983184095 0.1233640187816 0.4248005921649 0.0750957854406 0.2053408846517 1.4700261017971001 0.4584322435049001 0.0137931034483 0.1461040001424 0.8369921129009 0.0 2.9896669656685004
0.0 0.0 0.0 0.0 0.0 0.0 0.0 0.0 0.0 0.0 0.0 0.0 0.0 0.0 0.0 0.0 0.0 0.0 0.0 0.0
0.1492069653948 0.36356821589135996 1.4370878973792003 0.9480951488546201 0.87021349019256 0.12034830798876 0.04011259676282 0.0788177339901 0.8287039515958001 0.10471804913866001 0.25300614998592 0.0 0.2379534084998 0.61736032493996 0.044549153994420006 0.2603408117369 0.2625065018511 1.11034884343652 0.02990851513012 0.24315393323716
0.3235075060311 1.6557653280853 5.1412680646894 1.3423780141985 1.205335465224 0.3754534708127 0.2610488626503 0.9396158497836999 1.1425357194106 0.2525948247002 0.4297756732193 0.04358348878360001 0.07030181279 1.3569565900682998 0.39649550048140003 0.3416373190123 0.15519668737050002 1.7881127988598 0.11470662594209999 1.663730397885
0.02727183091015 0.52066054307815 4.811689395820551 1.33008067348395 1.05210679956505 0.15619565801975 0.15873457427569998 1.3681513028822998 1.0044839162397 0.43078872890324993 0.22700174176210003 0.0 0.10746043093155 1.3787399500003499 0.3050119805619 0.0 0.027397260274 1.0540728872915 0.0185950413223 2.0215572846847003
0.03538381819527 0.47785017285247006 1.0510566200759701 1.43708188460174 0.452810895555 0.52379494378007 0.2503427786666 0.21013810030451 1.3736475296170103 0.5023515279475701 0.42322351710197 0.00584795321637 0.18224969975786998 0.8603077495058401 0.3585999328254 0.1333837143395 0.0998967797034 2.60099320187864 0.00584795321637 1.01519122685534
0.0 0.18766756032150003 1.4745308311052998 0.8713136729222999 0.214477211796 0.0670241286863 0.0268096514744 0.12064343163529999 0.5764075067014 0.0 0.12064343163550001 0.0402144772117 0.0134048257372 0.3217158176941 0.0804289544234 0.0536193029491 0.0 0.45576407506589994 0.0 0.3753351206434
0.1857648472252 0.4045523914665 0.7575304953945999 1.2829460300959998 0.4336786050592 0.0267558528428 0.1093937721206 0.29668474202100004 1.0171048406584 0.2258986264896 0.1920316913988 0.0 0.0 0.44877387047100004 0.08263791927780001 0.2834980319148 0.1432607072118 1.2443095106659001 0.0425041400136 0.8226739256716
0.0229007633588 0.44554943001365 3.08158149152655 1.1406823630785499 0.4308684721563 0.19272081177505 0.2590969001776 0.58344067669365 0.60387944308465 0.06165377236355 0.11671819018929999 0.0888148061389 0.12156641312649999 0.36914652190705 0.21605512990005 0.00763358778625 0.20707254344470002 0.89456884613965 0.040522137708899994 1.1155276994323
0.0579903480205 0.6262452711343001 2.6742523214147003 1.1060846593197 1.10562065273465 0.1772015179392 0.2715786995638 0.34666733242005 0.85317620666655 0.396397740173 0.5867697204470499 0.0403280929596 0.13562538590345 0.9928437704242503 0.21788112066375 0.1455597034542 0.10315570897529999 0.8792901873836001 0.08596645135030001 1.1973651090533497
0.0298507462686 0.12772870342159 0.14265407655600001 0.15209665955926 0.1332114935527 0.02172809422273 0.054421768707560006 0.10051781906796 0.21992080414263 0.10600060919873 0.17382475378223003 0.0 0.0761498629303 0.055741699664930006 0.02172809422273 0.0489389785765 0.1305716316378 0.16306223982133 0.01360544217686 0.22824652248963
0.0152671755725 0.46347218225790004 1.3981406882083 1.6125243310067 0.9623813070183 0.18593456441130002 0.2159611380985 0.45111964929500004 0.6569023882453999 0.3830199218015 0.2041163825932 0.0 0.14318731910420002 0.67152214756 0.030534351145 0.1220908583131 0.2347438262726 0.5659932973372 0.1403192227619 0.5427692489966
0.0 0.0 0.37500000000120004 0.0 0.0416666666666 0.0 0.0 0.0416666666666 0.0 0.0 0.0833333333332 0.0416666666666 0.0416666666666 0.125 0.0 0.0416666666666 0.0 0.0 0.0 0.20833333333300003
0.0 0.0 0.0 0.0 0.0 0.0 0.0 0.0 0.0 0.0 0.0 0.0 0.0 0.0 0.0 0.0 0.0 0.0 0.0 0.0
0.0 0.340680223493 0.61318379677736 0.6492090046774001 1.03328839656958 0.392379158004 0.15469886954256 0.3437337577965 0.74684901247336 0.19257568866968 0.23639715436575998 0.0 0.0814140462578 0.42696693087316007 0.2051633965696 0.0 0.01171875 0.6501104469857599 0.0 0.92163136694378
0.00609756097561 0.06723293215461 1.80013845989933 0.37786239216088 0.34835978272432 0.06278623921609999 0.03312386835653 0.12836830333361 0.40241239748640006 0.07942805410601 0.06459686867605 0.0 0.02092874640533 0.5151240813711799 0.0985461710513 0.02702630738093 0.05668867824043 0.35709340717825 0.01483118542974 0.53935456385144
0.0 0.06 0.08 0.0 0.14 0.0 0.06 0.14 0.06 0.1 0.04 0.0 0.12 0.06 0.0 0.04 0.0 0.04 0.04 0.02
0.0 0.0510204081633 0.18367346938759999 0.0816326530611 0.1122448979591 0.0102040816326 0.040816326530500005 0.08163265306140001 0.05102040816310001 0.040816326530500005 0.0408163265306 0.0 0.0204081632653 0.12244897959180001 0.0 0.0204081632653 0.0204081632652 0.0102040816326 0.040816326530500005 0.07142857142850001
0.05111447600478 1.0887312780019798 1.95722510717028 2.42256368535244 1.10578365001788 0.29352986818460003 0.46484816788608 0.38015379113034004 0.9101763696734999 0.0682565789476 0.6384152400285 0.0546932742054 0.060606060606 1.09588329797928 0.25150499495936 0.0273832729973 0.19831400146688 1.5368298409844399 0.062212071197880005 1.33177497320388
0.153846153846 0.480578827113 0.5696877380049999 0.118811881188 0.29702970297 0.0 0.29702970297 0.059405940594 0.118811881188 0.24295506473700001 0.480578827113 0.0 0.332063975628 1.166031987821 0.029702970297 0.089108910891 0.118811881188 0.059405940594 0.029702970297 0.356435643564
0.03324808184143 0.5260028064516901 7.36976088832591 2.1194388146498397 1.8309059298598203 0.5027039223180301 0.44709006103676 1.1899366059791 2.05682056572324 0.16653485355248 0.4601555119054 0.0 0.4664485499663 1.9037446841578 0.52525794084848 0.09763115433570001 0.0914830383429 1.53384616345232 0.03324808184143 3.6457423454115
0.0 0.0 0.0 0.0 0.0 0.0 0.0 0.0 0.0 0.0 0.0 0.0 0.0 0.0 0.0 0.0 0.0 0.0 0.0 0.0
0.10222222222220001 0.44216824111569997 0.8449527665325 0.8476893087425 0.7531938821427 0.25284300494830003 0.09980506822600001 0.5063952616588 0.9379592142744001 0.1902534113062 0.2475633528266 0.0074074074074 0.1452631578946 0.31016794122040003 0.0548148148148 0.117582846004 0.16725146198840002 1.1257579847058001 0.0350877192982 0.8116209326743
0.0827359260851 0.9492943596578299 3.6988158031199805 1.67096311242519 1.3933629250525001 0.23674210928142997 0.4728302228503299 1.31224031163168 1.3756310641696 0.11104877524704998 0.40372474898201993 0.02536796304253 0.40247283344831 1.90564011935909 0.35201505519308995 0.1152303212062 0.12107553981732999 1.96667181350749 0.10682624777453001 2.29731074814845
0.0353062806927 0.8403764683612199 2.2306026602843696 1.40017950485622 1.6032589912850301 0.23740213493096998 0.31148376323770993 0.48349210433937 1.12382489102858 0.2728070669059 0.55530100243569 0.00573065902578 0.17344640725499 0.8312848812581202 0.17871020920889003 0.05218039800599 0.24177574177088998 1.23386521404068 0.0328767123287 1.1560949087515902
0.131455399061 0.6140845070425 0.9583098591551 1.6230985915494 0.7355868544606 0.2723004694829 0.3451643192480999 0.3391549295772 0.5842253521125 0.10572769953029999 0.26948356807490004 0.0140845070422 0.1284507042253 0.602629107981 0.1353990610327 0.0133333333333 0.0689201877933 1.0965258215967 0.0422535211267 0.9198122065730001
0.0645161290321 0.1935483870968 1.0161290322586 0.4999999999997 0.2258064516128 0.0483870967741 0.1774193548385 0.0967741935482 0.33870967741869995 0.016129032258 0.0645161290322 0.0967741935484 0.032258064516 0.3548387096767 0.0967741935483 0.0322580645161 0.0645161290321 0.2258064516128 0.0 0.35483870967779996
0.0444444444444 0.11437451437440001 0.4131572131573 0.3238021238021 0.30779590779539995 0.0296296296296 0.05677285677280001 0.0794094794094 0.251385651386 0.0740740740741 0.21807821807760003 0.006993006993 0.006993006993 0.116032116032 0.0296296296296 0.021807821807800002 0.006993006993 0.5254079254077 0.0357938357938 0.3374255374252
0.038626609442 0.47870804927349997 1.5085908482126 1.3031326891526 0.7575874010424999 0.15866334338670002 0.1425166405397 0.47858166817650005 0.9412210691889 0.11843394063139999 0.2106397449541 0.0662763790272 0.1205938225568 0.5650258028876 0.1640799461525 0.0128755364807 0.0550200520649 0.8885972450377999 0.0257510729614 0.9650781388262
0.075399376235 0.7052878450857999 2.3786198519838 1.4089871556792002 1.3327502542335 0.22039518435750002 0.2716028361919 0.7162088337231001 1.2722985773123998 0.1945213947302 0.6978117634463998 0.008547008547 0.0799755799755 0.7072789868752 0.4064446076984 0.2380952380951 0.1565190071456 1.5702420065230998 0.0825702075701 1.4764442845922
0.0 0.6355526826109 0.7323421676358001 1.0138332255986 0.8799827623351 0.1866839043314 0.3505279034698 0.07058823529410001 0.9629821159257002 0.1642749407454 0.5904761904759 0.0 0.2572721396255 0.4994613229904 0.188235294118 0.0925662572721 0.25727213962490003 0.42689075630330003 0.1129928894634 0.5780650721824
0.036218587953700004 0.34881419744 0.847788997825 0.5389246950644001 0.642887633923 0.0988292430317 0.178526091855 0.3061616946233 0.6937781230107001 0.1947865275475 0.2164857696693 0.0 0.3190127292701 0.33724658674999997 0.1363312549422 0.036218587953700004 0.20650669353860002 0.3488141974399 0.1276356027683 0.3850327853936
0.0 0.0 0.272727272727 0.0909090909091 0.0 0.0 0.2727272727271 0.0 0.0 0.0 0.0 0.0 0.0 0.0 0.0 0.0 0.0 0.181818181818 0.0 0.1818181818182
0.0 0.08 0.10666666666670001 0.12 0.0666666666667 0.0 0.04 0.08 0.0399999999999 0.0266666666667 0.0399999999999 0.0 0.0666666666667 0.08 0.0266666666667 0.0133333333333 0.08 0.04 0.0133333333333 0.0799999999999
0.061582733813 0.8927257504342001 0.96033619927962 0.8770130719376 1.1217991160615 0.25561443766930003 0.21377609708956 0.3944204019727 1.29651212967982 0.095736169685 0.35777643221190003 0.0 0.036653435872 0.8227465867594 0.2921975305416 0.128377573803 0.08 0.9525919736078601 0.08658273381289999 1.073557625769
0.0725922141214 0.2707567748152 1.4173954055063 0.5282685165162999 0.6554326252292999 0.2278381511975 0.05775541886919999 0.29196061862559997 0.6040442549182001 0.1107355513194 0.1404091418239 0.0148367952522 0.08742900937360001 0.7396781103241999 0.09749051820679999 0.0264900662251 0.0413268614773 0.714779806236 0.0148367952522 0.8859433647107
0.0 0.2500000000003 0.0 0.0833333333333 0.0833333333333 0.0 0.166666666667 0.0 0.0 0.0833333333333 0.1666666666666 0.0 0.0 0.0 0.0 0.166666666667 0.0 0.0 0.0 0.0
0.0 0.24 0.0 0.18 0.36 0.0 0.18 0.06 0.36 0.36 0.3 0.0 0.12 0.0 0.0 0.18 0.12 0.18 0.06 0.3
0.06097730175914 0.48728616661096 0.80913382038504 0.99008095261334 0.9092243440858999 0.18407074966454 0.1763785097659 0.2606845035434 0.51985012263304 0.14083976952508 0.20686059694344 0.0 0.07144850594764 0.398813547785 0.2006692122986 0.035333536399600005 0.13746933336514 0.7017509222551 0.051040342682340006 0.65808776174102
0.0266666666667 0.0533333333334 0.45333333333299997 0.0533333333333 0.1333333333334 0.0 0.0266666666667 0.1066666666667 0.18666666666639997 0.1333333333337 0.133333333333 0.0 0.0266666666667 0.1599999999997 0.0266666666667 0.133333333333 0.1866666666667 0.0533333333334 0.0533333333333 0.0533333333334
0.0343049449058 0.5023834993884599 3.0422023450721 1.04443869038736 0.80692372556606 0.21528594539060003 0.29326206949326 1.0549375675919999 1.1160465178368602 0.22246884307918 0.32083514246747996 0.0175438596491 0.07009352275568 1.182652472997 0.16428765079548 0.0253439677087 0.07887009293880001 1.04226361393168 0.090118052805 1.6757374752385
0.0 0.0 0.0 0.0 0.0 0.0 0.0 0.0 0.0 0.0 0.0 0.0 0.0 0.0 0.0 0.0 0.0 0.0 0.0 0.0
0.1785714285712 1.129761904762 0.8809523809516 1.4523809523822 0.7928571428579 0.358333333335 0.17499999999979998 0.3226190476187 1.2261904761901 0.3488095238092 0.5142857142855 0.0 0.1499999999998 0.8928571428565002 0.16428571428560002 0.1499999999998 0.27023809523779996 1.3476190476195 0.05 0.5952380952387
0.0931637323216 1.0684277933324 3.8284311473357504 2.2672349870129502 2.0273435519423 0.6113664877986 0.421717490031 2.59361011216705 2.4451130536738 0.2549371292656 0.5970885579313501 0.06062647134469999 0.6046492905498501 2.9555472302315997 0.4375893374713 0.19309802096715 0.17618321150240002 2.3762011942051 0.08043275942285 2.9072384414952
0.16610040305909998 0.59303376514455 2.2232920736635498 2.09037589963933 1.12647837001144 0.1523217636021 0.37199165426691 0.47451068464325996 0.8852206209293 0.13363357394967001 0.3764450284712 0.0192307692307 0.02181050656657 0.5465532781339 0.30270897263699004 0.0192307692307 0.03220274390239 1.58648459422129 0.0121951219512 0.86617940674328
0.1061946902653 1.0889306121611 1.127284588568 1.6274890301445997 0.8121148762736999 0.2922424183484 0.5555786396487 0.480678981785 1.2208668912203 0.350658559729 0.4165764176822 0.0 0.26924808230089997 1.276247719832 0.1695063785776 0.1564188024363 0.077922077922 1.4470190576374 0.0512820512821 1.4737401241822001
0.00534759358288 0.037433155080259996 0.12299465240638 0.1497326203209 0.10695187165768 0.01069518716576 0.02673796791446 0.053475935829040006 0.10695187165787999 0.02139037433156 0.0374331550803 0.0 0.0106951871658 0.06951871657768 0.01604278074868 0.0160427807487 0.01604278074868 0.096256684492 0.0 0.09625668449228
0.0113636363636 0.23726930963800003 0.6351871812393 0.9179110363334999 0.6457029812297 0.1638164467112 0.3437220674061 0.1203007518796 0.7432764603825 0.20123954992370002 0.3516154897738 0.0 0.260844418739 0.3274948735478 0.08287764866700001 0.19528497817950002 0.0227272727273 1.0814514432945002 0.2608444187392 0.39707003522780004
0.0377358490566 0.3130157690069 0.7114281212731001 0.9033147989507 0.5659605237483001 0.0423602278382 0.1666967515615 0.2658370887282 0.7268580205113001 0.1315464644682 0.2815904440635 0.0 0.09690744668960001 0.44523210061780005 0.1228089762196 0.018691588785 0.155567775008 0.2834706630533 0.0 0.7309773904182
0.04208260563170001 0.64575032917158 2.47748364787296 1.30548931440038 1.3189573831066599 0.3070457191785 0.1834389668467 0.6935123373409 1.16530287571048 0.2284271454664 0.45955603524960004 0.0243902439024 0.0867347909824 0.9152498958736601 0.37520907858630004 0.16991645596389998 0.14294740295508 0.90602861321598 0.23183607250426 1.3206410860454
0.133333333333 0.28333333333309996 0.3166666666666 0.2666666666665 0.483333333333 0.0 0.15 0.09999999999999999 0.48333333333300005 0.18333333333329999 0.3166666666663 0.0333333333333 0.0666666666666 0.2000000000003 0.05 0.0666666666666 0.18333333333340002 0.36666666666729997 0.0666666666666 0.25
0.0172413793103 0.48578361612827003 0.96427355105547 1.0658328772121402 0.44763242717313995 0.160000000001 0.24558657179347 0.2654387885421 0.6784321595820999 0.3457489509214 0.41849601654317004 0.0 0.093262786596 0.27350909201456997 0.15310040746817 0.08019704433489999 0.1105041659063 0.5232713008575 0.19569664903 0.47599221553247995
0.0 0.0 0.0 0.0 0.0 0.0 0.0 0.0 0.0 0.0 0.0 0.0 0.0 0.0 0.0 0.0 0.0 0.0 0.0 0.0
0.0405405405405 0.085995085995 0.2899262899263 0.1314496314495 0.1449631449631 0.030303030303 0.1113841113841 0.030303030303 0.1838656838656 0.10974610974639999 0.12981162981150002 0.0 0.028665028665 0.0995085995085 0.1011466011466 0.028665028665 0.1081081081082 0.1617526617526 0.0675675675676 0.116298116298
0.04077457417442 0.47814213235864 1.42485331326726 1.11970997313146 1.43029486018484 0.27590248136580003 0.2782972901442 0.5102475098119 1.6041759527936 0.05431859680182 0.3314926573184 0.08875142061512001 0.14448913917939998 1.3878752205280398 0.4418355776724 0.0727272727272 0.15098871289270002 1.02691509866502 0.0750786163522 1.0631296000140602
0.0243838763575 0.2540726817036 1.2930242272345 0.496762740184 0.5228696741863 0.1395154553045 0.048193400166999995 0.30962823725949995 0.4497180451133 0.0079365079365 0.1627506265665 0.0 0.0572786131996 0.6970029239762 0.1139828738512 0.0 0.0 0.6051065162917 0.0243838763575 0.7933897243107001
0.0 0.2588235294117 0.4147058823529 0.0588235294117 0.10294117647050001 0.0147058823529 0.4441176470588 0.0 0.1176470588236 0.220588235294 0.0588235294118 0.0147058823529 0.16176470588240002 0.0147058823529 0.0 0.0147058823529 0.0294117647058 0.0294117647058 0.0147058823529 0.0294117647059
0.0 0.0 0.0 0.0 0.0 0.0 0.0 0.0 0.0 0.0 0.0 0.0 0.0 0.0 0.0 0.0 0.0 0.0 0.0 0.0
0.171897810219 0.44801046771577996 1.4240461349416602 1.0139185827867 0.99763180882699 0.0836713995943 0.7365500214694599 0.41700300558175 1.3236937563856 0.32919708029199 0.4658007728639 0.0 0.14183569979706 0.61559497194285 0.12027509216610001 0.07935809360239 0.30729927007298996 1.35575428258361 0.00735294117646 0.9611088079834801
0.0281690140845 0.056338028169 0.11267605633800001 0.0563380281689 0.0845070422534 0.0281690140845 0.0704225352111 0.0 0.0704225352113 0.0281690140844 0.0422535211267 0.0 0.0422535211267 0.0563380281689 0.0281690140844 0.0281690140845 0.0563380281689 0.1267605633802 0.0281690140845 0.0563380281689
0.0353792548914 0.3004130438637 2.8644099480743996 1.6987311307478998 1.1782633281794 0.302329834512 0.3845283318452 1.2668149325189 1.73860810247 0.11841092712389999 0.48701311729950003 0.0 0.2157744108802 1.1907597436986 0.9708085118824001 0.09040670145339999 0.2504987605992 0.9690743349887999 0.12226426956120001 2.8155113154127003
0.25 0.0 0.0 0.5 0.0 0.0 0.0 0.0 0.0 0.0 0.25 0.0 0.0 0.0 0.0 0.0 0.0 0.0 0.0 0.0
0.1565135946973 1.3088179137762999 0.7234025032694001 1.4927276272761 1.232689197682 0.19530357153599998 0.34162941954290005 0.4028959718174 0.961307965759 0.28608782542600003 0.48152646652209996 0.0 0.38938053097340003 0.5752276638150999 0.4035357620938 0.1272535257617 0.1846260628144 1.0882858103292 0.070796460177 0.5779921267298
0.0119402985074 0.5924332255381 1.6696498449127999 1.515325893125 0.9975755937003999 0.0929413704954 0.22309519684950002 0.9822300762237 1.1041158292645 0.0632650699987 0.4876218717961 0.053196627680000004 0.1325393248754 1.0791286404919 0.2904374866431 0.0358208955223 0.1221373751397 0.8731729378284999 0.015503875969 1.6578685654325
0.0275229357798 0.7986877541173001 2.1050688164402 2.5562606762686 1.5187018203039 0.205370314877 0.1778156839241 1.4436390315087 2.0474097865395002 0.3643137979856 0.5488356143743001 0.0 0.24108020991789997 1.5278580856970003 0.9152317397383001 0.33673346209590005 0.2075688073394 1.7594913394847 0.0550458715596 1.1633642520512
0.0751587861679 1.07816583510517 0.6857457875881701 1.3644792511456998 0.90082772209661 0.1544873480044 0.34894245018024006 0.25187843907251 1.09144621232644 0.210725156467 0.1886840120035 0.08554376657827001 0.11871243277417 1.04854752613461 0.24844495635657002 0.0651472355 0.11703283437950002 1.1176805880866099 0.0455989110707 1.80275074896101
0.0282485875706 0.1129943502824 0.5367231638426 0.4802259887 0.621468926554 0.0564971751412 0.1129943502824 0.3954802259886 0.6214689265541999 0.141242937853 0.0847457627118 0.0 0.141242937853 0.3954802259892 0.0564971751412 0.112994350283 0.0847457627118 0.45197740112999996 0.0282485875706 0.536723163842
0.0 0.1603610475465 0.11811594202902001 0.31980676328540997 0.2830155097893 0.01739130434782 0.30547927790511 0.14296974319861 0.2971014492754 0.14173658784671 0.09734299516911002 0.0 0.2134502923978 0.06256038647342 0.00869565217391 0.0260869565217 0.053864734299510005 0.34635138571081997 0.2383040935678 0.16736587846441
0.0 0.34805206028534 0.8343092908635 0.7974120091223 0.8387051322885999 0.11969071374410001 0.2534730973746 0.5685562965158 0.88170699058456 0.3852054731663 0.13822148544994 0.0246913580247 0.42419053990342 0.13198500842282002 0.2924418489551 0.00621118012422 0.2245302786514 0.3654872776339 0.01863354037266 0.3464964185121
0.0260198637445 0.5959812459674101 1.05816943023371 1.2378123347602 0.63224330633901 0.23780301521980998 0.30615991269011 0.332951921885 1.38216631038512 0.1487760267825 0.6601469148456102 0.0 0.1506910214014 0.83139377482921 0.24693226014421 0.05631472957421 0.07486582160721 0.7356485611605099 0.1397791543225 1.1461443941036298
0.0 0.1853309481217 0.3001788908764 0.18944543828260002 0.2851520572449 0.054025044722700005 0.1388193202146 0.0232558139535 0.4239713774598 0.088908765653 0.0889087656528 0.0116279069767 0.0656529516994 0.2660107334524 0.0116279069767 0.0232558139535 0.2236135957066 0.3466905187837 0.0 0.2735241502681
0.0294117647059 0.46370223978900005 0.40132582677315004 0.9324531393590001 1.0282597624041 0.10970261622425001 0.14536597247595 0.22246653602150002 1.0105230234387501 0.42986071899135 0.38745419116225 0.03655462184875 0.30228020061765004 0.5051909301273 0.03744588744585 0.24735831091315003 0.22288061469630002 0.7918678934019999 0.0900178253119 0.60587792429195
0.0 0.0 0.0 0.0 0.0 0.0 0.857142857143 0.0 0.285714285714 0.0 0.0 0.0 0.0 0.571428571429 0.0 0.0 0.0 0.285714285714 0.0 0.0
0.0344827586207 0.10344827586220001 0.1379310344827 0.051724137931 0.051724137931 0.051724137931 0.0 0.0344827586206 0.10344827586220001 0.0172413793103 0.0 0.0 0.103448275862 0.0344827586206 0.0172413793103 0.0 0.0344827586206 0.08620689655159999 0.0 0.1379310344827
0.020202020202 0.7346443965524001 0.7502231365384799 0.75455252960616 0.66055218129659 0.13280705764539 0.13415131922669 0.46494851532549003 0.6998704719611 0.2349137931037 0.1295715778474 0.020202020202 0.00781249999999 0.50779345175869 0.27531783350800004 0.0 0.125 0.64274479710868 0.015625 0.6890673981186701
0.00836820083681 0.22378295809202 0.2960749153215 0.27718004914641 0.30142126585639994 0.0502092050209 0.032177724646309996 0.17098359566962001 0.31237962409531 0.0079365079365 0.07358703593011 0.00836820083681 0.041409311283710004 0.38942020322732 0.09118682340459999 0.0 0.024672909610099998 0.35292554957791 0.00836820083681 0.3295477186689
0.0 0.0 0.0 0.0 0.0 0.0 0.333333333333 0.0 0.0 0.0 0.0 0.0 0.333333333333 0.0 0.0 0.0 0.333333333333 0.0 0.0 0.0
0.0 0.2144144144142 0.1477477477476 0.234234234234 0.20720720720699998 0.027027027027 0.3477477477473 0.1468468468467 0.1747747747747 0.1207207207206 0.3405405405405 0.0 0.1144144144143 0.1279279279278 0.0 0.0405405405405 0.3612612612619 0.0603603603603 0.0801801801801 0.2540540540538
0.09355180769009999 0.6471866117838001 1.1458568982111799 1.3052567675286402 0.9773447698929798 0.3322337024255 0.48113851485759995 0.66351034934706 1.0083502871023802 0.09739036857679999 0.7491633053123 0.0 0.049967635608300004 0.85147987985786 0.2194876669408 0.0704343147232 0.0108695652174 0.75437781905418 0.11218724778039998 1.43021248808936
0.0 0.0701754385964 0.2456140350877 0.3157894736847 0.1754385964912 0.0 0.1052631578947 0.2807017543864 0.1754385964914 0.0 0.0701754385964 0.0 0.1052631578947 0.0701754385965 0.0 0.0701754385965 0.0701754385965 0.0701754385964 0.0350877192982 0.140350877193
0.09869926291110001 0.4732832746361 2.3391810584636 1.3800272551869501 1.3323916289727502 0.3360382152093 0.5279853832149 1.2407730676089501 1.7326833212456 0.3664912939872 0.6219013001717499 0.0338983050847 0.181966336034 0.9250284355451 0.44101074068355 0.0872224824901 0.20621017324319998 1.2776986075939 0.0863402314394 2.311169626273
0.0 0.0 0.0 0.0 0.7857142857146 0.0 0.0 0.0 0.0 0.0714285714286 0.0 0.0 0.0 0.142857142857 0.0 0.0 0.0 0.0 0.0 0.0
0.0555555555555 1.4801587301597 0.9790249433096001 1.7543934240374 1.9606009070263 0.4251700680276 0.5099206349198 0.24107142857129998 1.3863378684796999 0.2922335600905 0.7217970521542 0.0 0.160714285714 0.43849206349180003 0.18112244897930002 0.46031746031779996 0.54365079365 0.9260204081621 0.0 0.4834183673464
0.00931677018633 0.5368342070539001 1.80938044720653 1.31625371043019 1.34206148199763 0.1910540520832 0.4321228971137 1.1338060419309302 1.86339212271963 0.31775762138686003 0.13060338040903 0.0348837209302 0.01863354037266 1.26696137995729 0.3265084510224 0.060607193599 0.21510455153673003 1.5482466060968303 0.0373513796455 1.4091204443190002
0.0162601626016 0.7798207080758202 2.1566518437246103 1.3928650318256302 1.3765314068256098 0.18526488765571 0.2197937823149 1.1960370955994102 1.7862537631987299 0.5586969316069 0.3014745056641 0.0 0.1328372605759 0.6751277207059 0.6923859528480201 0.0325203252032 0.11382113821130001 1.11347857498781 0.0 1.27017890837432
0.0 1.6407107180842 0.4993449602875 1.1927044952108001 0.4825595676735 0.26213870465899997 0.08466388274770001 0.3806190125273 1.2943994104634 0.1947514943089 0.338655530991 0.0 0.143904036682 0.7780234176706999 0.19450585441719997 0.1355113403747 0.1525423728815 1.2939081306798998 0.0254237288135 0.9056333415212001
0.0267857142857 0.1339285714285 0.48214285714339994 0.3482142857146 0.2142857142856 0.0267857142857 0.0803571428571 0.2410714285715 0.2678571428575 0.0535714285714 0.0803571428571 0.0 0.0267857142857 0.24107142857129998 0.0 0.0803571428571 0.0803571428571 0.3214285714284 0.0 0.2946428571434
0.157894736842 0.1578947368419 0.4718693284941 0.43738656987269997 0.7005444646114001 0.0 0.3303085299453 0.1397459165153 0.297640653358 0.20871143375669998 0.2105263157893 0.0 0.1215970961887 0.26134301270439997 0.0 0.0526315789473 0.0344827586207 0.19237749546299998 0.1215970961887 1.1034482758614
0.0 0.31672635098199997 0.8600117466342998 0.9603574876475001 0.47478872703640007 0.0809923290199 0.1196373286156 0.4824715964479 0.409578262544 0.0548703352308 0.11040409372570001 0.0300751879699 0.051580564314 0.4440774612054 0.1565120105765 0.0147058823529 0.0 0.43022760886989997 0.0601503759398 0.9428326508877998
0.087912087912 0.5593026081131 1.1127141527633 1.0321509946040999 0.5704016467466 0.252962723551 0.3848812847558 0.4254402251898 1.0162519999817 0.1705978627129 0.47392115602350005 0.0 0.0425531914894 0.5707775745325 0.1973666717095 0.010989010989 0.087912087912 0.5526230131989 0.1270727603644 1.3241689474478002
0.0 0.1640625 0.28125 0.328125 0.28125000000010003 0.09375 0.140625 0.09375 0.281250000001 0.28125 0.09375 0.0 0.0703125 0.046875 0.046875 0.1406250000001 0.328125 0.1171875 0.09375 0.1171875
0.0 1.236884550087 0.8793187606112 1.0085738539889 0.522039473684 0.217763157895 0.34155348047550005 0.38230050933820003 0.712563667233 0.36030348047599997 0.43205645161399997 0.0 0.1770161290322 0.1802631578949 0.01875 0.105263157895 0.2615343803061 0.5105263157899 0.2667763157899 0.386513157895
0.0 0.0 0.0 0.0 0.0 0.0 0.0 0.0 0.0 0.0 0.0 0.0 0.0 0.0 0.0 0.0 0.0 0.0 0.0 0.0
0.0 0.1428571428571 0.0408163265306 0.061224489795900006 0.2040816326535 0.0 0.0408163265306 0.061224489795900006 0.1020408163265 0.0204081632653 0.0204081632653 0.0 0.1020408163265 0.0204081632653 0.0 0.0204081632653 0.0204081632653 0.0204081632653 0.0 0.12244897959180001
0.0491803278688 0.21360738001427998 1.14267009868742 1.099027995721 0.95570691267152 0.15000602629751997 0.29317162939732 0.3705514540591 0.6955819394727 0.21519538522442 0.6046326408715 0.0 0.059999999999899994 0.66094653047842 0.23379930324502002 0.0 0.059999999999899994 0.9737396995561199 0.0731707317073 1.14901194472512
0.0 0.33611255862519995 0.6887515819239 0.37296210824079995 0.5759696270376 0.0902255639099 0.039603960396 0.23985706841379997 0.5418744882017 0.09900990099 0.0423583711754 0.0 0.0874711531303 0.6859971711452001 0.1919898756792 0.0 0.0 0.6095436611327999 0.0 0.3982729099978
0.0 0.0 0.0 0.0 0.0 0.0 0.0 0.0 0.0 0.0 0.0 0.0 0.0 0.0 0.0 0.0 0.0 0.0 0.0 0.0
0.0 0.0 0.0 0.0 0.0 0.0 0.0 0.0 0.0 0.0 0.0 0.0 0.0 0.0 0.0 0.0 0.0 0.0 0.0 0.0
0.0227272727273 0.6197001321105 0.6128259142439 0.5523054485823 0.6219873968103 0.26266579280749996 0.1817173395188 0.0382048715382 0.8379812759246001 0.0609321442654 0.3730209093682 0.0113636363636 0.0 0.23184782138670001 0.1492674976716 0.0721099887766 0.0227272727272 0.826387154401 0.0135135135135 0.4887146172604
0.0 0.0 0.0 0.0 0.0 0.0 0.0 0.0 0.0 0.0 0.0 0.0 0.0 0.0 0.0 0.0 0.0 0.0 0.0 0.0
0.00858369098711 0.49206811144294 1.47847946199192 1.28806830862639 0.8269559157167901 0.30739210104422005 0.22786533929891004 0.87938125003748 0.8016092634486599 0.25060568322181 0.33582007625787 0.00858369098711 0.11103520334418002 0.75917403919209 0.35940256887111 0.0358365425759 0.15378259597162003 1.17620692988568 0.05957289282953 1.43957633426682
0.125 0.375 0.0999999999999 0.0999999999999 0.4 0.0 0.0999999999999 0.0 0.0 0.0 0.0999999999999 0.0 0.0 0.2 0.0 0.0 0.5 0.0 0.0 0.0
0.00980392156863 0.6093271055320301 0.32469712450719007 0.31404174573109 0.2213788741308 0.051865907653400004 0.19306184012053001 0.1331435800127 0.28849802948476 0.10633484162899 0.25473166934276004 0.0 0.0322580645161 0.09653092006040001 0.03921568627453 0.0294117647059 0.0392156862746 0.18785578747685996 0.00980392156863 0.05882352941183
0.0669882721125 0.6013619076104 1.1952089068990002 1.1796198042468 0.9060445058301001 0.3488730503416 0.212121212121 0.7007517415982 1.1512606235423002 0.26277606574199996 0.49149878618700005 0.0310880829015 0.2243076439967 0.893264729767 0.2781723852679 0.0454545454545 0.0709687549066 1.0456907009445 0.0189393939394 2.2756088865909
0.0340909090909 0.5878564084967001 0.9145401205130099 0.99963940588662 0.79422317460883 0.23793246474441 0.1575476992142 0.45283023471471 1.35353514320361 0.25571561862191 0.4598426376048 0.0 0.0928731762065 0.34467745083673007 0.24241692285150998 0.074074074074 0.0987654320988 1.03503883580082 0.0 0.86440029143761
0.0133333333333 0.40356060606090005 0.21156926406930002 0.6499242424244001 0.4303246753246 0.2019913419912 0.1069805194806 0.1818831168829 0.3417857142856 0.025 0.1615692640691 0.0 0.169383116883 0.5557575757577 0.2678246753251 0.0444805194805 0.0194805194805 0.6157575757576 0.0444805194805 0.5549134199138
0.0 0.3336032388669 0.38218623481870007 0.4259109311735 0.3643724696351 0.5724696356278001 0.07692307692309999 0.16923076923070002 0.5311740890684999 0.0153846153846 0.0769230769231 0.0 0.0307692307692 0.3360323886642 0.0461538461538 0.0153846153846 0.0 0.4542510121454 0.0 0.1692307692308
0.0 0.1818181818181 0.06734006734 0.2087542087541 0.12794612794610002 0.0151515151515 0.1111111111111 0.045454545454500006 0.33670033670030003 0.0 0.08249158249150002 0.0 0.074074074074 0.15824915824910002 0.0 0.037037037037 0.037037037037 0.3013468013471 0.111111111111 0.10437710437709999
0.0 0.9619538537062 1.3458517427611998 1.2498772704961 0.5884879725080999 0.3005645557194 0.10787923416789999 0.47987236131629996 0.456799214531 0.0840697103584 0.23956799214519997 0.0 0.0721649484536 0.7811732940599001 0.21649484536059999 0.0 0.0 0.5758468335782999 0.0 0.5393961708398001
0.0882436180449 0.40669074441709996 1.1244166238264999 1.22498588716982 0.8027323986903401 0.41727295807380005 0.6637455627525799 0.5409483190708599 1.22172294242006 0.18974123222042 0.47695906191782 0.0 0.0460927960927 0.7060023163168199 0.24184065352526 0.0 0.0238095238095 0.8605706254257199 0.0 0.96422473622372
0.0 0.0434782608696 0.0869565217391 0.1304347826087 0.17391304347859998 0.0 0.0434782608696 0.0869565217391 0.17391304347859998 0.0869565217391 0.0 0.0 0.0 0.0 0.0 0.0 0.0 0.0434782608696 0.0 0.130434782609
0.0 0.10005652911239998 0.27769926512154 0.45364612775597 0.44686263425659994 0.0327868852459 0.08281514980209999 0.09313171283214 0.39683436970083996 0.1639344262295 0.08451102317699999 0.0 0.05002826455624 0.18979649519497 0.0344827586207 0.04140757490107 0.058648954211369994 0.28292820802747 0.00862068965517 0.2018089315997
0.0 0.0 0.0 0.0 0.0 0.0 0.0 0.0 0.0 0.0 0.0 0.0 0.0 0.0 0.0 0.0 0.0 0.0 0.0 0.0
0.0 0.062499999999900004 0.0416666666666 0.1875000000001 0.0416666666667 0.0208333333333 0.0 0.125 0.20833333333339998 0.062499999999900004 0.0208333333333 0.0 0.0416666666667 0.0 0.0 0.0 0.0 0.08333333333330001 0.0 0.10416666666650001
0.0 0.123588740027 0.2825530633751 0.3156706307393 0.414722264037 0.065934065934 0.021978021978 0.20833960559999998 0.29113352401000003 0.021978021978 0.035676652115 0.013698630137 0.049375282252 0.19208189071200002 0.057654674093 0.013698630137 0.021978021978 0.40042149631220003 0.0 0.46951678458640006
0.0 0.1180173992675 0.2042124542127 0.2267628205132 0.258012820513 0.053228021978 0.0214056776557 0.11801739926740001 0.1278617216118 0.0 0.0428113553114 0.021978021978 0.0104166666667 0.2754120879121 0.0856227106227 0.0 0.0 0.2348901098901 0.0104166666667 0.19093406593409998
0.0 0.0 0.0 0.0 0.0 0.0 0.0 0.0 0.0 0.0 0.0 0.0 0.0 0.0 0.0 0.0 0.0 0.0 0.0 0.0
0.0 0.0 0.0 0.0 0.0 0.0 0.0 0.0 0.0 0.0 0.0 0.0 0.0 0.0 0.0 0.0 0.0 0.0 0.0 0.0
0.0133333333333 0.4195270830861 0.6392240527834 0.5438860574454001 0.6060238631427 0.3420745920744 0.2164624076488 0.4561060408523 0.9165631543596001 0.098275058275 0.31371182489819993 0.0 0.0 0.6072715420173 0.10441112559750002 0.0338983050847 0.0587179487179 0.7772758879532 0.0133333333333 0.8399043893961
0.0 0.0 0.0 0.0 0.0 0.0 0.0 0.0 0.0 0.0 0.0 0.0 0.0 0.0 0.0 0.0 0.0 0.0 0.0 0.0
0.0514117538857 0.5488355578976 2.5295854981831 1.7460153297989 1.7139427398386 0.1138183689774 0.4111325639812 1.8840741941814 1.8232822097804 0.2686823037143 0.7575071043936 0.0 0.2727352577225 1.3574181526982 0.6757918929211001 0.07401261201449999 0.18803884807909999 1.4484881752242997 0.15482357884609999 2.9804038578585
0.0 0.0 0.0 0.0 0.0 0.0 0.0 0.0 0.0 0.0 0.0 0.0 0.0 0.0 0.0 0.0 0.0 0.0 0.0 0.0
0.0 0.5028275714893999 0.2365023474181 0.6131562099868001 0.5821062740078999 0.0833333333332 0.2933205292359 0.1190781049936 0.8661971830985 0.39319248826319997 0.6765898420837 0.0281690140845 0.1543427230046 0.5075757575769001 0.0 0.1190781049936 0.1543427230046 0.3345070422533 0.0845070422535 0.2511737089205
0.1346749226007 0.4692819600306 0.9009728115885999 0.8511740525936 0.7459710394959 0.1594684385385 0.2699464118573 0.6434103006601 0.7950145018697999 0.2382255227673 0.5064665245393 0.0907145672616 0.0 0.8269055397196 0.28854797733070003 0.0 0.11714192969270001 1.0832804959839 0.0895142863071 0.7892887171675
0.0357142857143 0.3385614385612 1.553296703297 1.5058441558434001 0.5741758241753001 0.212787212787 0.1580419580418 0.9266233766241001 1.1624375624367 0.15879120879109998 0.1664335664334 0.0 0.06993006993 0.9001498501493 0.3559940059935 0.0357142857143 0.06993006993 1.0790709290698999 0.0 0.6965034965028001
0.0 0.47625722686789995 0.5378039787975 0.7874735315243001 0.6722845235078001 0.0647548566143 0.220110224355 0.219217286047 0.5644497708980001 0.1816826190281 0.28253593069079996 0.0 0.1108336863582 0.5082400842529 0.1289508776493 0.092883546431 0.07346607070280001 0.6026536506164 0.0388349514563 0.4375671842015
0.0 0.0 0.0 0.0 0.0 0.0 0.0 0.0 0.0 0.0 0.0 0.0 0.0 0.0 0.0 0.0 0.0 0.0 0.0 0.0
0.0144927536232 0.0894927536232 0.111956521739 0.2579710144927 0.281884057971 0.025 0.07246376811579999 0.07500000000000001 0.30942028985500003 0.0289855072463 0.0 0.0 0.0289855072464 0.2264492753623 0.0144927536232 0.0144927536232 0.025 0.17898550724639997 0.0144927536232 0.2304347826086
0.0 0.3744765337705 0.734135405166 1.0996018038109001 0.2855845978923 0.1294126402659 0.17042552101740002 0.4289393291668 0.7328745157319001 0.3047064637217 0.010752688172 0.06664957703140001 0.0706080134491 0.19361204053870001 0.0958590711507 0.0 0.117119641356 0.4949905125602 0.0 0.6902516451984
0.0 0.25743928441380004 1.489271412969 0.5085547870409 0.530266784544 0.0786312340734 0.2797441364606 0.5381091060377 0.8261948099225 0.0298507462686 0.2543606011752 0.0 0.08809610484159999 0.4710281345881 0.0 0.1120235061624 0.10063965884850001 0.7182432783821 0.0 0.7175464142703001
0.0 0.0 0.0 0.0 0.0 0.0 0.0 0.0 0.0 0.0 0.0 0.0 0.0 0.0 0.0 0.0 0.0 0.0 0.0 0.0
0.0 0.2091870456046 0.25413086582940003 0.2247191011236 0.2766027759418 0.0 0.0968274950428 0.0743555849306 0.32848645075989996 0.0588235294117 0.1331791143423 0.0 0.16953073364170002 0.08988764044929999 0.067415730337 0.0294117647059 0.14705882352990002 0.4097818902839 0.0588235294117 0.3717779246535
0.0 0.0 0.0 0.0 0.0 0.0 0.0 0.0 0.0 0.0 0.0 0.0 0.0 0.0 0.0 0.0 0.0 0.0 0.0 0.0
0.0 0.1724137931037 0.0344827586207 0.2413793103449 0.2758620689657 0.0344827586207 0.0344827586207 0.10344827586210001 0.31034482758619997 0.0689655172414 0.1724137931037 0.0 0.0689655172414 0.10344827586210001 0.0 0.0344827586207 0.10344827586210001 0.10344827586210001 0.0344827586207 0.10344827586210001
0.0 0.270786695245 0.5842025879176 0.5084226403112 0.39139477653450006 0.2780344526483 0.0647773279352 0.16484877351729998 0.5048741763913 0.0384615384615 0.1551956815115 0.0 0.0 0.6627689132344 0.186266571406 0.09176788124150001 0.0128205128205 0.4229022783206 0.0 0.6624751925064
0.0 0.37416267942580006 0.33779904306200004 0.17671451355640003 0.511961722488 0.0363636363636 0.0883572567782 0.4755980861244 0.4054226475278 0.0 0.23125996810180002 0.0 0.0 0.948644338118 0.12472089314180002 0.0181818181818 0.0 0.5483253588513999 0.0 0.7224880382776
0.0322580645161 0.0322580645161 0.0 0.0645161290322 0.22580645161329999 0.0 0.1935483870971 0.0 0.0645161290322 0.0645161290322 0.0645161290322 0.0 0.0645161290322 0.0 0.0 0.0322580645161 0.0 0.1290322580644 0.0 0.0322580645161
0.0 0.0 0.0 0.0 0.0 0.0 0.0 0.0 0.0 0.0 0.0 0.0 0.0 0.0 0.0 0.0 0.0 0.0 0.0 0.0
0.0238095238095 0.2668956043959 0.195467032967 0.49337225274700003 0.20194597069590003 0.07692307692309999 0.0863095238095 0.1014537545787 0.3683493589744 0.0625 0.28801510989010004 0.0 0.0307692307692 0.1322229853479 0.0 0.031009615384600002 0.03125 0.36808608058619996 0.0394345238095 0.2021863553112
0.0 0.0 0.0 0.0 0.0 0.0 0.0 0.0 0.0 0.0 0.0 0.0 0.0 0.0 0.0 0.0 0.0 0.0 0.0 0.0
0.0465116279069 0.1797864183176 0.55929642991649 0.84134281880428 0.77127073308998 0.1577833470554 0.12575905829328002 0.35179255808418997 0.7289230308826801 0.15904057183120002 0.23907671122538 0.0178571428571 0.0258198422582 0.42579774213237 0.25349740521769 0.0060606060606 0.0793912708296 1.02331070225248 0.0494129158513 0.9582690671347002
0.666666666667 0.0 0.0 0.0 0.0 0.0 0.0 0.0 0.0 0.0 0.0 0.0 0.333333333333 0.0 0.0 0.0 0.0 0.0 0.0 0.0
0.0365853658536 0.3408215661102 0.27214377406909995 0.4871630295256 0.8395378690637001 0.12580231065459999 0.30872913992330003 0.1418485237486 0.6335044929398 0.2150192554559 0.5718870346618 0.0 0.105263157895 0.2516046213094 0.0365853658536 0.0 0.19897304236199997 0.2355584082155 0.0 0.1989730423619
0.0 0.3271552470448001 0.5266247973436 0.5574443972231 0.6809903826471501 0.16562780374910002 0.07018620830765 0.40550282539245 0.5740189828581 0.11806047441414999 0.1857833183798 0.0 0.1834143961219 0.5463553225989001 0.10649131919839999 0.055036124096800004 0.0495112622184 0.6040673057242001 0.0 0.8437298326802501
0.0 0.09174311926599 0.28012232415879 0.05504587155959001 0.32844036697198 0.0550458715596 0.0666666666666 0.0550458715596 0.10672782874608001 0.0 0.07339449541299001 0.00917431192659 0.0 0.11253822629959 0.0 0.0 0.10917431192659001 0.21590214067259 0.0333333333333 0.40764525993899003
0.0 0.7397022332518999 0.1727357320098 0.5111972704714 0.4050868486352 0.225 0.4311414392061001 0.0375 0.5811414392066001 0.0192307692308 0.3392679900748 0.0375 0.19100496277899998 0.4212468982628 0.1770161290321 0.1779776674936 0.1290322580644 0.8529776674947 0.0384615384615 0.5127791563272001
0.0 0.0 0.0 0.0 0.0 0.0 0.0 0.0 0.0 0.0 0.0 0.0 0.0 0.0 0.0 0.0 0.0 0.0 0.0 0.0
0.0 0.0681818181818 0.2447552447551 0.2290209790204 0.5227272727273 0.15209790209750002 0.353146853147 0.0454545454545 0.42832167832139995 0.076923076923 0.1678321678322 0.0 0.0 0.076923076923 0.0 0.0227272727273 0.0384615384615 0.27447552447510004 0.0227272727273 0.27622377622350003
0.0357142857143 0.0714285714286 0.35974025974039997 0.0896103896104 0.23571428571429998 0.1435064935066 0.0 0.1974025974026 0.0714285714286 0.0 0.1084415584415 0.0 0.0 0.1616883116884 0.07207792207790001 0.0 0.0181818181818 0.1629870129871 0.0 0.2720779220779
0.0176991150442 0.5343922317559999 1.0264816002268 0.5827014390038 0.62388920656 0.11431249694500001 0.2828675435527 0.19477529898430002 0.6737228850881001 0.174772036474 0.2127031946272 0.0161290322581 0.19757622717929998 0.3789338476992001 0.302723790666 0.0 0.1627852345984 0.8246539874200001 0.0 0.6788808319171
0.0 0.0655737704919 0.049180327868899996 0.11475409836079999 0.0655737704919 0.016393442623 0.049180327869 0.0 0.16393442622979998 0.0655737704919 0.0655737704919 0.0 0.032786885246 0.049180327869 0.032786885246 0.0327868852459 0.049180327868899996 0.08196721311489999 0.0 0.0655737704919
0.0 0.1656966792194 0.2796987333106 0.24820267031849996 0.21670660732679997 0.0314960629922 0.0157480314961 0.2601848681953 0.220472440945 0.0434782608695 0.33139335843859996 0.0 0.09072235535769999 0.21294077370759995 0.0787401574803 0.0157480314961 0.3200958575841 0.2362204724411 0.0434782608695 0.18897637795289998
0.0 0.0 0.0 0.0 0.0 0.0 0.0 0.0 0.0 0.0 0.0 0.0 0.0 0.0 0.0 0.0 0.0 0.0 0.0 0.0
0.0 0.0 0.0 0.0 0.0 0.0 0.0 0.0 0.0 0.0 0.0 0.0 0.0 0.0 0.0 0.0 0.0 0.0 0.0 0.0
0.0 0.1693548387095 0.5276107162388 0.5373154729367 0.5323947512305 0.0483870967742 0.1209677419356 0.5394113358854999 0.4065062875892999 0.166666666667 0.1887643521054 0.101694915254 0.0580918534718 1.3374794969939001 0.1161837069436 0.0 0.0 0.6388737014775999 0.0 0.5102970657923
0.0 0.2295081967218 0.22950819672169998 0.1311475409836 0.39344262295169996 0.0327868852459 0.0327868852459 0.1639344262299 0.1967213114754 0.09836065573769999 0.0327868852459 0.0 0.0 0.0983606557377 0.0655737704918 0.0327868852459 0.0 0.09836065573769999 0.0 0.1639344262295
0.0 0.0714285714286 0.0714285714286 0.142857142857 0.2142857142856 0.0 0.1428571428572 0.0 0.0 0.1428571428572 0.35714285714259997 0.0 0.142857142857 0.142857142857 0.0 0.0714285714286 0.1428571428572 0.142857142857 0.0714285714286 0.142857142857
0.0 0.1428571428571 0.0 0.0285714285714 0.0571428571428 0.0 0.0857142857142 0.0571428571428 0.0571428571428 0.114285714286 0.14285714285700002 0.0 0.0571428571428 0.0 0.0 0.0285714285714 0.0571428571428 0.0285714285714 0.0571428571428 0.0857142857143
0.0217391304348 0.1304347826088 0.037037037037 0.1859903381643 0.1827697262479 0.0434782608696 0.0185185185185 0.1513687600643 0.2471819645733 0.0 0.0837359098229 0.0185185185185 0.0 0.1731078904993 0.058776167471800006 0.0217391304348 0.0 0.21095008051519998 0.0 0.4146537842193
0.0 0.333333333333 0.0666666666667 0.0666666666667 0.0 0.0 0.466666666666 0.0666666666667 0.2 0.0 0.1333333333334 0.0 0.0 0.133333333333 0.0666666666667 0.0 0.0666666666667 0.0666666666667 0.333333333333 0.0
0.0 0.053333333333299995 0.6380087390762 0.780744382022 0.4389435081149 0.0985268414481 0.0537078651685 0.6101217228461999 0.6088420724091 0.0 0.1092634207241 0.0337078651685 0.044818976279600006 0.9980337078645 0.2668305243443 0.0333333333333 0.0 0.5404416354557999 0.0337078651685 0.6576342072411
