0.0 0.0 0.0 0.0 0.0 0.0 0.0 0.0 0.0 0.0 0.0 0.0 0.0 0.0 0.0 0.0 0.0 0.0 0.0 0.0
0.0 0.1044776119403 0.044776119403 0.0 0.1940298507463 0.0149253731343 0.0 0.0 0.0746268656717 0.089552238806 0.16417910447759998 0.0 0.1044776119403 0.0447761194029 0.0 0.0597014925374 0.044776119403 0.0298507462686 0.0 0.0298507462686
0.0 0.10426327599098 0.73618076605144 0.37998267921132 0.21091997008208 0.22692989017030002 0.03904263275988 0.30880210998713997 0.2835216313033 0.1576191788374 0.10214541589573999 0.0 0.0390426327599 0.30710545998554 0.1261780104712 0.00523560209424 0.01047120418848 0.398531669488 0.0 0.5640278707243801
0.0 0.24588718544500002 1.3009273281752998 0.7044940889867 0.5735007601779001 0.19323308270700001 0.2568918354222 0.21600315333029999 0.6747997308992 0.0804099329917 0.2781768176845 0.0 0.153522157779 0.6865538896510999 0.0338983050847 0.0 0.0 0.6657546507183 0.0 0.9359470809471
0.0114942528735 0.0459770114942 0.1494252873561 0.171368861024 0.0114942528735 0.0 0.195402298851 0.0229885057471 0.3197492163011 0.20480668756530002 0.353187042842 0.0114942528735 0.0909090909091 0.0344827586206 0.0229885057471 0.0344827586206 0.0 0.022988505747 0.0344827586206 0.26227795193279996
0.0 0.4277777777788 0.7000000000008999 1.1944444444444 0.2388888888888 0.2555555555555 0.0 0.0277777777778 0.1944444444444 0.0833333333333 0.138888888889 0.0555555555555 0.0 0.30555555555589997 0.25 0.0277777777778 0.0555555555556 0.3333333333331 0.0 0.7111111111114
0.0144927536232 0.0579710144928 0.072463768116 0.1594202898552 0.1884057971016 0.0 0.0144927536232 0.0144927536232 0.15942028985459997 0.0289855072464 0.0579710144928 0.0 0.0144927536232 0.0144927536232 0.0 0.0144927536232 0.0434782608696 0.072463768116 0.0 0.072463768116
0.0108695652174 0.1171195652174 0.5584239130434 0.3073369565217 0.11385869565210001 0.023369565217400003 0.1059782608696 0.2415760869566 0.29619565217390004 0.0625 0.0483695652174 0.0 0.04375 0.2119565217391 0.09184782608700001 0.0125 0.0467391304348 0.2149456521741 0.0 0.4926630434792
0.0455790784557 0.1904761904762 1.1512017841586 1.1521830483949 0.6987890880717 0.0273972602739 0.6510822510826 0.2578984271165 1.2230176753129 0.5021560139199001 0.39325196246989996 0.0 0.0181818181818 0.6823730571519999 0.18895412046069998 0.0 0.0588235294117 0.7028721658857 0.0571428571428 0.998619672027
0.0 0.1176470588235 0.1611253196936 0.20332480818409998 0.3375959079283 0.0 0.0 0.0 0.4987212276208 0.1598465473149 0.24936061381129998 0.0 0.117647058824 0.116368286445 0.0 0.0294117647059 0.0434782608696 0.35294117647080003 0.0588235294117 0.5537084398981
0.0 0.1389140271493 0.5407239819001001 0.36787330316760003 0.32714932126699997 0.2266968325789 0.1773755656109 0.061990950226200006 0.35927601809919996 0.13257918552029999 0.1411764705882 0.0 0.10045248868770001 0.1624434389139 0.2416289592764 0.0235294117647 0.0384615384615 0.3099547511312001 0.23936651583750002 0.41040723981930005
0.0 0.0 0.0 0.0 0.0 0.0 0.0 0.0 0.0 0.0 0.0 0.0 0.0 0.0 0.0 0.0 0.0 0.0 0.0 0.0
0.0 0.272727272728 0.181818181818 0.060606060606 0.36363636363600005 0.0 0.060606060606 0.0 0.030303030303 0.151515151515 0.09090909090900001 0.0 0.27272727272700004 0.060606060606 0.0 0.0 0.060606060606 0.151515151515 0.121212121212 0.121212121212
0.0165289256198 0.1463414634146 1.382117051463 0.48679120214570004 0.2142965127997 0.1167355371901 0.0165289256198 0.2860543004663 0.7415804816032 0.0165289256198 0.1958778472081 0.0113636363636 0.0330578512396 0.31095041322320005 0.20310925216679998 0.0 0.0227272727273 0.37172445071550003 0.0 0.4276859504132
0.0 0.0 0.39603960396 0.356435643565 0.019801980198 0.019801980198 0.0 0.11881188118809999 0.138613861387 0.0 0.019801980198 0.0 0.019801980198 0.217821782178 0.059405940594 0.0 0.019801980198 0.39603960396 0.019801980198 0.1980198019801
0.333333333333 0.047619047619 0.0 0.1428571428571 0.0 0.0 0.666666666667 0.047619047619 0.1428571428571 0.190476190476 0.1428571428571 0.0 0.047619047619 0.0 0.047619047619 0.0952380952381 0.0 0.095238095238 0.0 0.0
0.0 0.07894736842109999 0.0263157894737 0.0 0.131578947369 0.0 0.1052631578948 0.0263157894737 0.0526315789474 0.1842105263164 0.0263157894737 0.0 0.0526315789474 0.0 0.0 0.0263157894737 0.157894736842 0.0263157894737 0.0526315789474 0.0526315789474
0.013698630137 0.1152677668956 0.9058517944722 0.6118683065472 0.2979804815396 0.1128142809011 0.6502342618373 0.2658144738396 0.6101865743632999 0.0281690140845 0.2512058653289 0.0 0.0 0.09743391858 0.0273972602739 0.0298507462686 0.0572480065425 0.4592511108357 0.0298507462686 0.435876761283
0.0 0.05 0.333333333334 0.1 0.333333333334 0.05 0.15 0.15000000000000002 0.05 0.0 0.1 0.0 0.05 0.166666666667 0.0 0.05 0.0 0.21666666666700002 0.1 0.1
0.08 0.10599778337112001 1.5781305103530001 0.80779673470721 0.5715230599607101 0.178848315847 0.06235517168739999 0.38397888483739995 0.5067854828908099 0.36702462832370997 0.2223766212991 0.0 0.07795551105880999 0.51563958282142 0.11235517168721998 0.051796142544709996 0.11630706172159999 0.6274312732871099 0.05245418158831 1.58124388201222
0.0 0.0 0.0 0.0 0.0 0.0 0.0 0.0 0.0 0.0 0.0 0.0 0.0 0.0 0.0 0.0 0.0 0.0 0.0 0.0
0.0588235294118 0.1563845050214 0.4447632711636 0.131994261119 0.3271162123382 0.0731707317072 0.0487804878048 0.07317073170720001 0.2639885222386 0.195121951219 0.3027259684358 0.0 0.170731707318 0.10760401721660001 0.0 0.0 0.07317073170720001 0.0588235294118 0.07317073170720001 0.440459110474
0.1129478596063 0.5001677341487001 3.740805683582 1.5661429267107998 1.0886812041332001 0.23077138849969997 0.09252873563210001 0.6029968673594 0.911402488044 0.4340718198411 0.2857842746305 0.1167816091953 0.0258620689655 0.6477426076977 0.2172043010753 0.035072463768 0.0133333333333 0.8090926052495 0.08002602472340001 1.4885840037991003
0.0235294117647 0.2127021544876 0.7677543825619 0.3808586320759 0.2462474645028 0.137495413966 0.141176470588 0.1508682891036 0.9177623949434 0.0 0.3142533936648 0.0 0.0 0.5255120544163001 0.0976152623211 0.0192307692308 0.0 0.6699613718892001 0.0 0.39503253448509995
0.0441176470588 0.1764705882352 0.4852941176468 0.44117647058820003 0.132352941176 0.0882352941176 0.0441176470588 0.0441176470588 0.4852941176456 0.0441176470588 0.0 0.0 0.0441176470588 0.39705882352940003 0.0441176470588 0.0441176470588 0.0 0.397058823529 0.0 0.0882352941176
0.0 0.0 0.0 0.0 0.0 0.0 0.0 0.0 0.0 0.0 0.0 0.0 0.0 0.0 0.0 0.0 0.0 0.0 0.0 0.0
0.0350877192982 0.1517587071124 1.07540402731037 0.21424250280877 0.38718347593127 0.00985221674875 0.242174401521 0.042174401520950006 0.20439028605985998 0.0372482931466 0.07233601244477 0.0 0.10492610837427001 0.12955665024613 0.0 0.00492610837437 0.0350877192982 0.16437645838744 0.00492610837437 0.08434880304194001
0.0555555555555 0.0805152979066 0.9601376079631 0.376269945835 0.1782023129848 0.1418386766213 0.099033816425 0.28723466549590004 0.19316351925030004 0.0 0.1493485580443 0.0363636363636 0.0619967793881 0.1162055335968 0.2142292490119 0.0 0.0434782608696 0.334270238618 0.0217391304348 0.6504172156343
0.00826446280991 0.21079293050932 0.75105801794832 0.31733983531201 0.37108640849229996 0.05829478421681 0.0580730119431 0.19039614608213 1.28328199752491 0.5575505974467201 0.22273328689051 0.0309278350515 0.0441176470588 0.10135494088561 0.04950157621191 0.0 0.0 0.17875221145782 0.05624996867622 0.51022434148172
0.0210526315789 0.2730263157896 0.18859649122779998 0.23048245614020002 0.3144736842106 0.0 0.0842105263156 0.12543859649119998 0.14671052631550002 0.3153508771934 0.3554824561409 0.0 0.1052631578947 0.062499999999900004 0.0421052631578 0.0210526315789 0.315789473684 0.0833333333332 0.0210526315789 0.2940789473682
0.0 0.7980263464135999 1.5518161647213 0.5480884109912 0.4493320299773 0.1686217008797 0.33145587984260005 0.862313612314 0.8732330990402001 0.2266869928159 1.3116456422912 0.0 0.5472738134028 0.3389269034432 0.14069264069270002 0.185185185185 0.49786653012469995 0.3257304225045 0.0 0.8431046253633
0.0 0.0 0.0 0.0 0.0 0.0 0.0 0.0 0.0 0.0 0.0 0.0 0.0 0.0 0.0 0.0 0.0 0.0 0.0 0.0
0.0 0.250000000001 0.9513677811557002 0.4901215805468 0.5205167173248 0.0851063829787 0.142857142857 0.0782674772036 0.1990881458965 0.227963525836 0.17857142857129998 0.0 0.1565349544072 0.0 0.0782674772036 0.0 0.1428571428573 0.1565349544073 0.1071428571428 0.2348024316108
0.0 0.19265536723158 0.47419962335188 0.28474576271188 0.49736346516058 0.17570621468918 0.0555555555556 0.15988700564970001 0.40546139359706007 0.0 0.12542372881358 0.0 0.17514124293818 0.47269303201568 0.09472693032019999 0.0 0.0 0.55668549905876 0.0 0.32975517890755995
0.0 0.0298507462686 1.3134328358210001 0.29850746268600004 0.14925373134300002 0.0298507462686 0.0 0.2388059701488 0.298507462686 0.0 0.0298507462686 0.0298507462686 0.0298507462686 0.2686567164181 0.1492537313431 0.0 0.0 0.477611940298 0.0298507462686 0.626865671642
0.0 0.1428571428571 0.0285714285714 0.0285714285714 0.5 0.0 0.0571428571428 0.0285714285714 0.1142857142856 0.171428571429 0.2000000000002 0.0 0.0285714285714 0.0 0.0 0.5 0.0285714285714 0.0571428571428 0.0857142857142 0.0285714285714
0.0 0.28571428571449997 0.5000000000004999 0.0714285714285 0.357142857143 0.0 0.357142857143 0.0 0.0 0.4285714285715 0.0 0.0 0.285714285714 0.0 0.0714285714285 0.0 0.285714285714 0.0714285714285 0.0714285714285 0.21428571428549997
0.0574534161491 0.1583850931678 0.9006211180118 0.49689440993840006 0.1444099378881 0.0 0.3726708074531 0.1801242236025 0.4456521739132 0.2003105590068 0.1645962732918 0.0 0.0434782608695 0.1801242236024 0.0 0.0 0.0 0.4254658385093 0.0574534161491 0.1723602484472
0.0 0.166666666667 0.0833333333333 0.0 0.25 0.0 0.0833333333333 0.0 0.0833333333333 0.0833333333333 0.2500000000003 0.0 0.416666666667 0.0833333333333 0.0 0.0 0.2500000000003 0.0833333333333 0.0 0.1666666666666
0.0 0.25227450767047 1.949545777184 0.97519004098207 0.8067608581895 0.22405719104136998 0.11083987441127 0.73024575024237 1.1108886281091999 0.05085688121397 0.33535624912554 0.03044871794867 0.21209837781257002 0.45302666687394 0.28595100797367 0.049900990099 0.040064102564000004 0.5684754495855999 0.0208333333333 1.79318559564127
0.0 0.0 0.0 0.0 0.0 0.0 0.0 0.0 0.0 0.0 0.0 0.0 0.0 0.0 0.0 0.0 0.0 0.0 0.0 0.0
0.1875 0.5367445054943 0.7448489010984 0.7441620879116999 1.0786401098909 0.0851648351648 0.1548763736263 0.13736263736260002 0.8815247252753999 0.384615384615 0.31902472527479997 0.0 0.1675824175825 0.305975274725 0.0834478021978 0.0889423076923 0.3440934065933 0.40453296703280006 0.098901098901 0.2520604395603
0.20386219003779998 0.75016244264721 4.794765681751 1.1673899574875 0.48559859193292 0.1999634564567 0.1070879964889 1.07389068922942 1.4830174780605199 0.1742374369101 0.18534986007541 0.0503035925113 0.09962332040241001 1.24892791286171 0.39812525347092 0.03377466689151 0.11051992810271 1.2230660732502199 0.16345566550441 2.0468778059263
0.0782608695652 0.44116309112311003 2.31391852265711 0.6760877145112 0.7107545674273099 0.0479864016736 0.11652936233609999 0.28276218846622003 0.6691306730076099 0.03347280334721 0.2736524576176 0.0 0.03125 0.70308008913943 0.1220597598688 0.0251046025104 0.0624999999999 0.37190269367692 0.0 1.0403842030720098
0.0333333333333 0.2149425287358 0.4574712643683 0.5689655172422001 0.3482758620692 0.135632183908 0.0 0.14712643678159998 0.20229885057459998 0.08965517241379999 0.1689655172413 0.0 0.1344827586206 0.2678160919541 0.11149425287349998 0.0229885057471 0.0448275862069 0.702298850575 0.0344827586207 0.3149425287355
0.030303030303 0.045454545454500006 0.5757575757575 0.181818181818 0.030303030303 0.0909090909091 0.0151515151515 0.0757575757575 0.13636363636350002 0.0151515151515 0.045454545454500006 0.0151515151515 0.030303030303 0.1969696969696 0.15151515151550002 0.0 0.0 0.1363636363635 0.0 0.2272727272727
0.015873015873 0.3055555555554 0.5555555555559 0.4920634920641 0.2718253968262 0.031746031746 0.0873015873016 0.07539682539680001 0.21230158730159998 0.1309523809523 0.0456349206349 0.0 0.0277777777778 0.2242063492063 0.0 0.0297619047619 0.0297619047619 0.3452380952388 0.0 0.1190476190476
0.0 0.20708994708990003 1.0368959435626002 0.7827865961202 0.3041269841269 0.1209171075837 0.4129805996474 0.2400352733684 0.32825396825380004 0.066631393298 0.3513227513227 0.0142857142857 0.14 0.3128395061727 0.0285714285714 0.04 0.0409171075837 0.7474426807754001 0.0 0.8249029982368999
0.04879190970738 0.28535353535353 1.43822424047122 0.36450060533539996 0.27103662278675 0.08979762412857 0.1450437124629 0.04903198653187 0.47995436971156996 0.25810089293976 0.25375109141676 0.0 0.1265251939444 0.16380230780603 0.13898077014267 0.06808278867106 0.0277777777778 0.40938607979807007 0.0 0.38185849101319
0.08395604395600001 0.503736263736 0.39384615384700006 0.2738461538462 0.18989010989000002 0.0 0.16791208791200002 0.04 0.291868131868 0.41978021978 0.35384615384600004 0.0 0.15384615384619998 0.16791208791200002 0.065934065934 0.043956043956 0.1098901098902 0.32395604395600003 0.2079120879122 0.20791208791200003
0.0 0.30421659625174 0.6913568241008601 0.25148303024354 0.56283834160012 0.12046131515152 0.15963780565536 0.2838773812223 0.52357901030474 0.14314888651162 0.16798671665912002 0.0 0.255189255189 0.36516220586986 0.1735586602842 0.030827579500120002 0.12881022615524002 0.37422066625592 0.196174196174 0.26747130286922005
0.0 0.0 0.0 0.0 0.0 0.0 0.0 0.0 0.0 0.0 0.0 0.0 0.0 0.0 0.0 0.0 0.0 0.0 0.0 0.0
0.095238095238 0.428571428573 0.952380952382 0.28571428571400004 0.628571428571 0.0 0.4 0.190476190476 0.28571428571400004 0.971428571428 0.33333333333299997 0.0 0.047619047619 0.142857142857 0.0 0.047619047619 0.33333333333299997 0.190476190476 0.095238095238 0.571428571428
0.0 0.1312569521689 1.4141903702518999 0.2973409608557 0.9944382647407001 0.1923565866834 0.047619047619 0.6646273637373 0.5222999099525 0.161290322581 0.0 0.0 0.0172413793103 0.5714550558828999 0.1293765559615 0.0 0.0 0.39599555061189995 0.0 0.4605116796443
0.040062111801150005 0.06661490683215002 0.9395962732924501 0.13711180124195 0.31521739130475 0.0 0.0 0.1462732919253 0.16754658385065 0.0 0.044409937888199996 0.0 0.022204968944050003 0.28385093167680003 0.0352484472049 0.00434782608695 0.0130434782608 0.1357142857142 0.0086956521739 0.6400621118009
0.0 0.0 0.0 0.0 0.0 0.0 0.0 0.0 0.0 0.0 0.0 0.0 0.0 0.0 0.0 0.0 0.0 0.0 0.0 0.0
0.0 0.0 0.0 0.0 0.0 0.0 0.0 0.0 0.0 0.0 0.0 0.0 0.0 0.0 0.0 0.0 0.0 0.0 0.0 0.0
0.0784958013874 0.5443134351213 1.440790939511 1.9867670726649003 0.7576331424699001 0.1314692318885 0.3828194603887001 0.30552552119990006 0.7207446099929 0.2309929372658 0.2656611720629 0.0 0.0392479006937 0.2934966519137 0.0857595286006 0.0496342737721 0.0 1.3410343275861 0.0 0.34561399348210003
0.0 0.0 0.0 0.0 0.0 0.0 0.0 0.0 0.0 0.0 0.4 0.0 0.0 0.4 0.0 0.0 0.0 0.0 0.2 0.0
0.064598540146 0.21215896774134002 1.4140382674682899 0.49247133332081994 0.40430604470959 0.1912373600452 0.0437247537382 0.13629534164064 0.5984055267230701 0.14887499114157998 0.27165509177218 0.00775193798449 0.0582524271844 0.48123102324373 0.14705993839528 0.054126213592200004 0.025 0.5096281338601301 0.0 0.73918410729096
0.0 0.0 0.0 0.0 0.0 0.0 0.0 0.0 0.0 0.0 0.0 0.0 0.0 0.0 0.0 0.0 0.0 0.0 0.0 0.0
0.12982456140339999 0.20921052631579998 0.927631578947 0.2929824561401 1.0399122807016998 0.0 0.2815789473678 0.18333333333319998 0.5214912280696999 0.1671052631579 0.37631578947370004 0.0 0.125 0.6390350877195 0.0210526315789 0.175000000001 0.20921052631589998 1.1706140350872 0.125 0.40570175438580003
0.060564971751499996 0.43728813559380003 6.0889023405942 0.9460371267151999 0.4343583535106999 0.0793301049233 0.1175141242938 0.6415899919292001 0.8567473769173 0.1925423728813 0.1096125907989 0.0169491525424 0.18599677159 1.6905165456006999 0.4827199354316001 0.0641807909604 0.0 0.8302905569021001 0.0666666666667 1.6981920903956
0.0802804161012 0.4251239418742 5.912542604260899 0.8713630531003 0.5534558474808 0.08179749028120001 0.2993328083434 0.5515136866279 0.8102642086285999 0.07565293323789998 0.3862402249718 0.0242914979757 0.1167176630647 1.1904580024803 0.0242914979756 0.0196078431372 0.0 0.3031432393981 0.0196078431372 1.2543151979172003
0.0718240784685 0.8408093221317501 1.0389733027961499 1.0127255944088498 1.0004515209255 0.0816326530611 0.25125921130005 0.09095386778879999 1.00091096264625 0.47741663681295 0.530329618089 0.0 0.2601651347558 0.8891894410894501 0.35852743369675 0.00763358778625 0.11867800555335001 1.164028792771 0.15844193171665 0.6460489042059501
0.0082644628099 0.05785123966939999 0.8264462809915 0.2314049586773 0.08264462809920001 0.0082644628099 0.0082644628099 0.0330578512396 0.1487603305785 0.0413223140495 0.0247933884297 0.0 0.0 0.1900826446281 0.024793388429699997 0.0165289256198 0.0 0.11570247933889999 0.0 0.1818181818182
0.0 0.2688679245284 1.3200644270571 0.9764150943392 0.31764841233320007 0.0141509433962 0.4733471391314 0.070754716981 0.2956741831572 0.1257861635219 0.2107685227799 0.0 0.062931431201 0.1824666359869 0.0 0.0833333333333 0.3067571713457 0.5644654088051 0.16041570793049997 0.5661527841687
0.0 0.0757575757575 0.1060606060606 0.4090909090907 0.0909090909091 0.060606060606 0.045454545454500006 0.0151515151515 0.1515151515151 0.0757575757576 0.045454545454500006 0.0 0.0151515151515 0.030303030303 0.0757575757576 0.0 0.030303030303 0.6060606060607 0.0151515151515 0.1515151515155
0.0916983875795 0.48163343862909996 2.3119418783142 0.7316932407543 1.3021830781372201 0.1966126341906 0.12715184996322001 0.31689661823836 0.56499692760586 0.3069810448454 0.3763990264514 0.047619047619 0.08831689850692 0.521727125449 0.09647446023831999 0.0370253828403 0.1693285757054 0.5795352167671399 0.09088576194339999 0.56089940622304
0.0 0.1249999999999 0.024999999999990002 0.09166666666673001 0.08333333333336 0.0 0.04166666666673 0.03333333333336 0.11666666666686001 0.0750000000002 0.08333333333350001 0.0 0.06666666666673 0.01666666666666 0.0 0.00833333333333 0.0750000000001 0.06666666666669 0.03333333333333 0.0583333333334
0.00862068965517 0.23411978221403998 0.5875680580756699 0.49682395644352 0.28947368421087 0.0607985480943 0.14292196007254 0.30716878402877 0.36206896551737 0.12205081669687 0.23774954627997 0.00862068965517 0.10344827586204002 0.16016333938284003 0.06079854809429999 0.00862068965517 0.1338475499092 0.4460072595276 0.034482758620670004 0.19464609800319999
0.0 0.0 0.235294117646 0.0 0.0 0.0588235294117 0.117647058823 0.0 0.0 0.0 0.0 0.411764705883 0.0 0.0 0.0 0.0 0.0 0.0 0.0 0.1764705882347
0.0 0.0 0.0 0.0 0.0 0.0 0.0 0.0 0.0 0.0 0.0 0.0 0.0 0.0 0.0 0.0 0.0 0.0 0.0 0.0
0.0310880829015 0.3235817985287 2.3708007764599 1.0481893587689 0.9944206891090001 1.3331228137842999 0.0574038723752 1.116930628221 1.4970168251373999 0.062176165803 0.3324243250624 0.0 0.0980861244019 1.4189610521671 0.20610992221020003 0.0 0.0932642487045 0.9109526602788 0.0338983050847 1.0715723510044
0.0198675496688 0.18804301597880002 4.317394738445 0.49681025578750004 0.4296129777019 0.1116106689346 0.0366972477063 0.2813050610603 0.4158211312957001 0.0947809708971 0.07643234704400001 0.0 0.038216173522000005 0.6528343155727001 0.2094294914632 0.119205298013 0.0 0.7888693116218001 0.0550458715595 0.6680235737279
0.0 0.0909090909091 0.1136363636363 0.0681818181818 0.159090909092 0.0 0.0454545454546 0.0 0.0454545454545 0.1363636363633 0.0681818181819 0.0 0.5681818181818 0.0 0.0 0.5 0.0454545454545 0.0 0.0454545454545 0.1136363636364
0.0 0.0579710144927 0.4057971014491 0.0 0.521739130435 0.0 0.0579710144928 0.0579710144928 0.0579710144927 0.202898550725 0.1159420289854 0.0 0.0869565217391 0.0579710144928 0.0 0.144927536232 0.0869565217391 0.0289855072464 0.0 0.1159420289854
0.0176991150442 0.1822151658176 0.887880446062 0.5138343410281 0.5271282201961 0.0959259149438 0.1975573415204 0.23323557398099998 0.38606059911749996 0.0886536030341 0.21557251219079998 0.0 0.060527684855299996 0.2961562514318 0.0353335363995 0.0176991150442 0.0532553729456 0.4782494426905 0.070796460177 0.6422193035188
0.0 0.1917808219178 0.9623287671237 0.082191780822 0.13698630137 0.0 0.4691780821921 0.0547945205479 0.054794520548 0.0 0.2751141552513 0.0 0.027397260274 0.1381278538813 0.0 0.0833333333333 0.24885844748890001 0.054794520548 0.0833333333333 0.1369863013698
0.076923076923 0.5555050958240499 8.68315305424054 1.01540133229404 1.05760355196004 0.21840434064460001 0.22757402873097 1.21776810153521 1.5219691141846399 0.1256961000306 0.52062033158037 0.0513409961685 0.32682629579149997 1.5272610723341198 0.5577581355407399 0.0206896551724 0.1760222882878 1.00726569233964 0.0 3.11221773640257
0.0 0.0 0.0 0.0 0.0 0.0 0.0 0.0 0.0 0.0 0.0 0.0 0.0 0.0 0.0 0.0 0.0 0.0 0.0 0.0
0.1166814551907 0.7655386592413 1.7004108989939 0.9962182774165003 1.4539637144209 0.18723411403530002 0.15744780670880001 0.24371679706370003 1.3127768048753001 0.2572397474732 0.4813430019677001 0.0 0.20965027690229998 1.1513720330707 0.0740092138803 0.11886913686 0.3469540739832 1.8018012002415 0.060168895144099996 0.5646038925311
0.18880894300610002 1.1462435684574999 5.4377160076195 1.3481677360292 1.4834778508922999 0.3264224559109 0.1983676007361 1.1438308427126 0.9757108008943999 0.1485626823551 0.16993351509069998 0.0675754531975 0.120854259339 1.7405332458707 0.45262488981869997 0.12720278239000002 0.050310559006200004 1.8224272116662001 0.1125378376347 1.9386917573758
0.025205715207649998 1.11178867755325 5.26214344918805 1.9558228122894499 2.33868737629115 0.20624897713464999 0.1966345893705 0.8925583209139 1.5408144835304998 0.11817644000635 0.3276562783568 0.0 0.18668029894965 1.4476953822752499 0.3096819681079 0.0 0.10302511415519999 1.6014376539472002 0.0373622589531 2.3383802037739
0.0360500407136 0.37426044328642005 0.9106206696921599 1.2876914482177 0.50574275603312 0.34434009168089996 0.5683553616066 0.27658426720482 1.07719097794896 0.5192296583131001 0.6908750795681 0.0233918128655 0.181733618005 0.79682119051682 0.2521516888134 0.0529000566786 0.14976405211010002 1.6635804354405601 0.0233918128655 1.26532453843996
0.0 0.33780160857839997 2.6541554959805 1.5683646112596001 0.3860589812325 0.1206434316353 0.048257372654 0.21715817694350004 1.0375335120636 0.0 0.217158176944 0.0723860589811 0.024128686327 0.579088471848 0.1447721179622 0.0965147453083 0.0 0.8203753351182 0.0 0.6756032171572
0.0903010033444 0.4949832775926 0.7357859531777 2.0903010033415 0.45150501672250004 0.0602006688962 0.4414715719065 0.6020066889642001 1.3076923076922 0.1806020066888 0.344481605352 0.0 0.0434782608696 0.3444816053519 0.1204013377926 0.0602006688963 0.1906354515049 1.8595317725757001 0.0735785953177 0.5083612040133001
0.1279666897986 0.6271779921731999 3.08546608565296 1.9768758389713001 0.6856708248143799 0.17050879317900003 0.63852209295118 0.9340668850278999 1.0282201863573999 0.15920090181088 0.20080244663177998 0.1119099772216 0.4628956721026 0.75942816142666 0.3097210414237 0.0668979875086 0.2852571669414 1.8376765030223803 0.0936924967615 1.43804225622498
0.037156197277 0.43828725204981 3.4705550381513004 1.2068780277148998 0.8012775002595101 0.3154704600003 0.1947221803476 0.4859244605146 0.80815236158691 0.4772466733991 0.50510769508172 0.01606288448391 0.0571973740998 1.2643768168022098 0.25451342353891 0.08974709501011001 0.08158545223239999 1.062843137322 0.1435932709187 1.28930269920861
0.0597014925373 0.11940298507449999 0.1492537313431 0.2089552238804 0.08955223880589999 0.0298507462686 0.0 0.1194029850745 0.35820895522359997 0.08955223880589999 0.2388059701495 0.0 0.0298507462686 0.0298507462686 0.0298507462686 0.0298507462686 0.0298507462686 0.149253731343 0.0 0.238805970149
0.0 0.19512195121929998 0.756097560977 1.1463414634151998 0.5121951219508 0.0975609756096 0.0 0.19512195121929998 0.2195121951222 0.0975609756097 0.0975609756097 0.0 0.0243902439024 0.1951219512193 0.0 0.0243902439024 0.0487804878048 0.2195121951219 0.0 0.17073170731679999
0.0 0.0 0.0 0.0 0.0 0.0 0.0 0.0 0.0 0.0 0.0 0.0 0.0 0.0 0.0 0.0 0.0 0.0 0.0 0.0
0.0392156862745 0.3316283034957 1.0119352088670999 0.4671781756186 0.4305200341007 0.1841432225062 0.1756180733162 0.1466325660699 0.2728047740834 0.14663256607 0.0588235294117 0.0 0.1858482523444 0.30179028132990005 0.0971867007671 0.0196078431372 0.10741687979530001 0.41858482523479995 0.1074168797955 0.4970161977834
0.0212765957446 0.41938530219750003 2.0271263809330002 1.2336123816333 1.7094624956166 0.4596497252747 0.2473376855853 0.5866097001407 1.0118183013807 0.1872707578328 0.1774836699205 0.0212765957446 0.10933207417579999 0.742615844927 0.17123111263739998 0.0212765957446 0.01171875 0.6289491758250001 0.0851063829787 1.1274604717101
0.00609756097561 0.14365214612830998 3.699701778682 0.70537330919242 0.73045585259262 0.0955373309191 0.0440408989242 0.28120673128051 0.8063425284903 0.15584726807981 0.13009905208202 0.0 0.031845776973 1.08280967088972 0.1531313238896 0.0379433379486 0.0894397699434 0.75010650761542 0.02574821599741 1.03062093939661
0.0 0.12 0.16 0.0 0.28 0.0 0.12 0.28 1.12 0.2 0.08 0.0 0.24 0.12 0.0 0.08 0.0 0.08 0.08 0.04
0.0 0.129067843354 0.47545504688460005 0.1902923331496 0.5758411472709 0.0204081632653 0.1356867071152 0.1632653061233 0.1560948703804 0.2437948152231 0.10865968008820001 0.0 0.0678433535576 0.2448979591841 0.0 0.0408163265306 0.1218974076116 0.0204081632653 0.0816326530611 0.2239382239382
0.0742582729973 0.45271144564759996 1.0779690835887998 1.1764305361692 0.6505591836406 0.1586483357785 0.3454254425588 0.2376776155894 0.6100386396771 0.12870065789500001 0.277383520624 0.0121951219512 0.0 0.5842776225521 0.2108965708365 0.0424208669822 0.198076173666 0.5902406337671999 0.0272327159362 1.1448575601437
0.0 0.0 0.0 0.0 0.0 0.0 0.0 0.0 0.0 0.0 0.0 0.0 0.0 0.0 0.0 0.0 0.0 0.0 0.0 0.0
0.035440263061799995 0.7666375201100001 11.561003897057802 3.0806387729495 1.9321445729901001 0.5515064593972 0.7032421327701001 1.8108495677076 2.5108626080870997 0.1516659656778 0.514532131438 0.0 0.4945081149877 2.8681848015535 0.7241940544098 0.1219187949303 0.0941320264991 2.0550322644338004 0.0455412731628 3.9779647787720003
0.0 0.0 0.0 0.0 0.0 0.0 0.0 0.0 0.0 0.0 0.0 0.0 0.0 0.0 0.0 0.0 0.0 0.0 0.0 0.0
0.1730186823991 0.8109009988088398 0.5341499767116 0.8185450844421399 0.32342803912434004 0.28045955596957 0.18841967258344 0.13068019113647 0.43609515430621004 0.3617899221997 0.16030982076616998 0.0074074074074 0.3104859493866 0.33020683468794 0.0548148148148 0.08849833531710001 0.20307923200330003 0.43438182476834 0.11169590643274001 0.24163259673251
0.1442094598381 1.2859861321811 4.9344502803723795 2.43892168409529 2.0725787935898 0.3419683288966 0.7227725018483999 1.85347012262768 2.20099800958707 0.22438045813789004 0.61588479563959 0.0343655994843 0.5020684194260799 2.5852762168060903 0.46012482252059006 0.14703092283910002 0.27279969615629995 2.6180776702200905 0.19384999946610001 3.35078608626809
0.0506908960773 0.9532071176832 3.8701644412758 1.89261791088 2.004189309913 0.3992357729486 0.5119579393224 0.8478307546213 1.5621133231984998 0.3508458661313 0.6431776294317999 0.0343839541547 0.2586478230657 1.4183526704836 0.2503434470312 0.0665070455704 0.2471897333643 1.6874776783226002 0.0328767123287 1.9181899742005002
0.18041582830294997 0.68438631790795 0.8220389000672499 1.1352917505025402 0.95065057008709 0.09239436619704999 0.41781354795365 0.54689470154189 0.63574782025535 0.19171026156915 0.68484238765925 0.0140845070422 0.13089201877919 0.58254862508365 0.08028169014075 0.0333333333333 0.3098725687456 0.5762441314554001 0.0422535211267 0.8883031522470001
0.03225806451612 0.0967741935484 0.5080645161294 0.25000000000031997 0.11290322580652 0.0241935483871 0.08870967741932 0.048387096774119995 0.16935483870961998 0.00806451612902 0.032258064516 0.0483870967742 0.01612903225804 0.17741935483872 0.04838709677422 0.016129032258 0.03225806451612 0.11290322580642 0.0 0.17741935483894
0.0888888888888 0.8051726051718 1.023916823917 1.3195323195324002 0.9734339734326999 0.0592592592592 0.4923668923666 0.5096681096676 1.0342398342406 0.3019943019946 0.7730195730189999 0.041958041958 0.1276723276722 0.4570392570388 0.0592592592592 0.1485107485107 0.2727272727271 2.171495171492 0.3269323269326 1.012913012913
0.0515021459227 1.0305401888548003 3.1968054725143 2.8843272104001 1.2097483004081 0.34967122145490004 0.1762677178561 0.940023216749 1.7065379440752002 0.2405344975855 0.5133030607422 0.0791519155079 0.0515021459227 1.3130919184746002 0.26521278451130004 0.0171673819742 0.0818051762257 2.2000028411098 0.0949408245544 1.5978640351570998
0.08394638478199999 0.45826827514939994 2.3271470192607 1.0629223408642 1.1002215946222 0.2071210356668 0.32189706356939995 0.4780076059383 0.8158815375620999 0.0840801384556 0.46784381472759995 0.017094017094 0.0417853751186 0.7921300925598 0.2547182476391 0.0 0.10516064328729999 1.1245511233322 0.0550213675213 1.2022023228509
0.0 0.47026502908810003 0.5106658047831 0.6354234001291998 0.4369747899162 0.2168713639297 0.1945701357468 0.08823529411770001 0.6725921137705 0.0917905623788 0.5439560439566 0.0 0.30510665804730003 0.46315449256630004 0.235294117647 0.0992243051066 0.305106658048 0.3193277310927 0.0917905623788 0.3196509372979
0.035739928201 0.5388484174133 1.0798634000239 1.2846073100589 1.1243710592793001 0.1418078502998 0.30798256110940003 0.46871496651469996 1.2933603454195 0.3730054094148 0.3932686722786 0.0 0.33207510199510004 0.6543250827507 0.15638457931820002 0.0792181890706 0.3535623062437 0.5823266782828 0.11725414453560001 0.6832839977878
0.0 0.0 0.0 0.0 0.0 0.0 0.0 0.0 0.0 0.0 0.0 0.0 0.0 0.0 0.0 0.0 0.0 0.0 0.0 0.0
0.0714285714286 0.2500000000006 0.46428571428619997 0.3214285714286 0.2142857142859 0.0357142857143 0.0 0.0357142857143 0.2500000000001 0.0357142857143 0.107142857143 0.0 0.0357142857143 0.2500000000002 0.0714285714286 0.0 0.107142857143 0.3571428571432 0.0 0.39285714285749995
0.04 0.6208189655174 0.95590164347652 0.6555442125427999 0.7022063420044999 0.1427593768905 0.17428992740456 0.39111287557959995 1.03922640653322 0.0734913793103 0.2657574611815 0.0 0.0394636015325 0.6797978423065 0.2667523694292 0.09172413793100001 0.08 0.7339937487394601 0.0775 0.969659709619
0.0474777448071 0.1424332344217 0.8902077151337999 0.28486646884239997 0.34421364985189995 0.118694362018 0.0356083086054 0.2017804154301 0.35608308605309996 0.035608308605299996 0.0593471810089 0.0118694362018 0.059347181008799994 0.37982195845699995 0.035608308605299996 0.0 0.0118694362018 0.3916913946579 0.0118694362018 0.5816023738879
0.0 0.0 0.06 0.04 0.13999999999999999 0.0 0.12000000000000001 0.06 0.06 0.1400000000001 0.1 0.0 0.1 0.02 0.0 0.04 0.02 0.02 0.04 0.04
0.0 0.11030303030300001 0.1212121212125 0.120606060606 0.27151515151510003 0.030303030303 0.150909090909 0.050303030303 0.18060606060600004 0.2109090909091 0.14545454545449998 0.0 0.070303030303 0.09090909090900001 0.0 0.09030303030299999 0.04 0.10545454545449999 0.08060606060600001 0.1303030303031
0.11878033992836001 1.09401526379678 1.3654483044641799 1.86793539071716 1.3214677902021599 0.23552915913866002 0.29872198777625997 0.5248881214716 1.16442953722746 0.14440331877286 0.40827711495216007 0.0 0.09539943194586001 0.9571447885639801 0.2741880880219 0.02787084983246 0.24968418702876 1.46929902898646 0.07499126868056 1.30752602849396
0.0266666666667 0.0533333333334 0.8533333333330001 0.2533333333333 0.1333333333334 0.0 0.22666666666670002 0.1066666666667 0.18666666666639997 0.1333333333337 0.133333333333 0.0 0.0266666666667 1.3599999999997 0.0266666666667 0.133333333333 0.1866666666667 0.0533333333334 0.0533333333333 0.0533333333334
0.07078108885619999 0.8905126157234001 6.7330902050531005 2.8584019666509004 2.064361121401 0.675092492399 0.5078611098952001 1.967743730673 3.0259925778355 0.6286240339089999 0.9514893068051999 0.0535150826707 0.25161837757469996 2.7775549030683 0.5135352038154 0.08848031758120001 0.3809809900504 2.2400448310314 0.2192620313996 4.1010580136101
0.0 0.0 0.0 0.0 0.0 0.0 0.0 0.0 0.0 0.0 0.0 0.0 0.0 0.0 0.0 0.0 0.0 0.0 0.0 0.0
0.0666666666666 0.75833333333316 0.53333333333276 1.2000000000000202 0.42500000000016 0.00833333333333 0.08333333333323001 0.20833333333303 0.58333333333376 0.09166666666663001 0.24166666666652997 0.0 0.05 0.31666666666640003 0.0833333333333 0.07499999999990001 0.08333333333323001 0.90000000000019 0.0166666666667 0.2750000000001
0.06151816270139 0.9627639688424801 3.6674367029229904 2.1960441655825003 2.0760792220942896 0.6299636135244 0.4881018052487901 2.321271223247 2.0685472907922002 0.19379096527040002 0.48722435908710005 0.1572208052804 0.50542216465609 2.9879192063383804 0.44367015754039 0.1405770125638 0.1843206436904 2.6754677895827896 0.1161470451371 2.6365136959012
0.1912722199254 0.8936406472544 2.7421948335354003 2.4028304569811 2.2819007163968 0.4089624271747 0.5402591825195999 1.0845426222571 1.8503917222355002 0.2561815577753 0.6399900977048 0.0288461538461 0.1086143477831 1.4697857861922 0.42760140077 0.0288461538461 0.061737804878 2.007986130931 0.015243902439 1.5591718355571
0.035398230088419996 0.8786047613474999 1.2663662951278198 1.6033059041903999 0.8447512828041399 0.24090953294530001 1.24069293538198 0.50589454792962 0.9324579059095401 0.2574262021162 0.6469201889552 0.074074074074 0.2041211001387 0.7473301035248001 0.10814955283980002 0.04131708998972 0.0194805194805 1.10993431347502 0.153846153846 1.0890193058326199
0.0374331550802 0.2620320855618 0.8609625668436 1.0481283422457999 0.7486631016042 0.0748663101604 0.1871657754014 0.37433155080360003 0.7486631016040001 0.1497326203208 0.262032085562 0.0 0.0748663101604 0.48663101604299996 0.1122994652406 0.112299465241 0.1122994652406 0.6737967914434 0.0 0.673796791446
0.0 0.0451127819548 0.22151532677871 0.26662810873327003 0.1437246963562 0.04598033545397 0.38794100636201 0.03007518796984 0.17379988432617 0.06101792943887001 0.4736119144013 0.0 0.12290341237707002 0.06766917293228 0.01503759398494 0.08444187391557001 0.125 0.26402544823564 0.37290341237697 0.09861191440120999
0.02475027746947 0.41245993943143 1.1671467765750299 0.9199172880584601 0.41696567834567 0.14616275467919002 0.12385309237021 0.57090515522214 0.6709091200117 0.10372485958552999 0.17524355156929003 0.0641385488205 0.03651498335177 0.39565825490575 0.20605475022167 0.00934579439252 0.09213648944649 0.67440692297509 0.01176470588234 0.77794105668376
0.07052884762690001 0.8326784553303002 2.4834426236422 1.4403653024813 1.3122730660365 0.3208222437236 0.22053647027819998 0.8855120285846 1.2536092464761 0.2683522803352 0.5564096014102 0.0121951219512 0.0860367584841 0.9984673966911 0.26989840821469996 0.25240008844690004 0.23567307642000002 1.0240456514002 0.1585873992446 1.3181659332245
0.0 0.07500000000003 0.07500000000006 0.08333333333343 0.09166666666669 0.0 0.058333333333390004 0.03333333333336 0.09166666666671999 0.0750000000001 0.04166666666666 0.0166666666667 0.0333333333334 0.08333333333363001 0.02500000000003 0.0166666666667 0.0750000000001 0.01666666666666 0.0 0.10833333333336001
0.0172413793103 0.33763546797997 0.56921182266087 0.91768472906394 0.34886699507434 0.160000000001 0.09743842364527 0.1172906403939 0.5549753694585999 0.2716748768473 0.36911330049377 0.0 0.0685714285713 0.24881773398987 0.05433497536937 0.08019704433489999 0.08581280788159999 0.37512315270929997 0.0228571428571 0.30315270935948
0.0 0.0 0.0 0.0 0.0 0.0 0.0 0.0 0.0 0.0 0.0 0.0 0.0 0.0 0.0 0.0 0.0 0.0 0.0 0.0
0.0405405405405 0.085995085995 0.2899262899263 0.1314496314495 0.1449631449631 0.030303030303 0.1113841113841 0.030303030303 0.1838656838656 0.10974610974639999 0.12981162981150002 0.0 0.028665028665 0.0995085995085 0.1011466011466 0.028665028665 0.1081081081082 0.1617526617526 0.0675675675676 0.116298116298
0.0901658227784 0.5051221394698 1.858793081686 1.3687040997192002 1.6908098135329999 0.36349406952880003 0.36721136629969997 0.7017976097256 1.7221373430312 0.0860107303615 0.3657629381806 0.12952599478920002 0.1621882542237 1.8063500178207998 0.5518365292386 0.0990430622009 0.18145273245450003 1.4097498618507 0.1441575637209 1.3956869693868
0.0263157894737 0.3684210526317 1.7894736842110999 0.5789473684206999 0.6842105263167 0.210526315789 0.0263157894737 0.3684210526307 0.6052631578957001 0.0 0.1842105263153 0.0 0.078947368421 1.0263157894734 0.1315789473683 0.0 0.0 0.8157894736836999 0.0263157894737 1.0789473684213
0.0 0.0588235294117 0.0147058823529 0.0588235294117 0.10294117647050001 0.0147058823529 0.0441176470588 0.0 0.1176470588236 0.220588235294 0.0588235294118 0.0147058823529 0.16176470588240002 0.0147058823529 0.0 0.0147058823529 0.0294117647058 0.0294117647058 0.0147058823529 0.0294117647059
0.0 0.1096096096096 0.19369369369380002 0.16666666666660002 0.21996996996989998 0.0 0.1921921921922 0.1644144144143 0.2484984984984 0.22072072072100002 0.3025525525524 0.0548048048048 0.41591591591550003 0.1088588588588 0.0 0.027027027027 0.1088588588588 0.0555555555555 0.108108108108 0.3025525525528
0.171897810219 0.39096178617419997 1.1821597252044 0.98628166595128 0.71112065264029 0.0294117647058 0.7439029626459 0.44641477028759 1.15077286389028 0.32919708029199 0.4805066552168 0.0 0.1147058823528 0.6348647488190899 0.08072133963059999 0.10141691713179 0.30729927007298996 1.30098754830329 0.0147058823529 0.8226706741093
0.056338028169 0.112676056338 0.225352112676 0.112676056338 0.169014084507 0.056338028169 0.1408450704225 0.0 0.1408450704225 0.056338028169 0.0845070422535 0.0 0.0845070422535 0.112676056338 0.056338028169 0.056338028169 0.112676056338 0.253521126761 0.056338028169 0.112676056338
0.0725743768426 0.5099135107168999 4.182550862977 2.2674590284113005 1.6891486579208 0.46899519984550003 0.689141152583 1.4825278030322 2.229247772973 0.1584269335263 0.5724372869672 0.0 0.2801806611851 1.634246569323 1.1074425964104 0.1108148647187 0.3313780228731 1.3453052338517002 0.160336164986 3.7078733008573
0.142857142857 0.0714285714285 0.0714285714285 0.142857142857 0.5000000000004999 0.0 0.0 0.0 0.0 0.0 0.0 0.0 0.0 0.0714285714285 0.0 0.0 0.0 0.0 0.0 0.0
0.13623516110790002 0.7655989501261999 0.9561907715799 1.1759446114735 0.4194210018158 0.3924117587232 0.26090936832440004 0.23981850653050002 0.2908297773351 0.1751602075068 0.5458004205490999 0.0 0.3280235988197 0.208337293706 0.13584496015419997 0.0698809887091 0.0530973451327 0.5746702885307 0.0353982300884 0.2364267597811
0.026973565905400003 0.7553220123602999 2.0067335604338 1.9774926777606 1.3982208421231999 0.12477186721639999 0.3839308555605 1.1981861065378 1.5607078672044001 0.1389020155595 0.7642226768352001 0.0774330838418 0.1453806388843 1.3221512505308 0.3873431096509 0.0447761194029 0.1624589297835 1.2680372258694999 0.0310077519379 2.2259478426051
0.0183486238532 0.3572949473948 1.1895455139655 1.3142843700035 0.7117289883748 0.11644662532840001 0.1118436217785 0.7212360617063001 0.977913810057 0.1406914233771 0.2955629866497 0.0 0.0880477502189 0.6104403900229 0.40639262827920003 0.0808486238532 0.11754587155960002 1.0733719372467 0.0366972477064 0.6317585786255
0.0935074100211 1.26906582218417 0.73291715475717 1.7881629516097 1.05113188896151 0.1538412696996 0.39879759262344006 0.28273887935770997 1.36962967816214 0.2154508792245 0.22936484252 0.08554376657827001 0.17375830433417 1.25946828973091 0.31201906153727 0.0576416758262 0.1591018831485 1.40569889590681 0.0521778584392 1.90998189537521
0.0112994350282 0.0451977401129 0.21468926553739998 0.1920903954801 0.24858757062109998 0.0225988700564 0.0451977401129 0.1581920903953 0.24858757062210002 0.0564971751412 0.0338983050847 0.0 0.0564971751411 0.1581920903954 0.0225988700565 0.045197740113 0.0338983050847 0.18079096045210002 0.0112994350282 0.21468926553610002
0.0999999999998 0.3265700483089 0.7862318840575 0.6951690821268 0.4946859903388 0.0347826086956 0.1896135265701 0.1584541062801 0.6942028985513 0.1118357487922 0.33357487922670004 0.0 0.0555555555556 0.2973429951688 0.0173913043478 0.8521739130434001 0.3132850241552 0.7429951690825001 0.0944444444444 0.7016908212570001
0.0 0.3110925199796 1.3442263471188 1.4693774384007998 1.1743437452153 0.3121752658347 0.3275838293035 0.9171235501839 1.4451604574824 0.296729152013 0.5258809671052 0.0246913580247 0.21222158626739998 0.6768609849227 0.4079866036142 0.0186335403727 0.19919609478340003 1.1970250249596999 0.0559006211181 1.0837909132932
0.01838627595825 0.65469478234755 1.1725053223187 1.1986701332131002 0.7267921952556 0.18708007606750002 0.2988313170938 0.49994981217734996 1.9200985419321999 0.35390106448180003 0.8311272411286 0.0185185185185 0.1699348784113 0.9731183908571501 0.23242549031839999 0.11262945914860001 0.11067642753115 1.000692664186 0.21828959312100002 1.30167781593775
0.0 0.3252236135958 0.2082289803219 0.41449016100180003 0.31699463327379995 0.085152057245 0.1856887298746 0.0697674418604 0.5026833631482 0.18980322003560002 0.189803220036 0.0348837209302 0.12003577817559999 0.336493738819 0.0348837209302 0.0697674418604 0.2862254025051 0.34776386404279996 0.0 0.28211091234380004
0.0294117647059 0.19888010540188 0.24058801386154005 0.5022818613612999 0.43076305621079003 0.05107284020325 0.10188771160645001 0.14012134498059 0.48680760841865 0.13868812347095 0.20497724781604 0.03655462184875 0.15471761827253 0.24893269560807998 0.022294372294350003 0.13471008956954 0.1187962932209 0.38145946125489 0.05971479500890001 0.31734037488524
0.0 0.0 0.0 0.0 0.0 0.0 0.0 0.0 0.0 0.0 0.0 0.0 0.0 0.0 0.0 0.0 0.0 0.0 0.0 0.0
0.0 0.1276595744682 0.0212765957447 0.10638297872329999 0.212765957447 0.0 0.0425531914894 0.0 0.0212765957447 0.0425531914893 0.0425531914893 0.0 0.08510638297869999 0.0425531914894 0.0 0.0212765957447 0.0851063829786 0.0212765957447 0.0212765957447 0.10638297872329999
0.0485957132298 0.5239981952622 1.0321519707172802 1.0478460620710601 0.91408201283309 0.27636203551499 0.17125277958288998 0.68322250840989 0.8602797582631001 0.1515278945893 0.2100568341104 0.030303030303 0.00781249999999 0.8821870938134899 0.27463395519559997 0.0 0.0182926829268 0.9140565266833799 0.015625 0.93771344649097
0.00418410041841 0.13173274888753 0.19565650527982 0.20605034203361 0.2261074583252 0.0251046025105 0.027993624227909998 0.12914259148563 0.20777711363501 0.0079365079365 0.05266653383811 0.00418410041841 0.024672909610109997 0.23042438732822 0.05352991963881 0.0 0.01630470877331 0.23995483828122 0.00418410041841 0.21239290695369997
0.0 0.0588235294118 0.0 0.0392156862746 0.1568627450981 0.0 0.1176470588236 0.0784313725491 0.1372549019608 0.0588235294118 0.1176470588236 0.0 0.0784313725491 0.0196078431373 0.0 0.0196078431373 0.0196078431373 0.0196078431373 0.0196078431373 0.058823529411799996
0.0 0.0 0.0 0.0 0.0 0.0 0.0 0.0 0.0 0.0 0.0 0.0 0.0 0.0 0.0 0.0 0.0 0.0 0.0 0.0
0.04784447366168 0.44102354394786 0.51872434260608 0.5187583027267799 0.47612387934808 0.22120852009268 0.1773498461058 0.2259260525739 0.41610509733066 0.0836696260424 0.2530162179538 0.0 0.01816883529038 0.39623802121349994 0.10429296053448 0.063573943456 0.0108695652174 0.43568508129107997 0.057707828894199995 0.53371386171468
0.0 0.0350877192982 0.1228070175439 0.1578947368421 0.08771929824550001 0.0 0.0526315789473 0.140350877193 0.0877192982456 0.0 0.0350877192982 0.0 0.0526315789473 0.0350877192982 0.0 0.0350877192982 0.0350877192982 0.0350877192982 0.0175438596491 0.0701754385964
0.06425126883466001 0.5870730021806201 2.69192005989636 1.36820159230371 0.92359631710915 0.32443849021286003 0.35375800036578003 1.61653925817731 1.9231370159589598 0.19693044516846003 0.51927323773855 0.0 0.0982182455596 1.3324756765157801 0.41423274050745 0.0732198787001 0.21066071102220002 1.0315303096555 0.17550091925476002 2.0950428308354003
0.0 0.0 0.0 0.0 0.0 0.0 0.0 0.0 0.0 0.0 0.0 0.0 0.0 0.0 0.0 0.0 0.0 0.0 0.0 0.0
0.0 0.9512659058122 0.7042830906464 1.0137823035552 1.3044569067301999 0.37691853601 0.36703069657570003 0.1835153482878 1.0772497704307 0.14484126984110002 0.5911960514234 0.0 0.0892857142856 0.36798176570950003 0.238046044864 0.2341269841275 0.28968253968220004 0.6943624557248 0.0 0.3719746162923
0.046350096841 0.6105584233931 1.9292290843455997 1.3031221596818998 1.2549896101774003 0.2266077194137 0.22615245191519998 1.1075894160781998 1.2923760912661 0.2729648829896 0.2281966259568 0.0348837209302 0.0496894409938 1.2053829248879002 0.4719669337349 0.0296866821206 0.0762916658345 1.3155495964918 0.028811463315899996 1.2896010096275
0.0121951219512 0.60907254726742 1.25012762315671 0.9215794052112299 0.94201904672221 0.15714031827451 0.2310808503986 0.40305460792581005 1.05798180093993 0.23838272715539996 0.32013931916669996 0.0 0.0713793578613 0.4825330257222 0.38688781312022 0.0243902439024 0.0853658536585 1.07203819524261 0.0 0.73463214232162
0.0555555555556 1.2121071223881 0.5706385968781 1.1043890167227999 0.7665944786172001 0.285065094571 0.37492167095310003 0.2776541223217 1.0366980985467 0.1341394332235 0.2343805613619 0.0 0.1353885204288 0.5226176690280001 0.2005240317693 0.11006714157050002 0.1221030785194 0.6728686561826001 0.0985818056036 1.0857053457605002
0.0178571428571 0.0892857142856 0.3214285714287 0.23214285714299998 0.1428571428571 0.0178571428571 0.0535714285714 0.16071428571430002 0.17857142857140001 0.0357142857143 0.0535714285714 0.0 0.0178571428571 0.1607142857142 0.0 0.0535714285714 0.0535714285714 0.2142857142856 0.0 0.19642857142870002
0.118421052631 0.2517543859647 1.1586365338631999 0.9322544867909001 1.1169244951456 0.1111111111112 1.2789027165611 0.4831071932698 0.5920044363775 0.881903033445 0.3134502923971 0.0 0.4287457148619 0.6578846541627001 0.0 0.2045530492897 0.1946360153252 0.49083484573430003 0.4065234926397 1.3783524904195
0.0 0.27432526630304005 0.69724828059267 0.75248123965031 0.46104535220543996 0.07415145634637 0.08272126797207 0.43181216097484004 0.35213958388004 0.07946049916517 0.11995666367506999 0.02323431529637 0.05293641295194 0.32920010387734 0.1209517985711 0.022902603664369997 0.0163934426229 0.4588236892354 0.038271909281370003 0.6119439537347001
0.0992115229402 0.43355287319153 1.04518535941228 0.8229276268564399 0.37763569855984 0.2259169530479 0.3737013021154 0.46561647604660994 0.9954793058540901 0.11960067113746001 0.44593445069403 0.0 0.10505319148940001 0.52091495238624 0.20894853174614003 0.073489010989 0.11042947165820999 0.46857722626125003 0.09317202058134 1.01465335503133
0.0 0.1639204545454 0.22386363636370002 0.2551136363638 0.24204545454550003 0.0625 0.11193181818180001 0.1170454545454 0.36931818181840004 0.22386363636360002 0.1897727272727 0.0 0.046875 0.1039772727272 0.03125 0.11193181818190001 0.2732954545454 0.2417613636364 0.08068181818180001 0.1508522727272
0.0 1.1897483271755998 0.9075114850686 0.9917007889734001 0.4184597523218 0.2421826625386 0.5990612204127 0.39290422450789997 1.1953810046942999 0.5233259262959999 0.6721299810251 0.0 0.22775142314980001 0.30541795665620003 0.0125 0.078947368421 0.2026528013581 0.4461300309599 0.195394736842 0.3988003095977
0.0 0.0 0.0 0.0 0.0 0.0 0.0 0.0 0.0 0.0 0.0 0.0 0.0 0.0 0.0 0.0 0.0 0.0 0.0 0.0
0.0 0.2774327122152 0.2432712215322 0.0652173913044 0.0910973084886 0.0434782608696 0.047619047619 0.1521739130436 0.0652173913044 0.2598343685298 0.0434782608696 0.0 0.30745341614880006 0.0652173913044 0.0217391304348 0.047619047619 0.095238095238 0.0434782608696 0.0 0.1304347826088
0.0 0.1880032675921 1.7699439841292 1.5452911658303 1.2147041661808 0.1679309137586 0.1518788656784 0.7463764733330001 1.3831952386506 0.1849048897185 0.3157894736845 0.0 0.14999999999980002 1.393015521064 0.21239351149469998 0.0 0.14999999999980002 1.4647041661807 0.0487804878049 1.9130878748970996
0.0 0.2834809796778 0.5383756420759 0.327849326286 0.4631876721507 0.0601503759399 0.039603960396 0.1797066924738 0.4140549393289 0.09900990099 0.034839574183 0.0 0.0649147621529 0.543140028289 0.1543958907168 0.0 0.0 0.4591677212828 0.0 0.338122534058
0.0 0.0 0.0 0.0 0.0 0.0 0.0 0.0 0.0 0.0 0.0 0.0 0.0 0.0 0.0 0.0 0.0 0.0 0.0 0.0
0.0 0.262295081968 0.4590163934418 0.1967213114758 0.4590163934428 0.0655737704918 0.0 0.196721311475 0.3278688524586 0.262295081968 0.45901639344379996 0.0 0.39344262295079996 0.19672131147539998 0.0 0.196721311475 0.1311475409836 0.1311475409836 0.1967213114758 0.0655737704918
0.00729927007299 0.4307853953234 0.4498235099005 0.28830966391137003 0.38684789256869 0.23558792006289 0.049928196043 0.12688113904658999 0.52963614854699 0.04658916824369 0.18496277506470002 0.0 0.0 0.21602349877977997 0.11328823776399 0.05668198612229 0.00729927007299 0.45548633999158006 0.00729927007299 0.40727031841058997
0.0 0.0 0.0 0.0 0.0 0.0 0.0 0.0 0.0 0.0 0.0 0.0 0.0 0.0 0.0 0.0 0.0 0.0 0.0 0.0
0.00858369098711 0.32529310945339995 1.53786422620282 1.06858995766392 0.9631233827383101 0.25206472428291 0.20815239219041 0.7293091058544101 0.82038800972451 0.25757757998462 0.3330846518658001 0.00858369098711 0.12749451926351 0.87442258457301 0.3918470423413 0.0716730851518 0.2103974113458 0.88158417150891 0.050190577644109995 1.8797760862343098
0.0 0.125 0.0 0.0 0.25 0.0 0.0 0.375 0.0 0.0 0.125 0.0 0.0 0.125 0.0 0.0 0.0 0.0 0.0 0.0
0.14826546003013 1.0765727631009299 0.56613633046249 0.81292512042059 0.6589719262396001 0.3418162798618001 0.23152337858213 0.19765970904490002 0.39147569697845996 0.12556561085979 0.32545127232036003 0.0 0.0645161290322 0.1926847662142 0.058446455505329994 0.0294117647059 0.13921568627460001 0.57073419938696 0.00980392156863 0.05882352941183
0.0721696192628 0.42661221861255 0.7937813189427001 0.72402207727625 0.67076424205175 0.22705251336590002 0.0984848484848 0.5567353521163001 0.7046698654229999 0.18323061119655 0.26711414664765 0.0466321243523 0.15347778301145 0.69367114545845 0.1716045144515 0.0454545454545 0.0534228293296 0.6913013510886998 0.00757575757575 1.4122231359010002
0.0446969696969 0.2819011369732 1.0432855121261 0.8896306055716 0.9504050163464999 0.13125213487530002 0.2212401795733 0.3846166983848 0.9715280827601 0.19170814424420002 0.5049285121748001 0.0 0.0350729517396 0.2596410969595 0.21934563021499998 0.074074074074 0.0493827160494 0.8581625433076 0.0 0.8891279949245998
0.0133333333333 0.47581504808321995 0.2076246105922 0.32494548286589997 0.8486611133689401 0.0266666666667 0.47270926452722 0.344561154002 0.51921068671242 0.14933969930921998 0.32219185967729996 0.0 0.08053738317752 0.25231477719084 0.0925000000001 0.03434579439252 0.17106867127182 0.25339563862923997 0.025 0.38577881619980003
0.0 0.1846153846154 0.4153846153851 0.3230769230768 0.2307692307695 0.0692307692307 0.1153846153847 0.2538461538465 0.3230769230768 0.0230769230769 0.115384615385 0.0 0.0461538461538 0.34615384615329997 0.0692307692307 0.0230769230769 0.0 0.20769230769209998 0.0 0.2538461538463
0.0 0.75974025974 0.3850889850892 0.5442520442522001 0.781192881192 0.0454545454545 0.41111111111140003 0.1363636363635 0.8540163540158 0.1714285714284 0.3448292448295 0.0428571428571 0.074074074074 0.5721019721014 0.0 0.12275132275120001 0.20846560846510004 0.8844636844643 0.1539682539681 0.5078403078404
0.027027027027 0.027027027027 0.20622796709750002 0.11927144535840001 0.059635722679200004 0.0326086956521 0.0757931844888 0.2605757931848 0.1028202115159 0.108108108108 0.10810810810810001 0.0 0.0919506462984 0.11956521739130001 0.1298472385428 0.0649236192714 0.0487661574618 0.13014101057580002 0.0 0.2876028202116
0.0331125827814 0.3006149479666 0.6302428256071 1.0078839482809 0.4144591611475 0.2555976032799 0.1893724377165 0.2224850204981 0.8118101545239 0.1019394512771 0.2514979501738 0.0 0.0119047619047 0.2820088300219 0.2105802585936 0.0 0.0238095238095 0.7600914538007001 0.0 0.4925890886149
0.0 0.8479895390646 1.1865805818889 0.7394573389991 0.8600032690428001 0.0714285714286 0.2934782608702 0.1527459954233 1.1701536449815 0.6659038901605999 0.9078947368428001 0.0 0.3101503759395 0.6033834586455 0.19736842105219998 0.285714285714 0.5244360902249999 0.6412226217707 0.1071428571428 0.4349460608044
0.0 0.0344827586206 0.14655172413794 0.22413793103467 0.0862068965517 0.0 0.0172413793103 0.060344827586240005 0.06896551724134001 0.0 0.0517241379311 0.0 0.01724137931034 0.025862068965469998 0.0344827586207 0.00862068965517 0.025862068965469998 0.08620689655167 0.00862068965517 0.10344827586199999
0.0 0.0 0.0 0.0 0.0 0.0 0.0 0.0 0.0 0.0 0.0 0.0 0.0 0.0 0.0 0.0 0.0 0.0 0.0 0.0
0.0 0.12132352941169999 0.1004901960784 0.2757352941178 0.1593137254902 0.050245098039200006 0.1176470588235 0.1544117647059 0.2377450980393 0.15073529411750003 0.16789215686270004 0.0 0.0710784313726 0.08823529411770001 0.0 0.0294117647059 0.0588235294118 0.11274509803919999 0.0 0.10416666666650001
0.0 0.874661155799 0.8307821898173999 1.1203665839819998 0.7998745328528 0.1481844242713 0.4202643733079 1.1027741307732 1.3813003335764003 0.2628730689601 0.2569369959007 0.027397260274 0.11505889385580001 0.7861402107915 0.3124187605128 0.077397260274 0.010989010989 0.9461607183771 0.0 0.526420095688
0.0 0.3158195970694 0.5668498168503 0.6883012820518001 0.7195512820508 0.119162087912 0.0543727106227 0.3158195970693 0.29269688644680003 0.0 0.1087454212454 0.087912087912 0.0104166666667 0.539148351648 0.2174908424907 0.0 0.0 0.56456043956 0.0104166666667 0.3887362637361
0.0 0.0 0.0 0.0 0.0 0.0 0.0 0.0 0.0 0.0 0.0 0.0 0.0 0.0 0.0 0.0 0.0 0.0 0.0 0.0
0.0 0.262108262108 0.11253561253550001 0.2621082621081 0.15242165242150002 0.1139601139601 0.0740740740741 0.0754985754985 0.1481481481481 0.30056980057 0.3717948717946 0.0 0.18945868945869998 0.1481481481481 0.0754985754985 0.111111111111 0.18803418803420002 0.074074074074 0.037037037037 0.3034188034191
0.11894736842100001 0.74537786774588 0.5245614035086 0.85681511470958 0.6088191632926601 0.0929487179487 0.69883940620748 0.2456140350874 1.0222199730090402 0.1328205128205 0.38256410256398 0.0 0.0 0.5065114709851599 0.12061403508768001 0.0 0.10243589743588 0.8494804318496001 0.11894736842100001 0.8724831309041601
0.0 0.0666666666666 0.0666666666666 0.266666666667 0.1333333333332 0.0 0.0 0.33333333333320003 0.2666666666662 0.133333333333 0.0666666666666 0.0 0.2 0.0 0.0666666666666 0.0 0.0666666666666 0.0 0.0 0.3333333333336
0.0514117538857 0.33924027850820004 1.0934083610107 1.0989613147949 1.3366745326068 0.120249110288 0.2569525821293 1.0371825779689998 1.1651452758695 0.18318895144379999 0.5401392521496 0.0 0.1249843018595 0.9395636046164999 0.4512663403767 0.030534351145 0.09070634496149999 1.1033685285786 0.1256682547446 1.9113542830627
0.0 0.0 0.0 0.0 0.0 0.0 0.0 0.0 0.0 0.0 0.0 0.0 0.0 0.0 0.0 0.0 0.0 0.0 0.0 0.0
0.0769230769231 0.3565517033822 0.0835289514867 0.46086132177639993 0.5214685549196 0.0277777777778 0.184719427677 0.39869989165819997 0.657457565908 0.32556449809960003 0.22339593114240003 0.0140845070422 0.6526444994749 0.1388888888891 0.0769230769231 0.15694164989919998 0.0702269170579 0.1255868544599 0.0422535211266 0.4055013843743
0.1640866873066 0.6644836668428 1.6156432932342 1.0122733140070999 1.0309007901001002 0.3112343144935 0.39645988200689997 0.8906156448642 0.9674062079752 0.2671487199536 0.5397695926717001 0.0332225913621 0.076433121019 1.3415804666286 0.35120349428389996 0.0 0.0754348250928 1.1650655912124002 0.0692428746284 1.0277949223173
0.0 0.27733699049489996 0.9618935158424 0.9515177804643 0.8849977507874001 0.0581589463168 0.1961052105787 0.5955965087546 0.7298755338234999 0.1408457040035 0.16951381951369998 0.0 0.031843156843100004 0.5492456374035 0.1825174825179 0.0444444444444 0.054065379065300005 0.7385164543071 0.0178571428571 0.41566854198479997
0.0 0.39013547511421 0.22010772303261 0.49492768032271 0.40668643606170995 0.10823311748380002 0.04542868752531 0.11083368635811999 0.31899504612361 0.085396872055 0.1749539626689 0.0 0.1443160106166 0.45682519646911 0.16975282492000998 0.0628199918731 0.06281999187311 0.35561223166570993 0.0 0.3921550658347
0.0 0.0574712643679 0.0574712643679 0.0574712643679 0.0459770114943 0.0229885057472 0.0114942528736 0.0459770114943 0.1034482758622 0.0114942528736 0.0459770114943 0.0 0.0344827586207 0.2528735632186 0.0344827586207 0.0 0.0 0.1149425287357 0.0 0.10344827586220001
0.0 0.0 0.0 0.0 0.0 0.0 0.0 0.0 0.0 0.0 0.0 0.0 0.0 0.0 0.0 0.0 0.0 0.0 0.0 0.0
0.0 0.5888274120482 0.9089715011594 0.9388908315197 0.36868083737790003 0.2318062572872 0.2681339574352 0.7653445740949999 1.0768332614021 0.3126233365565 0.10450268817189999 0.117846385542 0.1407388274026 0.40868966300290005 0.010752688172 0.0 0.2105062692631 0.6379271775776001 0.0 0.9089243319867
0.03125 0.48141153986159996 0.7489212369609 0.9491757465840001 0.4802531444965 0.1316663633053 0.3255275347407 0.6127558433655 0.9392636795010999 0.1827071538856 0.3677177610686 0.0 0.0934561841758 0.3480273935199 0.03125 0.1138420596763 0.0568708183222 0.39766108481960005 0.0 0.7082424557200999
0.0 0.0 0.0 0.0 0.0 0.0 0.0 0.0 0.0 0.0 0.0 0.0 0.0 0.0 0.0 0.0 0.0 0.0 0.0 0.0
0.0 0.5208408843782999 0.7397607828923 0.7720188474088 1.0750271837622 0.1290322580644 0.1993475897063 0.412468285611 0.8619064878586 0.0967741935483 0.21891989851439997 0.0 0.0449438202247 0.2765494744471 0.134831460674 0.0 0.0322580645161 0.7778180500177 0.0 0.7075027183774
0.0 0.0 0.0 0.0 0.0 0.0 0.0 0.0 0.0 0.0 0.0 0.0 0.0 0.0 0.0 0.0 0.0 0.0 0.0 0.0
0.0 0.15178066704350002 0.2139626907858 0.16986998304099998 0.1707179197286 0.0664217071791 0.0500282645561 0.13369135104559998 0.2699265121534 0.0672696438665 0.1681741096665 0.0 0.0672696438664 0.1500847936685 0.0163934426229 0.0172413793103 0.051724137931 0.06811758055379999 0.0172413793103 0.15008479366849997
0.0 0.0865761689289 0.4441346762025 0.8021408066960001 0.4032793266193 0.17871356979539998 0.0384615384615 0.24124945263429998 0.48195397265599993 0.0384615384615 0.1348221670802 0.0322580645161 0.0 0.7400184887855 0.1981511214908 0.0128205128205 0.0128205128205 0.4585559285754 0.0 0.6955821534565001
0.0 0.0526315789473 0.0526315789473 0.0350877192982 0.1052631578946 0.0 0.0175438596491 0.105263157895 0.0877192982457 0.0 0.0350877192982 0.0 0.0 0.22807017543869998 0.0175438596491 0.0 0.0 0.10526315789480001 0.0 0.1578947368421
0.0 0.0 0.0 0.0 0.0 0.0 0.0 0.0 0.0 0.0 0.0 0.0 0.0 0.0 0.0 0.0 0.0 0.0 0.0 0.0
0.0 0.27586206896550003 0.0 0.10344827586210001 0.0689655172414 0.0 0.0344827586207 0.0689655172414 0.20689655172410001 0.0689655172414 0.0689655172414 0.0 0.0 0.0 0.0 0.0 0.103448275862 0.0 0.0 0.0
0.047619047619 0.49570079043730003 0.6429920956241999 0.7748602274912001 0.5206092153457 0.07692307692309999 0.098901098901 0.37933294775369997 0.6847503373814 0.0688259109311 0.3838827838826 0.0 0.07395411605930001 0.43709273182920005 0.1120107962212 0.050472334682800005 0.0526315789473 0.5668401773659 0.047619047619 0.4849816849812
0.0 0.0192307692308 0.07692307692309999 0.0384615384616 0.096153846154 0.0192307692308 0.0384615384616 0.1153846153846 0.153846153846 0.0384615384615 0.0192307692308 0.0 0.0 0.0192307692308 0.0192307692308 0.0192307692308 0.0192307692308 0.19230769230769998 0.0384615384615 0.07692307692309999
0.0 0.3412500741268001 1.329766741232 1.1192780196816 1.2800060856882998 0.283149498903 0.3000029650714 0.3397107645702 1.0747408965023 0.1926406926405 0.4820998636069 0.0357142857143 0.1086689940047 0.5771676373626 0.3049245462224 0.040635866865300005 0.18302496590159997 1.1302360488529 0.09882583170249999 1.7781562213544002
0.0 0.0 0.0 0.0 0.0 0.0 0.0 0.0 0.0 0.0 0.0 0.0 0.0 0.0 0.0 0.0 0.0 0.0 0.0 0.0
0.0121951219512 0.37347560975599997 0.10442073170720001 0.20350609756090002 0.1219512195122 0.0243902439024 0.11661585365849998 0.0121951219512 0.28353658536579995 0.0990853658536 0.17911585365889998 0.0 0.0 0.0800304878048 0.0121951219512 0.0 0.0487804878048 0.18597560975599997 0.0 0.1425304878048
0.0 0.3658489556277 0.4763265177630999 0.7110426406009 0.6119807652957 0.215870992114 0.1403724166154 0.3494671892463 0.7441918118716 0.1784286411357 0.25618202137519996 0.0 0.1360595614739 0.4004029528892 0.0975980230124 0.0523799405015 0.041330216744599996 0.5735192268345 0.0 0.6489981268986
0.02 0.4024336069528 0.6504200869155 0.4332496378561999 0.5884596813134 0.110091743119 0.0526315789474 0.31430226943490003 0.5562626750367 0.0463157894737 0.23310478029989998 0.0183486238532 0.04 0.4612168034761 0.1052631578947 0.0 0.0183486238532 0.363032351521 0.0 0.5865185900541
0.0869565217391 0.6063688999179 0.28645208811739997 0.4922014112581 0.4961841571238 0.0988095238095 0.5180979609452001 0.0797877846791 0.6633360561838001 0.0865185539099 0.3368870376938 0.0125 0.1410049627791 0.3981102523002 0.14963517665120002 0.1517871913032 0.172510518934 0.7090853279502 0.0819397993311 0.43182677537490005
0.1874999999999 0.1761363636363 0.0454545454546 0.1477272727271 0.0681818181818 0.5511363636373 0.0 0.0227272727273 0.0454545454546 0.0 0.0909090909092 0.0227272727273 0.0227272727273 0.2840909090909 0.0 0.0 0.0 0.24431818181819998 0.0 0.0909090909091
0.0 0.0681818181818 0.1678321678322 0.1713286713286 0.27272727272770003 0.13286713286670002 0.1993006993006 0.0454545454545 0.29370629370659995 0.0384615384614 0.1293706293707 0.0 0.0 0.0384615384614 0.0 0.0227272727273 0.0192307692307 0.2167832167828 0.0227272727273 0.16083916083910002
0.0357142857143 0.1703533026114 0.4207373271892 0.39666576308019996 0.2737914520646 0.18456221198169998 0.0588235294116 0.512117104907 0.28977139242769995 0.040164452877799996 0.07980030721959999 0.010752688172 0.040164452877799996 0.2677374175477 0.07872503840239999 0.0294117647058 0.1509803921566 0.4382443299902 0.0 0.5214827866627
0.0176991150442 0.2313527180781 0.9620733249066 0.5023177412557001 0.4804045512012 0.1007163927517 0.3674673409184 0.0176991150442 0.7075431942682 0.285714285714 0.36873156342139995 0.0 0.1129372102822 0.20143278550350002 0.11293721028220001 0.0 0.06531816266320001 0.9089759797722 0.0 0.5566793088919
0.0 0.2043182726909 0.28697854191649996 0.32706917233099997 0.2465946954551 0.0327868852459 0.09836065573769999 0.0 1.2075436492068 0.1799280287885 0.3018792483008 0.0 0.0655737704918 0.2138078102092 0.1143542582967 0.0655737704918 0.1959216313476 0.21271491403429998 0.0243902439024 0.2222044515526
0.0 0.26958288699169997 0.4945831630801 0.3505648750429 0.43235303861950003 0.0472440944882 0.055880111760199996 0.4113151704565 0.39522479045 0.0434782608695 0.4101335159197 0.0 0.1466024671179 0.30819096420799996 0.1503683007365 0.0881381762763 0.45700213139659995 0.5156210312431 0.10799438990169999 0.3157226314457
0.0 0.0 0.0 0.0 0.0 0.0 0.0 0.0 0.0 0.0 0.0 0.0 0.0 0.0 0.0 0.0 0.0 0.0 0.0 0.0
0.0 0.0263157894737 0.2456140350881 0.1578947368427 0.1929824561407 0.0263157894737 0.07894736842109999 0.0 0.2982456140354 0.166666666667 0.245614035088 0.0 0.2456140350881 0.0263157894737 0.0263157894737 0.0 0.0526315789474 0.1052631578948 0.0263157894737 0.07894736842109999
0.0888888888889 0.46231438812040004 0.6057408419909001 0.8126541522388 0.9067119685492999 0.1089605734766 0.20573476702549998 0.5148029541692 0.8505905733900998 0.131746031746 0.35709338957009995 0.0508474576271 0.049207217058499994 0.8370321192084 0.2301604658629 0.0 0.0444444444444 1.0029749971794 0.0 0.7400947694560001
0.0 0.34426229508170003 0.3442622950825 0.1967213114753 0.5901639344265 0.0491803278688 0.0491803278688 0.2459016393448 0.2950819672125 0.1475409836065 0.0491803278688 0.0 0.0 0.147540983606 0.0983606557376 0.0491803278688 0.0 0.1475409836064 0.0 0.2459016393441
0.0 0.0 0.0 0.0 0.0 0.0 0.0 0.0 0.0 0.0 0.0 0.0 0.0 0.0 0.0 0.0 0.0 0.0 0.0 0.0
0.0555555555556 0.08333333333340001 0.0277777777778 0.0 0.0555555555556 0.0 0.0555555555556 0.0277777777778 0.138888888889 0.0555555555556 0.1388888888889 0.0 0.0555555555556 0.0555555555556 0.0 0.0 0.1111111111111 0.0555555555556 0.0 0.08333333333340001
0.030303030303 0.060606060606 0.1060606060606 0.09090909090900001 0.060606060606 0.0 0.045454545454500006 0.0151515151515 0.1060606060606 0.0 0.1212121212121 0.0 0.0 0.030303030303 0.0 0.0 0.030303030303 0.2424242424242 0.0 0.060606060606
0.0 0.0 0.0666666666667 0.0666666666667 0.0 0.0 0.133333333333 0.0666666666667 0.2 0.0 0.1333333333334 0.0 0.0 0.133333333333 0.0666666666667 0.0 0.0666666666667 0.0666666666667 0.0 0.0
0.0 0.17448165869210003 0.6892696927876001 0.7775576581907001 0.6234393013512001 0.1601219169816 0.1301274125045 0.3675107073093 0.47260302612120003 0.0 0.1725250733234 0.0224719101123 0.0467409159602 0.6578597924838001 0.2435236456821 0.0464912280701 0.035885167464100004 0.4945869099034 0.0224719101123 0.8623320729476001
