0.0 0.0 0.0 0.0 0.0 0.0 0.0 0.0 0.0 0.0 0.0 0.0 0.0 0.0 0.0 0.0 0.0 0.0 0.0 0.0
0.0 0.2089552238806 0.0895522388059 0.0 0.3880597014926 0.0298507462686 0.0 0.0 0.149253731343 0.179104477612 0.328358208955 0.0 0.2089552238803 0.0895522388058 0.0 0.119402985075 0.0895522388059 0.0597014925373 0.0 0.0597014925372
0.0 0.29274495138359996 1.0282722513078 0.6307404637247 0.4831712789824 0.1737471952131 0.0809274495138 0.42370979805590003 0.7544502617793001 0.261780104712 0.1332834704561 0.0 0.0809274495138 0.6212415856395 0.23089005235590002 0.0261780104712 0.0523560209424 0.8377711293937 0.0 0.8878085265527
0.0 0.17537503767749998 1.3064817176386 0.7659289573137 0.8109740545813 0.0441176470588 0.1819077650769 0.2730819170396 0.621438011547 0.1035903916158 0.2642595469404 0.0 0.1650803403741 0.7488290941135 0.0423728813559 0.0 0.0 0.3725335621043999 0.0 1.1240290755664002
0.0 0.5869218500813 0.3843700159493 0.5948963317391001 0.503987240831 0.0 0.0526315789473 0.157894736842 0.1355661881976 0.0526315789473 0.42105263157929995 0.105263157895 0.1578947368423 0.151515151515 0.1132376395533 0.0 0.0526315789473 0.6108452950559 0.0526315789473 0.8660287081333
0.0 0.2 0.1 0.5 0.05 0.1 0.0 0.0 0.0 0.0 0.0 0.0 0.0 0.0 0.0 0.0 0.0 0.0 0.0 0.05
0.0144927536232 0.08122682844620001 0.2468823727673 0.24081563869240002 0.2930569598925 0.0116279069767 0.1307718233905 0.037748567576700004 0.2524435456685 0.05224132119990001 0.15099427030669998 0.0 0.0144927536232 0.061004381530200005 0.0116279069767 0.0144927536232 0.0551061678463 0.2236265588137 0.0 0.1073474890462
0.0326086956521 0.13885869565210002 1.0418762167428 0.5341377352368 0.1940014600907 0.0451086956521 0.1929347826085 0.6611088578854 0.6031391953278 0.0625 0.114884815055 0.0 0.058675373134300005 0.5052725502922 0.26024497079840003 0.0125 0.10514276443850001 0.4771130759254 0.0 0.9598921155107
0.0592777085927 0.1645021645022 1.0983118859836 0.45067504793490004 0.321297119927 0.0410958904109 0.2614718614716 0.1622487101937 0.7732965664471001 0.1698412698413 0.29760224554709996 0.0 0.0181818181818 0.4856213801431 0.2177746150349 0.0 0.0 0.6825910771119 0.031168831168800003 0.7650418075076
0.0 0.19211514392989998 0.23651847418010002 0.4304293410236 0.4874571475212 0.0 0.0425531914893 0.0 0.660145834466 0.3328345214123 0.452413342766 0.0 0.1708385481857 0.267154595418 0.0 0.061326658322900005 0.21461609620709998 0.3742177722154 0.0588235294117 1.0185558034499997
0.0204081632653 0.1562009419152 0.5047095761378 0.140502354788 0.2378335949764 0.0384615384615 0.17425431711150002 0.0384615384615 0.30141287284150003 0.0384615384615 0.0816326530612 0.0 0.0973312401883 0.1970172684457 0.076923076923 0.0 0.0384615384615 0.2535321821036 0.19230769230810002 0.4120879120877
0.0 0.25 0.0 0.0 0.5 0.0 0.0 0.0 0.0 0.0 0.0 0.0 0.0 0.0 0.0 0.0 0.0 0.25 0.0 0.0
0.0 0.3809523809522 0.0 0.380952380952 0.1904761904762 0.0952380952381 0.0 0.0 0.4761904761903 0.0952380952381 0.0952380952381 0.0 0.0 0.0952380952381 0.190476190476 0.0 0.0 0.0 0.0 0.0
0.0165289256198 0.0204081632653 0.47403534416410004 0.2303929836398 0.2753883922712 0.08264462809920001 0.0165289256198 0.2293810086021 0.42026948520429996 0.0165289256198 0.30068776822 0.0 0.0534660145049 0.7778902194483 0.2012143700456 0.0 0.0 0.42772811604070005 0.0 0.4569067296339
0.0 0.0166666666667 0.74405940594 0.6013201320137 0.129702970297 0.0463696369637 0.0 0.2615511551153 0.35792079208 0.0 0.0630363036304 0.0 0.0463696369637 0.4100660066004 0.2057755775577 0.0 0.029702970297 0.6273927392734 0.0463696369637 0.41369636963679995
0.0 0.047619047619 0.0 0.1428571428571 0.0 0.0 0.0 0.047619047619 0.1428571428571 0.190476190476 0.1428571428571 0.0 0.047619047619 0.0 0.047619047619 0.0952380952381 0.0 0.095238095238 0.0 0.0
0.0 0.1578947368424 0.0526315789474 0.0 0.263157894737 0.0 0.2105263157898 0.0526315789474 0.1052631578948 0.36842105263200003 0.0526315789474 0.0 0.105263157895 0.0 0.0 0.0526315789474 0.315789473684 0.0526315789474 0.105263157895 0.105263157895
0.0547945205479 0.2930591781278 1.2622600800979 0.7302731147265 0.5253839967432 0.2481879623685 0.3730623363985 0.6574373420502001 0.6364089928205 0.0140845070422 0.45978579344850007 0.0 0.0930232558139 0.378599087356 0.15610066900300001 0.0149253731343 0.1710260421373 0.7934994005914999 0.0149253731343 1.1231629744619
0.0 0.0 0.0 0.0 0.0 0.0 0.0 0.0 0.0 0.0 0.0 0.0 0.0 0.0 0.0 0.0 0.0 0.0 0.0 0.0
0.0253164556962 0.23770363026692 1.6458640847961 0.92695888057811 0.6367611551989101 0.22408641108509997 0.09092660025879999 0.7965165581351 0.76840694160081 0.16035796165690996 0.23904328796580002 0.0 0.12319360629690998 0.90682704514842 0.27338591309761995 0.051796142544709996 0.1496403950548 0.58330227991741 0.05245418158831 3.10745846911332
0.0 0.0 0.0 0.0 0.0 0.0 0.0 0.0 0.0 0.0 0.0 0.0 0.0 0.0 0.0 0.0 0.0 0.0 0.0 0.0
0.0 0.1463414634146 0.4024390243912 0.44308943089380004 0.9024390243895999 0.109756097561 0.0731707317072 0.2764227642278 0.5528455284562 0.459349593496 0.5325203252034 0.0 0.256097560977 0.0731707317072 0.0 0.0 0.10975609756079999 0.0 0.10975609756079999 0.5528455284552001
0.07515520389524 0.38336831280024003 2.0257720318161 1.2094652339065999 0.9620672865033001 0.1922580645164 0.1591954022987 0.407476301411 1.0091155791545199 0.37798336376499997 0.36688794677462 0.1301149425286 0.0258620689655 0.46247087959351996 0.1709677419358 0.0266666666666 0.0266666666666 0.72116719485634 0.0705920624593 1.19674704948402
0.0117647058823 0.3792279411764 0.6996323529410999 0.5626838235292 0.1996323529411 0.0391544117647 0.3205882352942 0.0586397058823 0.6332720588235 1.015625 0.3987132352942 0.03125 0.46875 0.2113970588235 0.050919117646999995 0.125 0.0 0.1724264705881 0.0 0.6213235294116001
0.0253164556962 1.1812125249836 0.568687541638 0.3602931379078 0.3327115256487 0.1600266489001 0.2612924716855 0.1980013324448 1.3055296469012 0.5664223850767001 0.6147901399072 0.0 0.0863424383743 0.2463690872752 0.221052631579 0.3073950699531 0.147368421052 0.3349766822119 0.1600266489001 0.9221852098617
0.0 0.0 0.0 0.0 0.0 0.0 0.0 0.0 0.0 0.0 0.0 0.0 0.0 0.0 0.0 0.0 0.0 0.0 0.0 0.0
0.105263157895 0.5450828663168 1.23852735286675 0.5688358828115501 0.80243712730205 0.0197044334975 0.1788157396142 0.101892662691 0.54913144931295 0.1689635228654 0.19730360383724999 0.0 0.31754452444095 0.21295945433850003 0.0 0.08677529367185001 0.1821862348181 0.4340160746699 0.00985221674875 0.2807084023058
0.0 0.0217391304348 0.2282608695652 0.1304347826086 0.19565217391300002 0.0434782608696 0.10869565217379999 0.2500000000003 0.29347826087000006 0.0217391304348 0.054347826087000006 0.0 0.0652173913043 0.0869565217392 0.0434782608695 0.0 0.0217391304348 0.1521739130436 0.0108695652174 0.2717391304349
0.0330578512397 0.23958422083999997 1.5926348948081999 0.7379212376945999 0.5953369724874 0.10562445988880001 0.17479874782559998 0.30437872433870006 0.8650755478472999 0.13063183151160002 0.527073978112 0.0569018610255 0.012987012987 0.3038863666791 0.0742949646417 0.0322580645161 0.0967741935483 0.34641562446359997 0.10868304534600001 0.6616804002001999
0.0210526315789 0.263157894737 0.21052631578960002 0.1263157894735 0.2421052631581 0.0 0.0842105263156 0.0947368421051 0.5578947368436 0.3789473684218 0.23157894736850002 0.0 0.1052631578947 0.0 0.0421052631578 0.0210526315789 0.315789473684 0.0526315789473 0.0210526315789 0.2315789473683
0.0 0.43371503048890003 0.7811215069294001 0.5128434886501 0.3077549690451 0.2008797653958 0.2105308073049 0.34908609908620003 0.7551242067385 0.12112290338090001 0.6568410681322 0.0 0.1930324752904 0.32936895840150004 0.09307359307360001 0.037037037037 0.1862092507252 0.3484305419793 0.0 0.4838282983448
0.0 0.0 0.0 0.0 0.0 0.0 0.0 0.0 0.0 0.0 0.0 0.0 0.0 0.0 0.0 0.0 0.0 0.0 0.0 0.0
0.0 0.0 0.40425531914940005 0.19148936170199998 0.063829787234 0.0425531914893 0.2 0.0212765957447 0.06382978723409999 0.34255319148929997 0.0 0.0 0.24255319148930002 0.1 0.0212765957447 0.2 0.0 0.0425531914893 0.0 0.063829787234
0.0 0.2372881355931 0.47457627118670004 0.5208012326655 0.0338983050847 0.1694915254237 0.0 0.372881355932 1.1895223420654 0.0 0.19260400616309997 0.0 0.1248073959937 0.7796610169497 0.0677966101694 0.0 0.0 0.2711864406778 0.0 0.5654853620947999
0.0190476190476 0.05508173418616 0.4521677327646 0.15081734186197998 0.13255152807396 0.03603411513856 0.0 0.11684434968016 0.2079601990048 0.0 0.04555792466236 0.00746268656716 0.01698649609096 0.18144989339022 0.0754086709311 0.0 0.0 0.1860696517412 0.00746268656716 0.30909737029175993
0.0 0.285714285715 0.0571428571428 0.0571428571428 0.0 0.0 0.114285714286 0.0571428571428 0.2285714285712 0.342857142857 0.4000000000008 0.0 0.0571428571428 0.0 0.0 0.0 0.0571428571428 0.1142857142856 0.1714285714288 0.0571428571428
0.0 0.0909090909091 0.0909090909091 0.0 0.0909090909091 0.0 0.2727272727273 0.0 0.0909090909091 0.363636363637 0.181818181818 0.0 0.0909090909091 0.181818181818 0.0909090909091 0.0 0.0909090909091 0.0 0.2727272727271 0.0909090909091
0.1005747126436 0.40476190476159996 0.7807881773398001 0.6642036124791999 0.3862889983576 0.095238095238 0.3201970443346 0.20935960591129998 0.6564039408866 0.178571428572 0.2422003284069 0.0 0.047619047619 0.4646962233166 0.194581280788 0.047619047619 0.1165845648605 0.5623973727417 0.0357142857143 0.4922003284068
0.0 0.0 0.2 0.0 0.1 0.0 0.3 0.0 0.0 0.0 0.2 0.0 0.0 0.0 0.0 0.1 0.0 0.0 0.0 0.1
0.0 0.04941736481337 0.99090632140158 0.24614242193434 0.16846153846159 0.02951637471436 0.01961538461536 0.28526275704486004 0.22806549885728 0.00961538461537 0.05913175932973 0.00961538461537 0.03961538461536 0.14642802741801997 0.04931835491236 0.019900990098989997 0.0192307692307 0.07980198019798 0.0 0.54995430312307
0.0 0.0 0.0 0.0 0.0 0.0 0.0 0.0 0.0 0.0 0.0 0.0 0.0 0.0 0.0 0.0 0.0 0.0 0.0 0.0
0.0 0.1284340659341 0.2458791208792 0.16311813186809998 0.15041208791209998 0.115728021978 0.021978021978 0.032967032967 0.22733516483549998 0.07692307692309999 0.010989010989 0.0 0.042239010989 0.2221840659341 0.104739010989 0.0 0.032967032967 0.159684065934 0.032967032967 0.231456043956
0.1528417818746 0.44900407510359996 3.214615784994 0.4993906386869 0.33646900509070005 0.09720582447840001 0.0560675883257 0.5423061786701999 0.3211080219875 0.0721966205837 0.0879574970483 0.0495867768594 0.07339630066889999 0.6483604372164 0.19972451790609996 0.0165289256198 0.0641479732388 0.8745033070539 0.08795749704830001 1.1566312475415
0.0521739130435 0.21767213843081998 1.4674469881067198 0.37891680002182004 0.39482222528560995 0.00836820083681 0.15856646732091 0.25183844500672997 0.48445501787441997 0.03368555421601 0.22666386522660004 0.0 0.050847457627099996 0.33088556778324 0.034127706021420005 0.029501453797599997 0.0338983050847 0.18613458981142 0.0 0.65999530450561
0.030555555555530002 0.60628174285096 0.9475207163855299 0.8022186581128299 0.7368372984059 0.3668181413168 0.13158914728749999 0.42112848614493004 0.4963401051412001 0.16139846743282998 0.4157845495857 0.0 0.20459770114960002 0.34833155127813 0.2289227479288 0.0919540229884 0.06819923371639999 0.83277421366826 0.1795977011497 0.92914995990503
0.0 0.0 0.0 0.0 0.0 0.0 0.0 0.0 0.0 0.0 0.0 0.0 0.0 0.0 0.0 0.0 0.0 0.0 0.0 0.0
0.015873015873 0.222222222222 0.47619047619 0.38095238095299994 0.174603174604 0.031746031746 0.603174603175 0.047619047619 0.1428571428571 0.33333333333299997 0.031746031746 0.0 0.0 0.1269841269841 0.0 0.015873015873 0.015873015873 0.317460317461 0.0 0.0634920634921
0.0 0.10857142857140001 0.5371428571427 0.43142857142869995 0.1885714285714 0.0685714285714 0.0828571428571 0.0857142857142 0.1371428571428 0.0342857142857 0.21428571428579998 0.0142857142857 0.12000000000000001 0.12 0.0285714285714 0.02 0.0285714285714 0.48571428571389996 0.0 0.29428571428570005
0.049345495774020004 0.74567099567061 1.5667536828245199 0.5834294673584001 0.35728458049891 0.14239034774741 0.1713147963146 0.11150654900651 0.5209165834163101 0.1241496598638 0.2443261103974 0.0 0.0325567289852 0.32278336742591 0.06680125430121 0.0277777777778 0.10374149659859999 0.37853911961011 0.0510204081632 0.39969157826282997
0.02 0.12 0.12 0.06 0.04 0.0 0.04 0.02 0.08 0.10000000000010001 0.1 0.0 0.0 0.04 0.0 0.0 0.0 0.13999999999999999 0.06 0.06
0.0 0.3573139413845 0.8064010718884 0.393075950598 0.7044312619540001 0.1558595452399 0.1861864782216 0.3015764962666 0.6120745855261001 0.1873966741223 0.17683627418120001 0.0 0.255189255189 0.4271091085247 0.2620542355055 0.0396771370222 0.1465093411994 0.42731801138860004 0.196174196174 0.3648164356128001
0.0 0.0 0.0 0.0 0.0 0.0 0.0 0.0 0.0 0.0 0.0 0.0 0.0 0.0 0.0 0.0 0.0 0.0 0.0 0.0
0.0380952380952 0.17142857142919998 0.38095238095249995 0.1142857142857 0.1714285714285 0.0 0.0 0.0761904761904 0.1142857142857 0.228571428571 0.1333333333333 0.0 0.0190476190476 0.0571428571428 0.0 0.0190476190476 0.1333333333333 0.0761904761904 0.0380952380952 0.2285714285713
0.0 0.05948275862059 0.7997126436771 0.23735632183903 0.52212643678213 0.06724137931033 0.0 0.1267241379311 0.2801724137933 0.0 0.01666666666666 0.0 0.02557471264363 0.25517241379366 0.058908045977 0.0 0.0 0.25459770114926 0.0 0.29626436781612997
0.04875776397500001 0.09270186335370001 1.7830745341640002 0.23276397515470001 0.44565217391340006 0.0 0.0 0.22453416149049998 0.3240683229809 0.0 0.061801242236000004 0.0 0.030900621117900002 0.4229813664595 0.0700310559005 0.0130434782608 0.0391304347825 0.33571428571390005 0.0260869565216 0.8487577639742001
0.0 0.0 0.0 0.0 0.0 0.0 0.0 0.0 0.0 0.0 0.0 0.0 0.0 0.0 0.0 0.0 0.0 0.0 0.0 0.0
0.0 0.2580645161292 0.0645161290322 0.0645161290322 0.1935483870966 0.0 0.1290322580644 0.0 0.0645161290322 0.451612903227 0.1290322580644 0.0 0.258064516129 0.1935483870962 0.0 0.129032258064 0.0 0.0 0.0645161290322 0.0
0.0784958013874 0.63352863267573 1.46763807534026 0.89731779981493 0.75109854050763 0.11306614556240001 0.3233166536525 0.23736192857763003 0.58319286418073 0.06547569588703 0.28835780614683 0.0 0.0392479006937 0.2188027920552 0.17281169704809998 0.02204806687563 0.0 0.6513423099863 0.0 0.45689728960893
0.0 0.486486486487 0.162162162162 0.054054054054 0.16216216216200002 0.0 0.41216216216199997 0.054054054054 0.054054054054 0.108108108108 0.162162162162 0.0 0.358108108108 0.41216216216199997 0.0 0.25 0.162162162162 0.054054054054 0.108108108108 0.0
0.07919708029190001 0.2340567779604 2.7561077727131 0.7816312916564 1.1037704142463 0.2776778043291 0.0583232938841 0.4941468585965 1.2875246811909 0.2938984732894 0.576771593988 0.0 0.0737563031534 0.9949788186794999 0.3156213549908 0.054126213592200004 0.087015503876 0.8214023609581 0.0281690140845 1.6818243885193
0.0 0.0 0.0 0.0 0.0 0.0 0.0 0.0 0.0 0.0 0.0 0.0 0.0 0.0 0.0 0.0 0.0 0.0 0.0 0.0
0.094968553459 0.2814465408805 1.0261006289285 0.5012578616351 0.7531446540882 0.0283018867924 0.0899371069181 0.1666666666664 0.5764150943383 0.1116352201257 0.33647798742109997 0.0 0.1116352201257 0.7663522012589 0.0283018867924 0.1449685534594 0.1682389937106 1.2594339622637 0.1399371069182 0.4147798742137
0.11778154849289 0.6504775886075401 6.921380578508881 1.11940264339631 0.7334803098467201 0.07204600484258 0.20295763463617003 0.9281817555458001 0.7752688021792199 0.17633867800429998 0.11963788657235999 0.03286482017358 0.26303322900078 2.0508304421315304 0.53285822555588 0.048280871670599995 0.00787401574803 1.23121814739089 0.12241579558679999 1.8936710221075999
0.03464160678089 0.32992072177680004 4.4633471568573 0.86351008490267 0.75246536846489 0.0750561930189 0.10969779979979 0.43599217885638003 0.71953920605488 0.1099115309641 0.20686379170279 0.0485829959514 0.11368894021409001 0.62329639849939 0.0485829959514 0.0 0.0185185185185 1.21063747091469 0.0185185185185 0.81722852225549
0.02816010124979 0.41303424674719996 0.6361501761062 0.43536582319609 0.4880806667834 0.1460794844256 0.00775193798449 0.21827825377369 0.38768849032889 0.2032240068609 0.14488047360918999 0.0 0.15753669889 0.41903762729069 0.1330152624084 0.0 0.0408163265306 0.7442276788322899 0.04856826451509 0.34810448047068
0.0165289256198 0.11570247933879999 1.6528925619859 0.4628099173546 0.16528925619829998 0.0165289256198 0.0165289256198 0.0661157024792 0.297520661157 0.082644628099 0.0495867768594 0.0 0.0 0.3801652892562 0.049586776859399995 0.0330578512396 0.0 0.2314049586776 0.0 0.3636363636365
0.0 0.4481132075474 1.4521398987551 1.6273584905652 0.4968936953516 0.0235849056604 0.5016490259238999 0.1179245283019 0.42774965485539995 0.15408805031439998 0.2862402208931 0.0 0.0723653934652 0.23907040957200001 0.0 0.0833333333333 0.325625095874 0.8852201257855999 0.1792836324589 0.6793603313383
0.0233918128655 0.16321105794770002 1.0834662413613998 1.1499202551822 0.5087719298245 0.20520999468349999 0.1493886230727 0.47581073896810006 0.5295055821365999 0.1935140882507 0.1259968102072 0.0 0.11430090377450002 0.27538543328000004 0.1632110579477 0.0116959064327 0.1446039340775 1.6326422115889 0.17278043593819997 0.8771929824567
0.1286439778347 0.42174205187895 2.4038412445241 0.83504619187215 1.3000910697771602 0.15777768273429998 0.15300210979575002 0.30376780155571 0.44906307113771 0.09328327524471 0.4652437736459101 0.0 0.06801943486235999 0.5750219524533 0.13229148868461 0.042181664740299996 0.07640737847090999 0.6893444830177 0.0657494406241 0.6394819071458601
0.0 0.1951219512204 0.243902439024 0.0975609756096 0.1951219512194 0.0 0.0243902439024 0.0487804878048 0.14634146341440002 0.0975609756098 0.29268292682860003 0.0 0.07317073170720001 0.14634146341440002 0.0487804878048 0.0 0.0 0.29268292683 0.0 0.0975609756096
0.0172413793103 0.25382421571145997 0.72796214674652 0.9323740385439 0.20326678765882 0.043557168783899994 0.11705989110699999 0.33959899749356 0.46387520525456 0.13929219600726 0.30055742805305996 0.0172413793103 0.10344827586189999 0.14949010457151998 0.043557168784019995 0.0172413793103 0.22662259096012 0.51497277676972 0.09277504105079999 0.29604182870968004
0.0 0.0 0.235294117646 0.0 0.0 0.0588235294117 0.117647058823 0.0 0.0 0.0 0.0 0.411764705883 0.0 0.0 0.0 0.0 0.0 0.0 0.0 0.1764705882347
0.0383022774327 0.06521739130429 0.5486542443067 0.10559006211177 0.1469979296068 0.0238095238095 0.10559006211180001 0.0383022774327 0.16459627329189 0.04347826086959 0.02898550724638 0.0 0.14596273291929002 0.12422360248439 0.03105590062109 0.03105590062109 0.02898550724639 0.17287784679076998 0.057971014492990004 0.09834368530019
0.0103626943005 0.3345853696793 4.5301104807451 0.8507809230878999 0.31122340754999994 0.5573037520763 0.1030779260885 0.8007001748203 0.7677325333967 0.159798236283 0.1396218645989 0.0 0.13816977724249999 0.9235155264388999 0.031088082901500003 0.0 0.0310880829015 0.3163374644778 0.0 0.9945037034144
0.0198675496688 0.18804301597880002 4.317394738445 0.49681025578750004 0.4296129777019 0.1116106689346 0.0366972477063 0.2813050610603 0.4158211312957001 0.0947809708971 0.07643234704400001 0.0 0.038216173522000005 0.6528343155727001 0.2094294914632 0.119205298013 0.0 0.7888693116218001 0.0550458715595 0.6680235737279
0.0 0.0 0.0 0.0 0.0 0.0 0.0 0.0 0.0 0.0 0.0 0.0 0.0 0.0 0.0 0.0 0.0 0.0 0.0 0.0
0.0 0.0289855072464 0.2028985507247 0.0 0.2608695652168 0.0 0.0289855072464 0.0289855072464 0.0289855072464 0.101449275363 0.0579710144928 0.0 0.0434782608696 0.0289855072464 0.0 0.072463768116 0.0434782608695 0.0144927536232 0.0 0.0579710144928
0.0176991150442 0.3369770705797 1.2093090174909 1.3424057695992 0.9580806011486 0.11259258161050001 0.29874781771090003 0.337997478743 0.5896320276891001 0.13984407922460002 0.3191439407623 0.0 0.060527684855299996 0.43187053714619994 0.0353335363995 0.034365781710900004 0.0877791824695 0.7663446807863001 0.0874631268437 0.8338859701856001
0.0 0.0958904109589 0.3561643835619 0.041095890411 0.068493150685 0.0 0.1095890410959 0.027397260274 0.027397260274 0.0 0.095890410959 0.0 0.013698630137 0.027397260274 0.0 0.0 0.0410958904109 0.027397260274 0.0 0.068493150685
0.0307692307692 0.456577189729 5.089049112927899 1.12889632246844 0.9657694939949 0.23127855303390002 0.21798796105823998 0.72158731122444 1.06201607419808 0.12809018851679999 0.34687786535070003 0.0360153256705 0.1773360270244 0.95266923874414 0.38075346186953996 0.0447860407146 0.1663681840029 0.70720909962404 0.0 2.15596331908098
0.0526315789474 0.0 0.0526315789474 0.0526315789474 0.1578947368424 0.0 0.105263157895 0.0 0.47368421052640003 0.0526315789474 0.0 0.0 0.0 0.0 0.0526315789474 0.0 0.0 0.0 0.0 0.0
0.1166814551907 0.50642535874866 1.5871104063827999 0.94695719367262 1.25429212164586 0.16752968053786 0.08092892329342 0.1376412634018 1.1131052121003 0.16594253893455999 0.29382247651652005 0.0 0.1850197350304 0.97862983274266 0.06415699713162001 0.1040908117369 0.2829146651164 1.58242517396912 0.050316678395420006 0.38200947545386
0.1290308221573 1.1795458781113002 7.1048232657789 2.1057370076727002 1.3981190026529 0.4303455245485 0.2781700802368 1.8092984487431998 1.4596006732742999 0.2957102068588 0.31693024793839997 0.015401540154 0.2118570238531 2.3376577097454 0.7136057536386 0.1318977606963 0.0904846598487 1.9286168501248 0.10006769907759999 1.96309984489
0.038117817895 0.58862840866628 7.29351716694799 2.1822525316632904 1.5951807752326 0.4609336914648 0.29561286650949 1.5859610503544 1.6780893536131998 0.4958646508122 0.37316614869529 0.0 0.1419223567929 1.64535424253098 0.40662253534159 0.0 0.0361705402493 2.3595988591527997 0.0185950413223 2.8044119627630804
0.0210970464135 0.28454247748582 0.7200810294523601 0.9318334487887 0.29739488212912 0.3455244872688 0.0782165123748 0.16154984570802 0.94597686672066 0.30462140772979995 0.3238816466189 0.0 0.1276003946512 0.6127957260120199 0.30278460020630005 0.07821651237470001 0.0638001973256 1.76489913302856 0.0 0.6351837857130599
0.0555555555556 0.22520107238599998 1.8805481084374 1.4900208519501001 0.31292820971089996 0.1359845099792 0.0321715817694 0.1447721179624 0.7472445635985 0.0 0.1447721179624 0.0482573726541 0.0160857908847 0.3860589812335 0.0965147453082 0.0643431635389 0.0 0.7691391123021 0.0 0.4504021447718001
0.2242750917291 0.5473463324344 0.3861090365943 1.1567888105974 0.5861812838919 0.020066889632 0.0990356203524 0.23950384777749997 0.8570842939258999 0.2543754261774 0.1780043510732 0.0 0.25 0.3721791083543 0.0789687307204 0.2142416469131 0.300406695457 1.2220670844556 0.1738683962722 0.839497353639
0.0868841082581 0.5943411154562 3.4263346975259603 2.3277696611814003 1.02443767090098 0.3209779721908 0.6299852129123801 0.8325050509883001 1.3145691042271999 0.15764401197008002 0.28884517058578 0.1050876435451 0.41080811771250003 0.67175840746816 0.3307186689687 0.0410825815406 0.37334137144659996 2.05426557959128 0.10663300893480002 1.9020108445954802
0.06917251932349999 0.7587714226849599 3.16192825036805 1.35328357472515 1.7134152226705102 0.35997913472090004 0.5325219882379 0.7494604992777499 1.25332039708681 0.62192108816345 0.8918429470736701 0.029049897470909997 0.1121665740842 0.9486457312820602 0.44973026890646 0.09214469740771 0.331827992505 1.3833272185315502 0.26357035101645004 1.9239202244625602
0.0 0.2040816326531 0.26859776168620003 0.30414746543820004 0.4265964450307 0.0204081632653 0.2277814351546 0.15470704410789998 0.186965108624 0.40947992100130004 0.1632653061225 0.0 0.1836734693877 0.12244897959180001 0.0204081632653 0.102040816327 0.34693877550999996 0.29756418696459996 0.0408163265306 0.5200789993424
0.00763358778625 0.27430815321345 0.920855266499 0.9859184847915501 0.6452150437530499 0.11425331324775 0.16252602359475 0.27722279582275 0.5013447639673 0.30370508285165 0.13243513142955002 0.0 0.09282425822175 0.5510604085915499 0.0152671755725 0.0640942096444 0.1416512922937 0.410435673059 0.07925052047185 0.31999881518575
0.0 0.0 0.37500000000120004 0.0 0.0416666666666 0.0 0.0 0.0416666666666 0.0 0.0 0.0833333333332 0.0416666666666 0.0416666666666 0.125 0.0 0.0416666666666 0.0 0.0 0.0 0.20833333333300003
0.0261437908497 0.201761864166 0.5876669508385 0.2728047740837 0.2773515203191 0.0986075589655 0.1074168797954 0.0929241261723 0.1625461778915 0.0929241261723 0.0392156862745 0.0 0.11906791702189999 0.17703893151470004 0.05512929809600001 0.0130718954248 0.0667803353225 0.2452401250356 0.0667803353226 0.297527706735
0.0 0.19868933150177998 1.98788060897486 1.0268572573259398 0.70952094780249 0.29664606227108 0.07819654304028001 0.37394116300366 0.87196657509172 0.13966632326036998 0.10355139652018 0.0 0.05667639652018 0.6771834935898399 0.0897292811356 0.0 0.01171875 0.53577152014692 0.0 0.84200434981719
0.0121951219512 0.1344658643091 3.6002769197999998 0.7557247843232 0.6967195654482 0.12557247843209998 0.0662477367131 0.2567366066669 0.8048247949718 0.1588561082116 0.129193737352 0.0 0.0418574928107 1.0302481627421 0.19709234210239998 0.0540526147619 0.1133773564808 0.7141868143575 0.0296623708595 1.0787091277023004
0.0 0.06 0.08 0.0 0.14 0.0 0.06 0.14 0.06 0.1 0.04 0.0 0.12 0.06 0.0 0.04 0.0 0.04 0.04 0.02
0.0 0.0510204081633 0.18367346938759999 0.0816326530611 0.1122448979591 0.0102040816326 0.040816326530500005 0.08163265306140001 0.05102040816310001 0.040816326530500005 0.0408163265306 0.0 0.0204081632653 0.12244897959180001 0.0 0.0204081632653 0.0204081632652 0.0102040816326 0.040816326530500005 0.07142857142850001
0.077537593985 1.0498978743760998 1.7220605052847 2.3890599211441 0.8346715971236001 0.299092825232 0.39603998910829996 0.3921972523625 0.7307712879761 0.13651315789500001 0.5051442620284999 0.0334441980783 0.030303030303 0.9915402339437001 0.5506089732906001 0.0300751879699 0.2441889785441 1.9211792807105001 0.0484817920633 1.6171920585831001
0.0 0.10891089108919999 0.38861386138640003 0.039603960396 0.5990099009901999 0.0 0.0990099009901 0.019801980198 0.039603960396 0.029702970297 0.108910891089 0.0 0.05940594059399999 0.029702970296999996 0.009900990099 0.029702970297 0.039603960396 0.26980198019799995 0.009900990099 0.1188118811881
0.0498721227621 0.6858376640309001 9.867116085731901 2.9162366592708997 2.2884330108718 0.5840866688535 0.7186788643292001 1.6739673386779 2.8120933941439006 0.16987011494999998 0.6165314885401 0.0 0.5965062793022 2.6265376562535 0.7803275619268999 0.09566161885300001 0.1169690928144 1.9536793028914 0.0498721227621 4.3977229530341
0.0 0.0 0.0 0.0 0.0 0.0 0.0 0.0 0.0 0.0 0.0 0.0 0.0 0.0 0.0 0.0 0.0 0.0 0.0 0.0
0.15984267453292 0.59619273961978 0.7248077818782002 0.87613713961186 0.59835369567512 0.2600273488344 0.12374200003434 0.27786821072792 0.76786764013066 0.1908364815677 0.24097362383339999 0.0148148148148 0.12787455364064002 0.3476090403756 0.06962962962960001 0.11044799806792 0.17960979144022002 0.8202408449077401 0.0233918128654 0.48973217780836
0.1404664804468 1.5903458099905199 4.0078056500743 2.2302212398942 1.7202373455914 0.2936523535005 0.86726014488216 1.95271977238176 2.5117369886727596 0.13843296089386 0.8463676329029001 0.03823324022346 0.23518041120260003 2.0456753826818996 0.42803096986199995 0.20977950790436 0.22146994512655999 1.9408103223309598 0.11316098287186001 2.46841285856666
0.0219178082192 0.4197165917432 3.43005933071602 1.4806912155305203 1.2810283179303001 0.2379302515841 0.35514013697079994 0.93891743571942 1.4618809439428402 0.36745297758002 0.31801486942869994 0.0286532951289 0.1878605616608 1.0974446001662599 0.29081132001459997 0.080080072222 0.1598779502774 1.11193109971522 0.0438356164383 1.68675560501736
0.0845070422535 0.7068544600944 0.9477934272303 1.309671361502 0.9016901408451 0.195680751173 0.3557746478865 0.4415962441308 0.6676056338033001 0.12967136150199998 0.3652582159622 0.0140845070422 0.1496713615022 0.5654460093895001 0.1178403755867 0.0333333333333 0.09558685446000001 0.9330516431932 0.0422535211267 0.9426291079811999
0.0357142857142 0.0357142857142 0.0357142857142 0.3214285714295 0.1071428571427 0.107142857143 0.0 0.0357142857142 0.0714285714284 0.0 0.0 0.0 0.0357142857142 0.0714285714284 0.0 0.0 0.0 0.1071428571427 0.0 0.0357142857142
0.0 0.562437562437 0.2535464535462 0.9936063936063999 0.3928071928068 0.0 0.30889110889079996 0.2669330669328 0.797202797203 0.0 0.47672327672279996 0.041958041958 0.1276723276722 0.30889110889079996 0.0 0.041958041958 0.041958041958 1.6381618381582 0.29730269730299996 0.44995004994960003
0.0901287553647 0.6078735721244001 3.05027423386325 2.4316298787171 1.1188511452131 0.43777209139655004 0.20364985201295 1.1238197431280001 1.7297696250400998 0.13496704945995 0.23725521123010002 0.1362117046734 0.0901287553647 1.61060194112705 0.33312022473405 0.0300429184549 0.12043178566770002 1.27647503584895 0.1206918975158 2.1163045790647
0.01968906982832 0.43999638357093 1.43349446335408 0.66827179785322 0.51277410461742 0.06322401763436 0.23626682584269001 0.32029979349327 0.65277842597119 0.19504191895880002 0.24184526889196 0.008547008547 0.06374983041644 0.45472333618047 0.06000436854653 0.2891986062722 0.15158296723609 0.57897039487502 0.0313797313797 0.5781616865318
0.0 0.4056884292174 0.4650721827190001 0.6717517776345 0.5828485240245 0.1043309631545 0.2521870286583 0.035294117646900006 0.5364361129075 0.1151045033396 0.3391941391941 0.0 0.1396250808015 0.2717086834733 0.0941176470588 0.057272139625 0.1396250808016 0.356302521009 0.0894634776986 0.34397759103610004
0.0178699641005 0.3001259630931 0.5990468792650001 0.8190771104066 0.664969663888 0.0796758549745 0.1845023408141 0.2909936388638 0.7647198370882 0.21491612957419998 0.2685260218756 0.0 0.196548611257 0.39047299141360003 0.0934478197888 0.0613482249701 0.2204501081182 0.3436042239626 0.0630130371801 0.426691579367
0.0 0.0 0.0 0.0 0.0 0.0 0.0 0.0 0.0 0.0 0.0 0.0 0.0 0.0 0.0 0.0 0.0 0.0 0.0 0.0
0.047619047619 0.40666666666699997 0.6295238095238 0.5742857142858 0.34285714285710006 0.0238095238095 0.12 0.2638095238095 0.2866666666665 0.10380952380950001 0.1914285714286 0.0 0.2238095238095 0.4066666666666 0.127619047619 0.04 0.3114285714286 0.358095238095 0.04 0.5019047619047
0.0071942446043 0.22590858347806 1.8478606044397603 0.77815640409641 1.1163014597391698 0.19207615758564997 0.20573238324032 0.6267658649847501 0.7961180783137201 0.056912056561610004 0.26279682243307 0.0 0.01221781195731 0.7602722540661299 0.33541087275322 0.029459191267650002 0.0 0.75554235377577 0.03219424460431 0.9590806120981101
0.01849195275805 0.08196592449949 0.37486980957859994 0.15730933244252 0.19863619392002002 0.0694086898422 0.015524593707610002 0.07031265352635001 0.16849097018904 0.04201465993282 0.0479493780337 0.00296735905044 0.02145931180849 0.22740582074035 0.03539214337652 0.0132450331126 0.01621239216304 0.21050563012169002 0.00296735905044 0.22487079214765
0.0 0.0 0.0 0.0 0.0 0.0 0.0 0.0 0.0 0.0 0.0 0.0 0.0 0.0 0.0 0.0 0.0 0.0 0.0 0.0
0.0 0.030303030303 0.1212121212125 0.060606060606 0.1515151515151 0.030303030303 0.090909090909 0.030303030303 0.060606060606 0.0909090909091 0.045454545454500006 0.0 0.030303030303 0.09090909090900001 0.0 0.030303030303 0.0 0.045454545454500006 0.060606060606 0.030303030303
0.1001656971789 0.9975344857949002 1.7511741062035 2.6115094485048 1.0760798844351003 0.23141735484940001 0.4454865565908 0.505130883062 1.0301683121903 0.2514276046677 0.7440240643172 0.0 0.1041820494705 0.6908665465904 0.1423585140865 0.043456188445500005 0.2342916808782 1.6024910104469001 0.1674996842166 1.2707359280701
0.0133333333333 0.0266666666666 0.22666666666700003 0.0266666666667 0.0666666666666 0.0 0.0133333333333 0.053333333333299995 0.0933333333333 0.0666666666667 0.0666666666667 0.0 0.0133333333333 0.08 0.0133333333333 0.0666666666667 0.0933333333333 0.0266666666666 0.0266666666667 0.0266666666666
0.057373934755399994 0.5664309661522601 4.5302724035624005 1.97635513276456 1.3570280495921598 0.5345279181899201 0.33968223047676005 1.37960894279976 2.05903643467942 0.42016504586306 0.6622078790181 0.023160419033159997 0.1935528535857 1.8070640714410802 0.34147190019706 0.0743723049287 0.26860653560965997 1.42648971149336 0.12442016142269999 2.85817310444216
0.0 0.0 0.0 0.0 0.0 0.0 0.0 0.0 0.0 0.0 0.0 0.0 0.0 0.0 0.0 0.0 0.0 0.0 0.0 0.0
0.0817460317459 0.8626984126984 0.34920634920582 0.8841269841268802 0.22261904761903997 0.111111111112 0.08055555555550001 0.22142857142832 0.36984126984112 0.1690476190474 0.12420634920615999 0.0 0.0 0.50317460317414 0.1380952380951 0.024999999999920003 0.05674603174592 0.6269841269841201 0.0 0.17341269841242002
0.08916422710579999 0.90856602567644 2.26862168773969 1.9633113972080398 1.57666269822865 0.40881422622240005 0.60959115514497 1.72019481606138 2.24613585012677 0.22111111380579 0.49497909583162 0.054407309454070005 0.45177958290014003 1.7924046879290398 0.2877687775726 0.07564256973142 0.1828421815265 1.68858138893364 0.03645881805485 1.92296239074566
0.1417489148408 0.53584980545779 1.97152197104953 1.6187118172019201 1.38681005215505 0.2913004838549 0.37983408130507 0.57999225513999 1.03278917814754 0.12637815422089 0.45958369545426997 0.00961538461537 0.046367384220389996 0.74197097026641 0.32952244053547 0.00961538461537 0.053925304878 1.33418869732094 0.015243902439 0.9350301222861701
0.053097345132699994 0.6310153301302 0.70021636835865 0.90080560213275 0.6545543116336 0.12501731307035 0.29077633281205 0.2801122181655 0.81083027100645 0.21510200713709998 0.5813942694469499 0.074074074074 0.1500461190727 0.6454290547210999 0.1290954211308 0.11067693368590001 0.0584415584415 0.6845484898581501 0.0256410256411 0.8791259543467
0.0213903743315 0.1497326203207 0.49197860962459994 0.5989304812828 0.4278074866301 0.042780748663 0.10695187165759999 0.2139037433155 0.427807486631 0.0855614973261 0.1497326203209 0.0 0.0427807486631 0.2780748663103 0.0641711229946 0.0641711229946 0.0641711229946 0.38502673796739995 0.0 0.38502673796789993
0.0113636363636 0.1378992628992 0.0838452088451 0.15909090909089998 0.3098894348895 0.0568181818182 0.18488943488930001 0.08108108108100001 0.15202702702690002 0.06111793611790001 0.1421990171989 0.0 0.027027027027 0.1108722358722 0.0227272727272 0.0113636363636 0.07678132678130001 0.1563267813268 0.0810810810811 0.1335995085995
0.042397336293 0.49332484479072997 1.4211067151599601 1.04502855504503 0.65300116363642 0.21311800582774001 0.17424117960287003 0.5108223962612299 0.81144334289203 0.14651375179226 0.32580567291272994 0.11442221558679999 0.11904195863891001 0.60649183412614 0.1661521739865 0.00934579439252 0.11146558353272 1.0405110854839301 0.0470588235294 0.9487075665142299
0.0641649048626 1.0901229319871 3.0262809784103 2.1015450394941 1.8163208551211 0.4322172861606 0.47477929519920004 1.6238169491448 1.9160189466515998 0.7848863697716 0.8649892926992 0.0121951219512 0.05240008844709999 1.5704459910656001 0.5107017908786999 0.7267292476605001 0.4146128592532 1.4580193622186 0.1249507292075 1.9348019598207
0.2 0.2 0.2499999999998 0.14999999999969998 0.44999999999970003 0.0 0.0499999999999 0.0499999999999 0.44999999999970003 0.0499999999999 0.35 0.0 0.0 0.0499999999999 0.0 0.0499999999999 0.0499999999999 0.5000000000008 0.0999999999999 0.0499999999999
0.0 0.1257142857143 0.2285714285716 0.41142857142809997 0.1485714285713 0.0800000000003 0.0228571428571 0.0457142857144 0.21714285714349998 0.1142857142857 0.13714285714320001 0.0 0.0342857142857 0.1028571428571 0.0228571428572 0.0228571428571 0.0342857142857 0.1142857142858 0.0114285714286 0.12571428571419999
0.0 0.0 0.121212121212 0.242424242424 0.0 0.0 0.060606060606 0.666666666668 0.424242424242 0.0 0.0 0.060606060606 0.0 0.121212121212 0.0 0.0 0.0 0.121212121212 0.0 0.18181818181800002
0.081081081081 0.17199017199 0.579852579852 0.262899262899 0.289926289926 0.060606060606 0.222768222768 0.060606060606 0.36773136773100007 0.219492219493 0.25962325962300004 0.0 0.05733005733 0.199017199017 0.20229320229300002 0.05733005733 0.216216216216 0.32350532350500005 0.135135135135 0.232596232596
0.02497858978011 0.5491986816167 1.16053232857581 1.246266121116 1.9946434288447998 0.39051096772891 0.25716844313942 0.38402455658740997 1.7178467637482102 0.0748483004112 0.33114513195201 0.0652746881827 0.09066773934021 1.78559516881361 0.33529336203970006 0.0545454545454 0.1076683831974 1.2732497359539101 0.0939465408805 1.0625956135448402
0.0454782790309 0.4620927318295 2.3623642439429 0.9211570593146 0.9602130325827001 0.25271512113600003 0.09309732664989999 0.5732038429411 0.8237781954896 0.015873015873 0.3024749373438 0.0 0.1046888053466 1.2657163742684001 0.2115183792813 0.0 0.0 1.1082393483714998 0.0454782790309 1.4519110275699
0.0 0.0588235294117 0.0147058823529 0.0588235294117 0.10294117647050001 0.0147058823529 0.0441176470588 0.0 0.1176470588236 0.220588235294 0.0588235294118 0.0147058823529 0.16176470588240002 0.0147058823529 0.0 0.0147058823529 0.0294117647058 0.0294117647058 0.0147058823529 0.0294117647059
0.0 0.0277777777778 0.0833333333334 0.08333333333340001 0.06944444444440001 0.0 0.0555555555556 0.041666666666700006 0.09722222222230001 0.0833333333334 0.09722222222230001 0.0138888888889 0.1944444444444 0.0138888888889 0.0 0.0 0.0138888888889 0.0277777777778 0.0 0.0972222222223
0.1295099061521 0.49165746590628 1.2459721114723599 1.41549050277172 0.6155186162053 0.1099439775908 0.57288995890436 0.39983234169576 0.9927221983685199 0.2536322558218 0.5359432824229 0.0 0.11211484593825999 0.69549980576136 0.10892167085790001 0.0890383160563 0.23364615919340004 1.26093868204222 0.00735294117646 0.72937496166388
0.0 0.0 0.0 0.0 0.0 0.0 0.30000000000000004 0.2 0.0 0.1 0.1 0.0 0.2 0.0 0.0 0.0 0.0 0.0 0.1 0.0
0.06985727686939999 0.3484812252522 3.3618285916444 2.0016286392783 1.3835256760319 0.3169225676918 0.46177240761300004 1.5469859685437 1.9340499634236 0.0932826571922 0.6319077755674001 0.0 0.2149376389243 1.4945138499297999 1.425836265224 0.0923483688086 0.24468360727730004 1.2716378232716998 0.1560467366644 2.9497529607863
0.0 0.0 0.0 0.0 0.0 0.0 0.0 0.0 0.0 0.0 0.0 0.0 0.0 0.0 0.0 0.0 0.0 0.0 0.0 0.0
0.1747802569302 0.8620121225185 0.2736571589269 1.0893542036889001 0.7128680584228 0.3993759236994 0.3863319511506 0.26518456024430004 0.40900333279520007 0.22925080926480002 0.3536801354657 0.0 0.19469026548670001 0.4005307341122 0.2387944497302 0.1067302111567 0.09231303140710001 0.5750925942548 0.0353982300884 0.2009519706568
0.039303482587019996 0.38080838686345003 1.12049097524954 1.02678510739856 0.6804636716191501 0.1200434292623 0.25181770278327 0.6158234481796199 0.79352507239819 0.031632534999409996 0.29792388863009 0.027979529309560002 0.08566806636651 0.65310023184813 0.1701420091289 0.0179104477612 0.06662424312549 0.56006713189801 0.041085271317789995 1.01880536927314
0.0137614678899 0.4930924995569 1.6411632431848 1.4209304681705 1.4127070549107998 0.1490105343229 0.1189580932183 1.135813884528 1.3159599734937 0.2557899215616 0.4627433714116 0.0 0.1201736895485 1.1738239119303 0.6070086671891 0.1738491871881 0.1662844036697 1.5170573928307003 0.0275229357798 0.7943492996121
0.05681016231468 0.38198415788586 0.27043135147845 0.68625515038431 0.40109805486152 0.0706263840556 0.28592941300012004 0.12335306179682001 0.52202849889936 0.08859765461381 0.13484528675000002 0.08554376657827001 0.06366656121477 0.48922053570393 0.10036380892117001 0.02382032667871 0.0420690487687 0.49719378508632006 0.03244101633391 0.64372197467394
0.0 0.0 0.0 0.0 0.0 0.0 0.0 0.0 0.0 0.0 0.0 0.0 0.0 0.0 0.0 0.0 0.0 0.0 0.0 0.0
0.0 0.104347826087 0.0695652173912 0.4173913043486 0.2016304347826 0.0347826086956 0.1423913043478 0.1320652173912 0.2608695652176 0.1423913043478 0.2016304347826 0.0 0.0625 0.1320652173912 0.0173913043478 0.1146739130434 0.23967391304340002 0.3652173913044 0.1875 0.17391304347839998
0.0 0.11761024100329001 0.324843626871 0.39403771013979 0.26647048200627 0.0403163580247 0.08726728723398999 0.31681975636999005 0.38859748489599 0.13435365773528 0.05140817901229 0.0123456790123 0.14000525348030002 0.18875385802459999 0.11550884883109 0.0 0.07164228723398999 0.09953703703697998 0.0 0.2504822530865
0.0336534515308 0.5996248295798701 0.9159319234746701 1.05434204366496 0.59392271621171 0.15663523870571 0.33895781895392996 0.3006916356616 1.2790902602799799 0.1767014302032 0.73038085665967 0.0 0.1187761277844 0.7290501420806701 0.13523013248481 0.08163118527041001 0.050584515776510006 0.68792733000063 0.1298814974415 0.88698686423713
0.0 0.2322003577822 0.1849731663685 0.28658318425810003 0.2472271914131 0.061896243291600005 0.1391771019678 0.046511627907 0.3864042933817 0.1316636851526 0.131663685152 0.0232558139535 0.085152057245 0.25509838998260004 0.0232558139535 0.046511627907 0.2164579606439 0.2779964221826 0.0 0.2239713774598
0.0 0.40573122529620004 0.26961227178595004 0.6622059100317 0.7661114248077999 0.09520986260105 0.07204968944095 0.185808394504 0.73345567475915 0.34290419725235 0.24849425936405 0.00714285714285 0.24388292866535002 0.38115000941129995 0.03744588744585 0.21070016939565 0.17897609636720002 0.6021833239225 0.060606060606 0.49632975719895
0.0 0.0 0.0 0.0 0.0 0.0 0.0 0.0 0.0 0.0 0.0 0.0 0.0 0.0 0.0 0.0 0.0 0.0 0.0 0.0
0.0 0.382978723404 0.063829787234 0.31914893617 0.638297872342 0.0 0.127659574468 0.0 0.063829787234 0.127659574468 0.127659574468 0.0 0.255319148936 0.127659574468 0.0 0.063829787234 0.255319148936 0.063829787234 0.063829787234 0.31914893617
0.038494703128800004 0.46314450752270003 1.3567829790778 1.1272418518651 0.8400469422993 0.3121645651215 0.1685179964064 0.6405081884868999 1.0861646851176001 0.0940566302215 0.15676529806040002 0.020202020202 0.015625 1.0226869196582 0.4261273372913 0.0 0.0182926829268 0.9095094394317 0.142361111111 1.1613071420678
0.00836820083681 0.22378295809202 0.2960749153215 0.27718004914641 0.30142126585639994 0.0502092050209 0.032177724646309996 0.17098359566962001 0.31237962409531 0.0079365079365 0.07358703593011 0.00836820083681 0.041409311283710004 0.38942020322732 0.09118682340459999 0.0 0.024672909610099998 0.35292554957791 0.00836820083681 0.3295477186689
0.0 0.0 0.0 0.0 0.0 0.0 0.0 0.0 0.0 0.0 0.0 0.0 0.0 0.0 0.0 0.0 0.0 0.0 0.0 0.0
0.0 0.08108108108100001 0.08108108108100001 0.0675675675675 0.040540540540500006 0.027027027027 0.0810810810811 0.0135135135135 0.1081081081081 0.054054054054 0.040540540540500006 0.0 0.08108108108100001 0.09459459459450001 0.0 0.0405405405405 0.09459459459460001 0.027027027027 0.0135135135135 0.054054054054
0.014598540146 0.35433552634 0.49469917918427997 0.6025946155173401 0.52104343182058 0.1657947311495 0.0437956204379 0.35607796830636 0.64136930827838 0.0338983050848 0.1860989266066 0.0 0.034400520344 0.38201126187056 0.18609892660689997 0.0169491525424 0.0 0.43018105472547996 0.0169491525424 0.51910377849596
0.0 0.0350877192982 0.3535762483129 0.1578947368421 0.1646423751685 0.0 0.0526315789473 0.140350877193 0.0877192982456 0.0 0.11201079622120001 0.0 0.0526315789473 0.1120107962212 0.0 0.0350877192982 0.0350877192982 0.11201079622120001 0.3252361673421 0.2240215924424
0.08430376688913 0.48204290237902003 1.84596508221599 1.17368916266419 0.8415093749640998 0.23362803275353003 0.23587507530804996 1.2033366245822301 1.75677348287885 0.26991463676959 0.44581441747205997 0.0169491525424 0.13309656391006 0.6829235943213501 0.43148144657846 0.07183891927946 0.16416196272970002 1.1033315224170601 0.08219231121213 1.7411719681343998
0.0 0.0 0.0 0.0 0.7857142857146 0.0 0.0 0.0 0.0 0.0714285714286 0.0 0.0 0.0 0.142857142857 0.0 0.0 0.0 0.0 0.0 0.0
0.0555555555555 0.7311097992926001 0.29182830156842 0.94318064691512 0.8894674949871001 0.27700005622089996 0.22154991473161 0.09688606847690001 0.65745816232801 0.0739795918367 0.3100661063321 0.0 0.0535714285714 0.29461826052742 0.12356636869609999 0.1349206349208 0.1071428571428 0.47295075054802 0.0 0.26514800134920996
0.054256485202800006 0.693101117891 2.1074206910714004 1.4124215433526002 1.0981342198591 0.2301085946326 0.29288236968869996 1.1503795253701 1.2201962816075997 0.1636875636595 0.1913418240212 0.0 0.0496894409938 1.4022630272662002 0.4513367761955 0.0296866821207 0.1057034305404 1.0371049853395 0.0064308681672 1.3038545730188
0.0081300813008 0.872790429251 1.1662201715840999 0.9348327537350001 1.6450179864741998 0.1445272949481 0.4374034262781 0.5440294248254 1.7666187235622002 0.5840679786612 0.7221457733531 0.0 0.0551191952597 0.5830873546030999 0.2754981010923 0.0162601626016 0.0569105691057 1.2194428405819 0.0 0.9678977327844999
0.0277777777778 1.4554646103091 0.6474543556653 1.5027106892192001 0.7412321597767 0.2693646114796 0.5225145411848 0.4057983835244 1.4900963993967 0.2224286219622 0.34199342159839996 0.0 0.19589993139 0.8810842690612001 0.19327765495780003 0.1058400884303 0.1910685957607 1.5156555960467 0.0985818056036 1.1917564868558
0.0 0.0 0.0 0.0 0.0 0.0 0.0 0.0 0.0 0.0 0.0 0.0 0.0 0.0 0.0 0.0 0.0 0.0 0.0 0.0
0.0 0.06666666666660001 0.31800766283549997 0.29348659003860006 0.2157088122606 0.0555555555556 0.4226053639848 0.1134099616858 0.18007662835260002 0.20689655172440002 0.0777777777778 0.0 0.1601532567052 0.21800766283530001 0.0 0.0111111111111 0.0800766283525 0.16896551724130002 0.1490421455941 0.2624521072799
0.0 0.5035296659227 1.136585654887 1.4320220637458 1.0689295757828 0.1192787393561 0.39288614496679997 0.7233906733105 0.8623921922572999 0.4981683101583 0.2108891540138 0.0389498336003 0.32684865256729995 0.5144112029854 0.19032303282840002 0.0958052073288 0.0327868852459 0.8139567001615 0.1115062245777 0.9273400863030998
0.28633513379250003 0.61516612710993 1.22507741110398 1.1866541155378398 0.45747345906824 0.3050129982456 0.5075528454511 0.63659143209211 1.3262103610720901 0.18681672230576002 0.54787110041273 0.0 0.0837765957446 0.8255400063801399 0.26746940743284003 0.095467032967 0.14370692866451 0.71674539419145 0.19242383259884 1.3941090958290299
0.0 0.0 0.0 0.0 0.0 0.0 0.0 0.0 0.0 0.0 0.0 0.0 0.0 0.0 0.0 0.0 0.0 0.0 0.0 0.0
0.0 0.0882352941176 0.0882352941176 0.0882352941176 0.0147058823529 0.0294117647059 0.1029411764706 0.0294117647058 0.22058823529459998 0.0735294117648 0.10294117647050001 0.0 0.0294117647059 0.0588235294116 0.0 0.0 0.0 0.0294117647058 0.0 0.0441176470588
0.0 0.0 0.0 0.0 0.0 0.0 0.0 0.0 0.0 0.0 0.0 0.0 0.0 0.0 0.0 0.0 0.0 0.0 0.0 0.0
0.0 0.380952380952 0.095238095238 0.0 0.095238095238 0.0 0.095238095238 0.0 0.0 0.476190476191 0.0 0.0 0.5714285714289999 0.0 0.0 0.095238095238 0.190476190476 0.0 0.0 0.0
0.0983606557376 0.28361963029734 0.81909553489435 0.814828795018 0.6164069580127101 0.15507098596011 0.18863084284121 0.6083211755176199 0.54802154417364 0.15406402915453 0.7000884936177201 0.0 0.12333333333319998 0.73981619473403 0.11749941171841 0.0 0.0899999999999 0.60247253178201 0.0 1.34036988320993
0.0 0.0891089108913 0.11881188118799998 0.11881188118809999 0.1188118811881 0.0 0.019801980198 0.029702970296999996 0.0792079207921 0.049504950495 0.009900990099 0.0 0.009900990099 0.1287128712872 0.039603960396 0.0 0.0 0.079207920792 0.0 0.10891089108909999
0.0 0.0535714285714 0.0 0.0892857142856 0.1428571428572 0.0 0.0714285714286 0.0 0.08928571428580001 0.142857142857 0.125 0.0 0.125 0.0178571428571 0.0 0.0 0.0357142857143 0.0 0.0535714285714 0.0535714285714
0.0 0.0 0.0 0.0 0.0 0.0 0.0 0.0 0.0 0.0 0.0 0.0 0.0 0.0 0.0 0.0 0.0 0.0 0.0 0.0
0.0454545454545 0.0454545454546 0.2727272727269 0.159090909091 0.1363636363638 0.0454545454545 0.1363636363636 0.0 0.2272727272724 0.0454545454546 0.1136363636363 0.0227272727273 0.0 0.11363636363650001 0.0227272727273 0.0454545454545 0.0454545454546 0.40909090909060003 0.0 0.1136363636364
0.0 0.133333333333 0.1777777777774 0.17777777777769999 0.2666666666663 0.0444444444444 0.21111111111140002 0.177777777778 0.26666666666629996 0.4222222222218 0.3777777777774 0.0 0.0 0.0444444444444 0.0 0.0444444444444 0.21111111111140002 0.13333333333320002 0.0888888888888 0.2222222222218
0.0257510729613 0.7481545674295 3.5270267858983004 2.5208859669606003 2.3418110263822 0.6183257222037 0.5475722099770999 1.6928951469056 1.9493554109205997 0.6408201129865999 0.7277598873394 0.0257510729613 0.28022528501989996 2.0244250879028 0.9492962742267 0.1616388532304 0.5570335590134 2.1396716218839997 0.14241018846880002 4.379190147322901
0.0 0.0 0.0 0.0 0.0 0.0 0.0 0.0 0.0 0.0 0.0 0.0 0.0 0.0 0.0 0.0 0.0 0.0 0.0 0.0
0.04826546003013 0.34015837104093005 0.23133484162898998 0.43631221719459 0.5799396681755999 0.1773001508296 0.12767722473613 0.09362745098050002 0.5105203619909601 0.04864253393668999 0.23208898944196 0.0 0.0 0.2407616892911 0.058446455505329994 0.1044117647059 0.1642156862746 0.46266968325796 0.00980392156863 0.13382352941183
0.1521696192628 0.5691763211765501 1.1814736266357 1.0204323336862502 0.75076424205175 0.26705251336589997 0.2584848484848 0.6480174033983002 1.069798070551 0.22323061119655 0.36967824921165005 0.0866321243523 0.20475983429345 0.9387993505864501 0.27416861701550005 0.0454545454545 0.0534228293296 0.8338654536526999 0.04757575757575 2.005043648721
0.0 0.3052603327968 1.30101986044271 1.62764358561532 0.99801395598473 0.05190552871711 0.3641975308643 0.5883521202364099 1.35238862050391 0.10633387010191 0.7149221685449999 0.0 0.0432098765432 0.37203435319403005 0.32238325281771 0.166666666667 0.172839506173 0.75866881374072 0.0 0.75415995705821
0.0 0.5318606627021 0.3167860177206 0.7136788445204001 0.5515232431114001 0.23376623376599998 0.10074038111410001 0.19322733341409998 0.5473965287048 0.07476635514010001 0.2980944289355 0.0 0.2119189221991 0.582837723025 0.233766233767 0.044665614759 0.194198325039 0.6389124893800999 0.025974025974 0.5058866367275
0.0 0.1230769230769 0.2769230769237 0.2153846153845 0.1538461538461 0.0461538461538 0.07692307692309999 0.16923076923070002 0.2153846153845 0.0153846153846 0.0769230769231 0.0 0.0307692307692 0.2307692307692 0.0461538461538 0.0153846153846 0.0 0.1384615384614 0.0 0.1692307692308
0.0 0.2532467532466 0.1160173160173 0.1320346320346 0.2480519480522 0.0151515151515 0.09999999999999999 0.045454545454500006 0.2229437229437 0.0571428571428 0.1025974025974 0.0142857142857 0.0 0.17835497835490002 0.0 0.0285714285714 0.0571428571428 0.2701298701302 0.0142857142857 0.14458874458870002
0.027027027027 0.2181905027264 0.381692738394 0.4475739362337 0.382525308814 0.0531418753068 0.1167442847855 0.24131473152100003 0.3167462749937 0.14698881503 0.240631426714 0.0 0.0913903594315 0.26261659302900003 0.1557026098262 0.054054054054 0.027027027027 0.4754335336809 0.0 0.3611989014053
0.0132450331126 0.105960264901 0.5187637969094 0.6942911454497199 0.22967255334794 0.17604856512149997 0.09400294334068 0.24613686534196 0.5923166544034599 0.33667525141031995 0.15483198430222 0.0416666666667 0.0416666666667 0.44984056904582 0.16280353200876002 0.125 0.0833333333334 0.44147044395462 0.0 0.49227373068432007
0.0 0.0 0.0 0.0 0.0 0.0 0.0 0.0 0.0 0.0 0.0 0.0 0.0 0.0 0.0 0.0 0.0 0.0 0.0 0.0
0.0 0.1379310344826 0.5862068965527001 0.896551724139 0.34482758620730003 0.0 0.0689655172413 0.2413793103454 0.2758620689657 0.0 0.206896551724 0.0 0.0689655172414 0.103448275862 0.137931034483 0.0344827586207 0.103448275862 0.3448275862067 0.0344827586207 0.41379310344790005
0.0 0.0 0.0 0.0 0.0 0.0 0.0 0.0 0.0 0.0 0.0 0.0 0.0 0.0 0.0 0.0 0.0 0.0 0.0 0.0
0.0 0.062499999999900004 0.0416666666666 0.1875000000001 0.0416666666667 0.0208333333333 0.0 0.125 0.20833333333339998 0.062499999999900004 0.0208333333333 0.0 0.0416666666667 0.0 0.0 0.0 0.0 0.08333333333330001 0.0 0.10416666666650001
0.0 0.2505277430534 0.36444508439760004 0.4253457382405 0.46486559896330004 0.1047061634018 0.0385252428731 0.33926013434670005 0.3730335080842 0.0993948080905 0.0797601048942 0.013698630137 0.06592250314709999 0.2682962560569 0.19002447820200002 0.063698630137 0.010989010989 0.48219407156309996 0.0 0.3653122934248
0.0 0.0 0.0 0.0 0.0 0.0 0.0 0.0 0.0 0.0 0.0 0.0 0.0 0.0 0.0 0.0 0.0 0.0 0.0 0.0
0.0 0.0 0.0 0.0 0.0 0.0 0.0 0.0 0.0 0.0 0.0 0.0 0.0 0.0 0.0 0.0 0.0 0.0 0.0 0.0
0.0 0.0 0.0 0.0 0.0 0.0 0.0 0.0 0.0 0.0 0.0 0.0 0.0 0.0 0.0 0.0 0.0 0.0 0.0 0.0
0.0 0.36174489352420003 0.4611038678836 0.40982181660170003 0.5087461973052 0.2532051282053 0.18361581920890002 0.5549760973493 0.6420578009559 0.025641025641 0.260538896132 0.0 0.0 0.609463276836 0.1291286397218 0.0169491525424 0.054487179487099996 0.6685680139071 0.0 0.8599521946985001
0.0 0.0666666666666 0.2666666666666 0.266666666667 0.1333333333332 0.0 0.0 0.33333333333320003 0.2666666666662 0.133333333333 0.0666666666666 0.0 0.6000000000000001 0.0 0.0666666666666 0.0 0.0666666666666 0.0 0.2 0.5333333333336
0.03172997332845 0.263195058946 1.1526768073120999 0.8129071404305 0.771729260622 0.0340465182955 0.19542701501624998 0.9614574638258501 0.93435511675295 0.14972307248555 0.38433915653850004 0.0 0.13480239774745 0.6494034962609001 0.34449970793855 0.029759929195700002 0.07949482329785 0.6009264643535499 0.0857514565303 1.3837751411242
0.0 0.0 0.0 0.0 0.0 0.0 0.0 0.0 0.0 0.0 0.0 0.0 0.0 0.0 0.0 0.0 0.0 0.0 0.0 0.0
0.0 0.4384585289508 0.1116979655712 0.2095070422534 0.6576291079823001 0.0277777777778 0.0700312989045 0.1755868544597 0.8492957746476999 0.49256651017270003 0.4590766823161 0.0422535211267 0.1829029733959 0.3388888888891 0.0 0.0422535211267 0.1829029733959 0.4100938967131 0.1267605633801 0.18231611893580002
0.1052631578948 0.379355662152 1.7316606895495998 0.9438572995921 0.9352144272624999 0.2846562414038 0.1445544686779 1.0232443368615 0.7102077038194 0.11960132890360001 0.38458398669899996 0.1282729883437 0.076433121019 1.2970794182793002 0.24919059610150002 0.0 0.14888225688349999 1.0713898079321 0.09981892057689999 1.1667335880468
0.0 0.2852369852369 1.0581196581210999 1.0081585081573001 0.6572649572647 0.041958041958 0.1132867132866 0.6314685314685999 0.7329448329441 0.11452991452979999 0.17575757575739998 0.0 0.041958041958 0.6154623154621001 0.2244755244759 0.0444444444444 0.06418026418020001 0.7313131313139001 0.0 0.4594405594408
0.0 1.015825124367 0.7691387588127 1.0259875415700999 0.8503197453099001 0.17391304347859998 0.3022719472318 0.35096791500769997 0.8862511489911999 0.2799509237301 0.5338314600995 0.0 0.28346200731369997 1.0274408934735 0.3350615228637 0.20113222582930002 0.1817147501013 1.1109178919307001 0.0388349514563 0.6329781484353
0.0 0.0574712643679 0.0574712643679 0.0574712643679 0.0459770114943 0.0229885057472 0.0114942528736 0.0459770114943 0.1034482758622 0.0114942528736 0.0459770114943 0.0 0.0344827586207 0.2528735632186 0.0344827586207 0.0 0.0 0.1149425287357 0.0 0.10344827586220001
0.0 0.2352941176468 0.117647058824 0.0588235294118 0.0 0.0 0.0 0.0 0.0 0.0588235294118 0.0 0.0 0.0588235294118 0.0588235294118 0.0 0.0 0.0 0.17647058823540002 0.0588235294118 0.176470588235
0.0 0.3803412812069 1.0481748525274 1.0231959836053 0.400097601143 0.224170704782 0.1659165812825 0.6257072711525 0.7744825739960001 0.23318858425190003 0.052755376344100005 0.09789957703140001 0.0629771994957 0.2807392911014 0.10661175932280001 0.0 0.086233013449 0.6935088921553 0.0 0.7439994571508
0.0468749999999 0.6188982136355399 1.2175113222483 0.7919929107625201 0.47595543660686 0.13306561703661998 0.1886405411369 0.47528915893022006 1.34052967097238 0.152856407617 0.30673695083420005 0.0 0.07853081104146001 0.40471049586522 0.0468749999999 0.09763736884480001 0.09908830233066 0.6251930677618001 0.0 0.8996137243759801
0.117647058823 0.1945701357461 0.3325791855199 0.07692307692309999 0.389140271493 0.1176470588234 0.15497737556559998 0.0384615384616 0.4898190045245 0.1945701357461 0.41063348416300005 0.0 0.07692307692309999 0.0588235294117 0.07805429864249999 0.0192307692308 0.2726244343886 0.7047511312211 0.1753393665153 0.0972850678732
0.0 0.25752688172029997 0.24354838709709997 0.3650537634413 0.43709677419429993 0.0860215053762 0.14301075268809998 0.2150537634408 0.265053763441 0.11451612903220001 0.0860215053764 0.0 0.05 0.3645161290323 0.0 0.0 0.0215053763441 0.1290322580644 0.0 0.22204301075280003
0.0 0.0 0.0 0.0 0.0 0.0 0.0 0.0 0.0 0.0 0.0 0.0 0.0 0.0 0.0 0.0 0.0 0.0 0.0 0.0
0.0 0.0862068965518 0.0172413793103 0.12068965517229999 0.1379310344828 0.0172413793103 0.0172413793103 0.0517241379309 0.1551724137929 0.0344827586207 0.0862068965518 0.0 0.0344827586206 0.051724137931 0.0 0.0172413793103 0.051724137931 0.0517241379309 0.0172413793103 0.0517241379309
0.0 0.32409303802519995 0.4446679572962 0.7639187005616499 0.34807929179225 0.39369115022300005 0.07186234817805001 0.13827178514055 0.57472311635855 0.0192307692307 0.17267424143460003 0.016129032258 0.0 0.70375537442355 0.14025203133359998 0.16430499325225 0.00641025641025 0.25280737605204995 0.0 0.46512853802814996
0.0 0.0526315789473 0.0526315789473 0.0350877192982 0.1052631578946 0.0 0.0175438596491 0.105263157895 0.0877192982457 0.0 0.0350877192982 0.0 0.0 0.22807017543869998 0.0175438596491 0.0 0.0 0.10526315789480001 0.0 0.1578947368421
0.0 0.0 0.0 0.0 0.0 0.0 0.0 0.0 0.0 0.0 0.0 0.0 0.0 0.0 0.0 0.0 0.0 0.0 0.0 0.0
0.0 0.045454545454500006 0.0757575757575 0.0757575757575 0.060606060606 0.045454545454500006 0.0454545454545 0.045454545454500006 0.090909090909 0.1212121212125 0.0757575757575 0.0 0.060606060606 0.0151515151515 0.045454545454500006 0.0151515151515 0.030303030303 0.0757575757575 0.030303030303 0.0454545454545
0.0 0.2715249662617 0.5616734143055999 0.4847503373816 0.5484480431844 0.15384615384619998 0.051282051282 0.3624831309039 0.4437246963561 0.0688259109311 0.37948717948660005 0.0 0.10472334682850001 0.45101214574860005 0.1120107962212 0.0658569500674 0.0526315789473 0.3902834008093 0.0 0.4974358974354
0.0 0.0 0.0 0.0 0.0 0.0 0.0 0.0 0.0 0.0 0.0 0.0 0.0 0.0 0.0 0.0 0.0 0.0 0.0 0.0
0.0232558139535 0.2004422549587 0.7088428739095001 0.4844575091468 0.4955981322836 0.1556055476497 0.1443752594438 0.38501425069180006 0.5372705789109 0.1071176885129 0.22981455201920004 0.0 0.0516396845164 0.5392327386156 0.2601622185102 0.0121212121212 0.08553798960100001 0.40443997537160004 0.027397260274 1.1476744595107
0.0 0.0 0.0 0.0 0.0 0.0 0.0 0.0 0.0 0.0 0.0 0.0 0.0 0.0 0.0 0.0 0.0 0.0 0.0 0.0
0.0 0.3125 0.03125 0.09375 0.0 0.0 0.03125 0.0 0.125 0.0625 0.09375 0.0 0.0 0.03125 0.0 0.0 0.0 0.125 0.0 0.09375
0.0 0.2911708457287 0.5160433489162599 0.55349553761138 0.47859116022108 0.15182745431356 0.1325966850828 0.32001699957498 0.6197938801531401 0.03171483212918 0.3065235869102 0.0 0.08266043348908 0.38057798555050004 0.06342966425836 0.07591372715678 0.05381427964298 0.45936039099028003 0.0 0.48246918827016005
0.0 0.30582562282219 0.54399145644959 0.58847403656679 0.46001931434047993 0.0550458715596 0.11929824561399999 0.2933104519293 0.55836367511928 0.1073968705548 0.09971028488669001 0.00917431192659 0.027027027027 0.4560659645636899 0.1052631578947 0.0 0.13620133895359 0.53595903967719 0.0333333333333 0.5655399967810899
0.0869565217391 0.5095947063693 0.2380649913433 0.4438143144841 0.39940996357569997 0.0988095238095 0.3890657028806 0.0797877846791 0.5343037981190001 0.0865185539099 0.2239838118872 0.0125 0.092617866005 0.3658521877841 0.11737711213520001 0.11952912678710001 0.10799438990179999 0.6768272634342 0.0819397993311 0.3350525818267
0.0 0.0 0.0 0.0 0.0 0.0 0.0 0.0 0.0 0.0 0.0 0.0 0.0 0.0 0.0 0.0 0.0 0.0 0.0 0.0
0.0 0.0681818181818 0.0909090909091 0.1136363636364 0.0227272727273 0.113636363636 0.0454545454545 0.0454545454545 0.1590909090909 0.0 0.0909090909092 0.0 0.0 0.0 0.0 0.0227272727273 0.0 0.1590909090906 0.0227272727273 0.0454545454545
0.0 0.129032258064 0.559139784946 0.9617330803311999 0.5679949399103 0.0430107526881 0.176470588235 0.8260594560403001 0.6518026565449001 0.1312460468056 0.0430107526881 0.0430107526881 0.1312460468056 0.3462998102463 0.17204301075210002 0.0882352941175 0.35294117647050005 0.6473750790645999 0.0 1.1293485135985
0.0265486725664 0.35006859079529995 1.4075182626809999 0.8338603096316 0.7640914821594 0.1646706933209 0.4666012140120999 0.2036248565065 0.9274944822222 0.317629179331 0.39706897633809995 0.0161290322581 0.1540448323205 0.47965024045080007 0.15919239580720002 0.0 0.0954443159301 1.2791419773049 0.0 0.9572204863622001
0.0 0.1387445021992 0.17113154738109998 0.21231507397050003 0.1143542582968 0.016393442623 0.049180327869 0.0 0.3102758896446 0.1143542582968 0.2363054778091 0.0 0.032786885246 0.0979608156739 0.0815673730509 0.0327868852459 0.1467413034788 0.13074770091969998 0.0243902439024 0.08996401439429999
0.0 0.541996443993 0.7292151384305 0.9427821522327 0.6888222843131 0.0629921259842 0.3304207941752 0.4109728219455 1.2521276775884 0.213333333334 0.7949606299215001 0.0 0.1800795868257 0.3375599017868 0.29640504614359997 0.14934552535759998 0.1605283210566 1.0070646007973 0.0645161290322 0.8368774870893999
0.0 0.0 0.0 0.0 0.0 0.0 0.0 0.0 0.0 0.0 0.0 0.0 0.0 0.0 0.0 0.0 0.0 0.0 0.0 0.0
0.0 0.0 0.0 0.0 0.0 0.0 0.0 0.0 0.0 0.0 0.0 0.0 0.0 0.0 0.0 0.0 0.0 0.0 0.0 0.0
0.0555555555555 0.07073732718893 0.48961788469732 0.57100722920856 0.41744339434309996 0.01612903225806 0.20698924731173002 0.40269858626919003 0.54577920105606 0.0428571428571 0.1922461749415 0.101694915254 0.04196282121373 0.66697258455106 0.1267827852846 0.0 0.0555555555555 0.5469638192441599 0.0555555555555 0.3934511876556
0.0 0.0 0.0 0.0 0.0 0.0 0.0 0.0 0.0 0.0 0.0 0.0 0.0 0.0 0.0 0.0 0.0 0.0 0.0 0.0
0.0 0.0 0.0 0.0 0.0 0.0 0.0 0.0 0.0 0.0 0.0 0.0 0.0 0.0 0.0 0.0 0.0 0.0 0.0 0.0
0.0 0.0 0.0 0.0 0.0 0.0 0.0 0.0 0.0 0.0 0.0 0.0 0.0 0.0 0.0 0.0 0.0 0.0 0.0 0.0
0.11244377811100001 0.44094619356959996 0.074074074074 0.6976511744121 0.43450496973749997 0.1980676328502 0.1749680715197 0.3027375201286 0.735743239491 0.0 0.2019545782664 0.037037037037 0.0 0.5607751679712 0.3397745571656 0.0434782608696 0.0344827586207 0.7130879004945 0.0 0.8982730856789
0.0 0.0 0.0 0.0 0.0 0.0 0.0 0.0 0.0 0.0 0.0 0.0 0.0 0.0 0.0 0.0 0.0 0.0 0.0 0.0
0.0 0.6136842105261999 0.7460516459691999 1.3064104080435 1.1768578750249001 0.14843682239290001 0.20913069189810002 0.7291780011824 0.8460516459697 0.0 0.32316577961750004 0.0112359550562 0.09720086733679999 1.0489059727966 0.3779420461263 0.1526315789472 0.0526315789473 1.0165385373552 0.0112359550562 1.1327104277546
