0.0 0.0 0.0 0.0 0.0 0.0 0.0 0.0 0.0 0.0 0.0 0.0 0.0 0.0 0.0 0.0 0.0 0.0 0.0 0.0
0.0 0.02 0.10000000000010001 0.04 0.12 0.04 0.04 0.1 0.16 0.08 0.06 0.0 0.0 0.02 0.0 0.0 0.0 0.1400000000001 0.0 0.08
0.0 0.35909524669189996 1.5648943852669 0.8532983896413001 0.6125818124819999 0.1987310757484 0.0885564697082 0.6503797249890999 0.8307338175453 0.2605163386892 0.15843162073509998 0.0 0.0885564697082 0.9308086118609998 0.3362263391059 0.0157068062827 0.0314136125654 0.8261109534979 0.0 1.1939583254819
0.0 0.3999113769803 1.3259829208036 0.9278495775612 0.7469962782460999 0.3168067226896 0.17471312769789998 0.5924183969822 1.4537683705266 0.15747202835930002 0.35240228245570004 0.0 0.1374020794758 1.3360864955183998 0.0169491525424 0.0 0.111111111111 0.6507595226747 0.1859903381645 1.1133802182143
0.058172133445399996 0.2204934118304 0.8050182225977001 0.5169610316789 0.07036725539659999 0.0121951219512 0.781609195403 0.11634426689079999 0.6005046257372 0.1041491449396 0.35842444631360004 0.0459770114942 0.0121951219512 0.2232968881411 0.128539388842 0.15012615643420002 0.0243902439024 0.2261003644517 0.137931034483 0.4072049341178
0.0 0.00925925925925 0.16666666666725 0.06481481481485 0.04629629629625 0.0185185185185 0.0 0.00925925925925 0.06481481481485 0.0277777777778 0.0462962962963 0.0185185185185 0.0 0.10185185185190002 0.0833333333334 0.00925925925925 0.0185185185185 0.11111111111105001 0.0 0.20370370370410001
0.0 0.0232558139534 0.17441860465130002 0.08139534883720001 0.10465116279090002 0.0116279069767 0.11627906976730001 0.0232558139535 0.0930232558139 0.0232558139535 0.23588039867089997 0.0 0.428571428571 0.046511627907 0.0116279069767 0.285714285714 0.15448504983369998 0.1511627906977 0.0 0.0348837209302
0.0108695652174 0.10729813664589999 0.5271739130434 0.2796583850937 0.27546583850899997 0.0358695652174 0.0791925465839 0.3942546583851 0.5372670807451 0.0 0.08586956521729999 0.0 0.025 0.2476708074533 0.1293478260869 0.0607142857143 0.1788819875777 0.1336956521741 0.0 0.8917701863368
0.051748251748200004 0.10177230177220001 0.8007556713437001 0.4872421695954 0.504490716256 0.0 0.231842231842 0.1606804959746 0.8896759014403 0.312958718841 0.4074559427497 0.0 0.0671328671328 0.42589763178060003 0.049350649350600004 0.0740740740741 0.1034858387799 0.6068154068163001 0.049350649350600004 0.6752704811526999
0.0 0.0744680851064 0.031914893617 0.0531914893617 0.1063829787234 0.0 0.0425531914893 0.0 0.0744680851063 0.0425531914894 0.1595744680852 0.0 0.0531914893617 0.06382978723409999 0.0 0.031914893617 0.127659574468 0.0212765957446 0.0 0.117021276596
0.0204081632653 0.0643457382953 0.19927971188469998 0.43145258103260004 0.3342136854742 0.1882352941174 0.04393757503 0.0235294117647 0.5068427370947 0.09411764705879999 0.22280912364939998 0.0 0.04393757503 0.1286914765906 0.1647058823534 0.0235294117647 0.0 0.17887154861940002 0.0470588235294 0.2840336134458
0.0 0.0 0.0 0.0 0.0 0.0 0.0 0.0 0.0 0.0 0.0 0.0 0.0 0.0 0.0 0.0 0.0 0.0 0.0 0.0
0.0 0.125 0.0 0.0 0.0 0.0 0.0 0.0 0.0 0.25 0.0 0.0 0.5 0.0 0.0 0.0 0.125 0.0 0.0 0.0
0.0 0.0 0.760683760684 0.230769230769 0.111111111111 0.0 0.0 0.076923076923 0.264957264957 0.0 0.111111111111 0.0 0.0 0.444444444444 0.0 0.0 0.0 0.0 0.0 0.0
0.0 0.0166666666667 0.74405940594 0.6013201320137 0.129702970297 0.0463696369637 0.0 0.2615511551153 0.35792079208 0.0 0.0630363036304 0.0 0.0463696369637 0.4100660066004 0.2057755775577 0.0 0.029702970297 0.6273927392734 0.0463696369637 0.41369636963679995
0.0 0.047619047619 0.0 0.1428571428571 0.0 0.0 0.0 0.047619047619 0.1428571428571 0.190476190476 0.1428571428571 0.0 0.047619047619 0.0 0.047619047619 0.0952380952381 0.0 0.095238095238 0.0 0.0
0.0 0.07894736842109999 0.0263157894737 0.0 0.131578947369 0.0 0.1052631578948 0.0263157894737 0.0526315789474 0.1842105263164 0.0263157894737 0.0 0.0526315789474 0.0 0.0 0.0263157894737 0.157894736842 0.0263157894737 0.0526315789474 0.0526315789474
0.0273972602739 0.1144960130851 0.7740748313237 0.497648742588 0.14189327335899998 0.1394397873646 0.3259047229602 0.2764260887346 0.46779799631959995 0.0 0.1643835616439 0.0 0.0 0.0821917808217 0.0547945205479 0.0298507462686 0.0846452668165 0.28869351870750004 0.0298507462686 0.5005111429155
0.0 0.55 0.0 0.1 0.125 0.05 0.525 0.15000000000000002 0.175 0.125 0.225 0.0 0.05 0.0 0.0 0.3 0.25 0.05 0.1 0.225
0.08 0.1559110221176 2.0162238042179 1.0961503123326 0.802920426502 0.3974866745279 0.10195913208339999 0.513916620879 0.7699272609858999 0.4280637219237 0.4236627292916 0.0 0.1476707300033 0.7247852396547999 0.1519591320832 0.0922166794437 0.1765295788186 0.8002392757365999 0.0722561617863 2.0481214976087
0.0 0.0 0.0 0.0 0.0 0.0 0.6 0.0 0.2 0.0 0.0 0.0 0.0 0.0 0.0 0.0 0.0 0.2 0.0 0.0
0.0 0.2630662020908 0.348432055749 0.39372822299739996 0.1698606271775 0.14372822299659999 0.1315331010453 0.036585365853600005 0.4660278745641 0.133275261324 0.1933797909406 0.0 0.1210801393732 0.0243902439024 0.0 0.0 0.10801393728209999 0.1071428571428 0.036585365853600005 0.3231707317078
0.0592412254006 0.24567828684559997 1.6965321356351 0.8174036840372 0.6029200859105001 0.0645161290323 0.0172413793103 0.2314696273286 0.3582701953953 0.2128220734425 0.1158275092519 0.0689655172414 0.0172413793103 0.32255615953449995 0.07526881720430001 0.0 0.0 0.39112640879789995 0.0533506831489 0.6495687031725998
0.0 0.2631886694385 2.3179573804574 1.2485057172579 0.41826923076949996 0.1622271309771 0.0384615384615 0.5454132016627 1.3181522869020001 0.050480769230699996 0.6562499999997 0.0624999999999 0.1875 0.642801455301 0.1585888773387 0.0192307692308 0.0384615384615 0.355639293139 0.0 1.5163721413743
0.0400223380491 0.45056237018519996 0.414662773837 0.3494572245954001 0.1663028569187 0.0841752557117 0.1707351961438 0.1074440569031 0.6251890896265 0.2127072147979 0.193737508328 0.0 0.0484167417799 0.2208272916095 0.0778637770897 0.1115746365168 0.0421052631578 0.3094348865463 0.0547634910059 0.3200180271977
0.0 0.0 0.2807017543861 0.06140350877195 0.03508771929825 0.0 0.0 0.07017543859645 0.07894736842104999 0.00877192982455 0.061403508771950006 0.00877192982455 0.00877192982455 0.0350877192983 0.0175438596491 0.0 0.0 0.1842105263161 0.0 0.1491228070175
0.0350877192982 0.21579811597930001 1.56308875637535 0.28813412842435 0.44629677642434995 0.0197044334975 0.2668049433929 0.06680494339279999 0.26842969492695 0.0569527266441 0.09204044594225 0.0 0.10985221674865 0.15911330049240002 0.0 0.00985221674875 0.0350877192982 0.2234897588801 0.00985221674875 0.13360988678590002
0.0555555555555 0.2777777777775 0.430346947738 0.39398331137470005 0.4471234079931 0.0363636363636 0.2536231884055 0.2067193675889 0.5184453227938 0.0217391304348 0.1525691699606 0.0363636363636 0.099033816425 0.1935002195871 0.1828282828283 0.0 0.0 0.3914361001314 0.0 0.3025911286778
0.0247933884297 0.5403288136407 1.7234858627783 0.8301707664404999 0.7098978809374 0.1223633442469 0.2372442459136 0.22073509901500002 0.9573205613521001 0.121015348288 0.39509061697410003 0.0927835051545 0.0178571428571 0.3492328898839 0.1485047286357 0.0 0.0178571428571 0.5478112562220999 0.0805146119109 0.8629927944590999
0.0315789473684 0.44078947368330007 0.3245614035083 0.3978070175439 0.5342105263164001 0.0 0.1263157894736 0.2298245614038 0.25131578947340005 0.49385964912299996 0.6478070175453001 0.0 0.1578947368424 0.12499999999980001 0.0631578947368 0.0315789473684 0.473684210527 0.16666666666660002 0.0315789473684 0.4723684210524
0.0 0.0454545454545 0.11363636363660001 0.1249999999999 0.0454545454545 0.0681818181818 0.0 0.0568181818182 0.0909090909091 0.0113636363636 0.1022727272727 0.0 0.0340909090909 0.090909090909 0.0227272727272 0.0 0.0 0.0681818181818 0.0 0.125
0.0 0.0 0.142857142857 0.45238095238099996 0.166666666667 0.0 0.0 0.47619047619 0.0 0.0 0.0 0.571428571429 0.285714285714 0.0 0.142857142857 0.0 0.0 0.45238095238099996 0.0 0.309523809524
0.0 0.250000000001 0.1428571428571 0.1071428571428 0.39285714285679996 0.0 0.142857142857 0.0357142857143 0.0714285714286 0.1428571428573 0.17857142857129998 0.0 0.0714285714285 0.0 0.0357142857143 0.0 0.1428571428573 0.0714285714286 0.1071428571428 0.1071428571428
0.0 0.3681273253413 1.0533278214133 0.6426209177343 0.12401818933440001 0.29082265398970003 0.0243902439024 0.5837122778014001 1.0026870607698 0.0 0.1525423728811 0.0365853658536 0.0508474576271 1.2670525010348 0.1748656469613 0.0 0.0 0.4189747829684001 0.0 0.8094253823888999
0.0571428571428 0.15031982942416 0.6997867803838 0.30319829424278 0.32302771855055995 0.09317697228136 0.0 0.23113006396566 0.474626865671 0.0 0.12174840085276001 0.00746268656716 0.03603411513856 0.4100213219617199 0.1515991471218 0.0 0.0 0.3194029850747 0.00746268656716 0.61385927505316
0.0 0.1428571428571 0.0285714285714 0.0285714285714 0.0 0.0 0.0571428571428 0.0285714285714 0.1142857142856 0.171428571429 0.2000000000002 0.0 0.0285714285714 0.0 0.0 0.0 0.0285714285714 0.0571428571428 0.0857142857142 0.0285714285714
0.0 0.095238095238 0.16666666666649999 0.0238095238095 0.1190476190475 0.0 0.1190476190475 0.0 0.0 0.1428571428575 0.0 0.0 0.095238095238 0.0 0.0238095238095 0.0 0.095238095238 0.0238095238095 0.0238095238095 0.07142857142850001
0.072204968944 0.2781055900618 1.6122670807445 0.8386645962736 0.6395962732928999 0.05 0.36024844720529997 0.30745341614919997 0.7141304347827 0.14363354037269999 0.20077639751550003 0.0 0.108695652174 0.3824534161491 0.0749999999999 0.0 0.0 0.9029503105592 0.072204968944 0.2416149068321
0.0 0.166666666667 0.0833333333333 0.0 0.25 0.0 0.0833333333333 0.0 0.0833333333333 0.0833333333333 0.2500000000003 0.0 0.416666666667 0.0833333333333 0.0 0.0 0.2500000000003 0.0833333333333 0.0 0.1666666666666
0.0 0.2292471563524 2.7098683966204 1.0707003551061 0.6749006866692999 0.2133869701731 0.11007064364199999 0.7463477574657 0.9639406252249 0.0700876504447 0.37126258130249995 0.0496794871794 0.1713291470434 0.5685846217814 0.30386590368159994 0.02 0.0785256410255 0.6468398530891 0.0208333333333 1.9805291898685997
0.1 0.0 0.1 0.1 0.2 0.0 0.2 0.0 0.1 0.0 0.0 0.0 0.0 0.0 0.0 0.1 0.0 0.1 0.0 0.0
0.09375 0.3878777472528 0.8655563186812999 0.7264766483514 1.1025068681314 0.0824175824175 0.1749656593406 0.14285714285700002 0.8693337912090001 0.46153846153800004 0.45346840659310006 0.0 0.291208791209 0.3013392857144 0.0760645604395 0.131009615385 0.2750686813186 0.26407967032949997 0.065934065934 0.23454670329660002
0.1590776095389 0.46933554878262995 3.4734471867173395 0.5600324513771 0.3137583347944 0.0899861321937 0.06230341599004 0.6515495845035201 0.67199662959032 0.08863652988071999 0.10251187051062999 0.02989542924602 0.054838739903549996 0.7409859011063099 0.23918044577502 0.01336650362623 0.07246651903683 0.8708821576130601 0.11172526460623 1.2240237452075398
0.0260869565217 0.43782482520331 3.3540871291906997 1.08863221747061 1.1684486773755198 0.1835425383539 0.23652706304100002 0.4903969191210099 1.3039044228061 0.25196377395040004 0.47940959124971005 0.0588235294118 0.2193419740781 0.5996342123944101 0.14244739554900998 0.109212112616 0.0677966101694 0.8613385421322 0.0 0.9205815093689199
0.0583333333333 0.4298850574712 1.2399425287349999 0.9379310344846001 0.6882183908046 0.20459770114939999 0.325000000001 0.25258620689669997 0.5962643678157 0.1876436781608 0.3879310344823 0.0 0.16896551724120001 0.3272988505746 0.12298850574699999 0.0459770114942 0.0563218390804 0.8962643678161 0.19396551724119998 0.8798850574724001
0.060606060606 0.1623376623376 1.3658008658006002 0.5779220779216 0.1320346320346 0.181818181818 0.10173160173160001 0.151515151515 0.27272727272700004 0.10173160173160001 0.09090909090900001 0.030303030303 0.060606060606 0.5367965367959999 0.30303030303100004 0.0 0.0 0.41558441558419995 0.0 0.454545454545
0.0 0.3666666666665 0.44444444444479997 0.22222222222210003 0.19444444444429998 0.0 0.311111111111 0.0555555555555 0.5388888888888 0.16666666666660002 0.0277777777778 0.0 0.0555555555555 0.3944444444448 0.0 0.6277777777778 0.0277777777778 0.2555555555555 0.2 0.1111111111111
0.0 0.0698412698412 1.3273368606712 0.5739858906525 0.1939153439152 0.0389770723104 0.87945326278725 0.40705467372105 0.2878306878304 0.03183421516755 0.13121693121685 0.00714285714285 0.0500000000002 0.50679012345575 0.0142857142857 0.0 0.0389770723104 0.26631393298075 0.0 1.17504409171085
0.02988215488212 0.47979797979771005 1.21849215599192 0.3999449624451 0.13657407407391 0.09420440670431002 0.0813677063676 0.10224728974721 0.29472610722591003 0.0555555555555 0.14606458356450003 0.0 0.0223526473526 0.23472592222570998 0.05754199504191 0.0185185185185 0.0555555555555 0.24324055574021 0.0 0.32920782920772995
0.063956043956 0.383736263736 0.273846153847 0.2138461538462 0.14989010989 0.0 0.127912087912 0.02 0.21186813186800002 0.3197802197801 0.253846153846 0.0 0.15384615384619998 0.127912087912 0.065934065934 0.043956043956 0.1098901098902 0.18395604395600001 0.1479120879122 0.147912087912
0.0 0.18075980612844 0.39506052780386003 0.25148303024354 0.34061611937712 0.07107859910221999 0.08556373158125999 0.1357292330743 0.35073950413204 0.14314888651162 0.06922128456042001 0.0 0.107041107041 0.19232269969725999 0.12417594423480001 0.030827579500120002 0.05473615208124 0.22607251810782 0.0727174060507 0.16870587077052
0.0 0.0 0.0 0.0 0.0 0.0 0.0 0.0 0.0 0.0 0.0 0.0 0.0 0.0 0.0 0.0 0.0 0.0 0.0 0.0
0.0380952380952 0.17142857142919998 0.38095238095249995 0.1142857142857 0.1714285714285 0.0 0.0 0.0761904761904 0.1142857142857 0.228571428571 0.1333333333333 0.0 0.0190476190476 0.0571428571428 0.0 0.0190476190476 0.1333333333333 0.0761904761904 0.0380952380952 0.2285714285713
0.0 0.1467741935484 0.5037634408607999 0.362365591398 0.7973118279588001 0.1322580645162 0.0 0.7629032258063 0.37903225806429997 0.161290322581 0.0333333333334 0.0 0.0166666666667 0.4258064516134 0.1478494623655 0.0 0.0 0.49139784946239995 0.0 0.6392473118279
0.01785714285712 0.02678571428568 0.2589285714287 0.044642857142780004 0.12500000000016 0.0 0.0 0.053571428571360005 0.04464285714282 0.0 0.0178571428571 0.0 0.00892857142856 0.10714285714281999 0.00892857142856 0.0 0.0 0.01785714285712 0.0 0.26785714285656
0.0 0.0 0.0714285714286 0.142857142857 0.0 0.0714285714286 0.1428571428572 0.142857142857 0.2857142857146 0.357142857143 0.2857142857142 0.0 0.1428571428572 0.0714285714286 0.0 0.0714285714286 0.0714285714286 0.0 0.0 0.1428571428572
0.0 0.0645161290323 0.2258064516132 0.0806451612904 0.0967741935485 0.0322580645161 0.0483870967742 0.0161290322581 0.0161290322581 0.161290322581 0.0806451612904 0.0 0.0483870967742 0.0 0.0 0.0 0.0483870967742 0.0 0.0322580645161 0.0483870967742
0.0481927710844 0.1997507270463 0.6818446198589999 0.7687577897791 0.23431657665140002 0.051682592438700006 0.2823431657665 0.1171582883258 0.3032820938931 0.1068550062319 0.2065641877856 0.0 0.0240963855422 0.130951391774 0.0240963855422 0.0137931034483 0.0 0.6409638554216 0.0 0.16535105941
0.0 0.2432432432431 0.0810810810811 0.027027027027 0.08108108108100001 0.0 0.08108108108100001 0.027027027027 0.027027027027 0.054054054054 0.0810810810811 0.0 0.054054054054 0.0810810810811 0.0 0.0 0.0810810810811 0.027027027027 0.054054054054 0.0
0.0437956204379 0.19371329970152998 5.03011676238026 0.5366651530020801 0.8810247606428101 0.28187965259046 0.05350435830197 0.9225224873329502 1.28685664029587 0.19287883057857003 0.34372421792415997 0.0310077519379 0.02716941371263 1.2258424649363602 0.28826851885339 0.00970873786407 0.031007751938 0.48346727247898 0.0211267605634 2.11571954452175
0.0434782608696 0.0 0.173913043478 0.0434782608696 0.0434782608696 0.0 0.130434782609 0.0 0.260869565218 0.0434782608696 0.0 0.0 0.0434782608696 0.0434782608696 0.0434782608696 0.0 0.0 0.0434782608696 0.0869565217391 0.0
0.0881827209533 1.0152547551758 1.8221067909258 1.0528531051878 1.1304121151941002 0.0566037735849 0.3559200977773 0.1269230769231 0.8863322129716 0.2026564051638 0.6527805362466 0.0 0.633526850508 0.7416450233004 0.0671300893744 0.3566037735859 0.3369165839128 1.3333416087396 0.23820754717 0.9026029333133
0.14537746341038 0.6372747898036498 5.20252168380857 0.9398291258457699 0.77768140159586 0.048761097659390004 0.21400499544827 0.68005777672858 0.72511121801258 0.14112771920466 0.11511220693298 0.07740801984279 0.17981800822849 1.6267612799425197 0.34838904309159 0.0260451977401 0.0157480314961 1.38467482309908 0.09105691056910001 1.62323920754337
0.10085933966518999 0.4934754428653 4.79698245669055 1.07410903569837 0.72883854426974 0.04535408875545 0.28346833038164 0.31605915541488 0.77449002674263 0.10631720074439999 0.5229337153573399 0.0323886639676 0.15870159487583999 0.84757344965904 0.0323886639676 0.0196078431372 0.00925925925925 0.7444312580629899 0.028867102396450003 0.88389482808644
0.038364182882390005 0.643018968639 0.9087059641901001 0.75763623397199 1.0379600801795998 0.0612244897959 0.80052248131539 0.15930110727038999 0.8844054575493899 0.5165790797063 0.54765644940709 0.0 0.24474217167770002 0.50831978450939 0.1386659758878 0.030534351145 0.1211706056467 0.76097571995259 0.25218253465029 0.58803436162308
0.0165289256198 0.1357024793388 2.3328925619859002 0.5428099173546 0.20528925619830002 0.0765289256198 0.0365289256198 0.0661157024792 0.31752066115699995 0.082644628099 0.0495867768594 0.0 0.0 0.4001652892562 0.049586776859399995 0.0330578512396 0.0 0.27140495867760006 0.0 0.3836363636365
0.0454545454545 0.15780445969137 1.36980713717727 0.46183533447721 0.45658494749654005 0.00471698113207 0.15716646446031002 0.09176672384214 0.34541689327821 0.12778730703221 0.13529682466647 0.0 0.053497468936870005 0.12586286240211 0.0227272727273 0.545454545454 0.27273773166594 0.22855917667241 0.08094172279624001 0.31658160063534
0.0233918128655 0.4695427963847 2.1918394471032 1.2965071770328 0.7253907496013999 0.257841573631 0.2392929292929 0.9005794790008999 0.7133014354066001 0.19078681552319998 0.18326953748 0.02 0.1970281765018 0.45978734715569997 0.2042796384903 0.0116959064327 0.1597554492291 1.4316852737901 0.1955077086655 1.1285167464128
0.17679947435420001 0.720931613704 4.0454721225362 1.4285714731819 2.40559664716836 0.1974252598263 0.2884711735344 0.44888434475696 0.6722641554824599 0.10855045081725999 0.77496246883096 0.0 0.12715262073806 1.0816258140483 0.23776045479275998 0.0771213022289 0.10489041307426 0.9394667918171999 0.07015472696769999 1.09389869214356
0.0 0.25 0.050000000000100006 0.18333333333340002 0.1666666666667 0.0 0.0833333333334 0.0666666666667 0.2333333333334 0.15 0.1666666666667 0.0 0.1333333333334 0.0333333333334 0.0 0.0166666666667 0.1500000000001 0.13333333333340003 0.0666666666667 0.1166666666666
0.00862068965517 0.1651542649727 0.44101633393788997 0.31578947368411997 0.17740471869329 0.043557168783899994 0.09981851179674 0.22958257713223001 0.31896551724142996 0.11343012704173 0.16878402903823 0.00862068965517 0.06896551724123999 0.10843920145175999 0.043557168784019995 0.00862068965517 0.11660617059892 0.35980036297592005 0.034482758620670004 0.16878402903778
0.0 0.0 0.0 0.0 0.0 0.0 0.0 0.0 0.0 0.0 0.0 0.0 0.0 0.0 0.0 0.0 0.0 0.0 0.0 0.0
0.067287784679 0.1956521739128 1.0269151138717 0.22153209109719998 0.3933747412016 0.0238095238095 0.22153209109719998 0.067287784679 0.2080745341614 0.1304347826088 0.0869565217391 0.0 0.2474120082815 0.18219461697710002 0.045548654244300005 0.045548654244300005 0.0869565217391 0.37577639751520003 0.1739130434788 0.19979296066250002
0.0103626943005 0.07740964048118 0.96109046158729 0.29323842629895 0.25624143251548 0.42208845104558 0.023607727413080003 0.35822481428479 0.37507364329156 0.04059293826989 0.09988676526118999 0.0 0.0132450331126 0.35723059350223996 0.039562659172679995 0.0 0.0310880829015 0.23648205779008 0.00847457627118 0.39610000250127
0.0132450331126 0.1895821941391 4.4011989387807 0.45047289223729997 0.4515462664804 0.1202786722561 0.0428134556574 0.28845413856650004 0.40565445450309995 0.09071024971130001 0.0693035218826 0.0 0.0346517609413 0.6921036109927999 0.1946655325348 0.0794701986755 0.0 0.8011422322129 0.0642201834861 0.6104866638319999
0.0 0.0909090909091 0.1136363636363 0.0681818181818 0.159090909092 0.0 0.0454545454546 0.0 0.0454545454545 0.1363636363633 0.0681818181819 0.0 0.0681818181818 0.0 0.0 0.0 0.0454545454545 0.0 0.0454545454545 0.1136363636364
0.0 0.0 0.0 0.0 0.0 0.0 0.0 0.0 0.0 0.0 0.0 0.0 0.0 0.0 0.0 0.0 0.0 0.0 0.0 0.0
0.0265486725663 0.3954925121542 1.2257439100318002 1.5673019227499 1.1996374008589998 0.1377867300663 0.3758428150023 0.34549251215460003 0.6806786233179999 0.19309945217070001 0.42310366624569995 0.0 0.0680227182669 0.39958771251159997 0.0149253731343 0.043215339233 0.1233354403708 0.8888839619856002 0.12286135693210001 0.7684398802458999
0.0 0.1917808219178 0.9623287671237 0.082191780822 0.13698630137 0.0 0.4691780821921 0.0547945205479 0.054794520548 0.0 0.2751141552513 0.0 0.027397260274 0.1381278538813 0.0 0.0833333333333 0.24885844748890001 0.054794520548 0.0833333333333 0.1369863013698
0.0153846153846 0.16986215845739003 2.2471576423934003 0.31399621364888003 0.34739254519858 0.09386494713980001 0.07774727890439001 0.29987673536842996 0.42362753653215995 0.04571904074330001 0.13802420760546 0.014559386973179999 0.07304466269978 0.3934569764611 0.14744676316067 0.00689655172414 0.062494436829040004 0.26648140672707 0.0 0.8629668940476
0.222222222223 0.16666666666649999 0.0555555555555 0.0 0.0 0.0 0.0 0.0 0.0 0.0 0.0 0.0 0.0 0.3333333333335 0.0 0.0 0.0 0.111111111111 0.0 0.111111111111
0.06743566992010999 0.36367530520450003 0.8006770924268 0.55211889853411 0.93254993151701 0.14996703329 0.0703729767768 0.17705013039700002 0.8765449208165 0.14132729553591 0.23443380350620002 0.0 0.13334149251901 0.6227414504032199 0.055375673507609996 0.06296851574201 0.24358229048721 1.1481780118352 0.049964813511500006 0.31769469406921
0.1508089558823 1.1888562880620002 7.0790230534931196 1.81019718680898 1.7380557355615198 0.45245317502002 0.21074370051452 1.4883746955822401 1.47097444042322 0.22634134486564 0.37840565609672006 0.08276653752320001 0.16760401348 2.1398935310894402 0.68554352358304 0.1391212090728 0.09159324549110001 1.94294398017762 0.1000102494721 2.4562894777966
0.025205715207649998 0.54301013874125 5.583549733691649 1.4951485155689501 1.9035007349655504 0.44220403331564995 0.3843590519428 1.3849862642454 1.2243428901758002 0.42252426609335 0.3198608744577 0.0 0.17281004556604998 1.35589660335185 0.282284707834 0.0 0.094812990611 1.3665952908054 0.0165289256198 1.9823792178114
0.01850618106447 0.26899728539179 0.64746277495533 0.81901976901974 0.28769764325142 0.25662079343527 0.1698591210056 0.17132110931013 0.7714265669211701 0.24103416959156998 0.29989763595947005 0.00584795321637 0.11657071073687 0.55120715542906 0.2521516888134 0.0529000566786 0.0670572851929 1.3352596334353 0.00584795321637 0.6613145133766
0.0555555555556 0.3002680965145 2.4703604408705 1.8385463211172999 0.3987190944297 0.16279416145370001 0.0428954423592 0.1930294906165 0.9778075662790999 0.0 0.1930294906172 0.0643431635388 0.0214477211796 0.5147453083106 0.1286863270776 0.0857908847185 0.0 0.9514447423288 0.0 0.6005361930304001
0.16732149235299998 0.4870928986586 0.6161314413751 1.7667305256993 0.5065103743878 0.0468227424748 0.1598857031527 0.4876449004769 1.1386173977992 0.2375556060653 0.2729486638315 0.0 0.0 0.3700360424721 0.1130629606779 0.1439101211156 0.1244926453874 1.6411338766766 0.0428288469655 0.677273760432
0.0458015267175 0.28868781031580004 1.75577652108778 1.0074102515011 0.44283541240762003 0.13268522662898 0.29396460378792005 0.4298792923161999 0.57142234614368 0.07327634023353999 0.13597434584554 0.043702024184 0.12156641312649999 0.32437811233338 0.17857593573140002 0.0152671755725 0.16594874157349998 1.09077501040472 0.040522137708899994 0.8415507723812801
0.0700749401655 0.61509584712871 3.80042140506686 1.2592175952404199 1.51781402757702 0.31055318803000004 0.42727249017554997 0.64753871006037 0.9113663534163199 0.6207232888902 0.70669114193457 0.03075871496921 0.12252892599515999 1.3872790937034096 0.29551533017921006 0.09487354750502 0.1579461332997 0.9875477855128 0.14689174567531 1.88988973547897
0.0597014925373 0.18743019595889002 0.2172809422275 0.25657427149946 0.1779876129557 0.03665346735703 0.054421768707560006 0.16021931160516 0.39902528175422997 0.15077672860173 0.29322773885702996 0.0 0.09107523606460001 0.07066707279923 0.03665346735703 0.0638643517108 0.14549700477209998 0.23768910549262998 0.01360544217686 0.34764950756413004
0.0 0.3596452328158 1.4504434589811002 2.0424611973433 0.9963414634142 0.17982261640789998 0.0545454545455 0.3687361419067 0.5296008869181 0.2707317073171 0.18891352549899998 0.0 0.060864745011000004 0.5323725055434 0.0 0.0426829268292 0.1035476718403 0.48414634146339997 0.0090909090909 0.3260532150774
0.0 0.0 0.0 0.0 0.0 0.0 0.0 0.0 0.0 0.0 0.0 0.0 0.0 0.0 0.0 0.0 0.0 0.0 0.0 0.0
0.0261437908497 0.1437908496732 0.32679738562149996 0.15686274509810003 0.2483660130727 0.0261437908496 0.078431372549 0.0784313725491 0.1045751633987 0.0784313725491 0.0392156862745 0.0 0.10457516339869999 0.10457516339870002 0.0261437908496 0.0130718954248 0.0522875816993 0.1437908496732 0.0522875816994 0.19607843137260003
0.047619047619 0.7066163003656 2.9846039377301996 1.428743131868 2.1772550366292998 0.6238553113549 0.3096955128203 0.783768315019 1.3605769230782 0.2732944139193 0.3122138278384 0.0 0.2020947802196 1.0639308608064 0.23380265567769998 0.0 0.015625 0.8507326007331999 0.047619047619 1.5779532967041
0.0121951219512 0.1803173926929 4.7400149110706 0.9522313345418001 0.9259772073699999 0.1452231334539 0.0727979550537 0.34843966343550004 1.0471828735742 0.20470763659660002 0.1684950473956 0.0 0.0484077111513 1.3708595164542998 0.2298434338054 0.060602833102499996 0.1330280115026 0.9499946746198998 0.036212589200099995 1.3734689530295001
0.0 0.0 0.0 0.0 0.0 0.0 0.0 0.0 0.0 0.0 0.0 0.0 0.0 0.0 0.0 0.0 0.0 0.0 0.0 0.0
0.0 0.255102040816 0.918367346939 0.4081632653064 0.5612244897954 0.0510204081632 0.2040816326524 0.40816326530720004 0.2551020408164 0.2040816326532 0.204081632652 0.0 0.102040816326 0.6122448979590001 0.0 0.102040816326 0.1020408163264 0.0510204081632 0.2040816326532 0.3571428571422
0.04300827299728 0.8363920012025899 1.5301471138912899 1.6503888695026998 0.8538420119235899 0.253660962041 0.47168806882130004 0.26656019134688996 0.7315664174553 0.11307565789499 0.54916382365498 0.0374476472037 0.050505050505 0.86095060234929 0.1892740960891 0.0424208669822 0.166826173666 1.3370840681090002 0.0524852411887 0.9635128631740699
0.0 0.21782178217819997 0.27722772277319996 0.079207920792 0.1980198019803 0.0 0.1980198019802 0.039603960396 0.079207920792 0.059405940594 0.217821782178 0.0 0.11881188118799998 0.05940594059399999 0.019801980198 0.059405940594 0.079207920792 0.039603960396 0.019801980198 0.2376237623762
0.0374497625137 0.60111965890037 6.76245991983024 2.1400311176524 1.6272980666382801 0.36961168631979 0.5316555637147 1.1572620580690198 1.91267749803701 0.11506088121522999 0.45508173373248006 0.0 0.39603446276576004 1.9253256877522302 0.5210002825491 0.07324662155789 0.08122169474824001 1.4379351832129703 0.047550772614700004 2.807977348175
0.166666666667 0.0 0.166666666667 0.166666666667 1.166666666667 0.0 1.166666666667 0.0 0.166666666667 0.166666666667 0.0 0.0 0.0 0.666666666667 0.166666666667 0.0 0.0 0.0 0.0 0.0
0.18190757128790003 1.2791691049717 1.2629488970893 1.1663873396525 1.3908594381347 0.4622769198925 0.43500836654040004 0.5631438288638 1.6838834284095 0.39648777795019996 0.5716158636517 0.037037037037 0.17574910728139997 0.9154130125257001 0.074074074074 0.20093498249070002 0.4036640273248 1.6086688243179 0.152046783626 1.0387236148766001
0.0994957026214 1.5237297899125304 5.88109714949428 2.50183252828269 2.0805411931173 0.37599089092883 0.5927577813248299 1.8832051841538802 2.0284133229191 0.14456832831955 0.6507593618194201 0.03374785131063 0.60747999792311 2.83922537399259 0.50674289005889 0.23611466686159996 0.22652850833923 2.91257447853959 0.15133481183603004 3.7238601882492497
0.013698630137 0.451804595064 2.79768075039182 1.2333271640566201 1.2491478696107001 0.1721768269264 0.36514428807089994 0.79661772629602 1.24739360479844 0.31685106807381996 0.38991192214759995 0.0286532951289 0.17142220549640003 0.98544792104636 0.2086195391924 0.0554225379754 0.17374262441600002 0.94497385604622 0.0273972602739 1.37056631485556
0.20992622401080002 0.9728034875931 1.3467002012074003 2.0557209926228 1.2374379611007 0.27934272300409996 0.5617236753857 0.6065459423199 0.8896109993292001 0.2025687458081 0.6025150905431 0.0211267605634 0.1958685446007 0.7912743125419 0.1628169014082 0.0266666666666 0.2238564721663 1.2587793427232001 0.0633802816901 1.2913346747145
0.1647465437786 0.4228110599084 2.067972350231 1.3214285714303 0.5587557603693001 0.2039170506913 0.3548387096776 0.2292626728108 0.7488479262677 0.0322580645161 0.1290322580644 0.1935483870972 0.1002304147464 0.7811059907838 0.1935483870971 0.0645161290322 0.1290322580644 0.5587557603691999 0.0 0.7453917050707
0.0222222222222 0.4048174048172 0.6929810929816 0.5364931364926999 0.4480704480704 0.0148148148148 0.6229474229472 0.8904428904427 0.5027713027709 0.43532763532740004 0.302823102823 0.013986013986 0.058430458430400005 0.29873089873060005 0.0148148148148 0.23164983164949998 0.3780885780883 0.7397047397042 0.1382543382542 0.2526288526287
0.038626609442 0.4609947345008501 2.2113105877899 1.6683439468721 0.6036800018045501 0.22334882948605 0.1214696412503 0.7285209051796 1.1338485863668 0.07695341696205 0.12869102863165 0.0939261486125 0.038626609442 0.84845010293385 0.22487024406235 0.0128755364807 0.046202367017750004 0.79324775503045 0.0409025881129 1.5051103600182998
0.08394638478199999 0.5768162048147 2.4712196227775003 1.3232740141483998 1.4967048617807 0.2071210356668 0.4903599109887 0.6430671635106 1.143731792809 0.4374550675537 0.7026708141605 0.017094017094 0.0417853751186 0.8874222082716001 0.2547182476391 0.1695972773685 0.3422565026181 1.2663548669511 0.0550213675213 1.3893832644278998
0.0 0.4166774402064 0.46140917905580003 0.6827407886235 0.5462184873945 0.11531997414350001 0.2778280542993 0.035294117646900006 0.41189398836440005 0.1224305106656 0.33186813186810005 0.0 0.1506140917905 0.2424046541693 0.0941176470588 0.06826115061400001 0.15061409179059998 0.4991596638659 0.1224305106656 0.270717517776
0.026565616274400003 0.23818851076625 0.48867311877700004 0.42067894107020004 0.40600703993730003 0.05328378785010001 0.16680592586360002 0.21227510339474998 0.52734378827035 0.19256677793425 0.09835058327905 0.0 0.126678283263 0.3067964086527 0.06286048187875001 0.026565616274400003 0.09794820117700001 0.23818851076615 0.045469177530950006 0.26475412704060003
0.0 0.0 0.0 0.0 0.0 0.0 0.0 0.0 0.0 0.0 0.0 0.0 0.0 0.0 0.0 0.0 0.0 0.0 0.0 0.0
0.0238095238095 0.20878787878799998 0.2614285714286 0.22714285714299998 0.1835497835499 0.0119047619048 0.1309090909091 0.3191774891778 0.1687878787878 0.084025974026 0.1666233766233 0.0 0.3058441558442 0.1633333333334 0.0504761904762 0.0133333333333 0.11571428571430001 0.1590476190477 0.0133333333333 0.3927705627704
0.021582733813 0.3031567849169 0.8995734446926 0.8596633038392 0.9952872185007601 0.2066050607788 0.13323616968476 0.3998353041705 1.25103572314586 0.11599479037456 0.41771341547446 0.0 0.04163427878386 0.75822652222996 0.2393340500012 0.036653435872 0.0 1.1824871137587598 0.0715827338128 1.06639791615026
0.07921473067769999 0.3171143907093 1.5697132863014 0.6143612317482 0.768015406686 0.2675732505353 0.0643779354255 0.3118281682945 0.6835144535943 0.1438481341009 0.1735217246054 0.0148367952522 0.0940515259299 0.8721284414495001 0.123980584432 0.0397350993377 0.0545718945899 0.8273625876927999 0.0148367952522 0.9654135633863
0.0 0.0 0.06 0.04 0.13999999999999999 0.0 0.12000000000000001 0.06 0.06 0.1400000000001 0.1 0.0 0.1 0.02 0.0 0.04 0.02 0.02 0.04 0.04
0.0 0.030303030303 0.1212121212125 0.060606060606 0.1515151515151 0.030303030303 0.090909090909 0.030303030303 0.060606060606 0.0909090909091 0.045454545454500006 0.0 0.030303030303 0.09090909090900001 0.0 0.030303030303 0.0 0.045454545454500006 0.060606060606 0.030303030303
0.06940779739486 0.64382547132544 1.18211256118681 1.15013496245399 0.7299522599499599 0.11077540427905999 0.20912109391166 0.45329634913923 0.9273937247786499 0.11396500847065999 0.26305223781909 0.0 0.08389535387482 0.60379320230484 0.1525515359079 0.01426540765559 0.17818806267485998 0.96106378888462 0.07709263278639 1.07611314520262
0.0133333333333 0.0266666666666 0.22666666666700003 0.0266666666667 0.0666666666666 0.0 0.0133333333333 0.053333333333299995 0.0933333333333 0.0666666666667 0.0666666666667 0.0 0.0133333333333 0.08 0.0133333333333 0.0666666666667 0.0933333333333 0.0266666666666 0.0266666666667 0.0266666666666
0.051457417358700006 0.53687032275786 4.3305563991537 1.95419034234396 1.44552494627856 0.44268366764722 0.35693598581316005 1.40935154796246 2.1953557740116203 0.47094544703986 0.6554264461942 0.03035466363746 0.1671069967614 1.81566384097118 0.35315006928776 0.0682046308084 0.25521241174796 1.4883094025339598 0.1432548275351 2.82944486015676
0.0 0.0 0.0 0.0 0.0 0.0 0.0 0.0 0.0 0.0 0.0 0.0 0.0 0.0 0.0 0.0 0.0 0.0 0.0 0.0
0.0984126984126 0.7876984126984 0.7325396825394 0.9230158730177999 0.6476190476201 0.136111111112 0.17499999999979998 0.2408730158728 1.0642857142856 0.2051587301586 0.4492063492062 0.0 0.1499999999998 0.4920634920635001 0.0992063492063 0.1499999999998 0.20674603174579997 0.9103174603184001 0.05 0.4817460317469
0.1171051003999 0.956585075789 2.4704739579424 1.7582307990189998 1.3317642127149 0.3495237702552 0.41583103121299997 1.688700852046 2.0255923463691 0.189790549461 0.4630262033479 0.0261685839552 0.38903737803210003 1.6652494172933998 0.27283829047200003 0.1338378999807 0.222809549334 1.5158708079787 0.0342019543973 1.9733622199954002
0.0983037928897 0.64725218276608 2.71269027581918 2.12746503708589 2.0339184990158 0.2337994963955 0.6639957028501999 0.75235327024729 1.4626926582591002 0.1619822324276 0.3805107664799 0.0384615384615 0.1366890490769 1.2591296179424 0.32650297524459004 0.0384615384615 0.03220274390239 1.64121766222489 0.0121951219512 1.2401758385006798
0.035398230088419996 0.2754579082012 0.30657608533702 0.4599492608346 0.36223380028654006 0.0660843581198 0.04838524307548 0.09855189058732 0.41147888493034 0.08085277554289999 0.4318852239204 0.074074074074 0.059016205033899996 0.3504769566713 0.0854222801125 0.04131708998972 0.0194805194805 0.36168256522252 0.0 0.43167664849062004
0.0267379679144 0.1871657754009 0.6149732620312001 0.7486631016039 0.5347593582887 0.0534759358288 0.1336898395721 0.2673796791452 0.534759358289 0.1069518716576 0.1871657754013 0.0 0.0534759358288 0.3475935828873 0.0802139037432 0.0802139037433 0.0802139037432 0.48128342246079997 0.0 0.48128342246059996
0.0 0.0451127819548 0.22151532677871 0.26662810873327003 0.1437246963562 0.04598033545397 0.13794100636201 0.03007518796984 0.17379988432617 0.06101792943887001 0.09861191440129999 0.0 0.12290341237707002 0.06766917293228 0.01503759398494 0.08444187391557001 0.0 0.26402544823564 0.12290341237697 0.09861191440120999
0.0176470588235 0.33904524749841997 2.10613452778136 1.25663564512832 0.5461980717391 0.21332684676001998 0.19098063412064 0.5017995485372 0.7060568229830199 0.09113084391206 0.42664103664392 0.0908928038221 0.17128437173670003 0.78107497317574 0.1935398891485 0.00934579439252 0.08448241558652 0.9527978936975201 0.035294117647 1.2856914568659201
0.12893341912519 1.2148329708513 2.65394472012879 1.8821603628296701 1.4340991671343 0.3275354832983 0.7039514711857999 0.97816112199127 1.46089474830098 0.4645028267885001 0.9284145933838999 0.0121951219512 0.13989587543699 1.74159105765939 0.29220284796099 0.4112551868378 0.22314093380699002 1.0251578859789001 0.21244651619759 1.76468368914547
0.0666666666667 0.14166666666673 0.15833333333316002 0.13333333333323003 0.24166666666659 0.0 0.07499999999999 0.04999999999996001 0.24166666666662 0.09166666666670001 0.15833333333326 0.0166666666667 0.0333333333334 0.10000000000023002 0.02500000000003 0.033333333333300005 0.09166666666670001 0.18333333333356 0.0333333333333 0.12499999999996
0.0172413793103 0.36006933041427003 0.8357021224832699 0.85440430578384 0.43239433193433996 0.11333333333359999 0.28939609560297 0.2863911694948 0.5279559691061 0.26479656996900003 0.31468649273267 0.0 0.09231040564370001 0.23731861582417 0.13024326461117 0.1240065681445 0.1428851182873 0.40898558657179995 0.1842680776015 0.3836112631514799
0.0 0.0 0.0 0.142857142857 0.0 0.0 0.142857142857 0.0 0.571428571429 0.0 0.0 0.0 0.0 0.0 0.0 0.0 0.142857142857 0.0 0.0 0.0
0.202702702703 0.38452088452100003 1.267813267814 0.5663390663385001 0.6339066339075001 0.121212121212 0.526617526617 0.121212121212 0.84357084357 0.533579033581 0.5733005733000001 0.0 0.1281736281735 0.452088452088 0.445126945128 0.1281736281735 0.54054054054 0.6875511875515 0.3378378378375 0.5057330057325
0.07690360643250001 0.48323518092019 1.6744842544497898 1.2072375926008 1.1780474930249898 0.3639103752773 0.25615855648978 0.5600462888377901 1.60081366282179 0.036885593611090006 0.25979380636228 0.09859114469709 0.0826709573611 1.38961667647609 0.3301367267159 0.0181818181818 0.11742667744389 1.05581898844629 0.06878930817609 1.14125129167238
0.046835839599 0.3937969924814 2.0895989974952 0.9113408521299 0.8843984962426 0.20802005012549998 0.11826441102749999 0.5604636591482 0.7438909774449001 0.0238095238095 0.3040413533834 0.0 0.0928884711779 1.0646929824559002 0.2103696741853 0.0 0.0 0.9995300751883999 0.046835839599 1.3012218045114
0.0 0.1176470588235 0.0294117647059 0.1176470588235 0.20588235294090002 0.0294117647059 0.0882352941176 0.0 0.235294117648 0.441176470589 0.117647058824 0.0294117647059 0.32352941176469996 0.0294117647059 0.0 0.0294117647059 0.0588235294118 0.0588235294118 0.0294117647059 0.0588235294117
0.0 0.054054054054 0.027027027027 0.0 0.08108108108100001 0.0 0.0810810810811 0.08108108108100001 0.054054054054 0.054054054054 0.10810810810810001 0.027027027027 0.027027027027 0.08108108108100001 0.0 0.027027027027 0.08108108108100001 0.0 0.108108108108 0.108108108108
0.0433263816476 0.3385808337935 0.59882639187105 0.5410435707134801 0.48969208121189 0.0413165266105 0.1796172483594 0.20117667504949 0.52934429246163 0.08395898505384 0.23288760759774998 0.0 0.052801120448 0.38724570120009 0.08072133963059999 0.07046453617934 0.07396593673969 0.61051135782739 0.0147058823529 0.42981353125205
0.0 0.0 0.0 0.0 0.0 0.0 0.0 0.0 0.0 0.0 0.0 0.0 0.0 0.0 0.0 0.0 0.0 0.0 0.0 0.0
0.0823572768694 0.5776100900237201 4.40591651021462 2.3476004625586095 1.6878762421698101 0.54299705956721 0.6715820602190101 1.44974571616801 2.00843408954294 0.13362916016600002 0.5030637885797301 0.0 0.21479831193851 1.80567901775122 1.0907297462325 0.1333299436247 0.34184932241620003 1.29592360371012 0.1208898871496 3.5859877110986
0.0 0.0 0.0 0.0 0.0 0.0 0.0 0.0 0.0 0.0 0.0 0.0 0.0 0.0 0.0 0.0 0.0 0.0 0.0 0.0
0.21161285316832001 1.1203723348903398 0.6008387947252 1.16569067383442 0.6222496742684 0.26888234695881996 0.28051721146164 0.39057389065134 0.6281811113113001 0.18496412907542 0.33152848226624 0.0 0.19469026548670001 0.319555551501 0.29302914530420004 0.07968491027772001 0.07270518826993999 0.6615876784387 0.0353982300884 0.53793752802324
0.02708146016896 0.57679770959303 1.5924385108642998 1.21870223303385 1.0154806919558599 0.12675161766862 0.26940302165782 0.9011528198700599 1.0091121616908 0.11607777866073 0.35021451122289 0.033059103812810006 0.12675911205835 1.11918288521311 0.2857142731726 0.00895522388058 0.055728920541469995 0.7630056444215899 0.00775193798449 1.3966303825284
0.0229357798165 0.6563877185599 2.3572622035543 2.3450613797011 1.9195154131565 0.19105922387149998 0.18493015536379998 1.3646587402949 1.8236412569946001 0.3901853224863 0.6558460429966 0.0 0.1429978159142 1.402096870762 0.6679311119828 0.1517734991147 0.1625573394495 2.2669103477025 0.045871559633 1.2483782186544998
0.0642201834862 1.1527602024684 0.8188135833098001 2.1545542716345 1.1172576133459002 0.26874406833250003 0.6506726718723 0.3034724187886 1.3841201984734 0.16764972776749998 0.20476947668099998 0.0344827586207 0.22714330907969998 1.1604255815103002 0.3555836760519 0.0887023593465 0.1307943022694 1.6091926272517998 0.1231851179672 1.9834558517473
0.0282485875706 0.1129943502824 0.5367231638426 0.4802259887 0.621468926554 0.0564971751412 0.1129943502824 0.3954802259886 0.6214689265541999 0.141242937853 0.0847457627118 0.0 0.141242937853 0.3954802259892 0.0564971751412 0.112994350283 0.0847457627118 0.45197740112999996 0.0282485875706 0.536723163842
0.0 0.212077294686 0.18768115942020003 0.7371980676339 0.264251207729 0.0521739130434 0.1649758454107 0.1599033816425 0.5579710144928001 0.053864734299500006 0.2364734299519 0.0 0.0555555555556 0.1321256038646 0.0260869565217 0.0782608695652 0.1060386473429 0.6589371980678 0.0277777777778 0.2886473429955
0.0 0.2089204918517 0.7667934051572 0.8058230442301 0.7837883487539999 0.2149967944081 0.2188531592006 0.48509041094509997 0.8061482708984 0.2325149162996 0.2704618344837 0.0123456790123 0.17925735055400002 0.22095184339309998 0.2440861804247 0.0186335403727 0.14233398138130002 0.7875653075107 0.0559006211181 0.545534820001
0.00763358778625 0.22758648692525002 0.4267094364141 0.6210004872507 0.2747685561149 0.1422364788046 0.147799252883 0.13391261978235 0.49886308267039997 0.0152671755725 0.21162904011740002 0.0 0.031914893617 0.30043040441805 0.1117021276595 0.0 0.03954848140325 0.25324833522810003 0.0478723404255 0.50787721292905
0.0 0.093023255814 0.0232558139534 0.12790697674419998 0.0697674418604 0.0232558139535 0.046511627907 0.0232558139535 0.11627906976740002 0.0581395348838 0.0581395348836 0.0116279069767 0.0348837209302 0.08139534883720001 0.0116279069767 0.0232558139535 0.0697674418604 0.0697674418605 0.0 0.0581395348837
0.0 0.3318181818182 0.2963203463204 0.6354978354984 0.4300865800868 0.09458874458870001 0.0857142857143 0.24978354978349998 0.5837662337656 0.1248917748917 0.1677489177489 0.0214285714286 0.2283549783549 0.31406926406929997 0.051731601731600005 0.2032467532466 0.1640692640691 0.4692640692641 0.060606060606 0.4870129870127
0.0 0.0 0.0 0.0 0.0 0.0 0.0 0.0 0.0 0.0 0.0 0.0 0.0 0.0 0.0 0.0 0.0 0.0 0.0 0.0
0.0344827586207 0.2311078503304 0.1592076302274 0.1581071166543 0.264490095378 0.051724137931 0.0425531914894 0.0344827586206 0.1247248716069 0.0597945707996 0.0425531914893 0.0 0.1885546588407 0.07703595011 0.0172413793103 0.0212765957447 0.1195891415992 0.1074834922963 0.0212765957447 0.244314013206
0.0647942843064 0.7794233599669 1.468276382412 1.5097358413818 1.3505408638535998 0.3917705492698 0.2582101237351 0.9769954326696 1.2467762677229999 0.22119428090850002 0.287738614063 0.040404040404 0.015625 1.286402715123 0.42700236171670003 0.0 0.0243902439024 1.3121927060758 0.03125 1.3072769324864
0.00836820083681 0.26346549777452 0.3913130105597 0.41210068406670997 0.45221491664970004 0.0502092050209 0.05598724845580999 0.25828518297122 0.41555422726960994 0.015873015873 0.10533306767621001 0.00836820083681 0.04934581922021 0.46084877465592 0.10705983927759999 0.0 0.0326094175466 0.47990967656170996 0.00836820083681 0.424785813907
0.0 0.0588235294118 0.0 0.0392156862746 0.1568627450981 0.0 0.1176470588236 0.0784313725491 0.1372549019608 0.0588235294118 0.1176470588236 0.0 0.0784313725491 0.0196078431373 0.0 0.0196078431373 0.0196078431373 0.0196078431373 0.0196078431373 0.058823529411799996
0.0 0.0 0.0 0.0 0.0 0.0 0.0 0.0 0.0 0.0 0.0 0.0 0.0 0.0 0.0 0.0 0.0 0.0 0.0 0.0
0.07251666137728 0.55712829054196 0.62449924265626 0.74651717978332 0.5492884334074599 0.20181504216187998 0.1740717232624 0.24643023742755998 0.73499038095414 0.0338983050848 0.1930808371114 0.0 0.04884038070578 0.37407727266095997 0.14960257624187998 0.0604274134119 0.0217391304348 0.59647746856236 0.0169491525424 0.59765027167264
0.0 0.0 0.23076923076900002 0.0 0.076923076923 0.0 0.0 0.0 0.0 0.0 0.076923076923 0.0 0.0 0.076923076923 0.0 0.0 0.0 0.076923076923 0.307692307693 0.153846153846
0.1056178518201 0.39403656528659997 2.2755267494227 1.3079051102309 1.5019037286179 0.3488016379255 0.7058591632582001 0.9659082217902001 1.4233487081713 0.4600292955974 0.6249541672124 0.0338983050847 0.24923091002550002 0.7718822996132 0.5180557217723 0.1075939861973 0.19294830729850002 1.3195951108039004 0.0727661192106 2.6201380406581
0.0 0.0 0.0 0.0 0.7857142857146 0.0 0.0 0.0 0.0 0.0714285714286 0.0 0.0 0.0 0.142857142857 0.0 0.0 0.0 0.0 0.0 0.0
0.111111111111 0.81936245572726 0.20100354191245998 0.77539190607342 0.63352682670866 0.3346123573403 0.175242686606 0.05984356552528 0.4450183654731601 0.01785714285712 0.26681588613406 0.0 0.0178571428571 0.49995080676922005 0.11703069657590001 0.0912698412698 0.0357142857142 0.25457497048371996 0.0 0.14381641086181998
0.0616442930609 0.6466549083195999 2.0109931968619 1.4495203557647 1.1751532778445 0.2979359357223 0.3126255740603 1.1129110291791 1.6611641426668 0.3751945355879 0.2235462202812 0.0 0.0372670807454 1.2231304316063998 0.45483954420120004 0.0361175502879 0.12152743104790001 1.4281524935766001 0.0343671126785 1.3372548865098
0.020325203252 0.62533270986872 1.42898941177441 1.0573164147552299 1.06997945676121 0.16527039957531 0.3070794364713 0.6989188709156099 1.4135844874018297 0.42855593323499996 0.40426798654019996 0.0 0.10389968306459998 0.4987931883237 0.42753821962401994 0.040650406504 0.142276422764 1.26716014646191 0.0 0.9000616227032198
0.0833333333332 0.93921436174545 0.36189920576406 0.56242323753385 0.40119135347623 0.32610742651307 0.02661098829112 0.19571358388588 0.63798820928477 0.06169655285343001 0.1064439531646 0.0 0.12808073364437 0.35213502006048003 0.22345042168215 0.08522680750008 0.05084745762707 0.46149594694193 0.00847457627117 0.9876668304280399
0.00892857142857 0.044642857142840005 0.1607142857142 0.11607142857130001 0.07142857142847 0.00892857142857 0.026785714285670004 0.08035714285713999 0.08928571428574 0.0178571428571 0.0267857142857 0.0 0.00892857142857 0.08035714285707 0.0 0.0267857142857 0.026785714285670004 0.10714285714277 0.0 0.09821428571434
0.078947368421 0.1456140350877 0.29532163742740003 0.33976608187150004 0.3935672514628001 0.0555555555556 0.1567251461989 0.0970760233918 0.2426900584799 0.0526315789474 0.1830409356725 0.0 0.048538011695899996 0.0900584795321 0.0 0.0374269005848 0.0111111111111 0.17894736842089998 0.0374269005848 0.5555555555555001
0.0 0.8340519229772699 1.4916553718268 1.2942244130239402 0.96638060996877 0.14445744341837 0.5519681556831101 0.7644588225778999 1.2613366908714403 0.797881087919 0.17386920812417 0.00751879699247 0.6150456787124701 0.38845453291597 0.15230795204277 0.1147058823528 0.0 0.6713061115780701 0.1150375939848 0.65533972502384
0.0112994350282 0.38959682923552996 0.91331722754428 0.7789715829004399 0.29315767658184 0.1634169530479 0.1827672361814 0.35916043209061 0.76058919596399 0.09762264915946 0.25500038475993 0.0 0.0425531914894 0.46596989744123996 0.19795952075714002 0.0 0.03694046066921 0.40264316032725 0.03822696563624 0.61080720118493
0.0 0.0 0.0 0.0 0.0 0.0 0.0 0.0 0.0 0.0 0.0 0.0 0.0 0.0 0.0 0.0 0.0 0.0 0.0 0.0
0.0 0.8029062219126 0.5397483271739 0.5601218416058 0.2020123839011 0.1408668730649 0.522745430939 0.29027264556050003 0.9164336362732 0.4345101368223 0.5346299810248 0.0 0.1527514231498 0.2291021671825 0.0 0.0526315789473 0.1375212224107 0.1934984520122 0.1052631578946 0.1849845201237
0.0 0.0 0.0 0.222222222222 0.0 0.0 0.222222222222 0.444444444444 0.444444444444 0.0 0.222222222222 0.222222222222 0.0 0.0 0.0 0.0 0.0 0.222222222222 0.0 0.0
0.0 0.0 0.0 0.0 0.0 0.0 0.0 0.0 0.0 0.0 0.0 0.0 0.0 0.0 0.0 0.0 0.0 0.0 0.0 0.0
0.0491803278688 0.21360738001427998 0.72574702176462 0.862104918798 0.7987838357486199 0.15000602629751997 0.11932547555132 0.2505514540591 0.5355819394728 0.11827230830142 0.2200172562555 0.0 0.0 0.36094653047852 0.23379930324502002 0.0 0.0 0.7168166226332199 0.0731707317073 0.5720888678022199
0.0 0.19437206878609997 0.41956376088790004 0.2090374450979 0.3443757909628 0.0601503759399 0.019801980198 0.1500037221768 0.3348470185368 0.049504950495 0.024938584084 0.0 0.0550137720539 0.414427157002 0.1147919303208 0.0 0.0 0.37995980049079997 0.0 0.22921164296890004
0.0 0.0 0.0 0.0 0.0 0.0 0.0 0.0 0.0 0.0 0.0 0.0 0.0 0.0 0.0 0.0 0.0 0.0 0.0 0.0
0.0 0.0 0.0 0.0 0.0 0.0 0.0 0.0 0.0 0.0 0.0 0.0 0.0 0.0 0.0 0.0 0.0 0.0 0.0 0.0
0.021897810219 0.5158917783021999 0.8654936450142999 0.49416461033160003 0.6446518994018 0.4454031087567 0.0897635742073 0.3312607010907 0.8230823358429998 0.0903847886816 0.34973991437179996 0.0 0.0 0.5067518727509 0.159801671527 0.0712805262683 0.021897810219 0.766248880759 0.021897810219 0.7803872620357
0.0 0.0 0.0 0.0 0.0 0.0 0.0 0.0 0.0 0.0 0.0 0.0 0.0 0.0 0.0 0.0 0.0 0.0 0.0 0.0
0.00858369098711 0.6859881698384 2.18648463453702 1.75068629548762 1.2284620573264102 0.36853824114371 0.26884013101281 1.03740152489911 1.11207768701801 0.41328282082942003 0.4091877673654001 0.00858369098711 0.14786031849921 1.32249805942861 0.6109036763738 0.10676080445000001 0.25245107491639995 1.4234875687136102 0.07753835886181 2.5803834273212094
0.0 0.125 0.2 0.2 1.050000000001 0.0 0.2 0.375 0.0 0.0 0.325 0.0 0.0 0.525 0.0 0.0 0.0 0.0 0.0 0.0
0.00980392156863 0.17573529411783 0.09191176470588999 0.17573529411779 0.2818627450986 0.06960784313730001 0.06421568627453 0.0811274509805 0.3095588235293601 0.02941176470589 0.13112745098046 0.0 0.0 0.08210784313729999 0.03921568627453 0.0669117647059 0.1017156862747 0.18382352941186 0.00980392156863 0.09632352941183
0.08518134715025 0.15720835295990002 0.28929502276670005 0.27641859004540004 0.37502276652535005 0.16439158423630001 0.23575757575750003 0.23135657089000003 0.46777987125115006 0.09303030303015 0.124391584236 0.0555440414508 0.0562097660542 0.2349285602135 0.071753807505 0.0 0.02033286230175 0.3374171769509 0.04757575757575 0.6764044590988001
0.0 0.3691894793343001 1.3892646269466997 1.5476113794958002 1.0846484165322 0.0594739667203 0.3271604938268 1.0015566290936 1.1502952227585999 0.4994095544821 0.563392377886 0.0 0.0246913580247 0.4511003757379001 0.2895330112719 0.111111111111 0.0987654320988 0.8865271068169001 0.0 1.1462694578632
0.0133333333333 0.1842424242426 0.0591341991342 0.189696969697 0.1384415584415 0.0851082251082 0.0064935064935 0.0789610389609 0.11142857142849999 0.0 0.05913419913409999 0.0 0.078961038961 0.2830303030304 0.1384415584418 0.0064935064935 0.0064935064935 0.2430303030303 0.0064935064935 0.31108225108250004
0.0 0.1846153846154 0.4153846153851 0.3230769230768 0.2307692307695 0.0692307692307 0.1153846153847 0.2538461538465 0.3230769230768 0.0230769230769 0.115384615385 0.0 0.0461538461538 0.34615384615329997 0.0692307692307 0.0230769230769 0.0 0.20769230769209998 0.0 0.2538461538463
0.0 1.4297173414816 0.17484084542910003 0.1908581614464 0.2480519480522 0.0151515151515 0.1588235294118 0.1042780748663 0.39941431117869997 0.2336134453778 0.1025974025974 0.0142857142857 0.1176470588236 0.17835497835490002 0.0 0.0285714285714 0.11596638655460001 0.2701298701302 0.0142857142857 0.20341227400050002
0.027027027027 0.050836550836600006 0.1731016731016 0.1492921492921 0.11036036036050001 0.0119047619048 0.08976833976830001 0.1731016731017 0.1048906048907 0.1200128700128 0.2033462033463 0.0 0.08108108108100001 0.0595238095239 0.108108108108 0.054054054054 0.027027027027 0.1969111969111 0.0 0.2596525096528
0.0606781004131 0.38610555330209995 0.8758620143450999 1.22900467926772 0.7575412028368399 0.43615804649550005 0.41663836531438003 0.42012175784726 1.17053185977146 0.27594108828792 0.28183740653152 0.0 0.017094017094 0.5732709931882201 0.26967099095856 0.0 0.0 0.8957390993367199 0.0 0.9338048250094201
0.0 0.0869565217391 0.173913043478 0.2608695652171 0.3478260869561 0.0 0.0869565217391 0.173913043478 0.3478260869561 0.173913043478 0.0 0.0 0.0 0.0 0.0 0.0 0.0 0.0869565217391 0.0 0.260869565217
0.0 0.09003831417609999 0.14655172413794 0.30747126436797 0.1139846743295 0.0277777777778 0.045019157088100004 0.060344827586240005 0.20785440613023998 0.1388888888888 0.10727969348659999 0.0 0.07279693486584 0.16475095785427 0.0344827586207 0.11973180076617 0.053639846743270006 0.16954022988497 0.00862068965517 0.1312260536398
0.0 0.0 0.0 0.0 0.0 0.0 0.0 0.0 0.0 0.0 0.0 0.0 0.0 0.0 0.0 0.0 0.0 0.0 0.0 0.0
0.0 0.35416666666700003 0.125 0.729166666667 0.125 0.0625 0.0 0.375 0.625 0.1875 0.0625 0.0 0.625 0.0 0.0 0.166666666667 0.0 0.25 0.0 0.3125
0.0 0.4071014492757 0.2856521739131 0.4591304347826 0.3639130434784 0.09347826086960001 0.1584057971015 0.392463768116 0.584202898551 0.1501449275363 0.116811594203 0.0 0.0384057971015 0.3089855072465 0.20869565217390001 0.05 0.0 0.267391304348 0.0 0.11521739130440001
0.0 0.10416666666669999 0.16666666666660002 0.1458333333333 0.208333333334 0.0625 0.0208333333333 0.1041666666666 0.1458333333333 0.0 0.0416666666666 0.0 0.0208333333333 0.3750000000004 0.08333333333330001 0.0 0.0 0.2500000000002 0.0208333333333 0.25
0.0 0.1020408163266 0.0408163265306 0.0 0.0816326530612 0.0 0.061224489795900006 0.061224489795900006 0.0816326530612 0.1224489795923 0.0816326530612 0.0 0.1020408163265 0.0 0.0 0.0408163265306 0.1020408163266 0.0204081632653 0.061224489795900006 0.0408163265306
0.0 0.18518518518500002 0.074074074074 0.18518518518500002 0.037037037037 0.037037037037 0.0740740740741 0.037037037037 0.1481481481481 0.185185185185 0.3333333333331 0.0 0.0740740740741 0.1481481481481 0.037037037037 0.111111111111 0.1111111111111 0.074074074074 0.037037037037 0.111111111111
0.039649122806999997 0.4918136279416 0.3615842082387 0.45524142821189995 0.5539646378009 0.025641025641 0.2880674306366 0.2425261328032 1.1173407442990002 0.0528205128205 0.20828335506300003 0.0 0.0 0.43739792767429997 0.0899837599213 0.0508474576271 0.0394871794871 0.7974111942169 0.039649122806999997 0.7082911320015
0.0 0.0 0.0 0.0 0.0 0.0 0.0 0.0 0.0 0.0 0.0 0.0 0.0 0.0 0.0 0.0 0.0 0.0 0.0 0.0
0.019681780557350002 0.1937197235345 0.5180899924827 0.5779401878020001 0.6116706369615 0.0340465182955 0.19542701501624998 0.5061164991116501 0.67393496143495 0.12562668694345 0.2662273651104 0.0 0.12030964412425 0.3884394690903 0.28761643715065 0.0152671755725 0.03846112328035 0.43353415813674995 0.0616550709882 0.9322355544097002
0.0 0.0 0.0 0.0 0.0 0.0 0.0 0.0 0.0 0.0 0.0 0.0 0.0 0.0 0.0 0.0 0.0 0.0 0.0 0.0
0.0 0.363636363636 0.0 0.363636363636 0.181818181818 0.0 0.363636363636 0.181818181818 0.0 0.0 0.181818181818 0.0 0.0 0.181818181818 0.0 0.181818181818 0.0 0.0 0.0 0.0
0.0 0.3128637027321 1.075919521205 0.8805665235499001 0.6278625030159 0.22206233997109998 0.0957953319084 0.7508248262381001 0.5715752629956 0.1495016611296 0.2791952981234 0.08407004898920001 0.0382165605095 0.8849446750411002 0.2541634043626 0.0 0.08440790585050001 0.8980834334280999 0.0335604482234 0.7563865527222999
0.0357142857143 0.40134719082079995 1.2851005719438 1.4289456157868 1.0492545466225 0.277748567222 0.264814133235 0.3104658499393 1.3487868856290999 0.1368838763575 0.1505827505826 0.0 0.055944055944 0.6386154780887 0.11963036963029999 0.08015873015870001 0.0781662781662 0.8442817416505 0.0 0.493559072506
0.0 0.6294078892860401 0.5060647065097701 0.56906853713954 0.51861781658017 0.08695652173910001 0.17917335679326998 0.21286713507381 0.55527510720551 0.18670443382767002 0.3510278795826 0.0 0.16042259244200002 0.60717839066181 0.17687655582437 0.12860349609227 0.1188947582282 0.6115337123205 0.0194174757281 0.38190963496520997
0.0 0.0574712643679 0.0574712643679 0.0574712643679 0.0459770114943 0.0229885057472 0.0114942528736 0.0459770114943 0.1034482758622 0.0114942528736 0.0459770114943 0.0 0.0344827586207 0.2528735632186 0.0344827586207 0.0 0.0 0.1149425287357 0.0 0.10344827586220001
0.0289855072463 0.2642796248931 0.291560102302 0.1747655583971 0.46376811594330003 0.0 0.1449275362317 0.0 0.318840579711 0.1167945439045 0.0 0.0 0.1167945439044 0.2617220801368 0.0289855072463 0.0289855072463 0.0 0.234441602728 0.0878090366581 0.437340153452
0.0 0.16165205105410002 0.3131099360328 0.5489588239158 0.1232301795008 0.0546013842604 0.09188460919380001 0.22159493987810003 0.3434420512325 0.14762464007429998 0.0 0.0453729812868 0.047352199495700006 0.1168215663246 0.0425531914893 0.0 0.070608013449 0.2473009305905 0.0 0.4238925022206
0.0 0.18463097225624 0.9707440808692 0.39220842800312 0.40429595384826 0.03931561703672 0.1541577825162 0.29048312444732 0.5463486364882799 0.0149253731343 0.16880591635119999 0.0 0.04404805242076 0.47098204758962 0.0344827586207 0.06315461022409999 0.06460554370996 0.4721758263829 0.0 0.68463527610008
0.0 0.1538461538465 0.0769230769231 0.1538461538461 0.3076923076921 0.0 0.192307692308 0.076923076923 0.0384615384615 0.1538461538465 0.11538461538460001 0.0 0.1538461538465 0.0 0.0384615384615 0.0384615384615 0.192307692308 0.11538461538460001 0.11538461538460001 0.0769230769231
0.0 0.1075268817203 0.19354838709709998 0.21505376344129998 0.3870967741943 0.0860215053762 0.0430107526881 0.2150537634408 0.21505376344100002 0.0645161290322 0.0860215053764 0.0 0.0 0.0645161290323 0.0 0.0 0.0215053763441 0.1290322580644 0.0 0.1720430107528
0.0 0.0 0.0 0.0 0.0 0.0 0.0 0.0 0.0 0.0 0.0 0.0 0.0 0.0 0.0 0.0 0.0 0.0 0.0 0.0
0.0 0.0862068965518 0.0172413793103 0.12068965517229999 0.1379310344828 0.0172413793103 0.0172413793103 0.0517241379309 0.1551724137929 0.0344827586207 0.0862068965518 0.0 0.0344827586206 0.051724137931 0.0 0.0172413793103 0.051724137931 0.0517241379309 0.0172413793103 0.0517241379309
0.0 0.5488608398825 0.7192410123249 1.48633289544255 0.55527660195555 0.26127329343739997 0.28589743589675 0.41974586883095 1.2806420883620502 0.0192307692307 0.1157981803142 0.0645161290322 0.133333333333 1.42133252413065 0.3720107450054 0.00641025641025 0.00641025641025 0.8814168504016501 0.0 1.42227091959955
0.0 0.0 0.0 0.0 0.0 0.0 0.0 0.0 0.0 0.0 0.0 0.0 0.0 0.0 0.0 0.0 0.0 0.0 0.0 0.0
0.0 0.0 0.0 0.0 0.0 0.0 0.0 0.0 0.0 0.0 0.0 0.0 0.0 0.0 0.0 0.0 0.0 0.0 0.0 0.0
0.0 0.27586206896550003 0.0 0.10344827586210001 0.0689655172414 0.0 0.0344827586207 0.0689655172414 0.20689655172410001 0.0689655172414 0.0689655172414 0.0 0.0 0.0 0.0 0.0 0.103448275862 0.0 0.0 0.0
0.0238095238095 0.41438210911920004 0.6331019857341 0.6990360516671001 0.5960670908034 0.15384615384619998 0.0750915750915 0.3862926547134 0.6103913630228 0.0688259109311 0.45091575091510006 0.0 0.10472334682850001 0.4748216695581 0.1120107962212 0.0658569500674 0.0526315789473 0.509331019857 0.0238095238095 0.5450549450544
0.0 0.0 0.0 0.0 0.0 0.0 0.0 0.0 0.0 0.0 0.0 0.0 0.0 0.0 0.0 0.75 0.0 0.0 0.25 0.0
0.0232558139535 0.18509059748354 2.53210280227911 0.64387639888767 0.84139976122654 0.20688275218039998 0.24280896044607003 0.49181925981544006 1.0094903626451799 0.094671801067 0.3355616017731 0.00892857142857 0.1652763884068 0.8524774819321701 0.392787069892 0.0552409339294 0.12759975203937002 0.8433127426964699 0.07265166340500001 1.87476528450907
0.0 0.0 0.0 0.0 0.0 0.0 0.0 0.0 0.0 0.0 0.0 0.0 0.0 0.0 0.0 0.0 0.0 0.0 0.0 0.0
0.0121951219512 0.65918989547 0.8187064459922 0.4892203832749 0.1219512195122 0.31010452961639995 0.11661585365849998 0.0121951219512 0.28353658536579995 0.0990853658536 0.46483013937289996 0.0 0.0 0.0800304878048 0.1550522648082 0.0 0.0487804878048 0.18597560975599997 0.0 0.1425304878048
0.0 0.2516155435417 1.2684714878860999 0.6887149580520001 0.6585625457928 0.1687426153651 0.2567055783281 0.3854267741273 0.7329130279805 0.0906486597093 0.2799857422912 0.0322580645161 0.1581491712707 0.5456692211726 0.1951862083077 0.049723756906 0.0331491712707 0.3344884717189 0.0 0.8695890017631
0.04 0.67291270990949 0.7125199849783901 0.7513350794277901 0.92668598100728 0.0550458715596 0.2344497607654 0.5519836706023 1.18468636144188 0.15520467836250001 0.7995082646857901 0.14452784728009 0.08 0.5842341327318901 0.1052631578947 0.0 0.14452784728009 0.36490798862619 0.0 0.49220666344789005
0.0 0.31666666666700005 0.107738095238 0.23154761904750001 0.047619047619 0.0988095238095 0.0 0.036309523809500005 0.145238095238 0.0238095238095 0.07261904761900001 0.0125 0.025 0.1839285714285 0.08511904761900001 0.0488095238095 0.0 0.3452380952384 0.0 0.21904761904750003
0.0 0.1136363636364 0.0454545454546 0.0227272727273 0.0681818181818 0.1136363636363 0.0 0.0227272727273 0.0454545454546 0.0 0.0909090909092 0.0227272727273 0.0227272727273 0.15909090909089998 0.0 0.0 0.0 0.18181818181829998 0.0 0.0909090909091
0.0 0.0 0.0769230769231 0.0576923076922 0.2500000000004 0.0192307692307 0.1538461538461 0.0 0.1346153846157 0.0384615384614 0.0384615384615 0.0 0.0 0.0384615384614 0.0 0.0 0.0192307692307 0.057692307692200004 0.0 0.11538461538460001
0.0714285714286 0.30414746543820004 1.2729507052093 0.7970288408621999 0.657892834553 0.3044127915098 0.0588235294116 1.0493046485456 0.7149634047167 0.083175205566 0.197919285016 0.0537634408602 0.083175205566 0.6208235786976 0.32284597123340003 0.0294117647058 0.1358288770051 0.9270377945914 0.0 1.3150660850848
0.00884955752212 0.26157301557404 0.9339242004478 0.39452259909772003 0.55327218441482 0.0954443159301 0.28961006356954005 0.04076445113912 0.82286987474282 0.317629179331 0.36167074624953993 0.0 0.10408765276012 0.21216522760450002 0.12536424850482 0.0 0.07774520088582 0.93929042149632 0.0 0.46121706072732
0.0 0.0 0.0 0.0 0.0 0.0 0.0 0.0 0.0 0.0 0.0 0.0 0.0 0.0 0.0 0.0 0.0 0.0 0.0 0.0
0.0 0.11937007874019001 0.15811023622039 0.23569553805786 0.1399475065619 0.01574803149606 0.07454068241473 0.08661417322829 0.29690288713886 0.0533333333334 0.1987401574803 0.0 0.03695538057743 0.07632545931766 0.06603674540690001 0.02120734908133 0.00787401574803 0.21144356955393 0.0 0.20115485564316002
0.0 0.0 0.0 0.0 0.0 0.0 0.0 0.0 0.0 0.0 0.0 0.0 0.0 0.0 0.0 0.0 0.0 0.0 0.0 0.0
0.0 0.1333333333333 0.2333333333336 0.0666666666666 0.2000000000003 0.0333333333333 0.0 0.0 0.266666666667 0.2000000000003 0.166666666667 0.0 0.2333333333337 0.0666666666666 0.0 0.0 0.0 0.1999999999999 0.0 0.19999999999999998
0.0 0.1693548387095 0.29032258064539995 0.26612903225859996 0.3629032258071 0.0483870967742 0.1209677419356 0.3360215053768 0.33870967741989993 0.166666666667 0.120967741936 0.0 0.0241935483871 0.8629032258068999 0.0483870967742 0.0 0.0 0.4354838709686 0.0 0.4086021505382
0.0 0.2099921935988 0.3052302888368 0.3512880562057 0.48243559718949997 0.0640124902419 0.0163934426229 0.1772053083529 0.1459797033566 0.0491803278688 0.0640124902419 0.0 0.0 0.3348946135828 0.1280249804839 0.0163934426229 0.0 0.1444184231068 0.0 0.5105386416856
0.0 0.0 0.0 0.0 0.0 0.0 0.0 0.0 0.0 0.0 0.0 0.0 0.0 0.0 0.0 0.0 0.0 0.0 0.0 0.0
0.111111111111 0.16666666666660002 0.0555555555556 0.0 0.111111111111 0.0 0.1111111111112 0.0555555555556 0.2777777777778 0.111111111111 0.277777777778 0.0 0.1111111111112 0.111111111111 0.0 0.0 0.22222222222260002 0.1111111111112 0.0 0.16666666666660002
0.0217391304348 0.45475910693280003 0.054054054054 0.34665099882480005 0.4870740305519 0.1515863689776 0.108108108108 0.0757931844888 0.20564042303160002 0.0 0.0652173913044 0.0 0.054054054054 0.2596944770856 0.0217391304348 0.0217391304348 0.0 0.3360752056402 0.054054054054 0.2820211515864
0.0 0.166666666667 0.333333333333 0.0 0.166666666667 0.0 0.0 0.0 0.166666666667 0.0 0.0 0.0 0.0 0.0 0.0 0.0 0.0 0.0 0.166666666667 0.0
0.0 0.3800410992514 1.0274048909231 1.5026538120365998 1.3797184388817 0.1880007048605 0.21295958033669998 1.0264792387774002 0.8963151473330001 0.0 0.3451008308993 0.0224719101123 0.0800742492935 1.4916010512244 0.36341000931830003 0.14649122806979997 0.0245215311004 1.5381038096707 0.0224719101123 1.3521805577952
