0.0 0.0 0.142857142857 0.0 0.0 0.142857142857 0.285714285714 0.0 0.0 0.0 0.0 0.0 0.0 0.0 0.0 0.0 0.0 0.142857142857 0.142857142857 0.142857142857
0.0 0.10250000000000001 0.2625 0.08 0.24 0.08 0.08 0.2625 0.445 0.16 0.12 0.0 0.0 0.2275 0.0625 0.0 0.0 0.405 0.0 0.47250000000000003
0.0 0.13283470456228 0.9756544502615401 0.44449974109632 0.30157931074157995 0.09046372475679999 0.053328347045579996 0.45946723433654 0.4155054369711 0.0523560209424 0.10226108969544 0.0 0.0533283470456 0.5560065588866401 0.23387031816339998 0.00523560209424 0.01047120418848 0.37183994016399996 0.0 0.7412979690468801
0.0 0.1686452271092 0.9695959979861999 0.6284658807054 0.9399376812993 0.2025210084036 0.2281196470294 0.32008944517970006 0.9140103979065 0.0928725451553 0.3037416183246 0.0 0.1320864648579 0.7852912397684 0.0169491525424 0.0 0.0 0.43888605741340003 0.0434782608695 0.8153093754517001
0.023689374824700002 0.21414132471640002 0.4225318342116 0.39400277396579997 0.1543055494077 0.0121951219512 0.20856019358779998 0.08685243386 0.21302731176130002 0.048341522435099996 0.22230829386319997 0.0378100423471 0.051668806161599995 0.1198486122791 0.0727317663375 0.0466778805718 0.0375481386392 0.2492401103681 0.0476406533574 0.33687825535239996
0.0 0.0185185185185 0.3333333333335 0.1296296296295 0.0925925925925 0.037037037037 0.0 0.0185185185185 0.1296296296295 0.0555555555555 0.0925925925926 0.037037037037 0.0 0.2037037037035 0.1666666666667 0.0185185185185 0.037037037037 0.222222222222 0.0 0.40740740740770004
0.0289855072464 0.1391978429389 0.3193461408831 0.40023592854760004 0.48146275699400004 0.0116279069767 0.1452645770137 0.05224132119990001 0.41186383552409994 0.0812268284462 0.20896528479989998 0.0 0.0289855072464 0.07549713515340001 0.0116279069767 0.0289855072464 0.0985844287158 0.2960903269295 0.0 0.179811257162
0.0 0.11875 0.59375 0.24375 0.1312499999999 0.025 0.0625 0.25625 0.3124999999999 0.0625 0.0749999999999 0.0 0.05625 0.18749999999989997 0.07499999999990001 0.025 0.0499999999999 0.11875 0.0 0.6062500000009
0.0500622665006 0.219721019721 0.7876527835432001 0.39563146138470007 0.43148576436249997 0.013698630137 0.29850889850859996 0.08005692937190001 0.9040377684209999 0.280278980279 0.41743066674530005 0.0 0.0363636363636 0.3028069343141 0.1263673921207 0.0740740740741 0.074074074074 0.7745241060317999 0.049350649350600004 0.6838739646959001
0.0 0.2665832290362 0.18147684605800002 0.13579474342939998 0.5068836045055 0.0 0.08510638297869999 0.0 0.5607008760944 0.11451814768469999 0.5250312891116 0.0 0.2240300375473 0.1570713391738 0.0 0.0932415519399 0.2553191489358 0.3954943679602 0.0588235294117 0.4399249061327
0.0 0.0855203619909 0.3122171945699 0.7742081447982 0.6158371040725 0.3764705882358 0.0855203619909 0.0855203619909 0.5647058823532001 0.2266968325789 0.3977375565608 0.0 0.12398190045250002 0.1325791855203 0.3294117647058 0.0855203619909 0.0769230769231 0.2737556561085 0.1325791855203 0.32081447963790005
0.0 0.0 0.0 0.0 0.0 0.0 0.0 0.0 0.0 0.0 0.0 0.0 0.0 0.0 0.0 0.0 0.0 0.0 0.0 0.0
0.0 0.4404761904761 0.0 0.1904761904762 0.095238095238 0.047619047619 0.0 0.0 0.23809523809510003 0.547619047619 0.047619047619 0.0 1.0 0.047619047619 0.0952380952381 0.0 0.25 0.0 0.0 0.0
0.0330578512396 0.0 1.394628099174 0.3657024793394 0.2334710743799 0.2334710743804 0.0330578512396 0.22314049586759999 0.5413223140493 0.0330578512396 0.34297520661099995 0.0227272727273 0.0661157024792 0.6219008264471 0.3574380165293 0.0 0.0454545454545 0.5971074380169 0.0 0.8553719008264999
0.0 0.0 0.1980198019801 0.17821782178200002 0.009900990099 0.009900990099 0.0 0.059405940594099996 0.0693069306933 0.0 0.009900990099 0.0 0.009900990099 0.1089108910891 0.029702970297 0.0 0.009900990099 0.19801980198 0.009900990099 0.0990099009901
0.0 0.0952380952381 0.0 0.2857142857141 0.0 0.0 0.0 0.0952380952381 0.2857142857141 0.380952380953 0.2857142857141 0.0 0.0952380952381 0.0 0.0952380952381 0.190476190476 0.0 0.1904761904762 0.0 0.0
0.0 0.0 0.0 0.0 0.0487804878048 0.0487804878048 0.0975609756096 0.0487804878048 0.24390243902409997 0.634146341464 0.0487804878048 0.0 0.2926829268297 0.0975609756097 0.0 0.0487804878048 0.0487804878048 0.0 0.0975609756097 0.2439024390242
0.0 0.1137026951713 0.4569080571591 0.39481596276729997 0.24472136533189998 0.0290098801765 0.3182678158506 0.1177750292103 0.3474634687683 0.0140845070422 0.10776285620710001 0.0 0.046511627907 0.12119226989840001 0.0232558139535 0.0149253731343 0.0381811870878 0.3882748067718 0.0149253731343 0.20822191042819999
0.0 0.0 0.0 0.0 0.0 0.0 0.0 0.0 0.0 0.0 0.0 0.0 0.0 0.0 0.0 0.0 0.0 0.0 0.0 0.0
0.1053164556962 0.08873083510873998 1.6066138196093998 0.84839599782714 0.34625412541252 0.30536303630331996 0.059405940594 0.26581442954432 0.45579166144446004 0.28636963696359996 0.18655115511532 0.0 0.09744224422432 0.50660943309472 0.1097223962902 0.029702970297 0.0760726072606 0.43807515561664 0.029702970297 1.1580651292973
0.0 0.0 0.0 0.0 0.0 0.0 0.0 0.0 0.0 0.0 0.0 0.0 0.0 0.0 0.0 0.0 0.0 0.0 0.0 0.0
0.0 0.1951219512188 0.5365853658547 0.14634146341440002 0.5365853658528 0.146341463414 0.0975609756096 0.1463414634145 0.2926829268297 0.390243902439 0.4878048780474 0.0 0.341463414635 0.0975609756097 0.0 0.0 0.1463414634145 0.0 0.1463414634145 0.2926829268297
0.1233840535605 0.45622809410849996 3.83471026507364 1.4467848972656 1.0330803618275 0.4335483870969 0.2172413793102 0.7076554662413801 1.34352886855388 0.49393791844224 0.44789892333174003 0.1089655172414 0.0172413793103 0.6904401116550399 0.4258064516133 0.04 0.04 0.86581904422134 0.043916720884739996 2.22981216026524
0.0117647058823 0.11930395468988998 0.6324870826707 0.30149294515127 0.15275735294119 0.04485542527819 0.0705882352942 0.14331031399039001 0.33660820747208997 0.00781249999999 0.1721507352941 0.015625 0.04687499999999 0.25911665341797996 0.07013364467399 0.0 0.0 0.2108555246421 0.0 0.40426271860139
0.0653387937453 0.210722263589 0.4982625961777 0.4255398361889 0.286733680814 0.054728220402 0.2425539836181 0.1159717051377 0.4982625961775 0.4493050384715 0.13396624472569998 0.0 0.0400223380491 0.18298585256890001 0.0980392156862 0.0400223380491 0.0 0.44353437577570004 0.0253164556962 0.1886944651277
0.0 0.0 0.2807017543861 0.06140350877195 0.03508771929825 0.0 0.0 0.07017543859645 0.07894736842104999 0.00877192982455 0.061403508771950006 0.00877192982455 0.00877192982455 0.0350877192983 0.0175438596491 0.0 0.0 0.1842105263161 0.0 0.1491228070175
0.0 0.47404319817999996 3.4384236453245 0.3694581280779 0.3955665024628 0.0492610837437 0.4000757862821 0.1231527093593 0.3201970443346 0.1754452444105 0.5985221674875 0.0 0.432322849564 0.4016294050772 0.0 0.10155361879500001 0.0769230769231 0.2955665024634 0.0246305418719 0.3232284956421
0.0 0.0652173913042 0.6634387351780999 0.3335968379443 0.2031620553357 0.1667984189726 0.0652173913043 0.3480237154157 0.18873517786540003 0.0 0.1416996047431 0.0363636363636 0.0652173913042 0.13794466403140002 0.2577075098813 0.0 0.0652173913042 0.4276679841902 0.0326086956521 0.8013833992098
0.0247933884297 0.6738265019187001 1.8598754469677004 0.9480399959418999 1.1785892816765 0.1578069031138 0.33186694700560004 0.45841057413770003 1.6607439239414 0.5138154224778 0.6743671929192 0.0309278350515 0.11502100840330001 0.2995761715268 0.0660305018317 0.0322580645161 0.123559907834 0.7956438694808999 0.1509776491377 0.9038694136909
0.0 0.0 0.0 0.0 0.0 0.0 0.0 0.0 0.0 0.0 0.0 0.0 0.0 0.0 0.0 0.0 0.0 0.0 0.0 0.0
0.0 0.1392961876831 0.3401759530802 0.3629032258062 0.1715542521993 0.1686217008797 0.0483870967741 0.11363636363650001 0.4076246334316 0.0388563049853 0.2851906158361 0.0 0.0843108504398 0.2463343108507 0.0454545454546 0.0 0.0322580645161 0.233137829912 0.0 0.2822580645163
0.0 0.0 0.0 0.0 0.0 0.0 0.0 0.0 0.0 0.0 0.0 0.0 0.0 0.0 0.0 0.0 0.0 0.0 0.0 0.0
0.0 0.0 0.40425531914940005 0.19148936170199998 0.063829787234 0.0425531914893 0.0 0.0212765957447 0.06382978723409999 0.0425531914893 0.0 0.0 0.0425531914893 0.0 0.0212765957447 0.0 0.0 0.0425531914893 0.0 0.063829787234
0.0 0.08154425612057999 0.25197740112968 0.17363465160067998 0.16403013182678 0.06459510357817999 0.0 0.15988700564970001 0.18323917137486 0.0 0.06986817325798 0.0 0.00847457627118 0.30602636534908 0.0391713747646 0.0 0.0 0.22335216572516 0.0 0.27419962335195996
0.0761904761904 0.19047619047599998 0.4952380952384 0.304761904762 0.3809523809524 0.114285714286 0.0 0.2285714285712 0.5333333333336 0.0 0.1523809523812 0.0 0.0380952380952 0.45714285714299996 0.152380952381 0.0 0.0 0.2666666666666 0.0 0.6095238095238
0.0 0.0 0.0 0.0 0.0 0.0 0.0 0.0 0.0 0.0 0.0 0.0 0.0 0.0 0.0 0.0 0.0 0.0 0.0 0.0
0.0 0.095238095238 0.16666666666649999 0.0238095238095 0.1190476190475 0.0 0.1190476190475 0.0 0.0 0.1428571428575 0.0 0.0 0.095238095238 0.0 0.0238095238095 0.0 0.095238095238 0.0238095238095 0.0238095238095 0.07142857142850001
0.0624568668047 0.4373815797728 0.99457462827 0.6030287345505 1.3420823138231999 0.2272005772005 0.3746470920381 0.12577639751550002 0.7430641821946 0.18944099378940002 0.4400542694018 0.0 0.0376121463078 0.47559602233500003 0.36352813852800003 0.015873015873 0.015873015873 1.1793635108863 0.0465838509317 0.32586266390589996
0.0 0.0833333333333 0.0416666666667 0.0 0.125 0.0 0.0416666666667 0.0 0.0416666666667 0.0416666666667 0.125 0.0 0.208333333334 0.0416666666667 0.0 0.0 0.125 0.0416666666667 0.0 0.0833333333334
0.0 0.3817196838254 3.1546616985584994 1.4012864356923 0.7116615448582 0.2937931711145 0.1809105180533 0.8312345968157 1.1227252929389 0.08969453165880001 0.3892178403293 0.0488782051282 0.200927524856 0.7671063381602001 0.33261394135870004 0.02 0.08733974358970001 0.7680133224773 0.0104166666667 2.2077989439252
0.0 0.0 0.0 0.0 0.0 0.0 0.0 0.0 0.0 0.0 0.0 0.0 0.0 0.0 0.0 0.0 0.0 0.0 0.0 0.0
0.1875 0.4962225274725 0.7723214285711 0.6078296703298 1.1383928571436 0.1445741758241 0.1397664835164 0.09065934065919999 0.7297390109885 0.3076923076921 0.3932005494512 0.0 0.24416208791219998 0.3688186813187 0.1648351648351 0.1177884615384 0.30700549450540005 0.3760302197801 0.032967032967 0.38049450549440006
0.1874222807407 0.6788105608047 4.4134853004356005 0.9740950835711102 0.47769701733077 0.18167294465960002 0.09064808719190001 0.8983207527856 0.9688635643337999 0.1373893643478 0.15548936416397002 0.0648928993084 0.1079767995351 1.0695677550948401 0.33315912152127003 0.0318350480688 0.09709934148837 1.1603606920793 0.1345858571301 1.8366281654034702
0.0260869565217 0.37483010121581 2.9222250272105 1.13344730150721 1.18936448643332 0.2064243375171 0.1603622520347 0.41926499585241 1.040806426001 0.10063116091049999 0.40030159619720995 0.0 0.0820974576271 0.7586942967859099 0.18821099387530998 0.0797106588185 0.0963983050846 0.9376651324448999 0.0 0.88347851396082
0.0111111111111 0.3097300187116 0.45757818765049996 0.3976209569634 0.3541744631561 0.206664884612 0.0232558139535 0.2296533903593 0.2056312928805 0.06819923371639999 0.1945201817694 0.0 0.1022988505746 0.1932549229261 0.1726009088484 0.0459770114942 0.034099616858199996 0.4420654014076 0.0689655172413 0.4825982357667
0.0151515151515 0.09415584415585 0.50216450216485 0.3051948051946 0.08658008658010001 0.0454545454546 0.07900432900435 0.0378787878788 0.06818181818180001 0.07900432900435 0.022727272727250003 0.00757575757575 0.0151515151515 0.24134199134195 0.07575757575775001 0.0 0.0 0.21103896103900002 0.0 0.11363636363645001
0.015873015873 0.38888888888850004 0.7777777777778 0.6031746031751 0.36904761904829997 0.031746031746 0.142857142857 0.1031746031745 0.28174603174589996 0.2142857142856 0.0595238095238 0.0 0.0555555555555 0.32142857142889997 0.0 0.043650793650800004 0.043650793650800004 0.37301587301649997 0.0 0.1746031746032
0.0 0.23016611295669998 1.1780353554011 0.9781944957147 0.40069152208659997 0.10948853615509999 0.18457159263349998 0.4097288872486 0.3846388581276 0.08417292153719999 0.3888642795618 0.0518272425249 0.24325581395449997 0.3049842090156 0.0571428571428 0.02 0.09274435010860001 0.8331569664893002 0.0232558139535 1.025080185392
0.041245791245700006 0.5707070707070999 1.8629102379094 0.5961862211867 0.1990740740738 0.1328532578531 0.1256983756982 0.18597606097609998 0.42278554778530003 0.0555555555555 0.21805509305509999 0.0 0.0447052947052 0.3953777703774001 0.0965654715653 0.0185185185185 0.0555555555555 0.3383329633326 0.0 0.6398971398965999
0.021978021978 0.131868131868 0.0769230769234 0.0769230769231 0.054945054945 0.0 0.043956043956 0.0 0.065934065934 0.10989010989 0.07692307692309999 0.0 0.07692307692309999 0.043956043956 0.032967032967 0.021978021978 0.0549450549451 0.021978021978 0.0439560439561 0.043956043956
0.0 0.18075980612844 0.39506052780386003 0.25148303024354 0.34061611937712 0.07107859910221999 0.08556373158125999 0.1357292330743 0.35073950413204 0.14314888651162 0.06922128456042001 0.0 0.107041107041 0.19232269969725999 0.12417594423480001 0.030827579500120002 0.05473615208124 0.22607251810782 0.0727174060507 0.16870587077052
0.0 0.0 0.0 0.0 0.0 0.0 0.0 0.0 0.0 0.0 0.0 0.0 0.0 0.0 0.0 0.0 0.0 0.0 0.0 0.0
0.0 0.15625 0.09375 0.0625 0.09375 0.0 0.0 0.09375 0.09375 0.0 0.03125 0.0 0.0 0.03125 0.0 0.0 0.0 0.21875 0.0 0.125
0.0 0.21451612903220002 0.6080645161284 0.7860215053763 1.0370967741939001 0.3215053763441 0.0 0.8586021505381001 0.8360215053769 0.10752688172 0.1 0.0 0.05 0.7505376344086 0.29301075268800003 0.0 0.0 0.8720430107523001 0.0 1.1650537634402
0.06180124223590001 0.13183229813640002 3.0482919254713003 0.3762422360243 0.6413043478266001 0.0 0.0 0.3419254658379 0.5588509316764 0.0 0.0878881987577 0.0 0.043944099378800006 0.631677018633 0.12220496894390001 0.0260869565217 0.0782608695651 0.6357142857136 0.0521739130434 1.1618012422358002
0.0 0.0 0.0 0.0 0.0 0.0 0.0 0.0 0.0 0.0 0.0 0.0 0.0 0.0 0.0 0.0 0.0 0.0 0.0 0.0
0.0 0.25806451612939996 0.4838709677424 0.1935483870972 0.2903225806454 0.0645161290322 0.1612903225805 0.0322580645161 0.0645161290322 0.548387096775 0.2258064516127 0.0 0.22580645161329999 0.0967741935483 0.0 0.0645161290322 0.0967741935483 0.0 0.0967741935483 0.0967741935483
0.030303030303 0.1309299895506 0.6365726227796 0.7543364681288001 0.1985370950887 0.042737722048 0.056530825496299994 0.0841170323929 0.2675026123304 0.0827586206897 0.0289446185998 0.0 0.0151515151515 0.0979101358411 0.0151515151515 0.0289446185998 0.0 0.43030303030289996 0.0 0.09926854754440001
0.0 0.0 0.0 0.0 0.0 0.0 0.0 0.0 0.0 0.0 0.0 0.0 0.0 0.0 0.0 0.0 0.0 0.0 0.0 0.0
0.0 0.13976066832238998 2.0471603081262204 0.39296166855896 0.51679731432929 0.16543545157449 0.0194174757281 0.46987877062918 0.6235900122653 0.1125159930761 0.27994518628281 0.00775193798449 0.046586889440690005 0.81093033326026 0.15093117597739 0.0194174757281 0.031007751938 0.22468747913068 0.00704225352112 0.9341818541261999
0.0 0.0 0.0 0.0 0.0 0.0 0.0 0.0 0.0 0.0 0.0 0.0 0.0 0.0 0.0 0.0 0.0 0.0 0.0 0.0
0.07259185700094001 0.31691492883144 1.0557762330351 0.38229063224063997 1.18818272095484 0.00943396226414 0.31711353856277996 0.0666666666666 0.5719629261827001 0.21820589208904 0.51625289639134 0.0 0.17610062893043998 0.2750413770275 0.030486593843039998 0.24276729559814 0.27917907977534 0.715425355842 0.18553459119459997 0.38007282356824
0.13729728699153 0.77565918667036 5.0143029293446 1.15464359302289 0.73041779877172 0.06144673123476 0.21750418082802997 0.77827029075396 1.4015514553817798 0.3327309298203 0.13505664481576 0.0784415047539 0.16913546526506001 1.6480353575848903 0.62132783125636 0.1004116222759 0.00787401574803 1.6143949323679898 0.0734030197445 1.9480952233711601
0.0199004975124 0.8193749116522999 4.569976517874601 0.7692245159316 1.2100207201398 0.0745138455271 0.6425426852864999 1.953980659008 1.011492772964 0.6123580009014 0.5495660025242001 0.0323886639676 0.08700201198230001 0.9653158428619001 0.0323886639676 0.0588235294117 0.0185185185185 1.1485145256223 0.2137056842932 1.2103914300435998
0.00775193798449 0.163055428381 0.8085249516485999 0.8003650169277899 0.7428779653734 0.0526315789473 0.9619504112657901 0.26568685160429 0.58612624228809 0.37143898268750003 0.17796755335859 0.0 0.0938797375116 0.40522173532549 0.1332311784253 0.0381679389313 0.0381679389313 0.7576281374486901 0.23675957157278998 0.35856684138907996
0.00413223140495 0.0489256198347 1.0932231404958999 0.19570247933864998 0.08132231404955 0.06413223140495 0.02413223140495 0.0165289256198 0.09438016528924999 0.020661157024800002 0.0123966942149 0.0 0.0 0.1150413223141 0.012396694214849999 0.0082644628099 0.0 0.0978512396695 0.0 0.11090909090915
0.0227272727273 0.27583619210984 0.22298456260704 0.71912521440764 0.5883361921103 0.00943396226414 0.11352915951973999 0.41459405374458 0.22298456260774 0.81428673527764 0.07547169811344001 0.0 0.00943396226414 0.11910377358482002 0.0113636363636 0.272727272727 0.1154588336192 0.41734562607244 0.15523156089188 0.42002572898789997
0.0233918128655 0.46167995746925 1.4050770866562 0.7409409888353 0.6298086124405 0.11031366294525 0.22752259436455002 0.45652844231784995 0.5211004784688 0.10472620946300001 0.21781499202545002 0.04 0.18127060074425 0.32879851142989996 0.08904837852205 0.0116959064327 0.06884635832 0.6609516214775999 0.11975013290794999 0.600733652313
0.23004879998099997 1.5521881583263 4.0053818926124 2.2787694202003004 3.07020616946522 0.294512638467 0.44823809609892 0.6268676144362599 1.03296004535636 0.3549481797577 0.7640432419809999 0.0 0.20390087641001997 1.2411892956655999 0.17446023912631997 0.1092241988094 0.2006067104134 1.13923381721534 0.2061750544188 1.06704555125854
0.0 0.5701219512203 0.31890243902400006 0.37256097560949997 0.4451219512194 0.0 0.1493902439024 0.14878048780480002 0.4963414634144 0.3225609756108 0.5426829268286 0.0 0.27317073170710005 0.1963414634144 0.0487804878048 0.025 0.225 0.4926829268299 0.0999999999999 0.2725609756095
0.00862068965517 0.2365828364012 0.5124449053664899 0.8634085213027201 0.17740471869329 0.043557168783899994 0.09981851179674 0.25339210094173 0.43801313628903 0.11343012704173 0.24021260046673 0.00862068965517 0.06896551724123999 0.13224872526126 0.043557168784019995 0.00862068965517 0.14041569440842 0.35980036297592005 0.058292282430170005 0.19259355284728003
0.0 0.0 0.0 0.0 0.0 0.0 0.0 0.0 0.0 0.0 0.0 0.0 0.0 0.0 0.0 0.0 0.0 0.0 0.0 0.0
0.0910973084885 0.1956521739128 1.3364389233953 0.2691511387162 0.4171842650111 0.047619047619 0.2691511387163 0.0910973084885 0.35093167701839995 0.1304347826088 0.0869565217391 0.0 0.3426501035194 0.2774327122152 0.0693581780538 0.0693581780538 0.0869565217391 0.4472049689438001 0.1739130434788 0.2474120082816
0.0259067357513 0.068762624045 1.0108037874123998 0.55944378358148 0.45225216953968 1.0294274970663 0.0259067357513 0.6256077504642 0.8830304893143801 0.0518134715025 0.233160621762 0.0 0.0454545454545 0.82803755478634 0.08619478352498 0.0 0.0777202072538 0.5245794646210801 0.00847457627118 0.46342320189728003
0.0331125827814 0.20637138748779998 4.657431597714 0.6292403345688999 0.44079227170519997 0.10956518216960001 0.0305810397553 0.3006460497797 0.4789679405387 0.11209672519569999 0.09680620531800001 0.0 0.048403102659000004 0.6599226360456999 0.257306033173 0.198675496689 0.0 0.8560665897067 0.0458715596329 0.8381432650835
0.0 0.0 0.0 0.0 0.0 0.0 0.0 0.0 0.0 0.0 0.0 0.0 0.0 0.0 0.0 0.0 0.0 0.0 0.0 0.0
0.0 0.0289855072464 0.2028985507247 0.0 0.2608695652168 0.0 0.0289855072464 0.0289855072464 0.0289855072464 0.101449275363 0.0579710144928 0.0 0.0434782608696 0.0289855072464 0.0 0.072463768116 0.0434782608695 0.0144927536232 0.0 0.0579710144928
0.0176991150442 0.22388183248430002 1.0128804460621 0.8388343410288 0.63546155352943 0.10425924827713 0.2392240081871 0.2499022406477 0.46106059911756003 0.10532026970080001 0.24057251219079998 0.0 0.060527684855299996 0.34615625143190004 0.0353335363995 0.02603244837753 0.061588706278930004 0.5865827760241 0.07912979351033 0.67555263685216
0.0 0.0 0.0 0.0 0.0 0.0 0.0 0.0 0.0 0.0 0.0 0.0 0.0 0.0 0.0 0.0 0.0 0.0 0.0 0.0
0.0153846153846 0.6545653583794 7.911773541105999 2.053508753404 1.3589810391946 0.4628414592804 0.33120228978000005 1.0271855487977002 1.5596660344677002 0.1995601675553 0.3486105680925 0.0436781609195 0.13553806594929999 1.2511759875097002 0.4893587194228 0.06888242625669999 0.2257899702703 1.0435578973995 0.0 2.818739396836099
0.0 0.0 0.0 0.0 0.0 0.0 0.0 0.0 0.0 0.0 0.0 0.0 0.0 0.0 0.0 0.0 0.0 0.0 0.0 0.0
0.1367846051463 0.4539515956306 1.2179831640313 0.8474311951165 1.0953152250396 0.1546168879845 0.0696692470091 0.1970443349754 1.0289609659445 0.166187314506 0.3534559250989 0.0 0.2745779533706 0.5740962426953 0.06168344399219999 0.267408706361 0.3925129272098 1.3200297172844 0.059465165376399995 0.3288253832266
0.2678309514073 1.7561658987868 8.722518362840901 2.1917824274446 1.8225592185488 0.5904371042436001 0.2974389156153 1.7101468589406 1.6801555644743 0.2960871859993 0.5405794060186 0.0675754531975 0.16709703390550001 2.4433216947511993 0.7384576546907999 0.28445215109940003 0.1587321533287 2.3791464160604 0.12496019788309999 2.7605553507647
0.0335732597121 0.8640191316744 6.978636612976601 2.1047922400802 2.0460316344457 0.4638289425355 0.29874524947750003 1.2632642929272 1.7238337478775003 0.1559850128179 0.3894707581164 0.0 0.16021431274370002 1.8231730305931 0.3790078150549 0.0 0.0844011338565 2.5286216547172002 0.0435606060606 2.6588405643376
0.0302020874972 0.29750605732152 0.71179026033586 1.0024993011829 0.31401343272512 0.3012114367101 0.40377724966059997 0.19982988123992 0.80066633300286 0.2856248128664 0.3006286301115 0.0175438596491 0.1004888393918 0.6177276232657201 0.18270724436889998 0.0529000566786 0.07656020916950002 1.38350524747076 0.0175438596491 0.9032735777050599
0.0 0.22520107238599998 1.7694369973264 1.0455764075061 0.2573726541553 0.0804289544236 0.0321715817694 0.1447721179624 0.6916890080429 0.0 0.1447721179624 0.0482573726541 0.0160857908847 0.3860589812335 0.0965147453082 0.0643431635389 0.0 0.5469168900795001 0.0 0.4504021447718001
0.09871091340060001 0.57200241365528 0.5260144386362 1.34950238659576 0.73555730536656 0.0334448160534 0.26388933987046004 0.36979792404026 0.90501104003646 0.14887813748076 0.23792360727830003 0.0 0.30128205128200003 0.28646729659855996 0.07659836997106 0.1076295310149 0.2485618187917 1.1271444188284 0.20271319717275998 0.40887099392892
0.0458015267175 0.43815645985130003 2.0476381794156002 0.6357114159449999 0.1367158353899 0.1054927394823 0.18251736210789998 0.33197497560730005 0.3486196407049 0.0608391207025 0.076106296275 0.0601503759399 0.0 0.13602709062739998 0.0754175515124 0.0152671755725 0.1057223210699 0.7307581931929 0.0 0.4670837398846
0.036253776435 0.8430149333947 4.6005109782129 1.8895071983946998 1.3921413274570003 0.49049449281540003 0.39757933391210004 0.7638106362227 1.5741078424171 0.8420966100090002 0.8547239831055999 0.0287081339712 0.07554315616 1.5473534233594002 0.4128260189956 0.1626478784371 0.33060270236239997 1.7438356029220001 0.2836686549197 1.7305733164844
0.0597014925373 0.25545740684330004 0.28530815311190005 0.3041933191185 0.26642298710560003 0.043456188445500005 0.1088435374149 0.20103563813570002 0.43984160828479996 0.21200121839779998 0.3476495075645 0.0 0.1522997258603 0.1114833993298 0.043456188445500005 0.097877957153 0.2611432632756 0.32612447964229996 0.0272108843538 0.45649304497930004
0.00763358778625 0.13681189864405002 0.22650936849430003 0.17087983194825002 0.18809572931705 0.03199167244965 0.13500759607625 0.10360860513545 0.3534182343339 0.13053435114495002 0.14919068964845 0.0 0.11040381116715 0.64624228670195 0.0152671755725 0.0458015267176 0.14093816231220002 0.1458015267176 0.09718663840795 0.16467730742545
0.0 0.0 0.0 0.0 0.0 0.0 0.0 0.0 0.0 0.0 0.0 0.0 0.0 0.0 0.0 0.0 0.0 0.0 0.0 0.0
0.0130718954248 0.07189542483651001 0.16339869281060002 0.07843137254891999 0.12418300653601 0.01307189542482 0.32492997198840995 0.1820728291314 0.05228758169921 0.46778711484549995 0.0196078431372 0.0 0.1951447245563 0.05228758169922 0.01307189542482 0.00653594771241 0.02614379084961 0.07189542483651 0.0261437908497 0.09803921568622001
0.047619047619 0.6364677692801 2.4900152986129003 1.2785588215271 1.5644239277062 0.5260787917036001 0.31678678163030005 0.5870945636572 1.1909882066136002 0.26881195240590006 0.3888696818382 0.0 0.18626752611109998 0.8134138173201 0.2720132134193 0.0 0.01171875 0.8220426814180999 0.047619047619 1.5512101215231997
0.00609756097561 0.14365214612830998 3.699701778682 0.70537330919242 0.73045585259262 0.0955373309191 0.0440408989242 0.28120673128051 0.8063425284903 0.15584726807981 0.13009905208202 0.0 0.031845776973 1.08280967088972 0.1531313238896 0.0379433379486 0.0894397699434 0.75010650761542 0.02574821599741 1.03062093939661
0.0 0.06 0.08 0.0 0.14 0.0 0.06 0.14 0.06 0.1 0.04 0.0 0.12 0.06 0.0 0.04 0.0 0.04 0.04 0.02
0.0 0.15306122449 0.5510204081637999 0.24489795918379997 0.33673469387780003 0.0306122448979 0.1224489795916 0.2448979591839 0.15306122448960002 0.12244897959170001 0.1224489795916 0.0 0.0612244897958 0.36734693877580005 0.0 0.0612244897958 0.0612244897958 0.0306122448979 0.12244897959170001 0.2142857142857
0.0595934280144 0.6997558258784999 1.7963912306017 1.6042002024019 1.2989658798383 0.2434175794249 0.6864883321877 0.3335392558753 0.9894213854417001 0.157894736843 0.5831365183105 0.0334441980783 0.030303030303 0.799856564298 0.3186202139985 0.08214981899189999 0.2268017604986 1.1352031223648 0.056000589055700004 0.8648163275898
0.0 0.21782178217819997 0.27722772277319996 0.079207920792 0.1980198019803 0.0 0.1980198019802 0.039603960396 0.079207920792 0.059405940594 0.217821782178 0.0 0.11881188118799998 0.05940594059399999 0.019801980198 0.059405940594 0.079207920792 0.039603960396 0.019801980198 0.2376237623762
0.0312385823895 0.52729023863378 8.52462679214023 2.13387210400497 1.22994528299318 0.33941676494109996 0.52949576698976 1.2177698272726298 1.74812334133341 0.10248419997921 0.29467864603432 0.0 0.3097826822509 1.9568145759441298 0.6365550712928001 0.06897707423282 0.09023057815329001 1.37872233933864 0.041339592490499996 2.8386365395845403
0.0 0.0 0.0 0.0 0.0 0.0 0.0 0.0 0.0 0.0 0.0 0.0 0.0 0.0 0.0 0.0 0.0 0.0 0.0 0.0
0.2082595870201 1.3470471618122999 0.7777871329102 1.1281263062355 0.8987004327238 0.5608336418536 0.36436371163870007 0.36492163583450005 1.1549538413757001 0.3383946592139 0.4102882575164 0.0222222222222 0.1409718987734 0.8998393703793 0.0444444444444 0.1570356569891 0.2506029084511 1.0677200148091 0.1286549707604 0.7348321450323
0.22215871340210003 1.5746809435617 4.382390117080501 2.5336495479236 2.0582473909627996 0.3741045184292 0.9698673991779999 1.9709397887402003 2.6169970380056 0.321048196035 0.7375427243031999 0.0356010958315 0.3600860386782 2.3309882550714995 0.4437294636894 0.1603527964962 0.3730780915523 2.2873978249260998 0.22942409187829998 3.0177159642603
0.053430622104699996 0.504211893092 3.21912134532782 1.60115198799742 1.4041579365908 0.364745917816 0.32281897852020003 0.8126152808349199 1.4261392097293402 0.42493016480702 0.3483483390488 0.0229226361031 0.1594584735024 0.9743163487423601 0.2490874121757 0.0689955646269 0.170401093238 1.25434199276442 0.0383561643835 1.5804486385993601
0.17136150234732 0.38497652582141995 0.80281690140832 1.79342723005166 0.39906103286342 0.36854460093832 0.17370892018744 0.18075117370874 0.41784037558664006 0.05399061032856 0.15258215962422 0.00704225352112 0.07981220657270001 0.71830985915472 0.14553990610310003 0.0 0.02112676056332 1.2910798122080402 0.0211267605634 0.81690140845
0.1129032258064 0.33870967742020003 1.7782258064518002 0.8750000000008 0.39516129032360003 0.0846774193548 0.3104838709676 0.1693548387096 0.5927419354848 0.0282258064516 0.1129032258064 0.16935483871020002 0.0564516129032 0.6209677419364 0.1693548387096 0.0564516129032 0.1129032258064 0.395161290323 0.0 0.620967741937
0.0222222222222 0.1620823620824 0.24853664853659999 0.40315980315950006 0.23781403781430002 0.0148148148148 1.6913234913234 0.0921522921523 0.3249935249935 0.037037037037 0.2139342139342 0.013986013986 0.013986013986 0.520953120952 0.0148148148148 0.021393421393400003 0.013986013986 0.6508158508154 0.0493654493654 0.2526288526287
0.0643776824033 0.9158377817141999 2.776560192576 2.4738928512853997 1.1632726775922 0.316307726216 0.1711913860972 0.7329008562614 1.5469095166169002 0.1932467170313 0.4628731844065 0.0920274519885 0.0643776824033 1.102648981203 0.24927678309440002 0.0214592274678 0.07952919755490001 2.0268347618125997 0.0732214852386 1.4732538570368998
0.117372568626 0.8396635723485398 2.73518277022587 1.8412796505594 1.76814899755227 0.23630689266699997 0.5421929252517399 0.92180527842877 1.41260233666577 0.36232703535957 0.7204124144289 0.017094017094 0.07229683896344 1.0280589063416 0.20225611246957 0.30082651324890003 0.3052967938786 1.87155968390187 0.04847374847369999 1.65684294351877
0.0 0.4166774402064 0.46140917905580003 0.6827407886235 0.5462184873945 0.11531997414350001 0.2778280542993 0.035294117646900006 0.41189398836440005 0.1224305106656 0.33186813186810005 0.0 0.1506140917905 0.2424046541693 0.0941176470588 0.06826115061400001 0.15061409179059998 0.4991596638659 0.1224305106656 0.270717517776
0.0439569206222 0.35992764120075 0.719107901386 0.8424180715054 0.6451374747199 0.0706750921979 0.3320233171677 0.42097075556865 0.90995248392275 0.35343634315185 0.22443753980085002 0.0 0.18754784848040001 0.5807094521315 0.10199091666135 0.08743518149179999 0.1588177663944 0.40340590207075 0.045469177530950006 0.5125802139976
0.0 0.0 0.0 0.0 0.0 0.0 0.0 0.0 0.0 0.0 0.0 0.0 0.0 0.0 0.0 0.0 0.0 0.0 0.0 0.0
0.0238095238095 0.1633333333335 0.2614285714286 0.22714285714299998 0.1380952380954 0.0119047619048 0.04 0.0919047619048 0.12333333333329999 0.0385714285715 0.0757142857142 0.0 0.0785714285715 0.1633333333334 0.0504761904762 0.0133333333333 0.11571428571430001 0.1590476190477 0.0133333333333 0.21095238095229998
0.10877697841720001 0.9778153683949901 1.56270451696778 0.8814966085206001 1.37495856128269 0.26984349906629 0.27258697397779996 0.60597982412749 1.3881406435644799 0.07915684693609 0.4219502963866999 0.0 0.0316298685189 1.056671290916 0.31758118006470004 0.1461126271396 0.16 0.9308657248431901 0.12127697841719999 1.2924522124587001
0.02373887240348 0.0712166172109 0.44510385756628 0.14243323442128 0.17210682492608 0.0593471810088 0.01780415430264 0.10089020771516 0.17804154302688002 0.017804154302679998 0.02967359050436 0.00593471810088 0.02967359050448 0.1899109792287 0.017804154302679998 0.0 0.00593471810088 0.19584569732919999 0.00593471810088 0.29080118694378
0.0 0.0 0.0 0.0 0.0 0.0 0.0 0.0 0.0 0.0 0.0 0.0 0.0 0.0 0.0 0.0 0.0 0.0 0.0 0.0
0.0 0.11030303030300001 0.1212121212125 0.120606060606 0.27151515151510003 0.030303030303 0.150909090909 0.050303030303 0.18060606060600004 0.2109090909091 0.14545454545449998 0.0 0.070303030303 0.09090909090900001 0.0 0.09030303030299999 0.04 0.10545454545449999 0.08060606060600001 0.1303030303031
0.13922087903719998 1.0913789725979002 1.7529188669006999 2.2869144202255995 0.6084800482988999 0.0912756735578 0.48310338146459997 0.6434143918584 1.2271706446601 0.2241583804427 0.6254933465787 0.0 0.08521528483230001 1.1094300783248001 0.0628272251308 0.0223880597015 0.2947694290504 1.8901941914894003 0.08521528483230001 1.2764314410150002
0.0666666666666 0.1333333333332 1.3333333333328001 0.2333333333329 0.3333333333328 0.0 0.16666666666649999 0.2666666666662 0.4666666666672 0.3333333333336 0.333333333334 0.0 0.0666666666666 1.0000000000006 0.0666666666666 0.333333333334 0.4666666666666 0.1333333333332 0.133333333333 0.1333333333332
0.0901047603538 0.7296294629751001 6.2711746969426 2.463049434892 1.4922235357757 0.7725951323574 0.4555709786339001 1.8441972537844 2.6310378504047 0.405196978977 0.7712617551756 0.0 0.2331384672107 2.3278030510520002 0.485887114305 0.1087560043541 0.3187163443163 1.7077324697634997 0.1419182318564 3.7500064768667
0.0 0.0 0.0 0.0 0.0 0.0 0.0 0.0 0.0 0.0 0.0 0.0 0.0 0.0 0.0 0.0 0.0 0.0 0.0 0.0
0.0499999999999 0.6333333333338 0.53333333333292 0.46666666666698 0.39166666666684 0.0166666666667 0.09166666666670001 0.16666666666652002 0.63333333333342 0.0999999999999 0.29166666666656 0.0 0.1 0.26666666666643996 0.0999999999999 0.07499999999992 0.09166666666662002 0.63333333333352 0.0333333333333 0.32500000000011997
0.0828351131818 0.9368892537018 2.7436172555885 2.08869876734757 1.74366620849467 0.4183983130218 0.64467252946647 1.8118659148810699 2.26734635964747 0.21614710288507 0.6099810459800701 0.09515474766987 0.45055276305897 1.9191429781834397 0.33757553571879995 0.11934004872297 0.19875538225060002 1.9320732160453 0.0507445323406 2.332542931824
0.1931777077304 0.70325001453928 3.64654253795098 2.68228188185949 1.7459894404635001 0.28496840130309997 0.5220511997622 1.1792584808511901 1.5211890296201 0.3126518846241 0.5867002835172 0.0480769230769 0.0777932754023 1.1417572177617 0.5857129157790899 0.0480769230769 0.06269054878039 1.88548244498259 0.0274390243902 1.7449098645282801
0.1592920353985 1.0004987228447 1.09090422033005 1.91557401955645 0.8642715855102 0.33950415366315 0.38398401009025 0.40531334447280004 1.28660891713835 0.2872057883116 0.7065953957540501 0.074074074074 0.2313155133955 1.5653664182422 0.2336667347726 0.1047580737846 0.038961038961 1.74362215955045 0.0256410256411 1.542842768506
0.0160427807487 0.1122994652407 0.368983957219 0.44919786096299996 0.32085561497369997 0.0320855614974 0.0802139037434 0.1604278074871 0.32085561497340004 0.0641711229947 0.1122994652407 0.0 0.0320855614973 0.2085561497327 0.048128342246 0.048128342246 0.048128342246 0.28877005347600004 0.0 0.2887700534763
0.0 0.1353383458646 0.3568536726431 0.4921920185084 0.3542510121463 0.0610179294389 0.18305378831680003 0.0902255639096 0.44447657605649993 0.1061307113937 0.2189126662813 0.0 0.13794100636200002 0.2030075187966 0.0451127819548 0.09947946790050001 0.0 0.7151532677851 0.1379410063619 0.2189126662807
0.0495005549389 0.49634641712339994 1.0853253857801 0.8247959120436998 0.45203468227630006 0.1467303672738 0.10348681949550001 0.515357442661 0.7434976365799 0.1259942421561 0.1128097939683 0.0775156763213 0.0730299667036 0.4066682817177 0.2090638151634 0.0 0.140200679448 0.6422812779929999 0.0235294117646 0.7718316365909
0.0665226583325 0.7246217582024 1.7696170711832 1.0615724147572998 0.8828733187089 0.25388045037170004 0.2262102641247 0.5974616930396001 0.9906073520744 0.21628183231360001 0.5307890440223999 0.0060975609756 0.0974276153019 0.8886471772763 0.2062512071891 0.1516237730371 0.134602019106 0.8015217203207 0.26082157975069997 1.1325694899146999
0.0 0.07500000000003 0.07500000000006 0.41666666666703006 0.09166666666669 0.0 0.058333333333390004 0.09999999999996 0.22499999999992 0.0750000000001 0.04166666666666 0.0166666666667 0.0333333333334 0.08333333333363001 0.02500000000003 0.0166666666667 0.1416666666667 0.08333333333326 0.0 0.44166666666596
0.051724137931 0.46962598066028005 0.9455543392318 0.83834519248408 0.46155689351095996 0.0733333333334 0.38141580003689995 0.31525816456852 0.66076385087866 0.29386060937818 0.43577023657470004 0.0 0.0751675485008 0.2720969409473 0.13605607249286 0.1815435139573 0.1602250197651 0.64494617770446 0.17855379188717999 0.42420239615648003
0.0 0.0 0.0 0.0 0.0 0.0 0.0 0.0 0.0 0.0 0.0 0.0 0.0 0.0 0.0 0.0 0.0 0.0 0.0 0.0
0.081081081081 0.081081081081 0.216216216216 0.08108108108100001 0.108108108108 0.0 0.16216216216200002 0.0 0.216216216216 0.18918918919 0.108108108108 0.0 0.027027027027 0.108108108108 0.081081081081 0.027027027027 0.216216216216 0.08108108108100001 0.135135135135 0.08108108108100001
0.037699115044199996 0.203745857304 0.7720857936525 0.6671153680745 0.558954547984 0.0792199841122 0.1278281900655 0.2968792280795 0.5759872898297 0.021669525443100003 0.13740180229409998 0.0479768464406 0.06497184231690001 1.029484155295 0.16819826247109998 0.0181818181818 0.0570677555315 0.536616220647 0.0125786163522 0.5863377808811
0.052840434419299996 0.3032581453628 1.767752715121 0.9640768588136999 0.8182957393488 0.1449456975775 0.17188805346679997 0.5810359231415 0.6597744360908 0.0396825396825 0.33020050125339995 0.0 0.07915622389299999 0.7909356725150999 0.2245196324147 0.0 0.0 0.8840852130340999 0.052840434419299996 1.1347117794481998
0.0 0.0 0.0 0.0 0.0 0.0 0.0 0.0 0.0 0.0 0.0 0.0 0.0 0.0 0.0 0.0 0.0 0.0 0.0 0.0
0.0 0.0277777777778 0.0833333333334 0.08333333333340001 0.06944444444440001 0.0 0.0555555555556 0.041666666666700006 0.09722222222230001 0.0833333333334 0.09722222222230001 0.0138888888889 0.1944444444444 0.0138888888889 0.0 0.0 0.0138888888889 0.0277777777778 0.0 0.0972222222223
0.021897810219 0.41714018856998003 0.7635371037421601 1.0187625893566 0.5806367349349899 0.1444267362114 0.14369287861116 0.14081252939135 0.5500484361885 0.053006604101489996 0.2562769633404 0.0 0.07221336810576001 0.44301697522685 0.12150661925970001 0.05316761741189 0.05491831769199 0.71002357650821 0.00735294117646 0.44756200995358
0.0281690140845 0.056338028169 0.11267605633800001 0.0563380281689 0.0845070422534 0.0281690140845 0.0704225352111 0.0 0.0704225352113 0.0281690140844 0.0422535211267 0.0 0.0422535211267 0.0563380281689 0.0281690140844 0.0281690140845 0.0563380281689 0.1267605633802 0.0281690140845 0.0563380281689
0.0832585097828 0.25180542215844 2.93987023966962 1.7624127029020302 1.25427228840234 0.25712170958621 0.50137771886393 1.09884883490441 2.1058062239430697 0.12912128414104 0.42855268703576 0.0 0.26716808971044004 1.16423960129183 1.0778355550892198 0.04228131613892 0.20152623626512 1.12611803866314 0.14242249739081 3.16596104405991
0.25 0.25 0.125 0.0 0.0 0.0 0.0 0.0 0.0 0.0 0.125 0.0 0.0 0.0 0.0 0.0 0.0 0.125 0.0 0.125
0.09431494474551999 0.60454418339184 0.3213023334467 0.71374041945292 0.5049517658457 0.14819269178582 0.19431031491004 0.20770221173683998 0.3814315352797 0.15048137045482002 0.24701745908934 0.0 0.19469026548670001 0.2350445283241 0.1601857309454 0.062443530967419995 0.07270518826993999 0.4131422290319 0.0353982300884 0.25840106674524
0.0632919738656 0.6491960189177701 1.17323127870208 1.53893939509123 0.8163746446120199 0.1421600643522 0.50149388200622 0.7437368444329999 1.2541740452443002 0.12758650011359002 0.45967340725129 0.04909769538523 0.05881155701639 0.73701564115599 0.2279739526092 0.0537313432835 0.16308371284509 0.93707032070739 0.041085271317789995 1.2622724510912602
0.0045871559633 0.37351849077189 1.08216351251748 0.9596490287825998 0.65909036774069 0.10641222165868999 0.06303628232898001 0.9433701957801 0.84468398951919 0.1779058326802 0.40007700966579995 0.0 0.1334414811057 0.7715642432348899 0.5808956863829999 0.2129204892966 0.13876146788989 1.08193392420828 0.0091743119266 0.45681430854590005
0.09527170077628001 1.17748794986835 0.8479959292283401 1.1595829715628903 1.03602706210291 0.18330244039360002 0.42762981785832 0.30080644607 1.13537456721183 0.30552472309760004 0.2380841531466 0.16246684350117 0.06366656121477 1.14269604462789 0.21303986525916999 0.0933162495845 0.10785852245289002 1.03157822940441 0.0455989110707 2.2326910115670096
0.0282485875706 0.1129943502824 0.5367231638426 0.4802259887 0.621468926554 0.0564971751412 0.1129943502824 0.3954802259886 0.6214689265541999 0.141242937853 0.0847457627118 0.0 0.141242937853 0.3954802259892 0.0564971751412 0.112994350283 0.0847457627118 0.45197740112999996 0.0282485875706 0.536723163842
0.0666666666666 0.3236460717011 0.5528985507241999 1.0396135265708 0.5525807271809999 0.0347826086956 0.3363971523012 0.19997457411640002 0.605314009662 0.194876684465 0.4780193236715 0.0 0.2134502923978 0.2306763285022 0.0173913043478 0.1410628019323 0.2355072463772 0.7067378591406 0.2827485380122 0.7876557335368
0.0 0.1888724187275 1.0151610587574 1.1057648059015 0.8491582010973 0.2377944668163 0.232698141448 0.6429571323236 1.0727702707231999 0.1469445936565 0.48247938747150004 0.0123456790123 0.0660051526627 0.621113726277 0.27544553428630003 0.0124223602484 0.122943947301 0.9922861245689 0.0372670807452 0.8855699179708
0.03989165230235 0.40719985093030997 0.71018629659186 0.78967340854066 0.33431216616970005 0.10002645821430001 0.20571790931332 0.28954504690634997 0.89336514056946 0.3881404571843 0.38799748435426 0.0185185185185 0.3194793970368 0.53938594858261 0.2630404941664 0.0253164556962 0.05530892269555 0.41346232714062003 0.07245064887130001 0.7469814162170499
0.0 0.0923076923077 0.3483516483516 0.34725274725239996 0.3582417582417 0.0307692307692 0.0923076923076 0.0 0.379120879121 0.1021978021978 0.0307692307692 0.0 0.0307692307692 0.1846153846152 0.0 0.0 0.15384615384619998 0.6340659340662 0.0 0.21538461538439999
0.0 0.2659420289856 0.32267080745349996 0.7606625258801 0.6263975155281 0.0932712215321 0.1146997929607 0.1430641821946 0.8116977225666 0.23819875776459998 0.20859213250519998 0.0214285714286 0.16511387163570002 0.32329192546670005 0.0214285714286 0.0359213250518 0.07184265010350001 0.4600414078676 0.0 0.31573498964790003
0.0 0.0 0.0 0.0 0.0 0.0 0.0 0.0 0.0 0.0 0.0 0.0 0.0 0.0 0.0 0.0 0.0 0.0 0.0 0.0
0.0344827586207 0.10344827586220001 0.1379310344827 0.051724137931 0.051724137931 0.051724137931 0.0 0.0344827586206 0.10344827586220001 0.0172413793103 0.0 0.0 0.103448275862 0.0344827586206 0.0172413793103 0.0 0.0344827586206 0.08620689655159999 0.0 0.1379310344827
0.0283936930278 0.7897129941133001 1.0743138916509998 1.3008366359140002 1.3659579924578 0.3292590008581 0.23932847185029998 0.7294090505558999 1.1072483667621 0.2089991589573 0.1724392792516 0.010101010101 0.03125 1.1962327225144 0.4792011791595 0.0 0.0182926829268 1.0489697755516 0.0624999999999 0.8075540943492
0.0125523012552 0.31583316729730004 0.3964933253638 0.3483097562593 0.37673507338810003 0.0753138075314 0.036361825064699996 0.2128245998537 0.41698213455570005 0.0079365079365 0.09450753802220001 0.0125523012552 0.0581457129574 0.5484160191276 0.1288437271704 0.0 0.0330411104469 0.46589626087480007 0.0125523012552 0.44670253038479996
0.0 0.0588235294118 0.0 0.0392156862746 0.1568627450981 0.0 0.1176470588236 0.0784313725491 0.1372549019608 0.0588235294118 0.1176470588236 0.0 0.0784313725491 0.0196078431373 0.0 0.0196078431373 0.0196078431373 0.0196078431373 0.0196078431373 0.058823529411799996
0.0 0.2432432432432 0.24324324324309998 0.2027027027026 0.1216216216215 0.0810810810811 0.24324324324299998 0.0405405405405 0.3243243243245 0.1621621621625 0.1216216216216 0.0 0.24324324324360003 0.2837837837841 0.0 0.121621621622 0.2837837837841 0.081081081081 0.0405405405405 0.1621621621625
0.0630802516712 0.9494771838892001 1.1187625424632999 1.3134243178157001 1.0134386014349 0.43362106478810003 0.2786127356897 0.4622948406515 1.3031548867726999 0.1328759752487 0.6019752431577001 0.0 0.0551710756604 0.7777386217431 0.2596011920875 0.0715104513925 0.0108695652174 0.9690682006243 0.0815173527037 1.1038058969873
0.0 0.0350877192982 0.1228070175439 0.1578947368421 0.08771929824550001 0.0 0.0526315789473 0.140350877193 0.0877192982456 0.0 0.0350877192982 0.0 0.0526315789473 0.0350877192982 0.0 0.0350877192982 0.0350877192982 0.0350877192982 0.0175438596491 0.0701754385964
0.1099081329721 0.4910033151892 2.5120470669712 1.4135346900218 1.3141428760651 0.4232491390537 0.621075484203 1.2495373445442 1.7180104529965003 0.3740497713338 0.5830721294799001 0.0169491525424 0.2103258688778 0.9633656741682001 0.5499924383829 0.1243491149587 0.2062462575123 1.2930121833393 0.0898143358104 2.7363145715789003
0.0 0.0 0.0 0.0 0.7857142857146 0.0 0.0 0.0 0.0 0.0714285714286 0.0 0.0 0.0 0.142857142857 0.0 0.0 0.0 0.0 0.0 0.0
0.111111111111 0.8382526564355001 0.18978748524192 0.90009674668842 0.9189459530369001 0.3399252262893 0.24932769250931 0.09688606847690001 0.56278696051391 0.0535714285714 0.3174357208445 0.0 0.0535714285714 0.46128492719432 0.1031582054308 0.1626984126985 0.1071428571428 0.35050177095612 0.0 0.18351534828800997
0.0186335403727 0.5794636732119 1.7679420803851 1.2230630179565 1.6341715693951 0.1253220426993 0.33467127841239996 1.1406398263307 1.5624606082617 0.3050733075312 0.21372302493249998 0.104651162791 0.0372670807454 1.2770993096771999 0.3947726786103 0.050960891348200005 0.1472509037168 1.6691022004569 0.050960891348200005 1.3627709118167002
0.0162601626016 0.56842214076312 1.14524957437571 0.8898367399584302 0.9171339283061101 0.11567690364041001 0.1908192738698 0.63794326115981 1.20789343049103 0.3748973966497 0.31727611662159994 0.0 0.0876395204629 0.420744407836 0.37062765051872 0.0325203252032 0.11382113821130001 0.8663471383308099 0.0 0.72689089099602
0.0555555555556 0.971187025535 0.37094632955620005 0.8275190635984001 0.4168884945281 0.2681159420287 0.24672357698709999 0.2408812600501 0.8081469469345 0.0736723474997 0.1128619363785 0.0 0.11902382142250001 0.5174530081899 0.183574879227 0.042270531401000004 0.0446868402533 0.8198825757200999 0.0408163265306 0.8397935386055001
0.1444327731097 0.1927521008403 0.5409663865552 0.4658613445382 0.2142857142856 0.2032563025207 0.0803571428571 0.3587184873955 0.2678571428575 0.0535714285714 0.0803571428571 0.0 0.0856092436975 0.24107142857129998 0.117647058824 0.0803571428571 0.0803571428571 0.38025210084019995 0.117647058824 0.2946428571434
0.0394736842105 0.1728070175436 0.3143274853802 0.4032163742693 0.3134502923981 0.1111111111112 0.19502923976599998 0.1152046783624 0.2880116959062 0.0263157894736 0.2081871345029 0.0 0.0576023391812 0.061695906432699996 0.0 0.035380116959 0.0222222222222 0.23947368421029996 0.035380116959 0.3611111111105
0.0 0.5009363705409999 1.3196343582405998 1.0647228860095 0.5225981399819 0.1034659626325 0.0840626155551 0.8002091426344 0.49123469700100003 0.0814383923849 0.1362528478784 0.0389498336003 0.11985940525540001 0.563114555294 0.20392202081059999 0.0163934426229 0.0327868852459 0.7889408873853 0.0615062245777 1.0699713323503
0.0282485875706 0.60993581228663 1.21840197330798 1.3043953117153402 0.39485259183604005 0.282061020845 0.2336146938085 0.57949941514181 1.15041970443899 0.14847010678656 0.30584784238703 0.0 0.0425531914894 0.8219021008312399 0.31660358855354 0.0 0.053889613211609996 0.65688044846315 0.03822696563624 0.81419703169373
0.0 0.2186079545454 0.3176136363636 0.49782196969660003 0.5357954545455 0.09375 0.1588068181818 0.2149621212121 0.7297348484853999 0.3842803030303 0.2210227272727 0.0 0.0703125 0.1862689393939 0.046875 0.1588068181819 0.3826704545454 0.4141571969694 0.11193181818180001 0.2565814393939
0.0 0.473684210528 0.2105263157893 0.2631578947373 0.1578947368423 0.0526315789473 0.0526315789473 0.1052631578946 0.1578947368419 0.0526315789473 0.0 0.0 0.0 0.0526315789473 0.0 0.0526315789473 0.1052631578946 0.1052631578946 0.1052631578946 0.0526315789473
0.0 0.0 0.0 0.0 0.0 0.0 0.0 0.0 0.0 0.0 0.0 0.0 0.0 0.0 0.0 0.0 0.0 0.0 0.0 0.0
0.0 0.0 0.0 0.0 0.0 0.0 0.0 0.0 0.0 0.0 0.0 0.0 0.0 0.0 0.0 0.0 0.0 0.0 0.0 0.0
0.1967213114747 0.5143243606323 1.3782828835504999 1.3578190605714 1.3696957091695 0.39796176160019997 0.08572412183440001 0.5587407418740999 1.3318778155921 0.17738028233660003 0.6695427092306999 0.0 0.0899999999999 1.04911994798 0.32205682320310003 0.0277777777778 0.1177777777777 1.1918268567091 0.07994579945790001 2.0834242592183996
0.0 0.23084940073048 0.3879997022256 0.28273654433115997 0.35040571726336 0.03007518797 0.039603960396 0.11955631653386 0.2862353904565 0.09900990099 0.027320777190479997 0.0 0.0423583711754 0.4002828854313599 0.1168019057544 0.0 0.0 0.308791781434 0.0 0.27797215811816
0.0 0.0535714285714 0.0 0.0892857142856 0.1428571428572 0.0 0.0714285714286 0.0 0.08928571428580001 0.142857142857 0.125 0.0 0.125 0.0178571428571 0.0 0.0 0.0357142857143 0.0 0.0535714285714 0.0535714285714
0.0 0.0 0.0 0.0 0.0 0.0 0.0 0.0 0.0 0.0 0.0 0.0 0.0 0.0 0.0 0.0 0.0 0.0 0.0 0.0
0.03002654280029 0.1038083538083 0.3020767947777 0.32091456087847003 0.15251797916029 0.10923348697089 0.1503479258954 0.11570329453539 0.45285514446128994 0.05813859645969001 0.1400693161642 0.0113636363636 0.0 0.22144631359968 0.01866290643659 0.03002654280029 0.03002654280019 0.46889739772978 0.02081278358649 0.26307188077259
0.0 0.0666666666667 0.08888888888890001 0.0888888888888 0.1333333333333 0.0222222222222 0.0222222222222 0.088888888889 0.1333333333333 0.0444444444444 0.0222222222222 0.0 0.333333333333 0.0222222222222 0.0 0.3555555555552 0.3555555555552 0.06666666666660001 0.0444444444444 0.1111111111111
0.0171673819742 0.6011450046805001 2.5875504212435 1.7806506797564001 1.5209351543110001 0.3672093146591 0.33989397615539996 1.2205798769921001 1.2968194637848 0.40149763020539997 0.4828686920872999 0.0171673819742 0.18805556423890002 1.4416099002002 0.777458715053 0.1425973470259 0.3290922880194 1.4195383749847 0.07467575117540001 2.9934870814765
0.0 0.0 0.0 0.0 0.0 0.0 0.0 0.0 0.0 0.0 0.0 0.0 0.0 0.0 0.0 0.0 0.0 0.0 0.0 0.0
0.0384615384615 0.33942307692319995 0.2644230769231 0.43557692307680007 0.548076923077 0.20769230769230002 0.1134615384616 0.0375 0.5259615384615 0.0192307692308 0.2259615384615 0.0 0.0 0.2836538461538 0.0192307692308 0.1125 0.1875 0.5288461538461 0.0 0.1125
0.0546236936857 0.5286690564206 0.8515611901931001 0.8392285461083 1.0188173116059 0.4499289460871 0.2272727272725 0.7026373775509 1.1639648881876001 0.24383667180249996 0.3990814884592 0.062176165803 0.194536033914 0.8734481905200999 0.2736613522594 0.0 0.0661799340554 1.0038700431916001 0.0227272727272 2.0237791101507
0.0674242424242 0.2835992778022 0.7383374810914101 0.60598253061952 0.65497242961093 0.25892011906531 0.0958193041526 0.31702776557851003 1.0402954667460098 0.24222051432211 0.356224076514 0.0 0.08052749719409999 0.25825769775012997 0.20167618211090999 0.037037037037 0.0493827160494 0.87250158590742 0.0 0.8397940760268099
0.0266666666667 0.29916666666659997 0.3158333333333 0.6691666666667 0.685 0.0533333333333 0.2625 0.1550000000001 0.3424999999999999 0.075 0.1658333333334 0.0 0.1175 0.293333333333 0.19750000000030002 0.075 0.0 0.5133333333333999 0.075 0.6783333333340001
0.0 0.1668016194333 0.1910931174092 0.2129554655873 0.1821862348181 0.28623481781390003 0.0384615384616 0.0846153846154 0.2655870445347 0.0076923076923 0.0384615384616 0.0 0.0153846153846 0.1680161943319 0.0230769230769 0.0076923076923 0.0 0.2271255060731 0.0 0.0846153846155
0.0 0.4297173414816 0.21187788246610004 0.3390063095945 0.2850889850892 0.0151515151515 0.2699346405229 0.1042780748663 0.5845994963638 0.2336134453778 0.1396344396344 0.0142857142857 0.1917211328976 0.21539201539190003 0.0 0.0656084656084 0.15300342359160002 0.3442039442042 0.1253968253967 0.2774863480746
0.0 0.1578301423661 0.44647926405009997 0.32540394015060004 0.18810697743920002 0.08575057095889999 0.06776269449960001 0.37711574993110003 0.1074043243474 0.0222140402553 0.1158566519392 0.0 0.0211788435679 0.28218181042030005 0.0526669654863 0.0108695652174 0.0217391304348 0.2807997694819 0.0 0.4366395594549001
0.04358408331909999 0.25465557253710003 0.8153053715963999 1.0659327182497003 0.4614818588324 0.377738155884 0.3162110148861 0.39398313239360006 0.8961717703432002 0.1071111865813 0.19427935322009998 0.0 0.008547008547 0.4680572064678 0.32560706401780004 0.0 0.0 0.6842229391903 0.0 0.5871115639328
0.0 0.4948308270676 0.31813909774439997 0.2396616541351 0.3336466165416 0.0535714285714 0.1875000000004 0.0131578947368 0.4938909774436 0.2532894736847 0.31907894736889997 0.0 0.1602443609022 0.19924812030060002 0.0394736842105 0.214285714286 0.32095864661679996 0.15883458646600002 0.0803571428571 0.11983082706749999
0.0 0.0344827586206 0.14655172413794 0.22413793103467 0.0862068965517 0.0 0.0172413793103 0.060344827586240005 0.06896551724134001 0.0 0.0517241379311 0.0 0.01724137931034 0.025862068965469998 0.0344827586207 0.00862068965517 0.025862068965469998 0.08620689655167 0.00862068965517 0.10344827586199999
0.0 0.0 0.0 0.0 0.0 0.0 0.0 0.0 0.0 0.0 0.0 0.0 0.0 0.0 0.0 0.0 0.0 0.0 0.0 0.0
0.0 0.062499999999900004 0.0416666666666 0.1875000000001 0.0416666666667 0.0208333333333 0.0 0.125 0.20833333333339998 0.062499999999900004 0.0208333333333 0.0 0.0416666666667 0.0 0.0 0.0 0.0 0.08333333333330001 0.0 0.10416666666650001
0.0 0.054945054945 0.0659340659341 0.10989010989020001 0.1868131868131 0.032967032967 0.010989010989 0.021978021978 0.1318681318681 0.010989010989 0.010989010989 0.0 0.010989010989 0.054945054945 0.021978021978 0.0 0.010989010989 0.07692307692309999 0.0 0.1868131868136
0.0 0.1180173992675 0.2042124542127 0.2267628205132 0.258012820513 0.053228021978 0.0214056776557 0.11801739926740001 0.1278617216118 0.0 0.0428113553114 0.021978021978 0.0104166666667 0.2754120879121 0.0856227106227 0.0 0.0 0.2348901098901 0.0104166666667 0.19093406593409998
0.0 0.0 0.0 0.0 0.0 0.0 0.0 0.0 0.0 0.0 0.0 0.0 0.0 0.0 0.0 0.0 0.0 0.0 0.0 0.0
0.0 0.23076923077 0.115384615385 0.230769230769 0.346153846155 0.230769230769 0.0 0.115384615385 0.0 0.346153846154 0.115384615385 0.0 0.346153846154 0.0 0.115384615385 0.0 0.230769230769 0.0 0.0 0.576923076923
0.0263157894737 0.7341430499319 0.7192982456134001 0.6693657219973002 0.7058029689607 0.371794871795 0.38798920377900004 0.6929824561417 0.8130904183529 0.051282051282 0.4102564102565 0.0 0.0 0.9365721997306999 0.19298245614020001 0.0 0.0897435897435 0.9905533063437 0.0263157894737 1.181511470984
0.285714285714 0.0333333333333 0.0333333333333 0.133333333333 0.20952380952359997 0.285714285714 0.0 0.16666666666660002 0.1333333333332 0.0666666666666 0.0333333333333 0.0 0.1 0.285714285714 0.0333333333333 0.0 0.0333333333333 0.0 0.0 0.16666666666629998
0.0229007633588 0.23820253081717 1.11183151570128 0.6977915729801799 0.40113187143669 0.05519119807899 0.1167974769738 0.59431041387259 0.6025922099697001 0.0698491201663 0.2677131491238 0.0 0.10822429877419001 0.63834339146929 0.22717987313230004 0.074787033964 0.09026144921299001 0.5315962597143901 0.018779342723 1.1325165285326901
0.0 0.0 0.0 0.0 0.0 0.0 0.0 0.0 0.0 0.0 0.0 0.0 0.0 0.0 0.0 0.0 0.0 0.0 0.0 0.0
0.0 0.112676056338 0.0281690140845 0.056338028169 0.366197183099 0.0 0.0281690140845 0.0281690140845 0.3661971830985 0.30985915493000005 0.169014084507 0.0281690140845 0.112676056338 0.0 0.0 0.0281690140845 0.112676056338 0.0845070422535 0.0845070422535 0.0845070422535
0.0 0.31042833368008 1.14073780520697 0.8859992698968899 0.53869052849367 0.2362998821216 0.08942590515679 0.70136810087258 0.58581280514626 0.1495016611296 0.27282587137179 0.08407004898920001 0.04852004496069 0.81394430036908 0.29387865351959 0.0 0.08440790585050001 0.87017035736979 0.0335604482234 0.86035807763748
0.0714285714286 0.41547662863440005 1.3482793522289 2.1060077349539004 1.2222382880279 0.3935735317321 0.34992361439700004 0.8985158116738999 1.6311908851393002 0.8567187198758999 0.41747696747679996 0.0 0.0815434565434 1.055234093392 0.2749250749255 0.0714285714286 0.0815434565434 1.0284820442728 0.0535714285714 0.6424417687582
0.0 0.43268866660341 0.28393751026661 0.7076936377693099 0.59817579776451 0.12950971322840002 0.04542868752531 0.13211028210272 0.40410142910221003 0.1066734677996 0.1962305584135 0.0 0.1655926063612 0.5419315794483099 0.19102942066460998 0.0628199918731 0.06281999187311 0.37688882741030993 0.0 0.5623678317927001
0.0 0.114942528736 0.1149425287357 0.1149425287355 0.0919540229884 0.0459770114942 0.0229885057471 0.0919540229884 0.20689655172439997 0.0229885057471 0.0919540229884 0.0 0.0689655172413 0.5057471264372 0.0689655172413 0.0 0.0 0.22988505747149998 0.0 0.2068965517244
0.0 0.0 0.0 0.0 0.0 0.0 0.0 0.0 0.0 0.0 0.0 0.0 0.0 0.0 0.0 0.0 0.0 0.0 0.0 0.0
0.0 0.3436528371552 1.0217887679769002 0.4361518655268 0.3869510299258 0.2338223863194 0.1188544500583 0.7373688301599999 0.6458778663039999 0.0765643218033 0.094758064516 0.086596385542 0.055346385542200005 0.32531335017460006 0.0322580645161 0.0 0.0553463855421 0.6367081228143999 0.0 0.7126408861258
0.015625 0.1806402439024 0.42091568545009994 0.4203374684606 0.2033089781328 0.0800304878048 0.0344827586207 0.3242877417998 0.7915002102607 0.1379310344827 0.294365012616 0.0 0.107653490328 0.24199695121960002 0.015625 0.0588730025231 0.0344827586207 0.16006097560969998 0.0 0.4778832001683
0.078431372549 0.078431372549 0.2627450980385 0.0666666666665 0.49019607843 0.078431372549 0.0392156862745 0.0 1.1803921568645 0.545098039217 0.3686274509805 0.0 0.0 0.0392156862745 0.0392156862745 0.0 0.11764705882349999 0.4980392156855 0.078431372549 0.0392156862745
0.0 0.19070208728639998 0.319734345351 0.3225806451614 0.6100569259963 0.1290322580644 0.0939278937381 0.3519924098675 0.381404174574 0.15559772296 0.2172675521826 0.0 0.1470588235294 0.0967741935483 0.0 0.0294117647059 0.17931688804600002 0.3111954459201 0.0588235294117 0.4051233396599
0.0 0.0 0.0 0.0 0.0 0.0 0.0 0.0 0.0 0.0 0.0 0.0 0.0 0.0 0.0 0.0 0.0 0.0 0.0 0.0
0.0 0.0655737704917 0.19672131147549998 0.0491803278687 0.0327868852458 0.0491803278688 0.0327868852458 0.0819672131147 0.1147540983605 0.0327868852458 0.0819672131147 0.0 0.0327868852458 0.09836065573750001 0.0163934426229 0.0 0.0 0.0163934426229 0.0 0.0983606557376
0.0 0.20782726045900002 0.751686909581 0.5128205128200001 0.5128205128209999 0.12820512820500002 0.076923076923 0.25910931174100005 0.46423751687000003 0.076923076923 0.205128205128 0.0 0.0 0.780026990552 0.20782726045900002 0.025641025641 0.025641025641 0.751686909582 0.0 1.013495276653
0.0 0.21626794258370002 0.1799043062199 0.0714513556618 0.19617224880380002 0.0363636363636 0.0357256778309 0.1598086124404 0.1422647527911 0.0 0.1259968102072 0.0 0.0 0.26443381180229997 0.0720893141945 0.0181818181818 0.0 0.23253588516740004 0.0 0.2488038277511
0.0322580645161 0.0322580645161 0.0 0.0645161290322 0.22580645161329999 0.0 0.1935483870971 0.0 0.0645161290322 0.0645161290322 0.0645161290322 0.0 0.0645161290322 0.0 0.0 0.0322580645161 0.0 0.1290322580644 0.0 0.0322580645161
0.0 0.09090909090900001 0.151515151515 0.151515151515 0.121212121212 0.09090909090900001 0.090909090909 0.09090909090900001 0.181818181818 0.242424242425 0.151515151515 0.0 0.121212121212 0.030303030303 0.09090909090900001 0.030303030303 0.060606060606 0.151515151515 0.060606060606 0.090909090909
0.0 0.8758940620789001 0.9420209176785 1.1379343792180001 0.9206056005395 0.07692307692309999 0.21314102564100001 0.6376560391364001 1.0236715587043 0.3008603238866 0.42411858974350003 0.0 0.13130904183529998 0.9187626518216001 0.2139001349525 0.2376982118756 0.3569078947366 1.1523785425097 0.046875 0.38934294871780006
0.0 0.0192307692308 0.07692307692309999 0.0384615384616 0.096153846154 0.0192307692308 0.0384615384616 0.1153846153846 0.153846153846 0.0384615384615 0.0192307692308 0.0 0.0 0.0192307692308 0.0192307692308 0.0192307692308 0.0192307692308 0.19230769230769998 0.0384615384615 0.07692307692309999
0.0232558139535 0.1834931024164 1.6382677141483 0.5500312796386 0.4944867124448 0.1386563951074 0.1443752594438 0.31610622068360006 0.666195280217 0.1071176885129 0.22981455201920004 0.0 0.11721345500819999 0.34945780113229996 0.2590507986715 0.0449080973671 0.0516396845164 0.5016892112705 0.027397260274 1.1568436731813
0.0 0.0 0.0 0.363636363636 0.0 0.0 0.0 0.0 0.0 0.181818181818 0.0 0.0 0.0 0.090909090909 0.0 0.0 0.363636363637 0.0 0.0 0.0
0.0243902439024 0.121951219512 0.14634146341440002 0.21951219512189998 0.2439024390244 0.0487804878048 0.170731707317 0.0243902439024 0.31707317073139996 0.07317073170720001 0.170731707318 0.0 0.0 0.0975609756097 0.0243902439024 0.0 0.0975609756096 0.121951219512 0.0 0.0975609756096
0.0 0.26265542958160004 0.7558290377418599 0.5569485762856801 0.54745143468178 0.15093634755886 0.1942055783281 0.38827577697647997 0.73772072028824 0.026189970250679998 0.299216511522 0.0322580645161 0.13411070973218 0.5360538365573 0.11487994050146 0.05933914152138 0.042764555886080004 0.40322066545127994 0.0 0.75794370261796
0.0 0.18348623853169999 0.4269113149847 0.20100083402820001 0.4568807339443 0.110091743119 0.2484848484846 0.3828190158462 0.36194050597690003 0.0 0.2376980817353 0.1092577147623 0.0 0.15840978593260002 0.0 0.0 0.2092577147623 0.2984709480118 0.0333333333333 0.5819571865452
0.0869565217391 0.6000000000008 0.09347826086950001 0.5369565217389 0.0434782608696 0.2999999999999 0.0869565217391 0.09347826086950001 0.2869565217388 0.0434782608696 0.0999999999998 0.0499999999999 0.0999999999999 0.5804347826085001 0.14999999999980002 0.0999999999999 0.0434782608696 1.2608695652189 0.0434782608696 0.3999999999997
0.0 0.0 0.0 0.0 0.0 0.0 0.0 0.0 0.0 0.0 0.0 0.0 0.0 0.0 0.0 0.0 0.0 0.0 0.0 0.0
0.0 0.0681818181818 0.1678321678322 0.1713286713286 0.27272727272770003 0.13286713286670002 0.1993006993006 0.0454545454545 0.29370629370659995 0.0384615384614 0.1293706293707 0.0 0.0 0.0384615384614 0.0 0.0227272727273 0.0192307692307 0.2167832167828 0.0227272727273 0.16083916083910002
0.0357142857143 0.13594470046079998 0.7847646976691001 0.2798352185454 0.5432411674348001 0.2013755062143 0.0 0.48850719173329993 0.2649769585252 0.0215053763441 0.20267420751299997 0.0215053763441 0.0215053763441 0.3452660242982 0.19446306381779999 0.0 0.0363636363636 0.5698296327332 0.0 0.8525275799465999
0.00884955752212 0.15443015843134 0.6240163663456 0.35535209218542 0.35511550238761996 0.075859062474 0.14675292071263998 0.18592574146222002 0.3747131927159199 0.10334346504559999 0.11167074624994 0.0161290322581 0.06491714584772 0.3020269787569 0.07006470933452 0.0 0.04203091517162 0.5487374261049199 0.0 0.46006498699492
0.0 0.1463414634146 0.24390243902470002 0.1951219512195 0.0975609756097 0.0 0.0 0.0 0.2926829268297 0.0975609756097 0.341463414635 0.0 0.0 0.0975609756097 0.0975609756097 0.0 0.19512195122 0.0975609756098 0.0487804878049 0.0487804878049
0.0 0.0787401574804 0.2362204724411 0.204724409449 0.1732283464573 0.0314960629922 0.0157480314961 0.1732283464563 0.220472440945 0.0 0.1574803149601 0.0 0.047244094488199995 0.1259842519686 0.0787401574803 0.0157480314961 0.0157480314961 0.2362204724411 0.0 0.18897637795289998
0.0 0.0 0.0 0.0 0.0 0.0 0.0 0.0 0.0 0.0 0.0 0.0 0.0 0.0 0.0 0.0 0.0 0.0 0.0 0.0
0.0 0.1333333333333 0.2333333333336 0.0666666666666 0.2000000000003 0.0333333333333 0.0 0.0 0.266666666667 0.2000000000003 0.166666666667 0.0 0.2333333333337 0.0666666666666 0.0 0.0 0.0 0.1999999999999 0.0 0.19999999999999998
0.0444444444444 0.18184843829993 0.31541826134502005 0.43541400886946 0.41047540940939997 0.03835125448026 0.06254480286743 0.32322589323699 0.40076978485946 0.0873015873015 0.169458980968 0.0508474576271 0.025013668671429998 0.45190667117926 0.13732892464430002 0.0 0.0222222222222 0.47860223732246 0.0 0.3648259522509
0.0 0.1147540983607 0.1147540983607 0.0655737704917 0.19672131147549998 0.0163934426229 0.0163934426229 0.0819672131148 0.0983606557376 0.0491803278688 0.0163934426229 0.0 0.0 0.0491803278688 0.0327868852458 0.0163934426229 0.0 0.0491803278687 0.0 0.08196721311460001
0.0 0.0 0.0 0.0 0.0 0.0 0.0 0.0 0.0 0.0 0.0 0.0 0.0 0.0 0.0 0.0 0.0 0.0 0.0 0.0
0.0555555555556 0.08333333333340001 0.0277777777778 0.0 0.0555555555556 0.0 0.0555555555556 0.0277777777778 0.138888888889 0.0555555555556 0.1388888888889 0.0 0.0555555555556 0.0555555555556 0.0 0.0 0.1111111111111 0.0555555555556 0.0 0.08333333333340001
0.0 0.0 0.074074074074 0.111111111111 0.148148148148 0.0 0.037037037037 0.259259259259 0.407407407407 0.0 0.037037037037 0.037037037037 0.0 0.259259259259 0.074074074074 0.0 0.0 0.074074074074 0.0 0.481481481481
0.0 0.0 0.0 0.0 0.0 0.0 0.0 0.0 0.0 0.0 0.0 0.0 0.0 0.0 0.0 0.0 0.0 0.0 0.0 0.0
0.0 0.12075757575750001 0.8008080808088 0.8512500000002999 0.9924873737379 0.1785858585858 0.1222727272727 0.5771969696968999 0.42997474747459996 0.0 0.23338383838409998 0.0 0.0222222222222 0.7295454545453 0.1320075757575 0.0666666666666 0.0340909090909 0.6871843434346999 0.0 1.0215656565668
