0.0 0.0 0.0 0.0 0.0 0.0 0.0 0.0 0.0 0.0 0.0 0.0 0.0 0.0 0.0 0.0 0.0 0.0 0.0 0.0
0.05 0.44500000000000006 0.2750000000001 0.265 0.16999999999999998 0.04 0.14 0.1 0.46 0.08 0.085 0.0 0.0 0.29500000000000004 0.125 0.0 0.025 0.2900000000001 0.0 0.155
0.0 0.32914012328168 2.27173084815494 1.02175986754172 0.56711549869108 0.3376031249817 0.10570929942638001 0.87015742134424 0.8062006763963 0.2729722166042 0.25763992139004 0.0476190476191 0.09380453752170001 1.09407021936454 0.4153721496657 0.00523560209424 0.01047120418848 0.8210275643981001 0.0119047619048 1.66046591543878
0.0 0.3513931888549 0.6590344146824 0.5845681979881999 0.5422238460605 0.3604157452456 0.1242671897133 0.188832054561 0.8789710850007 0.0294117647059 0.2125024838309 0.0 0.057983193277300005 0.7879051849581 0.0 0.0 0.0 0.6947829932891 0.0434782608695 0.4842303969638
0.0710681244742 0.3792660794121 1.1360165552661001 0.9451662166336999 0.22607454295969998 0.0365853658536 0.5993647912887999 0.18160993315899998 0.5864503563374001 0.1187087778317 0.45639856580060006 0.060798548094199996 0.076059050064 0.3595458368375 0.1918795095391 0.1400336417156 0.0863286264441 0.5635098047888999 0.1166061705988 0.6685295028989
0.0 0.20925925925925 0.26666666666725 0.56481481481485 0.09629629629625001 0.11851851851850001 0.0 0.00925925925925 0.06481481481485 0.0277777777778 0.0462962962963 0.0185185185185 0.0 0.10185185185190002 0.0833333333334 0.00925925925925 0.0185185185185 0.11111111111105001 0.0 0.2537037037041
0.0 0.0 0.0 0.0 0.0 0.0 0.5 0.0 0.0 0.0 0.0 0.0 0.0 0.0 0.0 0.5 0.0 0.0 0.0 0.0
0.0108695652174 0.1421195652174 0.9334239130444 0.3323369565217 0.2138586956521 0.0483695652174 0.1059782608696 0.4665760869566 0.5461956521738001 0.0625 0.1233695652174 0.0 0.06875 0.33695652173909996 0.1668478260869 0.0375 0.09673913043469999 0.2399456521741 0.0 1.0676630434797998
0.0461538461538 0.5332149332148 1.5597041302922 0.6448179271715 0.8557209674869 0.0 0.46887926887889997 0.3452958805895 1.2503337620988 0.480972186854 0.5623898976831001 0.0 0.0923076923076 0.9198370257198002 0.0796536796536 0.148148148148 0.1775599128541 0.6461316461311 0.012987012987 1.1758920817739997
0.0 0.0588235294117 0.0588235294118 0.0147058823529 0.1470588235289 0.0 0.0 0.0 0.20588235294090002 0.0147058823529 0.1029411764707 0.0 0.0588235294118 0.0147058823529 0.0 0.0147058823529 0.0 0.1764705882348 0.0294117647059 0.10294117647060001
0.0204081632653 0.1487348785667 0.42891772093420005 0.4013620832952 0.4783313325329 0.11334841628959999 0.1475574845321 0.0694570135746 0.4041278049682 0.1047511312216 0.2676055037398 0.0 0.1475574845323 0.2013159109798 0.12081447963809999 0.050226244343800006 0.0961538461539 0.2546634038229 0.15814479638 0.38652230122819997
0.0 0.0 0.0 0.0 0.0 0.0 0.0 0.0 0.0 0.0 0.0 0.0 0.0 0.0 0.0 0.0 0.0 0.0 0.0 0.0
0.0 0.3268398268401 0.0909090909091 0.2207792207792 0.27705627705610003 0.047619047619 0.030303030303 0.0 0.2532467532466 0.1233766233766 0.09307359307350001 0.0 0.1363636363636 0.077922077922 0.0952380952381 0.0 0.030303030303 0.0757575757575 0.060606060606 0.060606060606
0.0247933884297 0.2926829268296 0.8620125870679 0.36948195928210004 0.4302000044796 0.1239669421487 0.0247933884297 0.2942955049377 1.1171582790219001 0.0247933884297 0.38303209478370004 0.0 0.0495867768594 0.7915518824611001 0.19754081838280002 0.0 0.0 0.543035678291 0.0 0.4710743801653
0.0 0.0 0.1980198019801 0.17821782178200002 0.009900990099 0.009900990099 0.0 0.059405940594099996 0.0693069306933 0.0 0.009900990099 0.0 0.009900990099 0.1089108910891 0.029702970297 0.0 0.009900990099 0.19801980198 0.009900990099 0.0990099009901
0.0 0.047619047619 0.0 0.1428571428571 0.0 0.0 0.0 0.047619047619 0.1428571428571 0.190476190476 0.1428571428571 0.0 0.047619047619 0.0 0.047619047619 0.0952380952381 0.0 0.095238095238 0.0 0.0
0.0 0.1578947368424 0.0526315789474 0.0 0.28754813863940004 0.0243902439024 0.2593068035946 0.0770218228498 0.2272143774068 0.6854942233639999 0.0770218228498 0.0 0.2516046213096 0.0487804878048 0.0 0.0770218228498 0.3401797175864 0.0526315789474 0.1540436456998 0.227214377407
0.0 0.1137026951713 0.5781201783711001 0.48572505367630003 0.4265395471499 0.0896159407825 0.34857084615359996 0.1177750292103 0.4686755899803 0.0140845070422 0.1683689168131 0.0 0.046511627907 0.27270742141340004 0.0535588442565 0.0149253731343 0.0381811870878 0.5397899582869 0.0149253731343 0.20822191042819999
0.0 0.0 0.0 0.0 0.0 0.0 0.0 0.0 0.0 0.0 0.0 0.0 0.0 0.0 0.0 0.0 0.0 0.0 0.0 0.0
0.0 0.16555270057134 0.7806768923844 0.39024979370954 0.48523772966101997 0.12069506679601999 0.0711246200608 0.52730653129872 0.5390903915848599 0.14169408496 0.23711157417632 0.0 0.07879991435042 0.52269660222002 0.1532674772036 0.0625137091467 0.10045697155790001 0.44136846008383995 0.0425531914893 2.1396042887441
0.0 0.0 0.0 0.0 0.0 0.0 0.0 0.0 0.0 0.0 0.0 0.0 0.0 0.0 0.0 0.0 0.0 0.0 0.0 0.0
0.09090909090900001 0.181818181818 0.09090909090900001 0.09090909090900001 0.060606060606 0.0 0.0 0.030303030303 0.030303030303 0.030303030303 0.030303030303 0.0 0.0 0.060606060606 0.0 0.0 0.030303030303 0.121212121212 0.0 0.1515151515151
0.0763440860215 0.34789057084319996 3.4910464122744997 1.0246032581432 0.7241008527995001 0.409594917911 0.3603786342115 0.6432896454984 1.0958018144613 0.3193548387097 0.6684965866216 0.1022988505747 0.076064908722 0.6047118755611 0.31720430107489994 0.055072463768 0.0333333333333 0.6771082200836 0.0344827586206 1.9388216707598
0.0117647058823 0.5370805052790999 2.0025169683256 1.1964979260933 0.8486708144805 0.0704044117646 0.2308446455505 0.1523897058821 0.8952912895923 0.4186698717944001 0.8754760558054001 0.0937499999999 0.40624999999989997 0.4373585972848 0.1206306561084 0.0416666666667 0.076923076923 0.2733880090495 0.0 1.3104260935154
0.0759493670886 0.3857428381078 0.4429047301808 0.44930046635709997 0.1560293137909 0.0590273151232 0.36282478347729996 0.17295136575620002 0.5481678880747001 0.2255829447033 0.1601598934044 0.0 0.048500999333800004 0.10752831445700001 0.0315789473684 0.0800799467022 0.0210526315789 0.3733510992673 0.0590273151232 0.240239840107
0.0714285714285 0.0 0.3521303258146 0.70426065162995 0.10651629072675 0.0 0.0714285714285 0.07017543859645 0.15037593984955 0.00877192982455 0.061403508771950006 0.00877192982455 0.00877192982455 0.0350877192983 0.0175438596491 0.0 0.0 0.1842105263161 0.0 0.1491228070175
0.0350877192982 0.3696442698253 1.06308875637535 0.28813412842435 0.34629677642445 0.0197044334975 0.14372802031600002 0.06680494339279999 0.26842969492695 0.1338758035672 0.09204044594225 0.0 0.31754452444095 0.21295945433850003 0.0 0.08677529367185001 0.1120107962213 0.2234897588801 0.00985221674875 0.210532963709
0.0 0.0217391304348 0.2938735177867 0.1596837944663 0.11620553359680001 0.07984189723320001 0.0217391304348 0.15237154150219998 0.12351778656120002 0.0 0.1199604743084 0.0363636363636 0.0217391304348 0.09446640316200001 0.1707509881423 0.0 0.0217391304348 0.1667984189724 0.0108695652174 0.3883399209486001
0.0165289256198 0.24780800750055998 1.2319377297711198 0.5527780827072399 0.6191911848721 0.11574588513089999 0.16665107791980002 0.2800615914191 0.68880847460316 0.147994148339 0.42890663330132 0.025974025974 0.06603323147436001 0.25179265921236 0.0165289256198 0.0322580645161 0.10570276497686 0.3977358138668 0.0947276804616 0.51283509271406
0.0315789473684 0.3157894736835 0.1578947368419 0.1894736842103 0.2842105263168 0.0 0.1263157894736 0.0631578947368 0.1263157894736 0.4105263157898 0.1894736842103 0.0 0.1578947368424 0.0 0.0631578947368 0.0315789473684 0.473684210527 0.0 0.0315789473684 0.3473684210526
0.0 0.2272727272721 0.5681818181833 0.6249999999991 0.2272727272722 0.340909090908 0.0 0.2840909090911 0.4545454545451 0.0568181818181 0.511363636363 0.0 0.170454545454 0.4545454545452 0.1136363636362 0.0 0.0 0.3409090909082 0.0 0.624999999999
0.0 0.0 0.0 0.0 0.0 0.0 0.0 0.0 0.0 0.0 0.0 0.0 0.0 0.0 0.0 0.0 0.0 0.0 0.0 0.0
0.0 0.0 0.40425531914940005 0.19148936170199998 0.063829787234 0.0425531914893 0.0 0.0212765957447 0.06382978723409999 0.0425531914893 0.0 0.0 0.0425531914893 0.0 0.0212765957447 0.0 0.0 0.0425531914893 0.0 0.063829787234
0.0 0.20485048918278 0.8156630379860799 0.41889210417507994 0.57053419686788 0.21229158054278 0.07994579945800001 0.1842772495521 0.44204675945066 0.0 0.12542372881358 0.0365853658536 0.17514124293818 0.57025400762538 0.1678976620275 0.0 0.0 0.56888062100996 0.0 0.42731615451725996
0.0190476190476 0.0625444207533 0.7805259417206 0.2254442075336 0.1698649609097 0.0434968017057 0.0 0.1765458422175 0.2825870646766 0.0 0.0530206112295 0.0149253731343 0.024449182658099998 0.24861407249450002 0.1127221037668 0.0 0.0 0.30547263681510006 0.0149253731343 0.4658137882027
0.0 0.0 0.0 0.0 0.0 0.0 0.0 0.0 0.0 0.0 0.0 0.0 0.0 0.0 0.0 0.0 0.0 0.0 0.0 0.0
0.0 0.0 0.0 0.0 0.0 0.0 0.0 0.0 0.0 0.0 0.0 0.0 0.0 0.0 0.0 0.0 0.0 0.0 0.0 0.0
0.08919944789510001 0.3806073153898 1.0910973084878 0.7508626639064 0.3666321601101 0.063492063492 0.3726708074531 0.1801242236025 0.6361283643892 0.2003105590068 0.19634230503779998 0.0 0.0752242926155 0.3388543823324 0.095238095238 0.031746031746 0.031746031746 0.6476880607313 0.0574534161491 0.3945824706692
0.0 0.0 0.0 0.0 0.0 0.0 0.0 0.0 0.0 0.0 0.0 0.0 0.0 0.0 0.0 0.0 0.0 0.0 0.0 0.0
0.0 0.2255261917167 4.429047016411481 0.7964032606260699 0.49099176512689 0.20427535865829002 0.04061224489779 0.72220271772029 0.8429401385353801 0.041454081632600004 0.36779263398929 0.03125 0.11290816326529 0.5443328441324801 0.38683117801558997 0.059504950494989994 0.03125 0.64887295147318 0.03125 1.9925545033014
0.1 0.0 0.1 0.1 0.2 0.0 0.2 0.0 0.1 0.0 0.0 0.0 0.0 0.0 0.0 0.1 0.0 0.1 0.0 0.0
0.1875 0.4962225274725 0.7723214285711 0.6078296703298 1.1383928571436 0.1445741758241 0.1397664835164 0.09065934065919999 0.7297390109885 0.3076923076921 0.3932005494512 0.0 0.24416208791219998 0.3688186813187 0.1648351648351 0.1177884615384 0.30700549450540005 0.3760302197801 0.032967032967 0.38049450549440006
0.03458049886615 0.24200258615861003 1.1241684001427 0.5282228593915 0.16457712561602 0.109260508611 0.03458049886625 0.31140252244162 0.55459980135322 0.06519274376415 0.06608759206156001 0.0400995108787 0.05937388729596 0.40965311744541 0.12083731564237002 0.023570585258910003 0.03150709319541 0.30776222334637 0.03547534716366 0.7370457825009
0.0 0.3257521418607 2.0114963140057003 1.1596931659685001 0.7436939629404999 0.22510460251040001 0.17034269774850003 0.0878661087864 0.8287607093042999 0.0502092050208 0.3783422992629 0.0 0.0 0.21317991631799998 0.10020920502080001 0.0376569037656 0.0 1.0309324566645 0.0 0.6367603108185
0.01944444444443 0.18160919540256 0.43247126436732997 0.33563218390822996 0.26772030651379997 0.0911877394636 0.108333333334 0.11101532567053 0.2217432950191 0.07021072796943001 0.1522988505747 0.0 0.06781609195400001 0.12059386973193 0.0448275862069 0.0229885057471 0.0226053639847 0.32174329501906 0.07614942528740001 0.33160919540263006
0.0 0.0 0.0 0.0 0.0 0.0 0.0 0.0 0.0 0.0 0.0 0.0 0.0 0.0 0.0 0.0 0.0 0.0 0.0 0.0
0.031746031746 0.544444444444 0.6666666666659999 0.761904761905 0.349206349207 0.063492063492 0.163492063492 0.095238095238 0.485714285714 0.095238095238 0.063492063492 0.0 0.0 0.35396825396799997 0.0 0.33174603174600004 0.031746031746 0.734920634921 0.1 0.126984126984
0.0 0.16868463147520002 1.5177884418209 1.0095525204059 0.3962470776421 0.0818342151675 0.4346950494239 0.5640498749029 0.4157499692386 0.0765186005496 0.3259013165987 0.0518272425249 0.2232558139545 0.45782371518820003 0.0571428571428 0.0 0.105090029121 0.694885361551 0.0232558139535 1.3956974693421
0.023343766301459998 0.19444444444432 1.8733239895198 0.5287207575956 0.09337506520614 0.22078195669726 0.211522697438 0.22903947903926 0.55245576020166 0.08411580594666 0.38218484697336 0.0 0.0831140690295 0.6555171484742199 0.17548739731836 0.00925925925926 0.0277777777778 0.40653035019196004 0.0 1.24900542858176
0.021978021978 0.28571428571400004 0.0769230769234 0.0769230769231 0.5164835164831 0.0 0.12087912087910001 0.0 0.1428571428571 0.263736263736 0.07692307692309999 0.0 0.07692307692309999 0.043956043956 0.032967032967 0.021978021978 0.0549450549451 0.021978021978 0.0439560439561 0.12087912087910001
0.0 0.20916579323650003 0.5101047755915 0.5412240987460001 0.408134965657 0.08178547116589999 0.1491494411846 0.07935427404459999 0.5009634744151 0.2614707481963 0.1027622001072 0.0 0.032967032967 0.16784984926569999 0.18798016143150004 0.0767141740592 0.0353982300884 0.3902809743517 0.010989010989 0.25370532450180006
0.0 0.0 0.0 0.0 0.0 0.0 0.0 0.0 0.0 0.0 0.0 0.0 0.0 0.0 0.0 0.0 0.0 0.0 0.0 0.0
0.0380952380952 0.3276785714292 0.47470238095249995 0.1767857142857 0.2651785714285 0.0 0.0 0.16994047619039998 0.2080357142857 0.228571428571 0.1645833333333 0.0 0.0190476190476 0.0883928571428 0.0 0.0190476190476 0.1333333333333 0.2949404761904 0.0380952380952 0.3535714285713
0.0 0.1762235817575 2.7111606266528003 0.7296281582707 1.3461345939952 0.4809497325067 0.1540616246498 0.5915728805428 1.2633695858773 0.23023402909489998 0.22647058823469998 0.0 0.0594827586207 1.0665660257437999 0.2762262302028 0.0 0.0 0.7707071037533 0.0 0.9172124800980002
0.0796583850931 0.15861801242220003 3.3072204969003005 0.4208850931672 0.7663043478273001 0.0 0.0 0.3954968944093 0.6034937888192999 0.0 0.10574534161480001 0.0 0.052872670807400005 0.7388198757760001 0.1311335403725 0.0260869565217 0.0782608695651 0.6535714285708 0.0521739130434 1.4296583850925
0.0 0.0 0.0 0.0 0.0 0.0 0.0 0.0 0.0 0.0 0.0 0.0 0.0 0.0 0.0 0.0 0.0 0.0 0.0 0.0
0.0 0.1290322580644 0.0322580645161 0.0322580645161 0.0967741935483 0.0 0.0645161290322 0.0 0.0322580645161 0.225806451614 0.0645161290322 0.0 0.129032258065 0.0967741935483 0.0 0.0645161290322 0.0 0.0 0.0322580645161 0.0
0.0784958013874 0.5161680483553 1.8566343691479998 1.4736263457306 0.6467291350147 0.130910052019 0.3414401500439 0.2365600039584 0.9733075177279 0.14823431657660002 0.3059221226687 0.0 0.0392479006937 0.3458731663589 0.1668406096816 0.035841170323899996 0.0 1.0221154086661999 0.0 0.6820538816456
0.0 0.0 0.0 0.0 0.0 0.0 0.0 0.0 0.0 0.0 0.0 0.0 0.0 0.0 0.0 0.0 0.0 0.0 0.0 0.0
0.014598540146 0.29366720887893 3.3963038675409902 0.7220971615953 0.8976075296953 0.32221362934129 0.0534334916023 0.66688790961702 1.14703998039505 0.20726477062557996 0.44651686495556997 0.015503875969 0.08542184089708998 1.2562903049517498 0.30140968404307 0.0388349514563 0.031007751938 0.48360796906891 0.0140845070422 1.60620816024094
0.0 0.0 0.0 0.0 0.0 0.0 0.0 0.0 0.0 0.0 0.0 0.0 0.0 0.0 0.0 0.0 0.0 0.0 0.0 0.0
0.1469380999668 0.7583912611722 1.4185700099309 0.5680900364117 1.2022426348894 0.0188679245283 0.4351042701089 0.1166666666666 0.6373469049981999 0.2070258192651 0.5526812313806 0.0 0.5188679245283 0.6680652101963 0.050446871896699996 0.3188679245293 0.3079195630589 1.3663770274743 0.1627358490566 0.544794769944
0.1953693923852 0.9910278164386999 5.2935131403288995 1.1896054993951 0.7930073922655 0.059709443099199996 0.2803517739279 0.8685812712841 1.2788009559984999 0.343234256735 0.118536191657 0.049813972715900004 0.2049823815428 1.7390503998085 0.6381972086061 0.0934140435834 0.0157480314961 1.9051251272393999 0.09384436701519999 1.8480873344756001
0.1838367087118 1.2250443757803 5.14816721421835 1.3841758535187 2.95953493358775 0.11703273257335 0.71263414716915 0.437489043014 1.09705821176355 0.18474857329289998 0.61965746440735 0.0323886639676 0.17995056886115002 1.17223160077235 0.0323886639676 0.0588235294117 0.00925925925925 1.0617597473259999 0.06808278867095 1.3157359197167497
0.0310077519379 0.18737639411860002 0.8367514739277 1.0146380508338 0.5625122632606 0.0526315789473 0.4126871412504 0.1973396121226 0.5903868494241 0.2812561316307 0.1096203138771 0.0 0.048078210794100004 0.7554791470073 0.34288855460150003 0.0152671755725 0.0152671755725 1.1096608021031 0.122610805373 0.31454056764439997
0.0123966942149 0.1067768595041 1.9196694214883 0.42710743801600004 0.1639669421488 0.0723966942149 0.032396694214900004 0.0495867768595 0.2431404958678 0.061983471074299995 0.0371900826446 0.0 0.0 0.3051239669428 0.0371900826446 0.0247933884297 0.0 0.2135537190085 0.0 0.2927272727273
0.0227272727273 0.36545883361930004 0.9556889651231001 1.377930245854 0.67795883362 0.0141509433962 0.12768010291589998 0.10484562607190001 0.2890222984569 0.1617710120068 0.1132075471702 0.0 0.0141509433962 0.1474056603772 0.0113636363636 0.272727272727 0.1248927958833 0.5777229845627 0.164665523156 0.47662950257280007
0.0233918128655 0.30167995746925 1.8050770866571 0.8427591706534 0.6970813397129 0.20122275385425 0.16752259436455 0.9619829877716501 0.5829186602869 0.1301807549175 0.13781499202545 0.02 0.21217969165324999 0.4506166932479 0.08904837852205 0.0116959064327 0.159755449229 0.8882243487501 0.21065922381695001 1.1061881977669
0.1618274607354 0.65899899836456 2.69576654902912 1.20230135601196 1.7201392211355002 0.1375475813697 0.25187486827826 0.47987244467426005 0.84097960686566 0.44554609748245 0.58437892850986 0.047619047619 0.18241777415421 0.6461675961318399 0.13322334237925 0.07528453234321 0.14918319766465 0.80184831325502 0.14709183909311 0.6379312449017001
0.0 0.5701219512203 0.31890243902400006 0.37256097560949997 0.4451219512194 0.0 0.1493902439024 0.14878048780480002 0.4963414634144 0.3225609756108 0.5426829268286 0.0 0.27317073170710005 0.1963414634144 0.0487804878048 0.025 0.225 0.4926829268299 0.0999999999999 0.2725609756095
0.0172413793103 0.33030852994570004 0.8820326678768999 0.631578947369 0.3548094373871 0.0871143375681 0.19963702359330002 0.45916515426489996 0.6379310344824001 0.226860254084 0.3375680580768 0.0172413793103 0.1379310344827 0.2168784029036 0.08711433756789999 0.0172413793103 0.23321234119780002 0.7196007259537001 0.0689655172413 0.33756805807629997
0.0 0.0 0.0 0.0 0.0 0.0 0.0 0.0 0.0 0.0 0.0 0.0 0.0 0.0 0.0 0.0 0.0 0.0 0.0 0.0
0.1149068322981 0.1956521739128 1.6459627329197999 0.3167701863354 0.4409937888207 0.0714285714286 0.31677018633520004 0.1149068322981 0.49378881987589995 0.1304347826088 0.0869565217391 0.0 0.437888198758 0.3726708074533 0.0931677018634 0.0931677018634 0.0869565217391 0.5186335403723 0.1739130434788 0.2950310559005
0.0259067357513 0.49792060148929995 2.6842800473744 1.0041153457512002 0.8212935292532999 1.1067650209186 0.1050283809239 0.9801811859606 1.4834641135036 0.0915485708402 0.3516688127696 0.0 0.1772077695746 1.2970665083578001 0.2610386729093 0.0 0.0777202072538 0.8971890669746001 0.0254237288135 1.1121817015812998
0.00662251655628 0.1483079166411 3.4697126192386802 0.32462482532338 0.36338781213915994 0.09836563582208 0.0366972477063 0.22832492861016 0.30986086639526 0.06829090467206 0.04994228081896 0.0 0.02497114040948 0.56011908378478 0.1432043259004 0.0397350993377 0.0 0.6299289142709998 0.0550458715595 0.44285801081436005
0.0 0.0909090909091 0.1136363636363 0.0681818181818 0.159090909092 0.0 0.0454545454546 0.0 0.0454545454545 0.1363636363633 0.0681818181819 0.0 0.0681818181818 0.0 0.0 0.0 0.0454545454545 0.0 0.0454545454545 0.1136363636364
0.0 0.0289855072464 0.2028985507247 0.0 0.2608695652168 0.0 0.0289855072464 0.0289855072464 0.0289855072464 0.101449275363 0.0579710144928 0.0 0.0434782608696 0.0289855072464 0.0 0.072463768116 0.0434782608695 0.0144927536232 0.0 0.0579710144928
0.0176991150442 0.38260353011859993 1.7607482498995 1.6294069879976 0.9879795756637 0.1460553697108 0.3429655047858 0.4096443464457 0.7665586192207 0.13865360303410001 0.31098067545619995 0.0 0.08565713962230001 0.6181026419283 0.0706670727992 0.0426991150442 0.0782553729456 0.9445835882901001 0.095796460177 1.1709430318154002
0.0 0.1917808219178 0.7123287671237 0.082191780822 0.13698630137 0.0 0.2191780821918 0.0547945205479 0.054794520548 0.0 0.191780821918 0.0 0.027397260274 0.054794520548 0.0 0.0 0.0821917808219 0.054794520548 0.0 0.1369863013698
0.0 0.38725662119779997 3.6953855250763 1.35141307718216 0.7852519978147 0.20174670422500002 0.19667288739592 0.64135648757856 0.8652318430975801 0.1139429550925 0.20366409455054 0.02835249042144 0.0762865066978 0.68285208209646 0.31810573856546 0.06888242625669999 0.1509835686183 0.68573446593522 0.0 1.54688052819452
0.0 0.0 0.0 0.0 0.0 0.0 0.0 0.0 0.0 0.0 0.0 0.0 0.0 0.0 0.0 0.0 0.0 0.0 0.0 0.0
0.1248059006211 0.2765046048407 1.60088954997376 1.08888399812728 0.68911106421564 0.19149760728868004 0.00985221674876 0.09823239640682 0.9589434536938402 0.055686442493079996 0.20946669522346 0.0 0.2115482437351 0.6232826338939401 0.06051596050706 0.2641960269863 0.21931891197199999 1.0048322739901598 0.00985221674876 0.30257980253524
0.1725313593365 1.3353116920092998 7.73319336154044 2.09225015028004 1.6827691277368801 0.49519058866948 0.30763833880638003 1.7225792479025999 1.5295142471183802 0.22233198439204 0.28283223999708 0.05348447888260001 0.1858515180495 2.48674722602424 0.66813725619134 0.1610794440248 0.1022454516246 2.1681048647005 0.1430826838058 2.4551247389021604
0.040080851903 0.9175263203153002 7.4726308214251995 2.373486111018 2.2125776836404 0.2898033320112 0.3446401176914 1.3221125190834 1.7831976736357 0.19503056596329998 0.46790358728479997 0.0 0.2002850345219 2.0067525034484 0.4509330520324 0.0 0.09809976399350001 1.6161103797777 0.0435606060606 3.1652690762002003
0.02598267821449 0.5047766663012 1.0478735569331898 1.3269357386464802 0.6144491684522899 0.31469360393199003 0.46858881570006994 0.30035573299369 1.2196443782790598 0.5470175178166 0.7703228054069899 0.0175438596491 0.2549261165381 0.8598450949789901 0.37090654323239003 0.0700925750991 0.17758837155209 1.8055076525639802 0.0175438596491 1.2854052640584899
0.0 0.22520107238599998 1.7694369973264 1.0455764075061 0.2573726541553 0.0804289544236 0.0321715817694 0.1447721179624 0.6916890080429 0.0 0.1447721179624 0.0482573726541 0.0160857908847 0.3860589812335 0.0965147453082 0.0643431635389 0.0 0.5469168900795001 0.0 0.4504021447718001
0.09871091340060001 0.49048067452488003 0.5694926995058 1.26798064746536 0.61055730536656 0.0334448160534 0.52475890508816 0.36979792404026 0.82348930090606 0.14887813748076 0.2814018681479 0.0 0.0947603121516 0.32994555746816 0.07659836997106 0.1076295310149 0.2539966014004 1.3010574623067002 0.12119145804236 0.4958275156680201
0.0229007633588 0.39012430593895003 2.76580687712675 1.2085595659660502 0.510499367577 0.20178497415755 0.27943925804840003 0.54324631727665 0.66134028887485 0.06579951220704999 0.1366742067128 0.0777297813238 0.1452818281462 0.37030554594924997 0.21682781259485 0.00763358778625 0.21594353515310002 0.9753587656012501 0.0484272760487 1.1563164301531001
0.074312394554 0.8905149496182001 4.2219683992608 2.1014356273214 1.3415353184479 0.4985645244664 0.3492529731356 0.6831843692079 1.5670790950016 0.6074123576115 0.9733119427336 0.036910457963 0.1239641261902 1.3732529938931002 0.4898799121414 0.18325884641650003 0.21385706041420002 2.1056057703524003 0.2962675193392 1.868431361928
0.0298507462686 0.3318103360744 0.4112518382418 0.45624412499719996 0.5598079385834 0.042136257488 0.28220320386180003 0.2552248631756 0.4068859127664 0.5154805302006 0.3370900599045 0.0 0.2598233323176 0.1781906792565 0.042136257488 0.15097979490330002 0.4775104071483 0.4606264267863 0.0544217687074 0.7483255218311
0.00763358778625 0.29776353764425 0.8591036035283 0.8978589174634499 0.67122031731875 0.09895397843625 0.27112553219435 0.25571503529055 0.9162455849659001 0.37931483894995 0.34244292192475 0.0 0.21301662353575002 1.55805387656145 0.0152671755725 0.0579966486688 0.2557460966323 0.45555762427800006 0.14239548361665 0.30458861562925
0.0 0.0 0.0 0.0 0.0 0.0 0.0 0.0 0.0 0.0 0.0 0.0 0.0 0.0 0.0 0.0 0.0 0.0 0.0 0.0
0.0130718954248 0.18783745382201003 0.685137823246 0.31031543052052 0.18215402102881 0.15799943165662 0.09718670076721002 0.06820119352080001 0.16822961068471 0.06820119352090001 0.0196078431372 0.0 0.0812730889457 0.19721511793122004 0.07104290991752 0.00653594771241 0.055129298096010006 0.27479397556161 0.0551292980961 0.30093776641082004
0.0212765957446 0.5036838864961 2.1684552097629 1.5242333597550999 1.7639991751531001 0.5169212825463 0.3046092428571 0.5868510128819999 1.3354186874805998 0.2353724309345 0.30071404315070005 0.0212765957446 0.124454339298 0.8321428719538999 0.2674344588406 0.0212765957446 0.01171875 0.8570701539459 0.0851063829787 1.5179849247338
0.0182926829268 0.0794280541058 2.3611140696551303 0.60956970923406 0.43372563638280004 0.1359569709234 0.08190435616132999 0.14056342528479998 0.5609489828523 0.11601341995959999 0.08898711257843 0.0 0.04531899030773 0.6370753008832599 0.2083022686123 0.06361167323462999 0.11766428799652999 0.44245926083673 0.02702630738093 0.8320374906809299
0.0 0.0 0.0 0.0 0.0 0.0 0.0 0.0 0.0 0.0 0.0 0.0 0.0 0.0 0.0 0.0 0.0 0.0 0.0 0.0
0.0 0.0 0.0 0.0 0.0 0.0 0.0 0.0 0.0 0.0 0.0 0.0 0.0 0.0 0.0 0.0 0.0 0.0 0.0 0.0
0.04300827299728 1.01593129659539 1.4922683260124898 1.7520148857639 0.9119844115298901 0.2858733296187 0.4856077534726999 0.24808273384458998 0.7938970407624999 0.11307565789499 0.6337905790143801 0.0414510963291 0.070707070707 1.00408930646399 0.1749848622877 0.0424208669822 0.136338368788 1.6986263198942997 0.0564886903141 0.9993591307281702
0.0 0.0 0.25 0.0 0.5 0.0 0.0 0.0 0.0 0.0 0.0 0.0 0.0 0.0 0.0 0.0 0.0 0.25 0.0 0.0
0.02283522104497 0.5352831414842499 6.18707547338107 2.10004138401069 1.55039227146866 0.41263849313527 0.48320363339327 1.1451887477507199 1.8684093890416602 0.12394702971549 0.44544744276241 0.0 0.42701928258088 1.9334301665886802 0.4114820204894 0.09523606703859999 0.06425655217920001 1.4472131234859302 0.03293623114597 2.71396432929926
0.0416666666666 0.0 0.0416666666666 0.0416666666666 0.29166666666700003 0.0 0.2916666666666 0.0 0.0416666666666 0.0416666666666 0.0 0.0 0.0 0.16666666666660002 0.0416666666666 0.0 0.0 0.0 0.0 0.0
0.08 0.4868825910934 0.6070310391369 0.7234727845254001 0.8179262258216 0.12108412055779999 0.251461988304 0.37685560053999995 0.6492352676565 0.233918128655 0.333333333334 0.0 0.180350877193 0.5563067926228 0.04 0.1861988304095 0.16374269005859998 0.6139271255066 0.152046783626 0.4262258209633
0.2471851049123 1.5157761984629698 4.0168685145877 2.2311049050487 1.7564748738520999 0.40390288600207 0.85481259425467 1.5845473660911 2.0066925735306698 0.39513944059394 0.50097733883857 0.02637516115167 0.40358201658017 2.1007257033844 0.3863310496708 0.1525706553044 0.40864714126017 2.0738525594233 0.25007828435857 2.68435563269674
0.0444678609062 0.366884093912 3.3848170199311998 1.5367867361152 1.3774951838501 0.4380880492509999 0.4020936413187 0.8555817130370001 1.3775495772597999 0.349277695326 0.37588434064980003 0.0343839541547 0.1649330768933 1.1110720918077002 0.2229461867568 0.0582878674882 0.13739226765419998 1.0938288046814 0.0273972602739 1.6408325787334999
0.10898725687455 0.56867203219355 0.7329912810194501 1.03243460764504 0.77922199865919 0.11906103286375 0.36209926223945 0.46879946344709 0.57336686787355 0.14932930918825 0.5062709590875499 0.0140845070422 0.11755868544589 0.58207243460725 0.08694835680735 0.0399999999999 0.2027297116028 0.6495774647887 0.0422535211267 0.8635412474851
0.1486175115206 0.3744239631344 1.813940092166 1.1964285714303 0.5023041474663 0.19182027649779998 0.3104838709676 0.2050691244238 0.6641705069132 0.0282258064516 0.1129032258064 0.16935483871020002 0.0921658986174 0.6923963133648 0.1693548387096 0.0564516129032 0.1129032258064 0.5023041474657 0.0 0.6566820276512
0.0222222222222 0.2764568764567 0.4987308987312 0.6306656306659999 0.3604247604249 0.0148148148148 0.4221704221702 0.7493395493394 0.5467495467503 0.2592592592592 0.3283087283085 0.020979020979 0.0432012432012 0.25180005179980003 0.0148148148148 0.095053095053 0.0876456876456 0.9540015540007 0.1147889147888 0.3085729085727
0.0128755364807 0.43433963924494 1.64338380674975 1.51966539886994 0.7855676353735501 0.19028885332735 0.17135644631995 0.8656845446438199 1.03031553274215 0.19375174744364998 0.17407361691517997 0.031308716204200004 0.1768099627106 0.8903526464108301 0.16802732121005998 0.00429184549356 0.07596545202957 0.5548860187195099 0.06918975159312 1.00786552751712
0.0445682451253 0.8768768591714399 2.8215744756127696 1.6038050334737002 1.3285740825027699 0.1284353460769 0.42901978289914 0.9049441964129701 1.57522843413747 0.53082001922767 0.6243818173107 0.0 0.12663139329794 0.8888698273471 0.14921568338466998 0.6852632147577 0.3745060531148 1.58278094974697 0.0380952380952 1.28640934830787
0.0 0.3287653522944 0.362508080155 0.5179056237885 0.4033613445375 0.1043309631545 0.2009049773763 0.035294117646900006 0.35694893341949996 0.0894634776986 0.2879120879121 0.0 0.1396250808015 0.2204266321913 0.0941176470588 0.057272139625 0.1396250808016 0.356302521009 0.0894634776986 0.2157724628311
0.0091743119266 0.11644938033155001 0.30171659703779996 0.390244158462 0.2973113877635 0.0358924835023 0.0885450562985 0.17749249469904999 0.31864813609635 0.07517547358625 0.18965493110525 0.0 0.1527652397848 0.16331814778269999 0.06720830796575 0.0526525727962 0.12403515769880001 0.15992764120115 0.045469177530950006 0.23431934443200003
0.0 0.0 0.0 0.0 0.0 0.0 0.0 0.0 0.0 0.0 0.0 0.0 0.0 0.0 0.0 0.0 0.0 0.0 0.0 0.0
0.047619047619 0.166666666667 0.3095238095238 0.2142857142858 0.1428571428571 0.0238095238095 0.0 0.0238095238095 0.1666666666665 0.0238095238095 0.0714285714286 0.0 0.0238095238095 0.1666666666666 0.047619047619 0.0 0.0714285714286 0.23809523809499997 0.0 0.26190476190469997
0.01438848920862 0.43931716695621 0.7074902147240101 0.6392806444500201 0.7265356680178999 0.17121371868021 0.11080687174390999 0.29000833815721 1.0284203671542098 0.07632411312323001 0.25987727059710003 0.0 0.04665784613681 0.55724041456461 0.22666969872360002 0.05891838253531 0.0 0.7669326607676 0.0393884892086 0.8405296452495101
0.0844616503231 0.3063650834205 1.6399473342887 0.5994851337277001 0.7414860376925 0.25751174170150004 0.0666574960204 0.34240572248260004 0.6930650264311999 0.1196376284707 0.15524593707599998 0.0178041543026 0.10226580462580001 0.8346335999379999 0.1063925953581 0.0264900662251 0.044294220527700004 0.8127026549013 0.0178041543026 1.0313439581823998
0.0 0.0 0.06 0.04 0.13999999999999999 0.0 0.12000000000000001 0.06 0.06 0.1400000000001 0.1 0.0 0.1 0.02 0.0 0.04 0.02 0.02 0.04 0.04
0.0 0.121212121212 0.48484848485 0.242424242424 0.60606060606 0.121212121212 0.363636363636 0.121212121212 0.242424242424 0.363636363636 0.18181818181800002 0.0 0.121212121212 0.36363636363600005 0.0 0.121212121212 0.0 0.18181818181800002 0.242424242424 0.121212121212
0.0378684644624 0.3029477156999 0.5171770781048001 0.5889693753143 0.1176217456787 0.0241698343255 0.0894355590618 0.2255612135124 0.4334074445951999 0.034641038514 0.1410026536613 0.0 0.0314136125654 0.3343613282649 0.0314136125654 0.0 0.0829807071648 0.48583518611459997 0.0314136125654 0.4897798178294
0.0133333333333 0.0266666666666 0.22666666666700003 0.0266666666667 0.0666666666666 0.0 0.0133333333333 0.053333333333299995 0.0933333333333 0.0666666666667 0.0666666666667 0.0 0.0133333333333 0.08 0.0133333333333 0.0666666666667 0.0933333333333 0.0266666666666 0.0266666666667 0.0266666666666
0.0841882429571 0.7784133268570699 5.5915283946035395 2.33849669689403 1.6393789077655698 0.61874211074121 0.47905024005628993 1.66844053041307 2.27605845703238 0.46760788372826 0.7254228095699599 0.02473810425341 0.19700566940507 2.20270794207297 0.34080080400970003 0.06913442467125999 0.24463751426181002 1.79099034910198 0.14402714576442 3.31863044584748
0.0 0.0 0.0 0.0 0.0 0.0 0.0 0.0 0.0 0.0 0.0 0.0 0.0 0.0 0.0 0.0 0.0 0.0 0.0 0.0
0.0 0.45833333333320003 0.49999999999949996 0.1666666666664 0.5416666666662 0.0416666666666 0.16666666666660002 0.0416666666666 0.9166666666662 0.1249999999999 0.45833333333390003 0.0 0.25 0.0833333333333 0.0833333333333 0.125 0.16666666666660002 0.3333333333328 0.0833333333333 0.45833333333500004
0.0671051003999 1.1579340364258 2.9438264568359 2.4240645009214004 1.9017111388537 0.4983959507062 0.7808686251975999 1.9153483531512 2.3525052167809997 0.22353667949189998 0.5436984722552 0.1547400125262 0.43406170355170004 2.1769256667412002 0.3741651369997 0.0884597487202 0.2085238350482 2.4419433422544 0.0770590972544 2.2351269258766004
0.1939592806945 0.76575578082027 3.36165004919677 2.5613014089127395 2.19479104271184 0.4271131628318 0.67430230895241 1.10668451345837 1.8202439444245 0.27614486696887003 0.7194623316026 0.0192307692307 0.08663720746506999 1.2520145110487 0.5098548748688 0.0192307692307 0.0800304878048 2.2043903688517 0.0243902439024 1.7028120770208002
0.035398230088419996 0.6653504230938001 1.0015709053322202 1.2659580668427002 0.84637003442234 0.15990720194269997 0.84325703794648 0.36632578336092003 0.84718207063304 0.1947805144705 0.904787321824 0.148148148148 0.1443891654068 0.5809548121490999 0.1338229535131 0.04131708998972 0.0194805194805 0.79991100345082 0.102564102564 0.89852461533832
0.0320855614973 0.2245989304811 0.7379679144379 0.8983957219251 0.6417112299462 0.0641711229946 0.16042780748649998 0.3208556149739 0.6417112299465 0.1283422459892 0.2245989304809 0.0 0.0641711229946 0.41711229946539996 0.0962566844919 0.0962566844919 0.0962566844919 0.5775401069516 0.0 0.5775401069523
0.0 0.12619386303580002 0.24854235380571 0.26662810873327003 0.30588685851840003 0.04598033545397 0.50010316852401 0.51115626905084 0.29173600226217 0.17895404737486997 0.2067200225093 0.4 0.14993043940407 0.30354140880428 0.01503759398494 0.17535096482457 0.235872235872 0.31807950228964 0.56762085709507 0.15266596845521002
0.0117647058823 0.36715868752058 1.25276489995358 1.4685597137135398 0.94511662795396 0.16636655696978 0.314594220304 0.48176838339428 0.937992677572 0.18055717566678003 0.6544695012798999 0.0572111077934 0.09446571528 0.72022412759924 0.09971112104468001 0.0467289719626 0.08723845903008001 1.06930713816318 0.0235294117646 1.0204707971514
0.060475840304 0.8324922982153801 2.69734342603756 1.6042198832082801 1.56105385276906 0.3559118136196 0.21098670744040002 1.1084114461996 1.50970904940898 0.4472385810102 0.5418986505734 0.0182926829268 0.0729904030459 1.11290533448006 0.3897483540718 0.27128834709710004 0.29439036347358 1.13198542796678 0.13944348283066 1.6392140553247998
0.0666666666667 0.2916666666666 0.3083333333331 0.2999999999997 0.4249999999998 0.0 0.19166666666660004 0.1166666666666 0.4249999999999 0.24166666666660003 0.2416666666665 0.05 0.1 0.26666666666759997 0.07500000000000001 0.06666666666660001 0.2416666666666 0.2166666666669 0.0333333333333 0.3416666666665
0.0344827586207 0.3722021528919 0.6502402238037 0.6751578179158999 0.3014024204827 0.0800000000003 0.20037949279309997 0.1715124977194 0.5202505625497 0.2375296478744 0.3514893875818 0.0 0.046631393298 0.2014097184211 0.08948123821689999 0.0918226600986 0.0811141519187 0.48146323663600005 0.0978483245149 0.3155823146626
0.0 0.0 0.0 0.0 0.0 0.0 0.0 0.0 0.0 0.0 0.0 0.0 0.0 0.0 0.0 0.0 0.0 0.0 0.0 0.0
0.081081081081 0.081081081081 0.216216216216 0.08108108108100001 0.108108108108 0.0 0.16216216216200002 0.0 0.216216216216 0.18918918919 0.108108108108 0.0 0.027027027027 0.108108108108 0.081081081081 0.027027027027 0.216216216216 0.08108108108100001 0.135135135135 0.08108108108100001
0.0284518032162 0.23302267908219 0.75577343082689 0.5865686962429999 0.9656514623501901 0.2427899503607 0.12402767733008 0.30351085168009 0.9588420086560899 0.03522381452989 0.18237939317548002 0.052440226436489996 0.0722445695896 0.78315131994259 0.2531758533526 0.0363636363636 0.05986935644629 0.69087690417109 0.00628930817609 0.62934705807138
0.0356098579782 0.32393483709189996 1.6913116123658 0.7040517961561 0.7036340852141 0.173767752715 0.08322890559719999 0.4350459482037 0.5968045112791001 0.015873015873 0.23339598997490002 0.0 0.0750835421887 0.8808479532161999 0.1621762740182 0.0 0.0 0.8023182957399 0.0356098579782 1.0473057644102
0.0 0.0 0.0 0.0 0.0 0.0 0.0 0.0 0.0 0.0 0.0 0.0 0.0 0.0 0.0 0.0 0.0 0.0 0.0 0.0
0.0 0.2439939939938 0.19144144144140002 0.08333333333340001 0.39376876876840006 0.0 0.3798798798796 0.3659909909907 0.31343843843830005 0.2995495495494 0.5296546546543 0.1219969969969 0.3025525525524 0.3382132132129 0.0 0.108108108108 0.3382132132129 0.0277777777778 0.432432432433 0.5296546546543001
0.086652763295 0.26538488790928 1.0850525712436598 0.9749322104895201 0.6825136900966 0.1206172124019 0.30146138747466 0.29030853217206004 0.67351037570842 0.1441084462982 0.2311813776605 0.0 0.05316574905816 0.42522065962016 0.1434044294786 0.050943077961099995 0.1003128258602 0.72809795954582 0.00735294117646 0.63577890255008
0.0281690140845 0.056338028169 0.11267605633800001 0.0563380281689 0.0845070422534 0.0281690140845 0.0704225352111 0.0 0.0704225352113 0.0281690140844 0.0422535211267 0.0 0.0422535211267 0.0563380281689 0.0281690140844 0.0281690140845 0.0563380281689 0.1267605633802 0.0281690140845 0.0563380281689
0.08084628785839999 0.18193915944865 2.2040107463510497 1.0552253089248 0.69641775905785 0.10268591278879999 0.2979519744258 0.7713591809252 1.3315458038664 0.047312852266399995 0.1760205312269 0.0 0.1041905060632 1.0081597525972 0.7883711473383002 0.027717222049150003 0.17190087641274998 0.76793483683375 0.08460188134209999 2.10180826022545
0.25 0.25 0.125 0.0 0.0 0.0 0.0 0.0 0.0 0.0 0.125 0.0 0.0 0.0 0.0 0.0 0.0 0.125 0.0 0.125
0.042590806814519995 0.37857530942103995 0.24211405148155998 0.39134188420733995 0.31163470756072 0.01865347909074 0.06385563074775999 0.12057984371747998 0.29339369579232 0.06290126670132 0.11564730345916 0.0 0.09734513274322 0.13907260278251998 0.11685341480271999 0.027503036612819998 0.04615651570356 0.30832074596838 0.01769911504424 0.20576145734648
0.044884013666600005 1.09984433628394 2.34116178762114 2.68547944741017 1.49722031987227 0.1191562986503 0.6375009425104698 1.3908975035122 2.12152349440991 0.2105438066042 0.979180117991 0.10496668654647001 0.1357895519617 1.4170551839018 0.452065538024 0.0985074626864 0.3168536229845 1.7490437952320002 0.0310077519379 2.5673183381917397
0.0 0.2974204906108 0.939395827823 0.8826506986687 1.1513394825001 0.0614007537688 0.0401005025125 0.6295347901789 0.6796746341349 0.21251823812030002 0.3622103389753 0.0 0.0513505025125 0.7243950013216 0.2779522613067 0.09758771929820001 0.0625 1.0799194988103 0.0 0.45004925945519997
0.0366972477064 1.1155299401607002 0.879681810538 1.704675496325 1.2019848322854 0.25562867874740003 0.6087846950495001 0.2759919881601 1.3569024496816 0.228713478694 0.17664296774819999 0.0344827586207 0.1445745017397 0.9263276088371001 0.2461380112376 0.1093658137572 0.1499275712219 1.332280065448 0.1297640653357 2.0859060187067002
0.0225988700565 0.090395480226 0.42937853107400004 0.38418079096040003 0.4971751412434 0.045197740113 0.0903954802259 0.3163841807909 0.49717514124330003 0.1129943502825 0.0677966101695 0.0 0.1129943502824 0.316384180791 0.045197740113 0.0903954802261 0.0677966101694 0.361581920905 0.0225988700565 0.42937853107359997
0.0 0.0 0.2 0.4 0.0 0.0 0.0 0.0 0.0 0.0 0.2 0.0 0.0 0.0 0.0 0.0 0.0 0.0 0.0 0.2
0.0 0.26472565655708996 0.7208065742426001 0.76086067768829 0.84590333655107 0.1562409953896 0.27506454581309003 0.4557710675524901 0.75589904158549 0.31112131539018 0.26612275485009 0.0 0.2883600658854 0.3292670847472 0.16191080258609 0.0124223602484 0.20155390836689002 0.64532640711988 0.0372670807452 0.5113763246791
0.0551588278749 0.9453466060442001 1.6976097270707 2.0124675920876 1.0813088820676002 0.3409791063454 0.4627711183201999 0.5845851589592 1.9961333322417998 0.378302733147 0.9835469767801 0.0 0.3783303175898 1.4995616951065003 0.4656517127349 0.0733601841197 0.13363577302989998 1.1572443205268 0.1397791543225 1.6142267816331002
0.0 0.279069767442 0.0697674418604 0.3837209302326 0.2093023255816 0.0697674418604 0.1395348837208 0.0697674418604 0.348837209302 0.174418604651 0.1744186046514 0.0348837209302 0.104651162791 0.24418604651140002 0.0348837209302 0.0697674418604 0.209302325582 0.2093023255812 0.0 0.1744186046514
0.0 0.3977602108034 0.30470543948800005 0.7104460756628 0.6850555241858 0.1021456804065 0.0861283643892 0.2214191605496 0.7383210991908 0.277376246942 0.2334839073969 0.0142857142857 0.2506117071333 0.38021833239279995 0.044588744588700005 0.2105966497269 0.1787690570298 0.5864483342742 0.060606060606 0.5170336909463
0.0 0.0 0.0 0.0 0.0 0.0 0.0 0.0 0.0 0.0 0.0 0.0 0.0 0.0 0.0 0.0 0.0 0.0 0.0 0.0
0.0344827586207 0.38900258717279995 0.3697339460172 0.2107386956017 0.264490095378 0.051724137931 0.09518477043679999 0.1397459165156 0.1773564505543 0.11242614974699999 0.0425531914893 0.0 0.34644939568309996 0.07703595011 0.0172413793103 0.1265397536397 0.1195891415992 0.1074834922963 0.0212765957447 0.2969455921534
0.030487804878 0.206364329268 0.59717987804928 0.8184070121941601 0.7574314024381901 0.26733993902499 0.06955030487799 0.34470274390198996 0.6886432926819999 0.060975609756 0.1219512195121 0.0 0.00781249999999 0.7652439024380899 0.123475609756 0.0 0.030487804878 0.63548018292618 0.015625 0.4588414634139699
0.0167364016736 0.40788337650260004 0.4969117354052 0.4194394633721 0.4520488809193 0.100418410042 0.040545925483099994 0.254665604038 0.5215846450163 0.0079365079365 0.11542804011419999 0.0167364016736 0.074882114631 0.7074118350272 0.1665006309363 0.0 0.041409311283799995 0.5788669721727001 0.0167364016736 0.5638573421002
0.0 0.0588235294118 0.0 0.0392156862746 0.1568627450981 0.0 0.1176470588236 0.0784313725491 0.1372549019608 0.0588235294118 0.1176470588236 0.0 0.0784313725491 0.0196078431373 0.0 0.0196078431373 0.0196078431373 0.0196078431373 0.0196078431373 0.058823529411799996
0.0 0.08108108108100001 0.08108108108100001 0.0675675675675 0.040540540540500006 0.027027027027 0.0810810810811 0.0135135135135 0.1081081081081 0.054054054054 0.040540540540500006 0.0 0.08108108108100001 0.09459459459450001 0.0 0.0405405405405 0.09459459459460001 0.027027027027 0.0135135135135 0.054054054054
0.14289618312139998 1.4440881673989996 1.7497544076599 1.9101284400842 1.6375184828114 0.6606224471852 0.474582269171 0.8485026089687 1.7585558266599 0.2012375571696 0.7534744533451 0.0 0.0915087462411 1.2674705156629 0.43428880807189996 0.1658361698891 0.0326086956522 1.5191577605709 0.1323648103308 1.7754036500101
0.0 0.0350877192982 0.1228070175439 0.1578947368421 0.08771929824550001 0.0 0.1776315789473 0.140350877193 0.0877192982456 0.0 0.2850877192982 0.0 0.3026315789473 0.4100877192982 0.0 0.0350877192982 0.0350877192982 0.0350877192982 0.0175438596491 0.0701754385964
0.12295932913150001 0.4946379638323 2.3384023602174 1.2271871478310001 0.9734261806408999 0.31851919320600003 0.27063751151770005 1.4947546822571 1.7153707502818 0.20148130931070002 0.39860801970380005 0.0338983050847 0.1284890637869 0.9707361026494 0.5241773086367001 0.10251393884500001 0.1298941933398 1.2990637771022 0.1287314586481 2.126511403979
0.0 0.0 0.0 0.0 0.0 0.0 0.0 0.0 0.0 0.0 0.0 0.0 0.0 0.0 0.0 0.0 0.0 0.0 0.0 0.0
0.0555555555555 0.58825265643506 0.22039973013988 0.71103778977144 0.49661035213006 0.2055714847922 0.11440705758871002 0.04331463990548 0.40745816232827003 0.038265306122420004 0.18506610633235998 0.0 0.0178571428571 0.25890397481314 0.0878520829818 0.0634920634921 0.0357142857142 0.29437932197654004 0.0 0.17586228706353
0.037033326654600005 0.6757581653404999 1.7145169987627 1.4902334384103002 1.4429886979831 0.1785283177456 0.4442950150569 1.1395277845247 2.0050701122671 0.4375223741427 0.1940562680562 0.0 0.031055900621 1.2970920003279 0.4098718529371 0.0289389067524 0.2470392043296 1.8162822770159 0.0396915949244 1.3704977641442002
0.0121951219512 0.6731869583858999 1.4190636433519 0.7857749977782 0.7770486504152999 0.1500529942728 0.0939782279177 0.6231823865828 1.1241907587771998 0.18093970500919998 0.23701447136429998 0.0 0.0939782279179 0.5283593410948 0.4567024555089 0.0243902439024 0.0853658536585 0.9127088380023999 0.0 0.8218671241047998
0.0 0.81986407925948 0.45865061819406 0.72697126013338 0.5240727094086599 0.11000573159749999 0.09440759846058 0.21407516580708 0.8964627855560598 0.23118807827746 0.3776303938419 0.0 0.1464423155652 0.36272824039938 0.09068206009988 0.17915336117278 0.25423728813589996 0.61545074920216 0.0423728813559 0.85560468353494
0.0178571428571 0.0892857142856 0.3214285714287 0.23214285714299998 0.1428571428571 0.0178571428571 0.0535714285714 0.16071428571430002 0.17857142857140001 0.0357142857143 0.0535714285714 0.0 0.0178571428571 0.1607142857142 0.0 0.0535714285714 0.0535714285714 0.2142857142856 0.0 0.19642857142870002
0.078947368421 0.07894736842109999 0.1842105263163 0.1842105263157 0.4066985645941 0.0 0.2607655502393 0.1435406698565 0.2224880382778 0.1435406698565 0.1052631578947 0.0909090909091 0.0263157894737 0.16985645933010002 0.0 0.0263157894737 0.0 0.078947368421 0.1172248803828 0.681818181818
0.0 0.34996120967750005 1.1765739082527 1.42955931294 0.7651934803253 0.0909179892836 0.18114355319320002 0.769866445283 0.46860340339679996 0.0932979749276 0.1531166392353 0.0615062245777 0.0778996672006 0.7019126891483 0.2443373380405 0.0310993249758 0.0327868852459 0.807413301818 0.1066190065325 1.4581916459434
0.2806854162784 0.6201213728209 1.4862467905027201 1.2204347392193102 0.50591021566781 0.33269186640259996 0.54772867055951 0.67739505970951 1.4796568099713299 0.19731259032499998 0.6283651804825 0.0 0.10505319148940001 0.85028946620751 0.29568466035651 0.095467032967 0.13805721115041 0.7692247342865199 0.21146549181580998 1.5582094997842
0.0 0.0545454545454 0.0363636363636 0.0363636363636 0.0545454545454 0.0 0.0181818181818 0.0545454545454 0.18181818181840004 0.0363636363636 0.1272727272727 0.0 0.0 0.0727272727272 0.0 0.0181818181818 0.0545454545454 0.1636363636364 0.0181818181818 0.0727272727272
0.0 0.16323529411759 0.21948529411749002 0.2382352941175 0.0834558823529 0.0669117647059 0.12794117647058 0.05441176470579 0.32058823529457003 0.10477941176479 0.17169117647069998 0.0 0.06691176470588 0.08382352941159 0.00624999999999 0.0 0.00624999999999 0.129411764706 0.01875 0.13786764705899
0.0 0.0 0.0 0.111111111111 0.0 0.0 0.111111111111 0.222222222222 0.222222222222 0.0 0.111111111111 0.111111111111 0.0 0.0 0.0 0.0 0.0 0.111111111111 0.0 0.0
0.0 0.1428571428571 0.0408163265306 0.061224489795900006 0.2040816326535 0.0 0.0408163265306 0.061224489795900006 0.1020408163265 0.0204081632653 0.0204081632653 0.0 0.1020408163265 0.0204081632653 0.0 0.0204081632653 0.0204081632653 0.0204081632653 0.0 0.12244897959180001
0.0 0.23119837657694 0.52866275074195 0.5587680398334 0.42047237458051 0.07609146665631 0.07795542070250999 0.16314946642282002 0.45993633381284005 0.06313455479053 0.05263157894742 0.0 0.0 0.24402562207432998 0.11669973159060999 0.0277777777778 0.0277777777778 0.42047237458021 0.1043360433604 0.42691030977293
0.0 0.2834809796778 0.5383756420759 0.327849326286 0.4631876721507 0.0601503759399 0.039603960396 0.1797066924738 0.4140549393289 0.09900990099 0.034839574183 0.0 0.0649147621529 0.543140028289 0.1543958907168 0.0 0.0 0.4591677212828 0.0 0.338122534058
0.0 0.1071428571428 0.0 0.1785714285716 0.2857142857146 0.0 0.142857142857 0.0 0.17857142857129998 0.285714285714 0.25 0.0 0.2500000000006 0.0357142857143 0.0 0.0 0.0714285714285 0.0 0.107142857143 0.1071428571428
0.0 0.1515151515151 0.060606060606 0.060606060606 0.030303030303 0.0 0.151515151515 0.0 0.0 0.121212121212 0.151515151515 0.0 0.09090909090900001 0.0 0.0 0.0 0.030303030303 0.030303030303 0.060606060606 0.060606060606
0.0900796284008 0.23436928224160003 0.9904742026203 0.6858604163901001 0.5466856223578 0.36450322111940003 0.3265469404238 0.3200828565795 0.9735740590305999 0.1473887623522 0.418482819108 0.0340909090909 0.0 0.6258110512077 0.0879036129269 0.0900796284008 0.0900796284008 1.1887508475894 0.0354113237325 0.7498251880337999
0.0 0.0 0.0 0.0 0.0 0.0 0.0 0.0 0.0 0.0 0.0 0.0 0.0 0.0 0.0 0.0 0.0 0.0 0.0 0.0
0.00858369098711 0.63676158540454 2.1329220946121197 1.7176210963304401 1.85024749998494 0.41809651534272 0.30151022937501 1.1423656721997302 1.23154947323361 0.39765838418986 0.6465210211059198 0.00858369098711 0.16540150803133002 1.35095259566924 0.51223190655291 0.1631364997858 0.39233629729842 1.65387522719443 0.07861439903403 3.19103061267922
0.0 0.0 0.0 0.0 0.0 0.0 0.0 0.0 0.0 0.0 0.0 0.0 0.0 0.0 0.0 0.0 0.0 0.0 0.0 0.0
0.0384615384615 0.36724565756850003 0.1414392059553 0.39888337469010005 0.2375930521092 0.08995037220839999 0.0384615384616 0.0645161290322 0.10297766749369999 0.0192307692308 0.0707196029776 0.0 0.0322580645161 0.0961538461538 0.0192307692308 0.0 0.0 0.28287841191109997 0.0 0.0
0.0711686771996 0.42618043968352004 0.7729774250805399 0.61352592403282 0.6509612902531201 0.2296235606259 0.04924242424235 0.5758121302602 0.7368962745917401 0.13398818695427 0.22423064845316998 0.0777202072538 0.16741246663497 0.8486797810364599 0.2393545537044 0.0227272727273 0.04484612969064 0.6346205534753999 0.00378787878787 1.4762441753109998
0.0227272727273 0.6426332288401 0.3213166144199 0.2288401253921 0.4341692789975 0.1363636363637 0.0227272727273 0.0454545454546 0.6167711598756 0.1826018808777 0.1598746081504 0.0 0.0454545454545 0.0681818181819 0.0454545454546 0.0 0.0 0.6857366771158 0.0 0.34169278996830005
0.0 0.5179772634916999 0.33935095278570004 0.6284515717925 0.8270314305765001 0.11688311688309999 0.3491664116052 0.2707400381007 0.6224741684565 0.14324461600959998 0.3576158857396 0.0 0.1464968442772 0.3535887111666 0.129383116883 0.056678601772 0.2246895729215 0.4661852166521 0.037987012987 0.41205546789680003
0.0 0.1846153846154 0.4153846153851 0.3230769230768 0.2307692307695 0.0692307692307 0.1153846153847 0.2538461538465 0.3230769230768 0.0230769230769 0.115384615385 0.0 0.0461538461538 0.34615384615329997 0.0692307692307 0.0230769230769 0.0 0.20769230769209998 0.0 0.2538461538463
0.0 0.2142857142855 0.2571428571432 0.2142857142861 0.471428571428 0.0 0.3000000000003 0.0 0.21428571428520005 0.1714285714284 0.171428571429 0.0428571428571 0.0 0.1714285714284 0.0 0.0857142857142 0.17142857142810003 0.1285714285713 0.0428571428571 0.34285714285729996
0.054054054054 0.5037349573426001 1.0241504551242002 0.8586470507135 0.46982426173369995 0.1801295596677 0.2322036450228 0.707364260592 0.41708735052490004 0.270953575077 0.46854807679509997 0.0 0.20395956243090002 0.5478911869538999 0.33073885180539997 0.1189776733254 0.0757931844888 0.655476360653 0.0 0.8804659336935
0.030339050206599997 0.1844095933502 0.7965415746868999 0.7294458056042 0.41236486104000003 0.3088324479055 0.2737953731328 0.3383224575274 0.6881143752011 0.11633540607029999 0.2603468398173 0.0 0.020451770451699998 0.4719203411257001 0.2580416272467 0.0 0.0238095238095 0.5635196910034 0.0 0.5234092618197
0.0 0.4553571428571 0.1339285714285 0.16071428571420002 0.2678571428575 0.0535714285714 0.1875000000004 0.0 0.40178571428589993 0.1875000000004 0.1875000000001 0.0 0.1339285714285 0.1071428571428 0.0 0.214285714286 0.2946428571431 0.0535714285714 0.0803571428571 0.0803571428571
0.0 0.3194701202047 0.3586772187677 0.7004173478171 0.38051943973360003 0.0441712204007 0.2572095838063 0.4073533680653 0.4948084036551 0.3289642101115 0.3375594362024 0.0 0.214539864907 0.3266342939884 0.0689655172414 0.1447459330442 0.3121115745477 0.6243780524453 0.12534948741830002 0.5541249276407
0.0 0.0 0.0 0.0 0.0 0.0 0.0 0.0 0.0 0.0 0.0 0.0 0.0 0.0 0.0 0.0 0.0 0.0 0.0 0.0
0.0 0.18014705882350002 0.1593137254902 0.3639705882359 0.2769607843135 0.0796568627451 0.2352941176468 0.1838235294118 0.2671568627452 0.23897058823490003 0.31495098039190006 0.0 0.1004901960785 0.1764705882358 0.0 0.0588235294118 0.1176470588236 0.1421568627451 0.0 0.10416666666650001
0.0 0.242342315219 0.4073039289479001 0.42167093180809995 0.3090049676351 0.032967032967 0.130989010989 0.47074514526589994 0.42666265241600004 0.050989010989 0.078386271263 0.027397260274 0.0657835315369 0.2993286165888 0.049375282252 0.027397260274 0.010989010989 0.570073761855 0.0 0.37859400873149995
0.0 0.0659340659341 0.1208791208794 0.15384615384640002 0.1538461538462 0.021978021978 0.010989010989 0.0659340659341 0.054945054945 0.0 0.021978021978 0.021978021978 0.0 0.0879120879121 0.043956043956 0.0 0.0 0.10989010989010001 0.0 0.065934065934
0.0 0.2040816326536 0.0816326530612 0.0 0.1632653061224 0.0 0.12244897959180001 0.12244897959180001 0.1632653061224 0.2448979591836 0.1632653061224 0.0 0.204081632653 0.0 0.0 0.0816326530612 0.2040816326536 0.0408163265306 0.12244897959180001 0.0816326530612
0.0 0.076923076923 0.0384615384615 0.0769230769231 0.11538461538450001 0.0769230769231 0.0 0.0384615384615 0.0 0.115384615385 0.0384615384615 0.0 0.11538461538460001 0.0 0.0384615384615 0.0 0.0769230769231 0.0 0.0 0.19230769230810002
0.052982456140399994 0.60742640499528 0.4932226263181 0.62790548731738 0.6404466021635599 0.11858974358970001 0.39827168965438 0.2735995791302 0.83950719366834 0.105641025641 0.37028248587558 0.0 0.0 0.5960354765659599 0.09775212150328 0.0169491525424 0.08858974358978 0.787070038199 0.052982456140399994 0.8327457169653599
0.0 0.0 0.0 0.0 0.0 0.0 0.0 0.0 0.0 0.0 0.0 0.0 0.0 0.0 0.0 0.0 0.0 0.0 0.0 0.0
0.0152671755725 0.3944512139046 1.7961718307391001 1.2429422962935999 1.3951130994989 0.1296387816495 0.3508492957443 1.2447729003074 1.2603467174968 0.15784815162479998 0.6801469856922999 0.0 0.1958150836517 0.9074838334116 0.5572270105806001 0.0450271047682 0.0929369452562 1.2198223776658002 0.0721584408411 2.2419807553034
0.0 0.0 0.0 0.0 0.0 0.0 0.0 0.0 0.0 0.0 0.0 0.0 0.0 0.0 0.0 0.0 0.0 0.0 0.0 0.0
0.0 0.0 0.0 0.0 0.0 0.0 0.0 0.0 0.0 0.0 0.0 0.0 0.0 0.0 0.0 0.0 0.0 0.0 0.0 0.0
0.1052631578948 0.44717630248089996 1.6950523563927 1.1334800009905 1.0055108912786 0.2932264003225 0.17140763328849998 1.0744325206247 0.8450237099145 0.1794019933555 0.47123781576109997 0.1415620248885 0.0573248407643 1.3305347793899 0.3164610533891 0.0 0.155526775156 1.2732011797934 0.10646343884939999 1.1977131254712996
0.0 0.24237195552989999 0.8080473619962 0.7906786196250999 0.8080746738643 0.0441729323308 0.18911220358570002 0.5466454598036 0.5690363729842 0.1408457040035 0.1485347985347 0.0 0.0178571428571 0.45833654649430006 0.1615384615389 0.0444444444444 0.0400793650793 0.6406143564049 0.0178571428571 0.3317524580686
0.0 0.40204870006320004 0.6272087909544 0.849187334817 0.7279198126588 0.0212765957447 0.2890844750932 0.2416740188457 0.6006675843211999 0.2021131804464 0.2768795355873 0.0 0.0586597733147 0.4176533387908 0.06909439812189999 0.0852009799473 0.056074766355 0.6285717595224001 0.0582524271844 0.3884325282287
0.0833333333333 0.3074712643679 0.0574712643679 0.0574712643679 0.0459770114943 0.3563218390812 0.0114942528736 0.12931034482759998 0.1867816091955 0.0114942528736 0.0459770114943 0.0 0.0344827586207 0.2528735632186 0.0344827586207 0.0 0.0 0.2816091954023 0.0 0.10344827586220001
0.0144927536232 0.0144927536232 0.086956521739 0.0579710144927 0.231884057971 0.0 0.07246376811579999 0.0 0.159420289855 0.0289855072463 0.0 0.0 0.0289855072464 0.1014492753623 0.0144927536232 0.0144927536232 0.0 0.0289855072464 0.0144927536232 0.1304347826086
0.0 0.19029541294879998 0.6870138412271001 0.43509065431259997 0.26409860443829997 0.1998112560054 0.0945292839167 0.4108327613817 0.422135952871 0.0640585678333 0.07325268817189999 0.0837765957446 0.03125 0.2097846602607 0.0533058796613 0.0 0.03125 0.4744337680162 0.0 0.2750800732096
0.03125 0.9694368105997 1.9668008405036 1.9780599211699001 1.3055350014618 0.2401483436473 0.7076759061854 1.1660255993545 1.6568341235672 0.1759061833686 0.5796108966157 0.0 0.1619949035311 1.3658976720683 0.1002155172414 0.3504446409063 0.1522388059701 1.0198378974998001 0.0 2.0720869363086
0.0 0.1538461538465 0.0769230769231 0.1538461538461 0.3076923076921 0.0 0.192307692308 0.076923076923 0.0384615384615 0.1538461538465 0.11538461538460001 0.0 0.1538461538465 0.0 0.0384615384615 0.0384615384615 0.192307692308 0.11538461538460001 0.11538461538460001 0.0769230769231
0.0 0.1730628460157 0.238545508816 0.2198864322822 0.3465556574205 0.0430107526882 0.08462500621859999 0.15941055653860003 0.30118187180640005 0.0910815939278 0.15371795691810003 0.0 0.1582947785856 0.0772018847407 0.0337078651685 0.0294117647059 0.15781151170190003 0.32823060358620004 0.0588235294117 0.3454398794681
0.0 0.0 0.0 0.0 0.0 0.0 0.0 0.0 0.0 0.0 0.0 0.0 0.0 0.0 0.0 0.0 0.0 0.0 0.0 0.0
0.0 0.0862068965518 0.0172413793103 0.12068965517229999 0.1379310344828 0.0172413793103 0.0172413793103 0.0517241379309 0.1551724137929 0.0344827586207 0.0862068965518 0.0 0.0344827586206 0.051724137931 0.0 0.0172413793103 0.051724137931 0.0517241379309 0.0172413793103 0.0517241379309
0.0 0.5648487735172001 0.6142295784708001 0.7453996983411002 0.6003016591252 0.1785067873305 0.32435897435819994 0.2033103119786 0.9963721520996001 0.0576923076922 0.1538461538464 0.0 0.133333333333 0.6209335556088 0.211907597047 0.0192307692307 0.0192307692307 0.6652099706281 0.0 0.8912876081608001
0.0 0.1636363636364 0.12727272727260003 0.0363636363636 0.09090909090919999 0.0363636363636 0.0181818181818 0.0545454545454 0.0545454545454 0.0 0.09090909090900001 0.0 0.0 0.0363636363636 0.0545454545454 0.0181818181818 0.0 0.12727272727260003 0.0 0.09090909090900001
0.0 0.0 0.0 0.0 0.0 0.0 0.0 0.0 0.0 0.0 0.0 0.0 0.0 0.0 0.0 0.0 0.0 0.0 0.0 0.0
0.0 0.36677115987450004 0.151515151515 0.2549634273771 0.19017763845340002 0.09090909090900001 0.1253918495297 0.1598746081504 0.38871473354210007 0.3113897596664 0.2204806687564 0.0 0.121212121212 0.030303030303 0.09090909090900001 0.030303030303 0.164054336468 0.151515151515 0.060606060606 0.090909090909
0.0 0.2121794871794 0.5198717948725 0.5222756410254 0.36506410256390004 0.07692307692309999 0.17628205128200003 0.35528846153820004 0.4649038461537 0.176282051282 0.39727564102549995 0.0 0.056410256410200005 0.3604166666664 0.076923076923 0.0466346153846 0.0625 0.6160256410254 0.03125 0.4834935897432
0.0 0.0192307692308 0.07692307692309999 0.0384615384616 0.096153846154 0.0192307692308 0.0384615384616 0.1153846153846 0.153846153846 0.0384615384615 0.0192307692308 0.0 0.0 0.0192307692308 0.0192307692308 0.0192307692308 0.0192307692308 0.19230769230769998 0.0384615384615 0.07692307692309999
0.0697674418604 0.38188170061424 2.02650973701301 0.9353386954888699 0.71992942671444 0.23471442990039998 0.12375541125527 0.6708731223565401 1.21728395406268 0.27860414779029996 0.30834969294259995 0.00892857142857 0.1140586189766 0.8428928562269701 0.415056779981 0.0570293094883 0.10916886785507 0.72770566686737 0.0178571428571 1.7402944263244704
0.0 0.0 0.0 0.0 0.0 0.0 0.0 0.0 0.0 0.0 0.0 0.0 0.0 0.0 0.0 0.0 0.0 0.0 0.0 0.0
0.0243902439024 0.121951219512 0.14634146341440002 0.21951219512189998 0.2439024390244 0.0487804878048 0.170731707317 0.0243902439024 0.31707317073139996 0.07317073170720001 0.170731707318 0.0 0.0 0.0975609756097 0.0243902439024 0.0 0.0975609756096 0.121951219512 0.0 0.0975609756096
0.0 0.3107323526585 0.5394828838958 0.4992562685938 0.5474514346818 0.1701671167897 0.1317055783281 0.4651988538995 0.7425284125959 0.035805354866099995 0.31844728075269996 0.0322580645161 0.1100722481938 0.5264384519418001 0.07161070973229999 0.0689545261368 0.0523799405015 0.5089898962206001 0.0 0.8685206256949
0.0 0.20285423037709 0.19123343527019002 0.25706607357969 0.26177370030558 0.0550458715596 0.181818181818 0.3277731442866 0.45521267723068 0.0444444444444 0.40874803076699 0.12230562505789 0.0 0.09031600407739002 0.0 0.0 0.12230562505789001 0.10479102956159 0.0 0.17431192660579
0.0 0.4301075268815 0.2388632872502 0.28648233486950003 0.1920122887865 0.047619047619 0.1290322580647 0.047619047619 0.31950844854070004 0.047619047619 0.20814132104459998 0.0 0.0483870967742 0.1751152073731 0.1274961597543 0.0798771121351 0.0645161290322 0.2227342549922 0.0 0.3348694316435
0.0 0.1136363636364 0.0454545454546 0.0227272727273 0.0681818181818 0.1136363636363 0.0 0.0227272727273 0.0454545454546 0.0 0.0909090909092 0.0227272727273 0.0227272727273 0.15909090909089998 0.0 0.0 0.0 0.18181818181829998 0.0 0.0909090909091
0.0 0.0 0.0769230769231 0.0576923076922 0.2500000000004 0.0192307692307 0.1538461538461 0.0 0.1346153846157 0.0384615384614 0.0384615384615 0.0 0.0 0.0384615384614 0.0 0.0 0.0192307692307 0.057692307692200004 0.0 0.11538461538460001
0.0 0.0989247311828 0.2064516129033 0.32523719165160003 0.2380771663503 0.0774193548387 0.0588235294116 0.3692599620498 0.2183428209991 0.040164452877799996 0.0440860215053 0.010752688172 0.040164452877799996 0.1605945604047 0.0430107526881 0.0294117647058 0.1509803921566 0.4025300442759 0.0 0.48576850094839996
0.0 0.2203647416413 0.7744386704578999 0.2713664738371 0.4994117070292 0.0824917475569 0.11651469098269998 0.2089910775571 0.6448017779526 0.206686930091 0.1879432624112 0.0161290322581 0.0798771121351 0.33656894466789994 0.1063012713664 0.0 0.0663627152988 0.7576232964006999 0.0 0.42412654835420005
0.0 0.0655737704919 0.049180327868899996 0.11475409836079999 0.0655737704919 0.016393442623 0.049180327869 0.0 0.16393442622979998 0.0655737704919 0.0655737704919 0.0 0.032786885246 0.049180327869 0.032786885246 0.0327868852459 0.049180327868899996 0.08196721311489999 0.0 0.0655737704919
0.0 0.1587401574804 0.276220472441 0.3380577427823 0.2265616797906 0.0314960629922 0.0824146981628 0.1732283464563 0.4071391076113 0.0533333333334 0.2774803149601 0.0 0.060577427821499996 0.13931758530189997 0.105406824147 0.0290813648294 0.0157480314961 0.32955380577439997 0.0 0.29564304461959995
0.0 0.0 0.0 0.0 0.0 0.0 0.0 0.0 0.0 0.0 0.0 0.0 0.0 0.0 0.0 0.0 0.0 0.0 0.0 0.0
0.0 0.0 0.25 0.0 0.0 0.0 0.0 0.0 0.0 0.0 0.5 0.0 0.125 0.0 0.0 0.125 0.0 0.0 0.0 0.0
0.0 0.2400921658984 0.8430289775843001 0.8616183706946999 0.8095368273063 0.0645161290322 0.1612903225811 0.6737483402336 0.6961649613374999 0.0428571428571 0.29155666640640004 0.152542372881 0.0831055221432 1.2671639459509998 0.2090681871433 0.0 0.0 1.0285870499107 0.0 0.5751230180434999
0.0 0.43950039031980004 0.5347384855586 0.48243559718929996 0.8758782201405 0.0967993754878 0.0491803278688 0.34113973458290003 0.3427010148315 0.1475409836065 0.0967993754878 0.0 0.0 0.43325526931999997 0.1935987509757 0.0491803278688 0.0 0.2427790788445 0.0 0.6744730679151001
0.0 0.0 0.0 0.0 0.0 0.0 0.0 0.0 0.0 0.0 0.0 0.0 0.0 0.0 0.0 0.0 0.0 0.0 0.0 0.0
0.0555555555556 0.2261904761905 0.0277777777778 0.0285714285714 0.1126984126984 0.0 0.14126984126980002 0.08492063492060001 0.1960317460318 0.1698412698416 0.2817460317459 0.0 0.1126984126984 0.0555555555556 0.0 0.0285714285714 0.1682539682539 0.08412698412700001 0.0571428571428 0.1690476190477
0.0434782608696 0.5341428384902 0.027027027027 0.5911998955471 0.4065804935372 0.2521216869042 0.054054054054 0.0705052878966 0.1680376028202 0.0 0.1304347826087 0.0 0.027027027027 0.30617574095809996 0.2657004830916 0.0434782608696 0.0 0.6511293902601 0.027027027027 0.4018801410105
0.0 0.0 0.0 0.0 0.0 0.0 0.0 0.0 0.0 0.0 0.0 0.0 0.0 0.0 0.0 0.0 0.0 0.0 0.0 0.0
0.0 0.2584210526314 0.5092095407056 0.8327261975163 0.8610684013397001 0.1089631381824 0.0907096392666 0.5712832643404 0.6092095407061 0.0 0.2442184111962 0.0112359550562 0.0577271831263 0.9304849201651 0.22004730928429997 0.1131578947367 0.0131578947368 0.7796964320916 0.0112359550562 0.7774472698599
