0.0 0.0 0.0 0.0 0.0 0.0 0.0 0.0 0.0 0.0 0.0 0.0 0.0 0.0 0.0 0.0 0.0 0.0 0.0 0.0
0.05 0.2875 0.1375 0.275 0.216666666667 0.0 0.18333333333329999 0.0625 0.3083333333333 0.1666666666666 0.1083333333333 0.0 0.0833333333333 0.3625 0.0875 0.0 0.025 0.175 0.0 0.4708333333333
0.0 0.35621566554033995 1.3881678831487 0.7351607681 0.4663589254218 0.172528133839 0.079980054849 0.41845501793204 0.8116238699021001 0.3247771215368 0.17223117196918 0.0476190476191 0.0680752929444 0.7379140718466402 0.2362138733864 0.0209424083769 0.0418848167538 0.8098556555687 0.0119047619048 1.1000914593631799
0.0 0.10518444666 0.5843469591239999 0.35309784930906 0.5870531263356 0.2025210084036 0.06561743341397999 0.0717846460618 0.54181740492748 0.037886340977080005 0.17080188007398 0.0 0.08340692209087999 0.44049280729268 0.00847457627118 0.0 0.0 0.28957413473856 0.0 0.4579404643216
0.0121951219512 0.1681643132222 0.2731065468555 0.31354300385090006 0.1428112965342 0.0121951219512 0.0131578947368 0.06386392811290001 0.0750962772784 0.025353016688 0.14184852374830004 0.0263157894736 0.051668806161599995 0.0853658536585 0.0497432605904 0.0121951219512 0.0375481386392 0.2262516046211 0.0131578947368 0.2564184852376
0.0 0.0185185185185 0.3333333333335 0.1296296296295 0.0925925925925 0.037037037037 0.0 0.0185185185185 0.1296296296295 0.0555555555555 0.0925925925926 0.037037037037 0.0 0.2037037037035 0.1666666666667 0.0185185185185 0.037037037037 0.222222222222 0.0 0.40740740740770004
0.0 0.0697674418604 0.5232558139554 0.24418604651140002 0.3139534883734 0.0348837209302 0.3488372093024 0.0697674418604 0.279069767442 0.0697674418604 0.2790697674416 0.0 0.0 0.1395348837208 0.0348837209302 0.0 0.0348837209302 0.4534883720922 0.0 0.104651162791
0.0108695652174 0.0108695652174 0.3312783906558 0.15071382219340002 0.0475340687864 0.0108695652174 0.0434782608696 0.3217066839719 0.19824789098 0.0 0.0556456846203 0.0 0.0149253731343 0.20635950681380003 0.11404931862429998 0.0 0.0366645035691 0.1534717715771 0.0 0.2933160285536
0.0900469393619 0.22124542124540003 1.9262839139552 0.7363893336489 0.4655528641826 0.0410958904109 0.6510822510826 0.4247861727311 1.0993704925206 0.3256854256852 0.46783201577669997 0.0 0.0797202797202 1.0154915100134 0.2437486410089 0.0 0.0 0.8739996685203 0.0571428571428 1.2805263229915
0.0 0.1489361702127 0.1507863089731 0.4542090656794999 0.2997224791859 0.0 0.08510638297869999 0.0 0.3228492136906999 0.3459759481958 0.406105457909 0.0 0.10638297872329999 0.30157261794589996 0.0 0.063829787234 0.34227567067489995 0.0425531914894 0.0 0.9296947271047
0.0204081632653 0.0910425708744 0.21737925939590003 0.3821313140644 0.4206390248406 0.09411764705879999 0.0706344076091 0.050226244343800006 0.3656662665066 0.0855203619908 0.2676055037398 0.0 0.1090959460707 0.1436236032874 0.08235294117650001 0.050226244343800006 0.0769230769231 0.15850955766910002 0.061990950226200006 0.25190691661270004
0.0 0.0 0.0 0.0 0.0 0.0 0.0 0.0 0.0 0.0 0.0 0.0 0.0 0.0 0.0 0.0 0.0 0.0 0.0 0.0
0.0 0.4632034632041 0.181818181818 0.2510822510822 0.458874458874 0.047619047619 0.060606060606 0.0 0.2683982683981 0.199134199134 0.138528138528 0.0 0.27272727272700004 0.108225108225 0.0952380952381 0.0 0.060606060606 0.151515151515 0.121212121212 0.121212121212
0.0165289256198 0.0204081632653 1.1836313037614001 0.2985748018216 0.23245909934200001 0.15082644628099998 0.0165289256198 0.3202900995112 0.3546129195479 0.0165289256198 0.2350312025635 0.0227272727273 0.0534660145049 0.49253668409560003 0.3603052791369 0.0 0.0454545454545 0.49590993422250007 0.0 0.6841794569067
0.0 0.0666666666666 0.7980198019797 0.444884488449 0.4099009900986 0.0765676567656 0.0 0.3927392739271 0.6693069306929 0.0 0.1432343234322 0.0 0.0765676567656 0.4422442244219 0.4963696369636 0.0 0.009900990099 0.3313531353132 0.0765676567656 0.5656765676569
0.0 0.0 0.0 0.0 0.0 0.0 0.0 0.0 0.0 0.0 0.0 0.0 0.0 0.0 0.0 0.0 0.0 0.0 0.0 0.0
0.0 0.07894736842109999 0.0263157894737 0.0 0.131578947369 0.0 0.1052631578948 0.0263157894737 0.0526315789474 0.1842105263164 0.0263157894737 0.0 0.0526315789474 0.0 0.0 0.0263157894737 0.157894736842 0.0263157894737 0.0526315789474 0.0526315789474
0.013698630137 0.0572480065425 0.3870374156617 0.2488243712942 0.07094663667949999 0.0697198936823 0.1629523614806 0.1382130443673 0.2338989981599 0.0 0.0821917808219 0.0 0.0 0.041095890411 0.0273972602739 0.0149253731343 0.0423226334082 0.1443467593537 0.0149253731343 0.25025557145759997
0.0 0.0 0.333333333334 0.0 0.45833333333400006 0.0 0.125 0.0 0.125 0.125 0.125 0.0 0.0 0.166666666667 0.0 0.25 0.0 0.166666666667 0.0 0.125
0.0253164556962 0.15690322499832002 1.2132146420399 0.7085951521082101 0.45775912885701 0.18019076772149997 0.0553642902283 0.5304577942043 0.61402497604871 0.12241469924551 0.1987950610155 0.0 0.08993626080551001 0.63473991242312 0.18425217449592 0.04115784467231 0.11169713264360001 0.44685344506461 0.03117758584371 2.1971494518894206
0.0 0.0 0.0 0.0 0.0 0.0 0.0 0.0 0.0 0.0 0.0 0.0 0.0 0.0 0.0 0.0 0.0 0.0 0.0 0.0
0.0 0.0 0.0 0.0 0.0 0.0 0.0 0.0 0.0 0.0 0.0 0.0 0.0 0.0 0.0 0.0 0.0 0.0 0.0 0.0
0.08445932237779999 0.35013275468150007 2.3217003184358402 1.1500110261365 0.6399472509631999 0.31851332398269994 0.16666666666649999 0.52218723261548 1.0222869088879798 0.38275512274283996 0.29222966118914 0.0333333333333 0.0 0.41860506143783993 0.27956989247279995 0.055072463768 0.0333333333333 0.60125874372634 0.00943396226414 1.31850362098434
0.0 0.22215544871799 0.3545673076922 0.3507612179484699 0.27764423076969 0.00781249999999 0.1217948717948 0.02343749999999 0.31069711538448996 0.36037660256369003 0.22015224358949997 0.015625 0.17187499999999 0.06610576923068 0.02704326923069 0.0416666666667 0.0384615384615 0.034855769230699996 0.0 0.35496794871809
0.0400223380491 0.4850451288059 0.414662773837 0.3494572245954001 0.2007856155394 0.1531407729531 0.1707351961438 0.2798578500065 0.7631201241091999 0.2816727320393 0.22822026694869998 0.0 0.0828995004006 0.3242755674716 0.14682929433109998 0.1115746365168 0.0421052631578 0.343917645167 0.0547634910059 0.5269145789221
0.0 0.0 0.8421052631579999 0.184210526316 0.1052631578947 0.0 0.0 0.210526315789 0.236842105263 0.0263157894737 0.184210526316 0.0263157894737 0.0263157894737 0.105263157895 0.0526315789473 0.0 0.0 0.5526315789473 0.0 0.4473684210517
0.0701754385964 0.43159623195900004 2.1261775127486002 0.5762682568497 0.6925935528477 0.039408866995 0.1336098867858 0.1336098867857 0.5368593898537 0.1139054532882 0.1840808918846 0.0 0.0197044334975 0.11822660098500001 0.0 0.0197044334975 0.0701754385964 0.4469795177599001 0.0197044334975 0.2672197735716
0.0277777777778 0.204106280193 0.6932367149759 0.3997584541061 0.2415458937196 0.130434782609 0.1485507246376 0.2934782608703 0.1811594202897 0.0 0.0326086956521 0.0 0.092995169082 0.092995169082 0.1582125603863 0.0 0.0652173913042 0.5579710144932 0.0326086956521 0.6473429951696
0.0247933884297 0.5137975825915999 2.0810709653258 0.9667132571861 0.9327752109672 0.18310460419990002 0.2738989144321 0.3934963642375 1.1673409543085 0.2002373596731 0.587174443279 0.087829696077 0.0749618029029 0.4449402449909 0.1072676152337 0.0322580645161 0.11463133640539999 0.6911949905847 0.1318751627824 0.9906380418732
0.0210526315789 0.3157894736847 0.3157894736836 0.1263157894735 0.2947368421058 0.0 0.0842105263156 0.14736842105279999 1.0315789473696002 0.4842105263158 0.3368421052625 0.0 0.1052631578947 0.0 0.0421052631578 0.0210526315789 0.315789473684 0.105263157895 0.0210526315789 0.2315789473683
0.0 0.6241912209659 0.9239786497864 0.5128434886501 0.3077549690451 0.2008797653958 0.3057689025428 0.4919432419432 0.8027432543576001 0.168741951 0.7996982109892 0.0 0.1930324752904 0.32936895840150004 0.14069264069270002 0.037037037037 0.23382829834430002 0.3484305419793 0.0 0.5790663935827
0.0 0.0 0.0 0.0 0.0 0.0 0.0 0.0 0.0 0.0 0.0 0.0 0.0 0.0 0.0 0.0 0.0 0.0 0.0 0.0
0.0 0.0 0.40425531914940005 0.19148936170199998 0.063829787234 0.0425531914893 0.0 0.0212765957447 0.06382978723409999 0.0425531914893 0.0 0.0 0.0425531914893 0.0 0.0212765957447 0.0 0.0 0.0425531914893 0.0 0.063829787234
0.0 0.2373737373736 0.38383838383819996 0.23737373737380002 0.5303030303027 0.0555555555556 0.0277777777778 0.1818181818182 0.2929292929294 0.0 0.0277777777778 0.0 0.2651515151513 0.4469696969696 0.0277777777778 0.0 0.0 0.1666666666667 0.0 0.11868686868690001
0.0380952380952 0.09523809523799999 0.24761904761939998 0.1523809523808 0.19047619047640002 0.0571428571428 0.0 0.11428571428579999 0.2666666666666 0.0 0.0761904761904 0.0 0.0190476190476 0.2285714285714 0.0761904761906 0.0 0.0 0.1333333333334 0.0 0.30476190476139997
0.0 0.0 0.0 0.0 0.0 0.0 0.0 0.0 0.0 0.0 0.0 0.0 0.0 0.0 0.0 0.0 0.0 0.0 0.0 0.0
0.0 0.0454545454545 0.0454545454545 0.0 0.0454545454545 0.0 0.1363636363635 0.0 0.0454545454545 0.181818181818 0.0909090909091 0.0 0.0454545454545 0.0909090909091 0.0454545454545 0.0 0.0454545454545 0.0 0.1363636363636 0.0454545454545
0.0907046476761 0.4346837944661 1.411111489709 0.724379855527 1.4094793512349 0.24090909090899998 0.3157966471307 0.660419790105 0.9784107946032001 0.0217391304348 0.5445447730676 0.0 0.0434782608695 1.0452943982547 0.613714733542 0.0 0.275862068966 1.8206181000427 0.0217391304348 0.3471139430286
0.0 0.0 0.29166666666700003 0.0 0.29166666666700003 0.0 0.125 0.125 0.166666666667 0.458333333333 0.25 0.0 0.0 0.0 0.0 0.125 0.166666666667 0.0 0.0 0.0
0.0 0.12676320466047 2.4486412527888 0.6726762068916701 0.5468825910931 0.09066736481337 0.039615384615369995 0.62645500126927 0.7069238452182001 0.02003205128207 0.22662046872704 0.02003205128207 0.12044871794867 0.31268736387794 0.16152132520937 0.049801980198 0.0296474358974 0.3873671182906999 0.0104166666667 1.4027999692691702
0.2 0.0 0.2 0.2 0.4 0.0 0.4 0.0 0.2 0.0 0.0 0.0 0.0 0.0 0.0 0.2 0.0 0.2 0.0 0.0
0.1875 0.3471840659341 0.2146291208792 0.288118131868 0.5566620879129999 0.021978021978 0.053228021978 0.032967032967 0.3210851648353 0.07692307692309999 0.1047390109889 0.0 0.010989010989 0.09718406593409999 0.042239010989 0.03125 0.220467032967 0.253434065934 0.032967032967 0.106456043956
0.0260770975056 0.43591206843012 3.5963367668080393 0.68283397768971 0.33128254645065003 0.1564297895465 0.02607709750564 0.5936881559445001 0.5486944302979 0.03628117913832 0.10569175917159002 0.10427559453522 0.12525065122454002 0.7622007400416401 0.23186323126407 0.03815989205592 0.07961466166599 0.52087453237944 0.10519641540302 1.4932594129442103
0.0260869565217 0.30759846279781 2.6713775695836004 0.76621566308891 0.7532062943437199 0.0730910041841 0.0592323085319 0.28367177551371 0.5882640531194 0.0836820083681 0.24888916681881 0.0 0.03125 0.65756435328301 0.15487766054201 0.0627615062761 0.0624999999999 0.4037668273599 0.0 0.7659643896671201
0.00833333333333 0.24129911788326 0.71774258219673 0.35501202886953004 0.2829657845499 0.16198877305530002 0.154844961241 0.18181635926233 0.22381047848170002 0.04798850574723 0.1654771451484 0.0 0.0344827586207 0.13583934776813 0.24405239240860002 0.0229885057471 0.0114942528736 0.29667869553596 0.07614942528740001 0.6370355519920301
0.0757575757575 0.1136363636363 1.4393939393943 0.454545454545 0.0757575757576 0.227272727273 0.0378787878788 0.1893939393936 0.3409090909086 0.0378787878788 0.1136363636363 0.0378787878788 0.0757575757576 0.4924242424238 0.3787878787888 0.0 0.0 0.34090909090849997 0.0 0.5681818181818
0.031746031746 0.6111111111105 1.2539682539677999 0.9841269841271 0.5436507936513 0.063492063492 0.7460317460320001 0.1507936507935 0.42460317460279995 0.5476190476186 0.0912698412698 0.0 0.0555555555555 0.44841269841279996 0.0 0.0595238095238 0.0595238095238 0.6904761904765 0.0 0.23809523809509997
0.0 0.0428571428571 0.6857142857145999 0.407142857143 0.192857142857 0.0428571428571 0.06428571428560001 0.12857142857120002 0.0857142857141 0.0214285714285 0.17142857142860002 0.0214285714285 0.15 0.1499999999995 0.0428571428571 0.0 0.0428571428571 0.4285714285711 0.0 0.3214285714284
0.037037037037 0.7777777777770001 1.148148148148 0.407407407407 0.148148148148 0.111111111111 0.074074074074 0.037037037037 0.333333333333 0.111111111111 0.148148148148 0.0 0.0 0.148148148148 0.037037037037 0.037037037037 0.111111111111 0.296296296296 0.0 0.037037037037
0.021978021978 0.131868131868 0.0769230769234 0.0769230769231 0.054945054945 0.0 0.043956043956 0.0 0.065934065934 0.10989010989 0.07692307692309999 0.0 0.07692307692309999 0.043956043956 0.032967032967 0.021978021978 0.0549450549451 0.021978021978 0.0439560439561 0.043956043956
0.0 0.4462465317921 0.9702817667414 0.9594476320134999 1.0485807211467 0.24806974954439998 0.21830709441299997 0.2242248082951 0.7932173802373 0.3643878245647 0.113469072171 0.0 0.107041107041 0.5020572129715 0.5666538203406 0.07507536711070001 0.1432317273024 0.49155924377079996 0.0727174060507 0.655431534486
0.0 0.0 0.25 0.0 0.0 0.0 0.25 0.0 0.0 0.125 0.0 0.125 0.0 0.25 0.0 0.0 0.0 0.0 0.0 0.0
0.0 0.0 0.0 0.0 0.0 0.0 0.125 0.0 0.0 0.0 0.0 0.0 0.25 0.0 0.0 0.0 0.25 0.125 0.25 0.0
0.0 0.26624026696330005 1.8225144340262 0.5980083690875 1.3744530960333003 0.2902245881667 0.047619047619 0.7361883574347999 0.9568753641607 0.10752688172 0.0833333333334 0.0 0.0925287356322 0.7737724455747 0.1998252026059 0.0 0.0 0.7622728958094 0.05 0.8386169818306999
0.03959627329182 0.09200310558978 2.3676242236036 0.28377329192477996 0.45108695652155995 0.0 0.0 0.24922360248455996 0.43594720496772 0.0 0.0613354037266 0.0 0.03066770186326 0.45496894409932 0.09588509316756 0.0217391304347 0.0652173913042 0.51785714285662 0.0434782608694 0.7895962732905599
0.0 0.0 0.0357142857143 0.0714285714286 0.0 0.0357142857143 0.0714285714286 0.0714285714286 0.1428571428573 0.178571428572 0.1428571428572 0.0 0.0714285714286 0.0357142857143 0.0 0.0357142857143 0.0357142857143 0.0 0.0 0.0714285714286
0.0 0.0645161290323 0.2258064516132 0.0806451612904 0.0967741935485 0.0322580645161 0.0483870967742 0.0161290322581 0.0161290322581 0.161290322581 0.0806451612904 0.0 0.0483870967742 0.0 0.0 0.0 0.0483870967742 0.0 0.0322580645161 0.0483870967742
0.0 0.48243785084109997 0.39647153167550003 1.7089548249119 1.0541566426095001 0.1683507083666 0.1292702485965 0.27746591820350003 0.6401496925958999 0.16551724137950002 0.1407645014701 0.0 0.0 0.41202886928590005 0.0930232558139 0.0275862068965 0.0 1.0728682170538 0.0 0.23095429029640002
0.0 0.2432432432431 0.0810810810811 0.027027027027 0.08108108108100001 0.0 0.08108108108100001 0.027027027027 0.027027027027 0.054054054054 0.0810810810811 0.0 0.054054054054 0.0810810810811 0.0 0.0 0.0810810810811 0.027027027027 0.054054054054 0.0
0.0583941605839 0.24285578516698997 3.65552185350839 0.5766786937333801 0.8943086848221 0.26892187113869 0.077811636312 0.6006638645455801 1.3301799066925701 0.2585013945358 0.37070544124298993 0.015503875969 0.046586889440690005 0.94837183708979 0.24563759134939 0.0194174757281 0.031007751938 0.5666637411616701 0.0140845070422 1.7781830379961803
0.0 0.0 0.0 0.0 0.0 0.0 0.0 0.0 0.0 0.0 0.0 0.0 0.0 0.0 0.0 0.0 0.0 0.0 0.0 0.0
0.04101290963254 0.10814299900694001 0.2961271102287 0.18579940417064 0.17239324726904 0.00943396226414 0.13465739821278 0.0 0.10705064548160001 0.030486593843039998 0.11976166832174001 0.0 0.00943396226414 0.16802383316800001 0.01996027805364 0.00943396226414 0.07040714995034 0.3592850049655 0.0188679245283 0.13972194637534
0.0482808716707 0.34939467312350003 3.684533898302 0.64809927360806 0.33791162227576 0.04449757869246 0.0952784503633 0.51190677966106 0.60756053268716 0.1486924939466 0.06863801452796 0.0127118644068 0.13592615012116 1.09288740920186 0.36846852300286004 0.049564164648900004 0.0 0.6391464891053601 0.0571428571429 1.0993583535114
0.0445918555371 0.3844207953266 4.6681972876643005 0.9110182704705 0.7381616061254 0.09611878379870001 0.1861651847903 0.9848448565399 0.7573170285923001 0.2405021878699 0.29639705818010004 0.0323886639676 0.10860695025389999 0.8462658659694999 0.0323886639676 0.0 0.0277777777778 1.5773453171985998 0.0732323232323 0.9942595227355
0.0538680588514 0.7050344725150001 1.0824405743137 1.0848136165520001 1.1031675585198 0.0612244897959 0.7866145925785 0.1453932185335 0.9822166750592001 0.4903592894647 0.2984544430232 0.0 0.24474217167770002 0.6558346043907 0.29370473557779997 0.030534351145 0.0917588409408 0.9860099196779 0.2676864106193 0.6361419767620999
0.0206611570248 0.1446280991735 2.0661157024848 0.5785123966933 0.20661157024799998 0.0206611570248 0.0206611570248 0.08264462809909999 0.3719008264463 0.10330578512380001 0.0619834710743 0.0 0.0 0.4752066115709 0.061983471074299995 0.0413223140495 0.0 0.28925619834739996 0.0 0.45454545454609996
0.0227272727273 0.0340909090909 0.090909090909 0.0681818181818 0.15909090909159998 0.0 0.3560606060605 0.0340909090909 0.0909090909094 0.14015151515149998 0.0 0.0 0.0 0.0 0.0113636363636 0.3560606060603 0.11742424242419999 0.11742424242419999 0.0946969696969 0.3068181818181
0.0233918128655 0.2553163211055 1.5308346624137 1.2551834130769 0.5219298245613 0.2315257841572 0.1757044125463 0.5810738968629001 0.5689792663471 0.1935140882507 0.1259968102072 0.0 0.11430090377450002 0.3148591174904 0.2026847421582 0.0116959064327 0.1446039340775 1.6458001063257 0.17278043593819997 0.9298245614041001
0.1458005146082 1.11319288270745 3.5956445389583997 1.7760047161002501 2.4920320056509198 0.274282537103 0.23883939165167 0.73740705834921 0.94437882933261 0.64164580279005 0.6757121205698501 0.047619047619 0.22826470770262 0.8269224118935001 0.12352552375276998 0.0522925584128 0.23521459067605 0.85834645222284 0.2738188227508 0.71905548715374
0.0 0.2225609756099 0.19240576496659 0.23135624538063 0.31725794530656004 0.0 0.053861788617930006 0.05772357723576001 0.23529194382856 0.21468957871420002 0.3205838876570001 0.0 0.14870657797483 0.18074648928296 0.0243902439024 0.00833333333333 0.0750000000001 0.25846267553599 0.03333333333333 0.42529563932020004
0.00862068965517 0.37697692507103997 0.7304252009326699 1.59206205168152 0.28947368421087 0.0607985480943 0.14292196007254 0.35478783164777 0.60016420361237 0.12205081669687 0.38060668913707 0.00862068965517 0.10344827586204002 0.20778238700184004 0.06079854809429999 0.00862068965517 0.1814665975282 0.4460072595276 0.08210180623967 0.24226514562219997
0.0 0.0 0.0 0.0 0.0 0.0 0.0 0.0 0.0 0.0 0.0 0.0 0.0 0.0 0.0 0.0 0.0 0.0 0.0 0.0
0.0383022774327 0.06521739130429 0.5486542443067 0.10559006211177 0.1469979296068 0.0238095238095 0.10559006211180001 0.0383022774327 0.16459627329189 0.04347826086959 0.02898550724638 0.0 0.14596273291929002 0.12422360248439 0.03105590062109 0.03105590062109 0.02898550724639 0.17287784679076998 0.057971014492990004 0.09834368530019
0.00518134715025 0.2348948688272 2.9731169479961004 0.6741675992115999 0.48205654359135 0.35372097295275 0.04491644648805 0.68607967940355 0.5441384925081001 0.0699653433071 0.0664996740213 0.0 0.0397350993377 0.7111866932523501 0.032493193993149996 0.0 0.0155440414508 0.25304852693075003 0.0169491525424 0.7963053770348499
0.00662251655628 0.08408773315500001 1.9467768394200702 0.20535877027766 0.19825019746035005 0.05249407618928001 0.0183486238532 0.12740749741774 0.18142049942294003 0.04076796889235 0.03159365696574 0.0 0.01579682848287 0.30323834983946 0.088158454341 0.0397350993377 0.0 0.35469955647389 0.0275229357798 0.27772039613585003
0.0 0.2727272727276 0.340909090909 0.2045454545458 0.477272727275 0.0 0.1363636363636 0.0 0.136363636364 0.40909090909080004 0.2045454545454 0.0 0.2045454545458 0.0 0.0 0.0 0.136363636364 0.0 0.136363636364 0.3409090909086
0.0 0.0384615384615 0.0 0.0384615384615 0.23076923076900002 0.0 0.0384615384615 0.0 0.0 0.269230769232 0.076923076923 0.0 0.076923076923 0.0 0.0 0.0384615384615 0.0 0.0384615384615 0.0384615384615 0.11538461538450001
0.0265486725663 0.1812067978688 1.0114581957464002 1.2220638275119 0.6520183532406001 0.1377867300663 0.3222713864309 0.1312067978688 0.5675833852230001 0.1395280235993 0.3576274757693 0.0 0.0680227182669 0.5781591410828 0.0149253731343 0.043215339233 0.0697640117994 0.9126934857952 0.12286135693210001 0.44105892786449996
0.0 0.1917808219178 0.7123287671237 0.082191780822 0.13698630137 0.0 0.2191780821918 0.0547945205479 0.054794520548 0.0 0.191780821918 0.0 0.027397260274 0.054794520548 0.0 0.0 0.0821917808219 0.054794520548 0.0 0.1369863013698
0.0461538461538 0.44575586442500004 8.937960464599401 1.3979749501683998 0.9634744668724 0.1954050137121 0.1805818546866 0.7948035513376 1.199742713305 0.10521399667510001 0.3984971769702 0.0536398467433 0.1952082759316 1.3610301726225 0.3952371763533 0.0240963855422 0.0499225606608 0.6544948469098001 0.0 2.6008068363384997
0.0 0.0 0.0 0.0 0.0 0.0 0.0 0.0 0.0 0.0 0.0 0.0 0.0 0.0 0.0 0.0 0.0 0.0 0.0 0.0
0.1492069653948 0.42268151638400003 1.5503883899903002 0.9973562325984999 1.0032184163009001 0.1400527414862 0.049964813511500006 0.1182266009853 0.9617088777041001 0.1293485910106 0.30719334210410004 0.0 0.26258395037169996 0.6567691919349999 0.0544013707431 0.27511913686 0.3265459107179 1.2630582030422002 0.0397607318788 0.29241501698100003
0.1505291591165 1.2693337898705 7.87970218633892 2.0702536897644803 1.9017991176935203 0.55255702096402 0.29881163004762 1.57736759630304 1.86967495884122 0.20473022421604 0.40620527295272 0.1012579518821 0.1680919160024 2.42831033886244 0.7200758413544399 0.1833456706475 0.1419555965522 2.05156399322292 0.1515678801515 2.8728661652201
0.0255149602911 0.6635661143731001 5.337677960135 1.7661294496421 1.9747415361341996 0.33968669474229995 0.3206104992262 0.7659563749818 1.3162685936307 0.13242860472200002 0.29631418915810004 0.0 0.1624713796897 1.1338673845926002 0.2860281266295 0.0 0.0860397106356 1.2792916758482 0.0103305785124 2.1030761670620004
0.0302020874972 0.33046625632640003 0.6976940745976 1.0097546909008 0.3181593697067 0.3097106075226 0.4187026227949 0.17308858770750002 0.8014955203992 0.3165120433804 0.2684976185028 0.0175438596491 0.1025618078826 0.5802068935807 0.15057623276030002 0.0678254298129 0.0775966934149 1.4237208361932998 0.0175438596491 0.8881409077214999
0.0 0.2627345844501 2.0643431635384 1.2198391420906 0.30026809651450004 0.0938337801608 0.0375335120642 0.16890080428940002 0.806970509383 0.0 0.1689008042902 0.0563002680964 0.0187667560321 0.45040214477150003 0.1126005361928 0.0750670241287 0.0 0.6380697050926999 0.0 0.5254691689014
0.2058317368573 0.6733651004975 0.9548549101104 1.9062737892935 0.6590130532206 0.0401337792642 1.4103971166025 0.43046400623540004 1.4665195563772997 0.2660324057538 0.3023995843753 0.0 0.2934782608696 0.5591417634475 0.1093937721206 0.2968759583362 0.41207341624189997 1.7928044939427001 0.2176713640939 1.0032759323613
0.0410825815406 0.50395829803375 3.24643928819345 1.9010496845433502 0.8195902766686001 0.29664663423654997 0.4470281908546 0.68711983506315 1.0486920675318498 0.10769674540864999 0.2078204517721 0.1077693070155 0.3618826186599 0.5323608819174499 0.26425864263435 0.02581540596805 0.31712930590370003 1.31923228338845 0.0903245092503 1.6741029914179
0.064935064935 0.5364889496472599 1.9438900280990499 1.64586086428005 1.4556163135113098 0.1601389838231 0.44169514695870005 0.28531935900325 0.78673577884061 0.7337434495350501 0.7394964684435699 0.04203691045791 0.1490088858508 0.7687856003648602 0.09672666514765998 0.27935748462071 0.0574162679424 0.62188805346625 0.024694311536350003 1.1661654135336599
0.0 0.06802721088439 0.0680272108844 0.047619047619059995 0.0884353741498 0.00680272108843 0.054421768707560006 0.04081632653066 0.04081632653063 0.06122448979583 0.05442176870753 0.0 0.06122448979600001 0.04081632653063 0.00680272108843 0.0340136054422 0.1156462585035 0.08843537414963 0.01360544217686 0.10884353741513
0.0152671755725 0.3295475702848 0.7655464531747 0.9666263265680999 0.5062837460431 0.1189722584247 0.1068702290075 0.2990132191401 0.2562371997764 0.1342394339972 0.11897225842470001 0.0 0.0946285607894 0.1921429901319 0.030534351145 0.1098957363619 0.1739899460066 0.2562371997765 0.1221374045801 0.4028579407928
0.0 0.0 0.37500000000120004 0.0 0.0416666666666 0.0 0.0 0.0416666666666 0.0 0.0 0.0833333333332 0.0416666666666 0.0416666666666 0.125 0.0 0.0416666666666 0.0 0.0 0.0 0.20833333333300003
0.0261437908497 0.201761864166 0.5876669508385 0.2728047740837 0.2773515203191 0.0986075589655 0.1074168797954 0.0929241261723 0.1625461778915 0.0929241261723 0.0392156862745 0.0 0.11906791702189999 0.17703893151470004 0.05512929809600001 0.0130718954248 0.0667803353225 0.2452401250356 0.0667803353226 0.297527706735
0.0688956433636 0.5482447591815299 1.66993479717818 1.30031137801983 1.7154110093755 0.33478275665716994 0.2836714953565 0.43797806713408 1.17430530761754 0.16888226288146002 0.27140769353169 0.0212765957446 0.1328329961142 0.8326804115534401 0.1816439121128 0.0212765957446 0.00390624999999 0.55333475646034 0.1327254305977 1.14649788137099
0.0243902439024 0.1008094578761 3.0215145382927 0.7909255511765 0.552827777187 0.1790925551178 0.1084780061775 0.17722867184969998 0.7210033017355 0.14958994568130002 0.1142826712108 0.0 0.0596975183726 0.8115880285437 0.2740973479602 0.084087762275 0.1547023112152 0.5637448077541 0.0353072744701 1.0766322292036001
0.0 0.0 0.0 0.0 0.0 0.0 0.0 0.0 0.0 0.0 0.0 0.0 0.0 0.0 0.0 0.0 0.0 0.0 0.0 0.0
0.0 0.0510204081633 0.18367346938759999 0.0816326530611 0.1122448979591 0.0102040816326 0.040816326530500005 0.08163265306140001 0.05102040816310001 0.040816326530500005 0.0408163265306 0.0 0.0204081632653 0.12244897959180001 0.0 0.0204081632653 0.0204081632652 0.0102040816326 0.040816326530500005 0.07142857142850001
0.0817770699897 0.9768558435400001 1.5010258513816 1.8489838707264 0.9241095670762 0.29434435420840005 0.5151133356097 0.302828810137 0.8361119530426999 0.181332236843 0.5587573885202 0.0262995811776 0.040404040404 0.9948705099105 0.39097671035189996 0.0574584609672 0.2127011507425 1.8000141864140002 0.048855972154999996 1.4071791068050001
0.0 0.0 0.0 0.0 0.0 0.0 0.2500000000003 0.0 0.0 0.0833333333333 0.2500000000003 0.0833333333333 0.0833333333333 0.0 0.0 0.0 0.0833333333333 0.0 0.1666666666666 0.0
0.018816222141019998 0.90610729770824 9.2276073451543 2.87102489928364 1.5241196603279001 0.39966981143231994 0.63737290965712 1.4141789036630399 1.9516389047733198 0.13564650820264001 0.44043834252062 0.0 0.39102774810054 2.6707528105127403 0.5304607610948 0.14480688176710002 0.07880042662640001 1.9463623541004198 0.05922026254502 2.6519479503924197
0.0 0.0 0.0 0.0 0.0 0.0 0.0 0.0 0.0 0.0 0.0 0.0 0.0 0.0 0.0 0.0 0.0 0.0 0.0 0.0
0.1730186823991 0.8214273145984 0.7850271696941999 1.0524632130972 0.9783987993592 0.3038513688351 0.1819869240455 0.411381945523 0.9507150373468001 0.3957080508544 0.4410115751523 0.0074074074074 0.2508368265796 0.564124963343 0.0548148148148 0.1820655867796 0.26682192206230004 0.6449081405579 0.0584795321638 0.47555072538720006
0.2023005642646 1.40528108125738 3.1485573700062 1.8852338801599 1.4245167924745998 0.2876401646083 0.89147457072964 1.6036293137279398 1.9389431624967401 0.24133189775974 0.5494119037392 0.03141115169744 0.2651653416413 1.7392696231388998 0.38194843145650004 0.11586807047704001 0.20282459221604 1.73899828104914 0.15221902150554 1.79397478559874
0.06881523748929999 0.5482746341037 3.9990842724518 1.9044786461691001 1.6331684844449998 0.5007915902176999 0.4459292577571 0.9706502061883 1.6667199055101 0.4685850098777 0.4276289775069 0.0343839541547 0.1758919810029 1.2261405849587002 0.2777407073046 0.0747262236526 0.1672190962921 1.432882823808 0.0383561643835 1.9385322427299998
0.1079812206573 0.7004694835686001 0.9797183098594999 1.4463849765254002 0.8686384976527 0.2206572769952 0.3604694835673 0.3937089201874 0.6392488262918001 0.1210328638495 0.3173708920186 0.0140845070422 0.1457276995304 0.5307042253521 0.12328638497649999 0.02 0.08225352112670001 0.9781220657282 0.0422535211267 0.9078873239438
0.0483870967741 0.1451612903226 0.7620967741941 0.37500000000059996 0.1693548387096 0.0362903225806 0.133064516129 0.0725806451612 0.254032258064 0.0120967741935 0.0483870967742 0.0725806451613 0.024193548387 0.2661290322575 0.0725806451613 0.0241935483871 0.0483870967741 0.1693548387097 0.0 0.2661290322583
0.0444444444444 0.3016761016758 0.7210937210941 0.41904021904009997 0.4316054316048 0.0296296296296 0.20280460280440002 0.1587745587744 0.34027454027480003 0.0962962962963 0.31966551966480006 0.006993006993 0.1149295149294 0.2620638620636 0.0296296296296 0.0884744884744 0.07365967365960001 0.6555666555663 0.25166685166720004 0.45171125171079995
0.0257510729613 0.25667150930157 1.6929596892563301 1.37972284303304 0.45928575324259 0.24783444899745 0.09064673155058 0.8027499635900499 0.88111929604379 0.09355785660634999 0.08079724281421 0.0441842526848 0.0257510729613 1.04615412046541 0.1647589800017 0.00858369098711 0.06362986084001 0.43984014508636 0.09292495773161999 1.10307651183962
0.0728043235007 0.8141247077766401 2.7837717740726697 1.5135289541797001 1.50630226721577 0.2255743684595 0.45636755053374006 0.7323719981520701 1.4356690563905699 0.41666116455437 0.815781495209 0.017094017094 0.08658255324913999 0.8722192724377 0.39492755430567 0.3484455608682 0.32306108622499996 1.4948883747096702 0.0949023199022 1.59492160116617
0.0 0.5700711053645 0.6463262227959999 0.930704589528 0.7845291962932 0.1564964447317 0.352639517346 0.052941176470500007 0.7149105796173998 0.15983624218900003 0.4831501831499 0.0 0.2094376212022 0.38192199956870004 0.141176470588 0.0859082094375 0.2094376212022 0.534453781513 0.134195216548 0.45186382245150003
0.0183486238532 0.17149525189115003 0.4634637051348 0.23128923225519996 0.3238371157251 0.05424110735550001 0.0725897312087 0.15475615644615 0.31426042169655005 0.07178496700465001 0.12683083856424998 0.0 0.20103009818120002 0.1347980041847 0.08216642523735002 0.0183486238532 0.1172541445356 0.17149525189115 0.08216642523735002 0.1898438757443
0.0 0.0 0.0 0.0 0.0 0.0 0.0 0.0 0.0 0.0 0.0 0.0 0.0 0.0 0.0 0.0 0.0 0.0 0.0 0.0
0.0238095238095 0.0833333333335 0.1547619047619 0.107142857143 0.0714285714287 0.0119047619048 0.0 0.0119047619048 0.08333333333340001 0.0119047619048 0.0357142857143 0.0 0.0119047619048 0.0833333333334 0.0238095238095 0.0 0.0357142857143 0.1190476190477 0.0 0.1309523809524
0.0431654676258 0.3877790870755 1.0694307167697201 0.9291093259700001 1.34538135372106 0.2837712225857 0.15442605987792 0.4386426793232 1.28703061144478 0.11086889109386 0.46240555649796 0.0 0.03020342346806 0.84104973734326 0.2319147223056 0.047444802778400005 0.0 1.2096001601617203 0.0681654676259 1.05961071433246
0.02373887240348 0.0712166172109 0.44510385756628 0.14243323442128 0.17210682492608 0.0593471810088 0.01780415430264 0.10089020771516 0.17804154302688002 0.017804154302679998 0.02967359050436 0.00593471810088 0.02967359050448 0.1899109792287 0.017804154302679998 0.0 0.00593471810088 0.19584569732919999 0.00593471810088 0.29080118694378
0.0 0.0 0.0 0.0 0.0 0.0 0.0 0.0 0.0 0.0 0.0 0.0 0.0 0.0 0.0 0.0 0.0 0.0 0.0 0.0
0.0 0.060606060606 0.242424242425 0.121212121212 0.30303030303 0.060606060606 0.181818181818 0.060606060606 0.121212121212 0.181818181818 0.09090909090900001 0.0 0.060606060606 0.18181818181800002 0.0 0.060606060606 0.0 0.09090909090900001 0.121212121212 0.060606060606
0.051700308161099995 0.72664639214736 1.30609442120653 1.3283266025476301 1.2771801854102 0.1534602024021 0.3217050702571 0.36597065957743 0.88144498471029 0.1793474129518 0.37024979386882995 0.0 0.08311392072646 0.44375562590576 0.1789499927831 0.02919078078993 0.17145219907950002 1.03464566840606 0.10195222527903 0.99481355379296
0.0266666666667 0.0533333333334 0.6533333333328001 0.1533333333332 0.1333333333334 0.0 0.1266666666666 0.1066666666667 0.18666666666639997 0.1333333333337 0.133333333333 0.0 0.0266666666667 0.7599999999997 0.0266666666667 0.133333333333 0.1866666666667 0.0533333333334 0.0533333333333 0.0533333333334
0.02838842750908 0.6587860087456401 4.13039277098148 1.6172327797149397 1.1111359785101198 0.4364101112696 0.31696510834374 1.4911653020681601 1.8194240970123998 0.31979105881635 0.60151290221119 0.00877192982456 0.16134772767659 1.6284331461683803 0.33986279374993 0.0823691765682 0.24075235441826 1.2676941417402499 0.09774575866078 2.64181842602104
0.0 0.125 0.25 0.125 0.125 0.0 0.0 0.25 0.125 0.0 0.0 0.0 0.0 0.0 0.0 0.0 0.0 0.0 0.0 0.0
0.0333333333333 0.45833333333385995 0.33333333333295995 0.26666666666662003 0.20833333333325998 0.00833333333333 0.03333333333333 0.10833333333323 0.31666666666646004 0.058333333333330004 0.15833333333343 0.0 0.05 0.18333333333319998 0.0833333333333 0.025 0.03333333333333 0.43333333333328994 0.0166666666667 0.1916666666669
0.04830330268414 0.48428824710964 1.9746163950279998 1.1897974330123402 1.1920204275187998 0.3640350825531 0.2522710003474 1.3586083606731 1.2589069982501 0.11759369974844 0.2769277438432 0.06384423723714 0.32476276867134 1.72919579904734 0.2420696114184 0.07291763610970001 0.11052005348374 1.3834571275438001 0.058259655653700004 1.4976044200736
0.16878746382799997 0.64227440478328 3.3942620177987806 2.4991609657709897 1.6675621906736002 0.2544805964251 0.5228922426556 0.88329225195849 1.2637005130903 0.1991434418475 0.4862118316831999 0.0480769230769 0.0716957144267 1.0099560920583002 0.50034706212029 0.0480769230769 0.050495426829190004 1.81740649234049 0.0213414634146 1.45083598214458
0.053097345132699994 0.7498039489187001 1.2474839156268 1.5574637587903002 0.9731061301851001 0.1376713257244 1.0726611146960998 0.4910679291214 1.054975015151 0.2722115642466 0.9974781855324999 0.148148148148 0.16886063788709998 0.7151926244846 0.1531454451808 0.0782094012183 0.038961038961 0.8890106943202 0.128205128205 1.0732466484668999
0.0374331550802 0.2620320855618 0.8609625668436 1.0481283422457999 0.7486631016042 0.0748663101604 0.1871657754014 0.37433155080360003 0.7486631016040001 0.1497326203208 0.262032085562 0.0 0.0748663101604 0.48663101604299996 0.1122994652406 0.112299465241 0.1122994652406 0.6737967914434 0.0 0.673796791446
0.0340909090909 0.2155673274096 0.23812371838670998 0.59005468215967 0.5484449760762 0.17797334244746998 0.34073820915920994 0.03007518796984 0.60124743677437 0.21573820915907 0.5374231032125 0.0 0.00751879699247 0.41994190020508 0.08321941216674 0.13251879699237 0.3749999999998 0.53238209159284 0.6211551606294701 0.29878673957661
0.0365149833518 0.5730710408213001 3.1215098626726996 1.7490919439813 0.6097182074212 0.29195750387409997 0.2113279187681 0.8610571032905 1.0396931485758 0.116057736187 0.4109772236166 0.12134965661399999 0.2197380950815 1.0251341659469 0.3767717884262 0.0 0.1588031407014 1.1595742613259001 0.035294117647 1.8823581016932998
0.060898673284850005 0.92758344265438 2.46699068178886 1.4551241878277301 1.22423221345201 0.30325879448890003 0.2814668040123 0.8514785983697 1.30818715477823 0.43167904128675005 0.59182745121155 0.0060975609756 0.0793999322574 0.8004705675071101 0.15935078793930002 0.5117765882945 0.3493741866083301 0.98728888797818 0.15804813399335998 1.0454663112924
0.0 0.07500000000003 0.07500000000006 0.08333333333343 0.09166666666669 0.0 0.058333333333390004 0.03333333333336 0.09166666666671999 0.0750000000001 0.04166666666666 0.0166666666667 0.0333333333334 0.08333333333363001 0.02500000000003 0.0166666666667 0.0750000000001 0.01666666666666 0.0 0.10833333333336001
0.0172413793103 0.34885239919697 0.65245697257147 0.78604451742344 0.32396399683764 0.12 0.16008392629067 0.1685075716107 0.5081323359476999 0.2515690567411 0.32523322994566994 0.0 0.0637742504408 0.20973484157367 0.09228911999016999 0.06876847290640001 0.0810156297511 0.3920543696402 0.10356261022910002 0.32671531958868
0.0 0.0 0.060606060606 0.121212121212 0.0 0.0 0.030303030303 0.333333333334 0.212121212121 0.0 0.0 0.030303030303 0.0 0.060606060606 0.0 0.0 0.0 0.060606060606 0.0 0.09090909090900001
0.0 0.0 0.0 0.0 0.0 0.0 0.0 0.0 0.0 0.0 0.0 0.0 0.0 0.0 0.0 0.0 0.0 0.0 0.0 0.0
0.05824080612601999 0.29546528567824004 1.1357159414034599 1.02343302846466 0.93839488600194 0.14675561109350002 0.21942765660820002 0.3718250484303 0.6679297349790001 0.05684936626412 0.12468430379279999 0.08363092192312001 0.0265486725663 1.6064565833444402 0.2045632045848 0.0263157894737 0.1045703673108 0.91531096956282 0.1567361800731 0.83714564231776
0.021094402673299997 0.2080200501248 1.0693400167087 0.42439431913129994 0.4373433583965 0.1131996658315 0.0449039264828 0.2635756056812 0.3740601503764 0.0079365079365 0.139724310777 0.0 0.047410192147 0.5687134502921 0.0975355054302 0.0 0.0 0.5031328320809 0.021094402673299997 0.6585213032574
0.0 0.1764705882352 0.0441176470588 0.1764705882348 0.3088235294118 0.0441176470588 0.1323529411764 0.0 0.35294117647 0.6617647058830001 0.176470588235 0.0441176470588 0.4852941176466 0.0441176470588 0.0 0.0441176470588 0.0882352941176 0.0882352941176 0.0441176470588 0.0882352941176
0.0 0.111111111111 0.3333333333335 0.33333333333299997 0.277777777778 0.0 0.222222222222 0.16666666666649999 0.3888888888885 0.333333333334 0.3888888888885 0.0555555555555 0.7777777777770001 0.0555555555555 0.0 0.0 0.0555555555555 0.111111111111 0.0 0.3888888888895
0.1309176225236 0.4553691549613 1.5039358809220498 0.8038172933413 0.8400570447157001 0.0413165266105 0.29640556952740005 0.5515416385533 0.9089063362571501 0.20074730622175 0.43726716964175005 0.0 0.052801120448 0.620822343536 0.1683125805066 0.09966161647125 0.10316301703160001 0.8732850804551999 0.0147058823529 0.89696681592385
0.0281690140845 0.056338028169 0.11267605633800001 0.0563380281689 0.0845070422534 0.0281690140845 0.0704225352111 0.0 0.0704225352113 0.0281690140844 0.0422535211267 0.0 0.0422535211267 0.0563380281689 0.0281690140844 0.0281690140845 0.0563380281689 0.1267605633802 0.0281690140845 0.0563380281689
0.021978021978 0.19804173096604 1.9077110445541001 0.99513214400272 0.69141870388754 0.12532473801309998 0.18265437598252 0.8284716876473 1.08288376079166 0.07371126588273999 0.28714531592743997 0.0 0.09800276385854001 0.88464737083362 0.6664725580873201 0.057852789200200004 0.18884502830542002 0.56858201601014 0.0913215280921 2.0498031559757997
0.0 0.0 0.0 0.0 0.0 0.0 0.0 0.0 0.0 0.0 0.0 0.0 0.0 0.0 0.0 0.0 0.0 0.0 0.0 0.0
0.0327868852459 0.32192078920600004 0.2550413462933 0.8966342666474 0.315972725954 0.0176991150442 0.1599241466498 0.2792273735257 0.39920416157149996 0.10619469026560001 0.1756854780212 0.0 0.19469026548670001 0.1763175892727 0.06687944291299999 0.0353982300885 0.0530973451327 0.20455534600289998 0.0353982300884 0.27337257258909997
0.07207336809920001 1.2318536632768 2.7905374215991 2.6508090266336 1.7824085039622002 0.1650147385946 0.8068092965676 1.4582060383853999 2.3496511116661 0.3193012243355 1.0009147517517 0.09258110066380001 0.1599834993518 1.6638620203838 0.5169167462711 0.0716417910447 0.281356410253 1.9268002900010002 0.0310077519379 2.6282712452265
0.0183486238532 0.47818448279112996 1.17614694215913 1.5900478364586599 1.0812895102836 0.10137124844400001 0.1217933705223 0.6748184473186001 1.2669854842175599 0.1972448043169 0.50974838733723 0.0 0.1196641656294 0.78278236304646 0.4444998309592 0.1817258168356 0.11754587155960002 1.3855010036310298 0.0366972477064 0.71560456293293
0.0843330980945 0.9762202482657099 0.75011998629301 1.64929501564392 0.87269288801701 0.254455712446 0.5823545949044 0.30022256734642 1.01289428838523 0.17941844140351 0.2106124490404 0.10278514588860001 0.1634767478645 1.12344887314324 0.3115578952995 0.08647209938391 0.05583051665861 1.27898863517371 0.08416515426491 1.9206556424827301
0.0225988700565 0.090395480226 0.42937853107400004 0.38418079096040003 0.4971751412434 0.045197740113 0.0903954802259 0.3163841807909 0.49717514124330003 0.1129943502825 0.0677966101695 0.0 0.1129943502824 0.316384180791 0.045197740113 0.0903954802261 0.0677966101694 0.361581920905 0.0225988700565 0.42937853107359997
0.0 0.21591660310209998 0.20144927536242 0.43091787439661 0.3385710653447 0.01739130434782 0.44436816679391 0.19852529875421 0.4637681159418 0.16951436562451 0.12512077294691 0.0 0.2690058479532 0.09033816425121999 0.00869565217391 0.0260869565217 0.08164251207730999 0.45746249682202 0.2660818713456 0.19514365624221
0.0 0.1241362738215 0.7973305295270001 1.2113738777482999 0.6773642425908999 0.256878237707 0.2178455369149 0.8590827886596 1.0135539519688002 0.17832265922610002 0.3442376076796 0.0123456790123 0.0412884977355 0.8256554516404 0.2231317496285 0.0186335403727 0.0891356374463 0.9138539673047 0.0559006211181 1.1399291498986002
0.0260198637445 0.6072463795727601 1.03135429304536 1.32754834736946 0.8376036473386 0.177237251197 0.34902204464812 0.5372914161182001 1.51041242400476 0.4006699661759 0.70441494980496 0.0185185185185 0.17138555539380002 0.98407752724796 0.2034119506667 0.0733601841197 0.1311243286636 0.8735300354778202 0.11042533241560001 0.9253459844752999
0.0 0.1853309481217 0.3001788908764 0.18944543828260002 0.2851520572449 0.054025044722700005 0.1388193202146 0.0232558139535 0.4239713774598 0.088908765653 0.0889087656528 0.0116279069767 0.0656529516994 0.2660107334524 0.0116279069767 0.0232558139535 0.2236135957066 0.3466905187837 0.0 0.2735241502681
0.0 0.37279314888009996 0.28278750235255 0.7247882552235001 0.8642668925288 0.09455110107275 0.08654244306415 0.13244871070949998 0.84742141916025 0.39955768868834995 0.26891586674165 0.00714285714285 0.21226237530575 0.38576134010950003 0.022294372294350003 0.12703745529845 0.1328627893845 0.5975719932237 0.030303030303 0.41069075851685
0.0 0.0 0.0 0.0 0.0 0.0 0.0 0.0 0.0 0.0 0.0 0.0 0.0 0.0 0.0 0.0 0.0 0.0 0.0 0.0
0.0689655172414 0.3345561261926 0.2971386647102 0.2098312545854 0.31621423330910003 0.103448275862 0.0425531914894 0.0689655172414 0.2281731474691 0.07703595011 0.0425531914893 0.0 0.2920029347027 0.1115187087308 0.0344827586207 0.0212765957447 0.15407190022 0.1936903888481 0.0212765957447 0.38224504768879997
0.0222961320522 0.3420105305581 0.53368538730468 0.6521336817502601 0.76450763150799 0.16418900155928998 0.14305490512779 0.34865097303999 0.6023501679962001 0.0818615082703 0.252072023855 0.010101010101 0.057812499999990004 0.7322644017975899 0.16456352847220002 0.0 0.1121951219512 0.5017947159780799 0.065625 0.44883177867807006
0.0167364016736 0.40788337650260004 0.4969117354052 0.4194394633721 0.4520488809193 0.100418410042 0.040545925483099994 0.254665604038 0.5215846450163 0.0079365079365 0.11542804011419999 0.0167364016736 0.074882114631 0.7074118350272 0.1665006309363 0.0 0.041409311283799995 0.5788669721727001 0.0167364016736 0.5638573421002
0.0 0.0588235294118 0.0 0.0392156862746 0.1568627450981 0.0 0.1176470588236 0.0784313725491 0.1372549019608 0.0588235294118 0.1176470588236 0.0 0.0784313725491 0.0196078431373 0.0 0.0196078431373 0.0196078431373 0.0196078431373 0.0196078431373 0.058823529411799996
0.0 0.1477477477477 0.1144144144143 0.1509009009008 0.1238738738738 0.027027027027 0.2144144144145 0.0801801801802 0.1414414414415 0.08738738738740001 0.1905405405406 0.0 0.09774774774770001 0.1112612612612 0.0 0.0405405405405 0.22792792792830002 0.043693693693700006 0.0468468468468 0.154054054054
0.0371335882284 0.7074766475252001 0.9572908619045999 1.2176047583021001 0.9821622997559001 0.4157950257122 0.1669563202408 0.6686230118923999 1.0993974252941001 0.1170029593757 0.4866407260723 0.0 0.0489990604899 0.8031078608469999 0.2929899324215 0.0418348130212 0.0 0.7980958828277 0.057707828894199995 1.1011809971938
0.0 0.0 0.23076923076900002 0.0 0.076923076923 0.0 0.0 0.0 0.0 0.0 0.076923076923 0.0 0.0 0.076923076923 0.0 0.0 0.0 0.076923076923 0.307692307693 0.153846153846
0.0856020133239 0.4589212210936 1.9976727846203999 1.2771250270674 1.0517591100637 0.32552806462170003 0.38448762536779996 1.1083779108928 1.551898694558 0.30855099507280004 0.5185357328517001 0.0169491525424 0.13712328670680002 0.8624060233752999 0.39234453394580004 0.0821057755797 0.1703357337813 1.0383627173696 0.07737162157400002 2.1545419755933
0.0 0.0 0.0 0.0 0.0 0.0 0.0 0.0 0.0 0.0 0.0 0.0 0.0 0.0 0.0 0.0 0.0 0.0 0.0 0.0
0.0555555555555 0.85507674144166 0.40508517456565996 1.08378192874922 0.68568102172026 0.2920953505372 0.1474649088283 0.05984356552528 0.6621385468790599 0.05867346938772 0.27985443488696 0.0 0.0178571428571 0.33328414010232 0.1578470231065 0.0634920634921 0.0357142857142 0.4994729296679199 0.0 0.30708171698442
0.1037632444281 0.9060040897877001 1.9692236203778002 1.4971799688775 1.2774811067865002 0.1498748521284 0.5250039335383001 1.026978557753 1.4987275251071 0.2139849785397 0.2303822826031 0.0348837209302 0.031055900621 1.6505210753946 0.3321116572609 0.0361175502878 0.20665713510330003 1.1649220897025 0.0244896433111 1.120637067459
0.0121951219512 0.36197886137699997 1.118830609252 0.6459924437341 0.5506354132601 0.1047126911946 0.2310808503986 0.3750172247483 0.8072409757748998 0.17660930568289998 0.25471875841909997 0.0 0.0713793578613 0.32525014448200007 0.2950254926279 0.0243902439024 0.0853658536585 0.8680263420401999 0.0 0.6915503096342
0.0277777777778 1.6535322431596997 0.6171361814196 1.4262489201046 0.7702176670235001 0.30318103660039997 0.3894144245762 0.3803111271527 1.3446691130389001 0.1631249404697 0.2923515758547 0.0 0.13659624989750002 0.7708060748255999 0.21743224433020003 0.1106710063047 0.1221030785194 1.1233517479702002 0.0985818056036 1.0524927853729997
0.12657563025257001 0.10346638655464001 0.21953781512599999 0.2337184873949 0.07142857142847 0.18539915966357 0.026785714285670004 0.19800420168114002 0.08928571428574 0.0178571428571 0.0267857142857 0.0 0.06775210084037 0.08035714285707 0.117647058824 0.0267857142857 0.026785714285670004 0.16596638655457002 0.117647058824 0.09821428571434
0.0 0.13333333333320002 0.32567049808430004 0.3800766283528 0.31543016370610005 0.1111111111112 0.5097875304772 0.21428073841860001 0.34761407175180004 0.1943573667712 0.1555555555556 0.0909090909091 0.1134099616858 0.21657958899340002 0.0 0.0222222222222 0.0567049808429 0.2344827586205 0.18209683037270002 0.3963775687911
0.0 0.3138623926289 0.9925713278455 0.9301572280787 0.5895410127652 0.0693298555749 0.07789966720059999 0.7319568089971 0.3181472984414 0.10911334390960001 0.1349036260666 0.04782447923079999 0.1021167408208 0.49650965064729996 0.1800164080214 0.0327868852459 0.0655737704917 0.8770975561599 0.0628620732158 0.8677298746602001
0.1048612404544 0.8375612129137999 1.1903939158018 1.6284057836105998 0.7512927794948 0.3887008084416 0.4636429085949 0.6161374551945 1.3255224066195999 0.2364480481086 0.5207678862457 0.0 0.0212765957446 0.9268916291679 0.2820045565637 0.010989010989 0.1305022660954 0.7964038547077 0.12498147103899998 1.6432161702096
0.0 0.1640625 0.28125 0.328125 0.28125000000010003 0.09375 0.140625 0.09375 0.281250000001 0.28125 0.09375 0.0 0.0703125 0.046875 0.046875 0.1406250000001 0.328125 0.1171875 0.09375 0.1171875
0.0 0.31184210526329 0.23651315789459 0.2815789473682 0.147697368421 0.0638157894737 0.05131578947368 0.07763157894739 0.17894736842107 0.057565789473689996 0.0687500000002 0.0 0.03749999999998 0.05131578947369 0.00624999999999 0.0263157894737 0.058881578947390004 0.1526315789476 0.07138157894739999 0.12006578947389
0.0 0.0 0.0 0.0 0.0 0.0 0.0 0.0 0.0 0.0 0.0 0.0 0.0 0.0 0.0 0.0 0.0 0.0 0.0 0.0
0.0 0.24057971014500001 0.3913043478262 0.1304347826088 0.0869565217392 0.0869565217391 0.0666666666667 0.3710144927534 0.3304347826088 0.17681159420259998 0.2202898550722 0.0 0.24347826086929997 0.1304347826088 0.0434782608696 0.0666666666667 0.0666666666667 0.0869565217392 0.0 0.2608695652175
0.0491803278688 0.1021591363453 0.45463999015800005 0.40962199735456 0.39861040199288 0.07776889244299999 0.20043151969959 0.11297880847648001 0.20654938024779002 0.12770676344829002 0.4993694829766 0.0 0.02999999999999 0.23156737305060002 0.09796081567359999 0.0 0.02999999999999 0.36664318887800007 0.0243902439024 0.58042167748299
0.0 0.23084940073048 0.3879997022256 0.28273654433115997 0.35040571726336 0.03007518797 0.039603960396 0.11955631653386 0.2862353904565 0.09900990099 0.027320777190479997 0.0 0.0423583711754 0.4002828854313599 0.1168019057544 0.0 0.0 0.308791781434 0.0 0.27797215811816
0.0 0.0535714285714 0.0 0.0892857142856 0.1428571428572 0.0 0.0714285714286 0.0 0.08928571428580001 0.142857142857 0.125 0.0 0.125 0.0178571428571 0.0 0.0 0.0357142857143 0.0 0.0535714285714 0.0535714285714
0.0 0.5856929955287999 0.4113263785393 0.28017883755569994 0.320417287631 0.0327868852459 0.45454545454530004 0.0983606557377 0.1639344262295 0.494783904621 0.6840536512674 0.0 0.4694485842025 0.09836065573769999 0.0 0.0983606557377 0.1564828614009 0.1564828614009 0.2801788375557 0.21460506706409999
0.021897810219 0.7631603234426999 1.057845571409 0.9199840467899001 0.8959457464407999 0.5362599230177 0.2355370072146 0.3582877281177 1.3570098804093 0.1174118157086 0.5642310012031 0.0 0.0 0.6303861453213 0.191716565144 0.0712805262683 0.021897810219 1.1969561838071998 0.048924837246 1.0112670780216
0.0 0.0666666666667 0.08888888888890001 0.0888888888888 0.1333333333333 0.0222222222222 0.0222222222222 0.088888888889 0.1333333333333 0.0444444444444 0.0222222222222 0.0 0.0 0.0222222222222 0.0 0.0222222222222 0.0222222222222 0.06666666666660001 0.0444444444444 0.1111111111111
0.00858369098711 0.260528654596 1.7984288930370202 1.26995664943322 1.13782633646601 0.36974385852491 0.27189392009601 0.8263142379211099 1.06977020926161 0.34613362829241995 0.44958675768670003 0.00858369098711 0.17054949374251 0.9862207604578103 0.30622868404459996 0.036585365853600005 0.2769608788379 1.1133995007698099 0.08734228043041 2.20536250856921
0.0 0.0 0.0 0.0 0.0 0.0 0.0 0.0 0.0 0.0 0.0 0.0 0.0 0.0 0.0 0.0 0.0 0.0 0.0 0.0
0.0196078431373 0.26397058823560005 0.1213235294119 0.26397058823549996 0.43872549019600005 0.0892156862745 0.10343137254910001 0.14975490196090002 0.45661764705880004 0.0588235294119 0.19975490196089998 0.0 0.0 0.1017156862745 0.0784313725491 0.0963235294118 0.1409313725491 0.2426470588236 0.0196078431373 0.1551470588236
0.1234526613283 0.5239849269907999 1.0686952425818 1.1068864813938 1.2070607630698 0.43908148845999995 0.4099999999998 0.8508808290147001 1.2396043334883 0.24454545454510002 0.48999057936830004 0.102176165803 0.23999057936860002 0.8348657560055001 0.256712199717 0.0454545454545 0.0889072067827 1.2145171926521 0.0627272727272 2.4504663212452
0.0227272727273 0.2541941150635 0.7106719367591099 0.85435514565902 0.7314595227641301 0.16357780705611 0.1893939393939 0.36220172741911 0.98342116820421 0.17676035719501 0.4231152100716 0.0 0.063973063973 0.26737666520263 0.20117113160581 0.074074074074 0.0740740740741 0.7415532132919199 0.0 0.70589957546421
0.0133333333333 0.4740788728413 0.4270080309103 0.629533418295 0.7900770724598 0.0851082251082 0.2061430392039 0.160035805316 0.5914519359143 0.1371495327103 0.3489706477323 0.0 0.17557318849370002 0.3391050693856 0.1509415584418 0.0595308896711 0.2588299550911 0.4832172189182 0.0314935064935 0.6384186996804
0.0 0.0 0.0 0.0 0.0 0.0 0.0 0.0 0.0 0.0 0.0 0.0 0.0 0.0 0.0 0.0 0.0 0.0 0.0 0.0
0.0 0.0 0.0 0.0 0.0 0.0 0.0 0.0 0.0 0.0 0.0 0.0 0.0 0.0 0.0 0.0 0.0 0.0 0.0 0.0
0.027027027027 0.3188777879496 0.5236171370199 0.47918905650840005 0.2546902572675 0.0943789887089 0.1103868964693 0.2761944566069 0.2286019450967 0.1406314267138 0.24458331674830003 0.0 0.101699637782 0.26570937653390003 0.169963778211 0.054054054054 0.027027027027 0.3206225371171 0.0 0.3627452931579
0.017094017094 0.190973790289 1.0129375951294 0.5638656118107 0.569868867814 0.33222941442139997 0.2551892551889 0.3475671968821 0.659280724349 0.18867117154769997 0.5002564660107 0.0 0.0442612942612 0.6687058502126 0.22977821265470003 0.0 0.0714285714285 0.6559606045907 0.0 0.6919313563154
0.0 0.0394736842105 0.18421052631590001 0.0789473684209 0.0657894736841 0.0 0.0 0.0131578947368 0.0921052631577 0.0657894736843 0.1315789473688 0.0 0.0263157894737 0.0921052631578 0.0394736842105 0.0 0.0263157894737 0.1052631578946 0.0 0.0394736842104
0.0 0.1245210727969 0.29310344827589996 0.5316091954027 0.2001915708813 0.0277777777778 0.0622605363985 0.12068965517239999 0.2768199233716 0.1388888888888 0.15900383141750002 0.0 0.09003831417609999 0.1906130268198 0.0689655172414 0.1283524904213 0.0795019157088 0.2557471264366 0.0172413793103 0.23467432950189998
0.0 0.0 0.0 0.0 0.0 0.0 0.0 0.0 0.0 0.0 0.0 0.0 0.0 0.0 0.0 0.0 0.0 0.0 0.0 0.0
0.0 0.062499999999900004 0.0416666666666 0.1875000000001 0.0416666666667 0.0208333333333 0.0 0.125 0.20833333333339998 0.062499999999900004 0.0208333333333 0.0 0.0416666666667 0.0 0.0 0.0 0.0 0.08333333333330001 0.0 0.10416666666650001
0.0 0.483930562192 0.45941232680349997 0.6685857620639 0.7476827520303 0.1981844242712 0.0769310399745 0.4473403408186 0.6898391463606999 0.2095397356266 0.14287306895989998 0.0 0.0769310399745 0.415089982481 0.3850215002388 0.0999999999999 0.010989010989 0.5030100334451 0.0 0.38463927376999996
0.0 0.1701007326008 0.287545787546 0.2996794871797 0.36217948718020004 0.084478021978 0.0318223443223 0.17010073260070002 0.2007783882783 0.0 0.0636446886446 0.021978021978 0.0208333333333 0.46291208791249994 0.1272893772893 0.0 0.0 0.35989010989030007 0.0208333333333 0.31593406593400003
0.0 0.1020408163266 0.0408163265306 0.0 0.0816326530612 0.0 0.061224489795900006 0.061224489795900006 0.0816326530612 0.1224489795923 0.0816326530612 0.0 0.1020408163265 0.0 0.0 0.0408163265306 0.1020408163266 0.0204081632653 0.061224489795900006 0.0408163265306
0.0 0.2464387464387 0.11396011396010002 0.2464387464385 0.2492877492878 0.1723646723645 0.037037037037 0.09544159544160001 0.074074074074 0.3233618233617 0.2435897435898 0.0 0.2678062678061 0.074074074074 0.09544159544160001 0.0555555555555 0.20940170940150002 0.037037037037 0.0185185185185 0.44017094017049996
0.0 0.1698717948716 0.3205128205128 0.294871794872 0.3044871794869 0.22756410256429999 0.14102564102550003 0.4743589743592 0.3237179487177 0.0128205128205 0.179487179487 0.0 0.0 0.4006410256412 0.0993589743589 0.0 0.0416666666666 0.38782051282080005 0.0 0.6217948717956
0.0 0.0 0.0 0.0 0.0 0.0 0.0 0.0 0.0 0.0 0.0 0.0 0.0 0.0 0.0 0.0 0.0 0.0 0.0 0.0
0.027315368343600002 0.3681014765926999 1.8713511334543997 1.1292965322752 0.8675016444364001 0.0540085295487 0.2500089596099 1.2139347889727001 1.1311555756945 0.1567344531334 0.45151680164189995 0.0 0.1995905068644 0.8822124826116999 0.4149092894966 0.07401261201449999 0.1377460684864 0.8186531181294 0.0710447423497 1.880905916346
0.0 0.0 0.0 0.0 0.0 0.0 0.0 0.0 0.0 0.0 0.0 0.0 0.0 0.0 0.0 0.0 0.0 0.0 0.0 0.0
0.0 0.0563380281688 0.0140845070422 0.0281690140844 0.18309859155 0.0 0.0140845070422 0.0140845070422 0.1830985915492 0.1549295774649 0.0845070422535 0.0140845070422 0.056338028169 0.0 0.0 0.0140845070422 0.056338028169 0.0422535211266 0.0422535211266 0.0422535211267
0.1346749226007 0.6897765272845 2.4352934166523 1.4023263282510001 1.2301554290033 0.48580789151830006 0.3081629723668 1.2163221383948 1.0874556497638999 0.2382255227673 0.5107847799640001 0.0398671096345 0.1440614462344 1.7858090838644 0.4620211882709 0.0 0.0493453195232 1.3210480849366002 0.0725651337647 1.3862970552096
0.0 0.26216006216 0.8888888888900001 0.8773892773886 0.6188034188032001 0.041958041958 0.08251748251739999 0.4699300699304 0.679098679098 0.0837606837606 0.1603729603728 0.0 0.041958041958 0.5308469308467001 0.1706293706293 0.0444444444444 0.06418026418020001 0.5928515928514999 0.0 0.3902097902097
0.0 0.9089458934709 0.8217414890643999 1.4951671692945 1.2704603212725 0.19426456984270002 0.2655389118804 0.35132756814980004 0.9685511999995999 0.2883560868278 0.47876648910450004 0.0 0.2764262927198 1.0501716637006 0.31998029831429997 0.1557035383041 0.136286062576 0.9795424780268001 0.0388349514563 0.9999350159944
0.0833333333333 0.3074712643679 0.0574712643679 0.0574712643679 0.0459770114943 0.3563218390812 0.0114942528736 0.12931034482759998 0.1867816091955 0.0114942528736 0.0459770114943 0.0 0.0344827586207 0.2528735632186 0.0344827586207 0.0 0.0 0.2816091954023 0.0 0.10344827586220001
0.0289855072463 0.4995737425413 0.40920716112499994 0.2335890878093 0.46376811594330003 0.0 0.1449275362317 0.0 0.318840579711 0.1756180733167 0.0 0.0 0.1756180733166 0.320545609549 0.0289855072463 0.0289855072463 0.0 0.4109121909646 0.1466325660703 0.613810741688
0.0 0.07526881720419999 0.20430107526879998 0.0860215053763 0.07526881720430001 0.0322580645161 0.010752688172 0.11827956989250002 0.1182795698924 0.021505376344 0.010752688172 0.0 0.0 0.0322580645161 0.010752688172 0.0 0.0 0.0967741935483 0.0 0.1075268817204
0.0 0.30520047844393994 1.0481200270427 0.35183836912992 0.43325185917096 0.06370586093912001 0.1541577825162 0.37584897810562 0.80316709137198 0.08635394456289999 0.1952987674867 0.0 0.08063341827446 0.50450361433232 0.0 0.2182068750323 0.13603411513856 0.4864735555670999 0.0 0.75720526288428
0.0 0.0 0.0 0.0 0.0 0.0 0.0 0.0 0.0 0.0 0.0 0.0 0.0 0.0 0.0 0.0 0.0 0.0 0.0 0.0
0.0 0.34741452216990004 0.35590793765889994 0.47741331400310005 0.5606922798122 0.0860215053762 0.1767186178567 0.23752567355309998 0.3998852241152 0.11451612903220001 0.1084934154887 0.0 0.061235955056200005 0.40945994925699997 0.0337078651685 0.0 0.0215053763441 0.27509967379489997 0.0 0.3344025613146
0.0 0.0 0.0 0.0 0.0 0.0 0.0 0.0 0.0 0.0 0.0 0.0 0.0 0.0 0.0 0.0 0.0 0.0 0.0 0.0
0.0 0.0655737704917 0.19672131147549998 0.17418032786869997 0.0327868852458 0.0491803278688 0.0327868852458 0.0819672131147 0.1147540983605 0.4077868852458 0.0819672131147 0.0 0.15778688524579998 0.09836065573750001 0.0163934426229 0.25 0.125 0.0163934426229 0.0 0.0983606557376
0.0 0.21815511629759998 0.4263078510752 0.5084226403112 0.39139477653450006 0.2780344526483 0.0647773279352 0.11221719456990001 0.45224259744389994 0.0384615384615 0.1551956815115 0.0 0.0 0.45224259744440004 0.1336349924586 0.09176788124150001 0.0128205128205 0.2650075414782 0.0 0.39931729776920005
0.0 0.3272727272726 0.2545454545456 0.0727272727272 0.1818181818186 0.0727272727272 0.0363636363636 0.1090909090909 0.1090909090909 0.0 0.1818181818183 0.0 0.0 0.0727272727273 0.109090909091 0.0363636363636 0.0 0.25454545454530003 0.0 0.1818181818181
0.0 0.0 0.0 0.0 0.0 0.0 0.0 0.0 0.0 0.0 0.0 0.0 0.0 0.0 0.0 0.0 0.0 0.0 0.0 0.0
0.0 0.32131661442 0.0757575757575 0.17920585161960004 0.1295715778474 0.045454545454500006 0.0799373040752 0.11442006269590001 0.29780564263310005 0.1901776384539 0.1447230929989 0.0 0.060606060606 0.0151515151515 0.045454545454500006 0.0151515151515 0.133751306165 0.0757575757575 0.030303030303 0.0454545454545
0.047619047619 0.4966623288989 0.6439536340856999 0.7770236890299 0.4287822922688 0.0 0.16140109890100002 0.39543871698449995 0.7018176450736999 0.1313259109311 0.32354624542120003 0.0 0.043184885290100006 0.4224292702908 0.1120107962212 0.0507127192982 0.0838815789473 0.6928017158276001 0.063244047619 0.42416437728899997
0.0 0.0192307692308 0.07692307692309999 0.0384615384616 0.096153846154 0.0192307692308 0.0384615384616 0.1153846153846 0.153846153846 0.0384615384615 0.0192307692308 0.0 0.0 0.0192307692308 0.0192307692308 0.0192307692308 0.0192307692308 0.19230769230769998 0.0384615384615 0.07692307692309999
0.0465116279069 0.48190873103344 2.7446922198707 1.27466018449805 1.01181689851062 0.2994619368272 0.22018546521975 0.6969318704714299 1.39104403250846 0.2926985804892 0.4368580965072801 0.00892857142857 0.18478655860190002 0.90232929731434 0.47023404682889003 0.0855439642324 0.14710992223447 1.00501256989525 0.0315557729941 2.2677296526272697
0.0 0.0 0.0 0.0 0.0 0.0 0.0 0.0 0.0 0.0 0.0 0.0 0.0 0.0 0.0 0.0 0.0 0.0 0.0 0.0
0.0121951219512 0.139922978177 0.09948652118090001 0.188703465982 0.3587933247749 0.050706033376099996 0.11168164313219998 0.0648267008986 0.2374839537869 0.08921694480100001 0.2432605905013 0.0 0.0526315789474 0.10141206675219999 0.0121951219512 0.0 0.07509627727849999 0.0872913992297 0.0 0.07509627727849999
0.0 0.3762848058426 0.9084934913672 0.6948773039935001 0.7147022713321001 0.2080952605814 0.1325966850828 0.471014150572 0.6871015724608001 0.1154042908186 0.3257543561409 0.0 0.1211219719507 0.49596260093500005 0.1196974705262 0.0855291117722 0.06342966425839999 0.6021666587966 0.0 0.8777683335691
0.02 0.3629599227422 0.5319990342833 0.3016706904875 0.522670207629 0.110091743119 0.0263157894737 0.222197006277 0.41152583293080003 0.0331578947368 0.21994688556299996 0.0183486238532 0.04 0.3164799613715 0.0526315789473 0.0 0.0183486238532 0.2840849830996 0.0 0.507571221633
0.0 0.4666666666676 0.120238095238 0.3440476190474 0.047619047619 0.1738095238095 0.0 0.0488095238095 0.1952380952379 0.0238095238095 0.097619047619 0.025 0.0499999999999 0.2964285714283 0.1226190476189 0.07380952380940001 0.0 0.5952380952390001 0.0 0.3190476190472
0.0 0.22727272727300002 0.090909090909 0.0454545454545 0.1363636363636 0.2272727272731 0.0 0.0454545454545 0.090909090909 0.0 0.181818181818 0.0454545454545 0.0454545454545 0.3181818181817 0.0 0.0 0.0 0.36363636363609997 0.0 0.1818181818181
0.0 0.0 0.0769230769231 0.0576923076922 0.2500000000004 0.0192307692307 0.1538461538461 0.0 0.1346153846157 0.0384615384614 0.0384615384615 0.0 0.0 0.0384615384614 0.0 0.0 0.0192307692307 0.057692307692200004 0.0 0.11538461538460001
0.0 0.129032258064 0.8500488758556 0.38044965786880003 0.6150537634405 0.11573802541530001 0.0 0.5822091886601 0.3870967741924 0.0430107526881 0.18846529814270002 0.0430107526881 0.0430107526881 0.36715542521960004 0.24477028347930002 0.0 0.0363636363636 0.8136852394927 0.0 1.1608993157379
0.0 0.18465045592709997 0.37006079027329997 0.2152988855116 0.4118541033426 0.0544579533941 0.0688956433638 0.063829787234 0.47391084093299995 0.1352583586626 0.10460992907809999 0.0 0.0238095238095 0.1514690982777 0.0663627152989 0.0 0.0544579533941 0.4338905775074 0.0 0.18718338399190002
0.0 0.1387445021992 0.17113154738109998 0.21231507397050003 0.1143542582968 0.016393442623 0.049180327869 0.0 0.3102758896446 0.1143542582968 0.2363054778091 0.0 0.032786885246 0.0979608156739 0.0815673730509 0.0327868852459 0.1467413034788 0.13074770091969998 0.0243902439024 0.08996401439429999
0.0 0.26388620777239 0.29488442976889 0.36902887139166 0.3223130979598 0.01574803149606 0.17346541359743 0.15113030226048998 0.54808568283846 0.1066666666666 0.31874015747999995 0.0 0.08254677842693 0.12191685716716 0.12496147658960001 0.09905681144693 0.13690627381253 0.46606722546842994 0.0645161290322 0.34007958682626005
0.0 0.0 0.0 0.0 0.0 0.0 0.0 0.0 0.0 0.0 0.0 0.0 0.0 0.0 0.0 0.0 0.0 0.0 0.0 0.0
0.0 0.0526315789474 0.1578947368424 0.3157894736844 0.0526315789474 0.0526315789474 0.15789473684219998 0.0 0.2631578947368 0.0 0.157894736842 0.0 0.1578947368424 0.0526315789474 0.0526315789474 0.0 0.105263157895 0.2105263157898 0.0526315789474 0.1578947368424
0.0888888888889 0.222222222222 0.0 0.2222222222222 0.26666666666629996 0.0444444444444 0.0444444444444 0.0444444444444 0.22222222222189997 0.0888888888889 0.133333333333 0.0 0.0 0.0444444444444 0.0888888888889 0.0 0.0444444444444 0.17777777777769999 0.0 0.2666666666666
0.0 0.0 0.0 0.0 0.0 0.0 0.0 0.0 0.0 0.0 0.0 0.0 0.0 0.0 0.0 0.0 0.0 0.0 0.0 0.0
0.0 0.0 0.0 0.0 0.0 0.0 0.0 0.0 0.0 0.0 0.0 0.0 0.0 0.0 0.0 0.0 0.0 0.0 0.0 0.0
0.0 0.1428571428571 0.0 0.0285714285714 0.0571428571428 0.0 0.0857142857142 0.0571428571428 0.0571428571428 0.114285714286 0.14285714285700002 0.0 0.0571428571428 0.0 0.0 0.0285714285714 0.0571428571428 0.0285714285714 0.0571428571428 0.0857142857143
0.090909090909 0.181818181818 0.3181818181815 0.272727272727 0.181818181818 0.0 0.1363636363635 0.0454545454545 0.3181818181815 0.0 0.3636363636365 0.0 0.0 0.090909090909 0.0 0.0 0.090909090909 0.727272727273 0.0 0.181818181818
0.0 0.0 0.0 0.0 0.0 0.0 0.0 0.0 0.0 0.0 0.0 0.0 0.0 0.0 0.0 0.0 0.0 0.0 0.0 0.0
0.0 0.09015151515139999 1.37168596073 1.3071629213486 1.1488579616387 0.2833276586078 0.19292645556639998 0.8262427647251 0.6550192940633001 0.0 0.2484820111219 0.0224719101123 0.0335830212234 1.0729315628181 0.2874829758256 0.0333333333333 0.0568181818181 0.807684996027 0.0224719101123 1.539365565771
