0.0 0.0 0.142857142857 0.0 0.0 0.142857142857 0.285714285714 0.0 0.0 0.0 0.0 0.0 0.0 0.0 0.0 0.0 0.0 0.142857142857 0.142857142857 0.142857142857
0.0 0.2289552238806 0.189552238806 0.04 0.5080597014926 0.06985074626860001 0.04 0.1 0.30925373134300005 0.259104477612 0.388358208955 0.0 0.2089552238803 0.1095522388058 0.0 0.119402985075 0.0895522388059 0.1997014925374 0.0 0.1397014925372
0.0 0.16854899027658002 1.02327349788044 0.43900523560191995 0.28234854151078 0.10236848666159999 0.07713787085508 0.41093243580163996 0.2808900523558 0.06426078284720001 0.09951383694824 0.0476190476191 0.0652331089504 0.49281974569973996 0.1999875342806 0.00523560209424 0.01047120418848 0.45517327349729997 0.0119047619048 0.76327599102478
0.0 0.2095948995122 0.6533688408466 0.47180825943230004 0.3539381854439 0.1230650154798 0.0432649420161 0.0994516450647 0.40486435430510004 0.0316550348953 0.1212808941596 0.0 0.06555333998 0.5012200241386 0.0169491525424 0.0 0.0 0.3585821482924 0.0 0.5454032638935
0.0466778805718 0.43767429507309996 0.7871718826092 0.6733433668264001 0.29571510778629995 0.0121951219512 0.6125226860256 0.1723031295646 0.5152051702013 0.1074764286661 0.4884909919881 0.08711433756789999 0.0911424903721 0.1888141295204 0.1318666725685 0.1156433978132 0.050706033376 0.3873223850203 0.1297640653356 0.6688504271602
0.0 0.2277777777778 0.6000000000008999 0.6944444444443999 0.1888888888888 0.1555555555555 0.0 0.0277777777778 0.1944444444444 0.0833333333333 0.138888888889 0.0555555555555 0.0 0.30555555555589997 0.25 0.0277777777778 0.0555555555556 0.3333333333331 0.0 0.6611111111114001
0.0579710144927 0.3985507246374 0.37318840579600004 0.721014492753 0.9202898550727001 0.0 0.141304347826 0.391304347826 0.7210144927534001 0.115942028985 0.231884057971 0.0 0.0579710144927 0.0579710144927 0.0 0.0579710144927 0.173913043478 0.289855072463 0.0 0.2898550724627
0.0108695652174 0.1296195652174 1.2832373458794 0.5437175535366999 0.20863481505499998 0.0358695652174 0.1059782608696 1.0257178780016 0.6898523685918 0.0625 0.22019792342629999 0.0 0.10102611940299999 0.632665476963 0.3084523036989 0.025 0.1165152498377 0.3617740103831 0.0 1.1383719987038
0.0752370916754 0.0615384615384 1.5977065641855002 0.29008863819560005 0.38848323312530003 0.013698630137 0.0 0.43973842434779997 0.4980722742203 0.0882352941176 0.2551230397318 0.0 0.123076923077 0.9978243352157001 0.054794520547899996 0.0 0.0294117647059 0.2326659641729 0.0 0.8543048410089001
0.0 0.0744680851064 0.0753931544866 0.2271045328399 0.14986123959300002 0.0 0.0425531914893 0.0 0.1614246068454 0.1729879740984 0.2030527289548 0.0 0.0531914893617 0.1507863089732 0.0 0.031914893617 0.17113783533760002 0.0212765957446 0.0 0.46484736355309997
0.0408163265306 0.2825376304367 0.8985594237689001 1.0167513159127 0.9761196786409001 0.4149321266973 0.2801828423677 0.12398190045240001 1.090608551114 0.2651583710404 0.5610028626832001 0.0 0.2417213039061 0.41122910702740006 0.4063348416288 0.0855203619909 0.11538461538460001 0.5885123280080001 0.3248868778284 0.8757595345829
0.0 0.25 0.0 0.0 0.5 0.0 0.0 0.0 0.0 0.0 0.0 0.0 0.0 0.0 0.0 0.0 0.0 0.25 0.0 0.0
0.0 0.136363636364 0.0909090909091 0.36363636363600005 0.1818181818181 0.0 0.030303030303 0.0 0.0151515151515 0.0757575757576 0.37878787878750003 0.0 0.1363636363636 0.030303030303 0.0 0.0 0.030303030303 0.0757575757575 0.060606060606 0.393939393939
0.00826446280991 0.1463414634146 0.72795303366281 0.18164180608740998 0.17297419875019998 0.07541322314051 0.00826446280991 0.17607337230371 0.46376738560851 0.00826446280991 0.12149768191891 0.0113636363636 0.0165289256198 0.19524793388443 0.1535224753073 0.0 0.0227272727273 0.23949304575692 0.0 0.27066115702491
0.0 0.0 0.0 0.0 0.0 0.0 0.0 0.0 0.0 0.0 0.0 0.0 0.0 0.0 0.0 0.0 0.0 0.0 0.0 0.0
0.0 0.0 0.0 0.0 0.0 0.0 0.0 0.0 0.0 0.0 0.0 0.0 0.0 0.0 0.0 0.0 0.0 0.0 0.0 0.0
0.0 0.0 0.0 0.0 0.0 0.0 0.0 0.0 0.0 0.0 0.0 0.0 0.0 0.0 0.0 0.0 0.0 0.0 0.0 0.0
0.0 0.0298507462686 0.2089552238809 0.19402985074630003 0.0298507462686 0.0149253731343 0.14925373134359998 0.0149253731343 0.17910447761200002 0.0 0.0 0.0 0.0 0.0 0.0 0.0149253731343 0.0149253731343 0.0895522388058 0.0149253731343 0.0447761194029
0.0 0.0 0.0 0.0 0.125 0.0 0.125 0.0 0.125 0.125 0.125 0.0 0.0 0.0 0.0 0.25 0.0 0.0 0.0 0.125
0.0653164556962 0.1364432057567 1.4130624895133 0.665993270073 0.5076362297507 0.10114138438869999 0.0142857142857 0.4577021308336 0.8300873399071 0.2937113402059 0.2724226804135 0.0 0.0702135493372 0.5730185865286 0.1431735985532 0.061855670103 0.1118556701029 0.7001248112444001 0.0 2.5819558733078
0.0 0.0 0.0 0.0 0.0 0.0 0.6 0.0 0.2 0.0 0.0 0.0 0.0 0.0 0.0 0.0 0.0 0.2 0.0 0.0
0.0 0.2047038327524 0.3754355400706 0.2517421602786 0.2861498257835 0.1267421602786 0.1023519163761 0.07317073170720001 0.34277003484299995 0.2129790940761 0.2796167247382 0.0 0.1885888501751 0.0487804878048 0.0 0.0 0.1088850174215 0.0535714285714 0.07317073170720001 0.2713414634147
0.09955771961844001 0.4159209044292 1.134806948321 1.6259345464200599 0.9292587850940199 0.1122580645161 0.07528735632176001 0.26567192058252 0.81045585241468 0.454461351186 0.19288230808502002 0.047816091954 0.00862068965516 0.36945418039588 0.1043010752689 0.0133333333333 0.0133333333333 0.62524873898974 0.0549772283669 0.6464195717119801
0.035294117647 0.42036369753429004 0.8446281596186 0.47756987244447 0.6297740482134899 0.07840073529408999 0.2502262443435 0.05873161764699 0.74553484357889 0.02704326923069 0.3902502828048 0.015625 0.04687499999999 0.5569779801834799 0.13292562217179 0.0 0.0384615384615 0.7342472499607001 0.0 0.51707072086129
0.0 0.4736842105268 0.1894736842108 0.0947368421052 0.1263157894736 0.0631578947368 0.0631578947368 0.0631578947368 0.5052631578948 0.2210526315786 0.2526315789471 0.0 0.0315789473684 0.0947368421051 0.0947368421051 0.126315789474 0.0631578947368 0.0947368421051 0.0631578947368 0.37894736842189997
0.0714285714285 0.0 0.6328320802008 0.7656641604018 0.1416040100249 0.0 0.0714285714285 0.1403508771929 0.22932330827039998 0.0175438596491 0.12280701754380001 0.0175438596491 0.0175438596491 0.0701754385965 0.0350877192982 0.0 0.0 0.36842105263159997 0.0 0.29824561403489996
0.0701754385964 0.3675568230921 1.6384927836817 0.5023766312341 0.6334802523552999 0.0295566502462 0.10897934491389999 0.10897934491380001 0.47281998098670003 0.0942010197906 0.16437645838710002 0.0 0.0147783251231 0.0886699507386 0.0 0.0147783251231 0.0701754385964 0.387866217267 0.0147783251231 0.2179586898278
0.0555555555555 0.0805152979066 1.0470941297022 0.4632264675741 0.4825501390723 0.1418386766213 0.2729468599032 0.591582491583 0.7149026496858 0.0434782608695 0.2363050797833 0.0363636363636 0.1489533011272 0.2466403162053 0.2142292490119 0.0 0.0434782608696 0.3777484994875 0.0217391304348 0.7808519982429
0.0330578512397 0.7385500442820001 3.581161491015 1.3971164996788998 1.2570701756111 0.33374087046400003 0.3708374725935 0.5019773279786001 1.626058197702 0.2524805710075 0.75079772253 0.1707055830765 0.10986440030550002 0.8619464463805999 0.1567691914457 0.0322580645161 0.123559907834 0.9384632448240999 0.15871336675290001 1.6048715707627
0.0105263157895 0.1052631578947 0.052631578947400004 0.0631578947368 0.0947368421055 0.0 0.0421052631578 0.021052631579 0.0421052631579 0.136842105263 0.0631578947368 0.0 0.052631578947400004 0.0 0.0210526315789 0.0105263157895 0.1578947368423 0.0 0.0105263157895 0.1157894736842
0.0 0.2359307359305 0.2564935064937 0.1249999999999 0.0454545454545 0.0681818181818 0.0952380952381 0.1996753246752 0.1385281385281 0.0589826839826 0.2451298701298 0.0 0.0340909090909 0.090909090909 0.0703463203462 0.0 0.047619047619 0.0681818181818 0.0 0.2202380952381
0.0 0.0 0.0 0.0 0.0 0.0 0.0 0.0 0.0 0.0 0.0 0.0 0.0 0.0 0.0 0.0 0.0 0.0 0.0 0.0
0.0 0.0 0.0 0.0 0.0 0.0 0.0 0.142857142857 0.0 0.0714285714286 0.0714285714286 0.0 0.3571428571432 0.0 0.0 0.0 0.2142857142856 0.0 0.142857142857 0.0
0.0833333333333 0.28262826696098 0.89344081576438 0.73000321528648 0.39275641908948 0.12340269165397999 0.2743902439024 0.25094391621879997 0.32538009278395996 0.4166666666673 0.19764595103578 0.0365853658536 0.00847457627118 0.76469845207028 0.1345643286941 0.0 0.0 0.39110284323205996 0.0 0.6939828211835599
0.0380952380952 0.11762615493949999 1.2326936744854 0.37626154939519996 0.3024164889837 0.0795309168443 0.0 0.2933901918972 0.4905472636806 0.0 0.0985785358919 0.0223880597015 0.041435678749099994 0.43006396588479995 0.18813077469790002 0.0 0.0 0.4915422885571 0.0223880597015 0.7749111584927
0.0 0.0 0.0 0.0 0.0 0.0 0.0 0.0 0.0 0.0 0.0 0.0 0.0 0.0 0.0 0.0 0.0 0.0 0.0 0.0
0.0 0.0454545454545 0.0454545454545 0.0 0.0454545454545 0.0 0.1363636363635 0.0 0.0454545454545 0.181818181818 0.0909090909091 0.0 0.0454545454545 0.0909090909091 0.0454545454545 0.0 0.0454545454545 0.0 0.1363636363636 0.0454545454545
0.0727106684752 0.3951455549281 1.0756733646157999 0.6561557424750001 0.6958143763622 0.1272005772005 0.3097509686716 0.2823409723711 0.6365799243236 0.1110248447206 0.2812194011218 0.0 0.0593512767425 0.4994019765005 0.2652522764589 0.015873015873 0.0848385331145 1.0854461838354 0.039596273291900005 0.30662406891780003
0.0 0.0 0.366666666667 0.0 0.266666666667 0.0 0.3 0.0 0.166666666667 0.333333333333 0.2 0.0 0.0 0.0 0.0 0.1 0.166666666667 0.0 0.0 0.1
0.0 0.3329224241105 3.3776425812897 1.0989010930517 0.5588344221062 0.25324496401769997 0.1310675039244 0.8858454739168 1.017281479946 0.060259680795299995 0.3147593079685 0.0296474358974 0.1612885923599 0.64505466344 0.3616757564879 0.049702970297 0.0488782051282 0.6303193704823 0.0104166666667 2.0322574081111
0.0 0.0 0.0 0.0 0.0 0.0 0.0 0.0 0.0 0.0 0.0 0.0 0.0 0.0 0.0 0.0 0.0 0.0 0.0 0.0
0.1875 0.40625 0.34375 0.2187499999999 0.5937500000009 0.1875 0.03125 0.0 0.2812499999998 0.0 0.0937499999999 0.0 0.0625 0.34375 0.21875 0.03125 0.1875 0.375 0.0 0.4375
0.16701411747540001 0.5936998576128301 4.68989039830074 0.6843967602073 0.4028321520233 0.10585914806669999 0.07023992392654001 0.88794964614622 0.86170228531512 0.09657303781722 0.13603013218423 0.02989542924602 0.06277524784005001 0.9853224706850099 0.32386221492272 0.01336650362623 0.09804827277393 1.02522026826166 0.15495226414383 1.61036986941884
0.0782608695652 0.4943223086791 5.267239757898199 1.1512239341639001 1.189575352532 0.0753138075313 0.2630809409138 0.6652195496465999 1.3661019851126 0.3021729789713 0.5180003377179 0.0588235294118 0.2193419740781 0.9381764475531001 0.17671457158429998 0.1468690163817 0.0677966101694 0.5341964646351001 0.0 1.4875695634587998
0.00833333333333 0.26321839080466 0.35660919540153 0.23793103448303002 0.3048850574714 0.1379310344828 0.108333333334 0.16925287356343 0.2462643678159 0.07097701149423 0.18793103448259998 0.0 0.0689655172413 0.07729885057463 0.0229885057471 0.0459770114942 0.0229885057471 0.17959770114926 0.110632183908 0.37988505747193
0.0151515151515 0.022727272727250003 0.28787878787925 0.090909090909 0.0151515151515 0.0454545454546 0.00757575757575 0.0378787878788 0.06818181818180001 0.00757575757575 0.022727272727250003 0.00757575757575 0.0151515151515 0.09848484848495001 0.07575757575775001 0.0 0.0 0.0681818181818 0.0 0.11363636363645001
0.031746031746 0.5277777777774 0.8888888888888999 0.8730158730161 0.4464285714292 0.063492063492 0.1190476190476 0.1230158730158 0.35515873015849997 0.17857142857129998 0.0773809523809 0.0 0.0277777777778 0.35119047619019994 0.0 0.0456349206349 0.0456349206349 0.6626984126988 0.0 0.18253968253949998
0.0 0.215880398671 1.1099577539888 0.9782826791356 0.373442844838 0.1075485008818 0.1754887002173 0.46563717649020003 0.43014150363010006 0.0893757434067 0.3687584594562 0.044684385382 0.1932558139535 0.31671260407630003 0.0428571428571 0.02 0.0908043148353 0.7520282186945999 0.0232558139535 1.2018879455312
0.06470315398870001 0.5078463203463 1.6311218543362 0.7214422482280001 0.9885204081636 0.1112369773083 0.30217698967699996 0.22577422577400003 0.8047369297374 0.3307823129256 0.3939215546359 0.0 0.0965254983111 0.393258527187 0.0731143856143 0.0208333333333 0.1028911564625 0.40187193758600004 0.1530612244899 0.6761809618954
0.065934065934 0.395604395604 0.23076923077 0.23076923076900002 0.164835164835 0.0 0.131868131868 0.0 0.197802197802 0.32967032967 0.230769230769 0.0 0.23076923076900002 0.131868131868 0.098901098901 0.065934065934 0.164835164835 0.065934065934 0.131868131868 0.131868131868
0.0 0.11903141106674 0.24691237965586 0.25148303024354 0.22950500826612003 0.04638724107752 0.048526694544360004 0.0616551590003 0.26431975104574 0.14314888651162 0.01983856851112 0.0 0.032967032967 0.10590294661086 0.09948458621020001 0.030827579500120002 0.01769911504424 0.15199844403392 0.010989010989 0.11932315472122001
0.0 0.0 0.0 0.0 0.0 0.0 0.0 0.0 0.0 0.0 0.0 0.0 0.0 0.0 0.0 0.0 0.0 0.0 0.0 0.0
0.0190476190476 0.24196428571450002 0.2842261904763 0.1196428571429 0.17946428571429998 0.0 0.0 0.1318452380952 0.1508928571429 0.114285714286 0.09791666666669999 0.0 0.0095238095238 0.0598214285714 0.0 0.0095238095238 0.0666666666667 0.2568452380952 0.0190476190476 0.23928571428569997
0.0 0.29521100886490004 1.2047468567752 0.7082263120636 1.1864959382487001 0.1887467556544 0.0 0.7459323490753 0.7374060403822 0.10752688172 0.140909090909 0.0 0.042241379310300003 0.6663161088082 0.21555516230129998 0.030303030303 0.0 0.841792227053 0.0 0.8885908585290001
0.03959627329182 0.09200310558978 2.3676242236036 0.28377329192477996 0.45108695652155995 0.0 0.0 0.24922360248455996 0.43594720496772 0.0 0.0613354037266 0.0 0.03066770186326 0.45496894409932 0.09588509316756 0.0217391304347 0.0652173913042 0.51785714285662 0.0434782608694 0.7895962732905599
0.0 0.0 0.0357142857143 0.0714285714286 0.0 0.0357142857143 0.0714285714286 0.0714285714286 0.1428571428573 0.178571428572 0.1428571428572 0.0 0.0714285714286 0.0357142857143 0.0 0.0357142857143 0.0357142857143 0.0 0.0 0.0714285714286
0.0 0.0645161290323 0.2258064516132 0.0806451612904 0.0967741935485 0.0322580645161 0.0483870967742 0.0161290322581 0.0161290322581 0.161290322581 0.0806451612904 0.0 0.0483870967742 0.0 0.0 0.0 0.0483870967742 0.0 0.0322580645161 0.0483870967742
0.0481927710844 0.5988707773283 1.3424354432408998 1.1829626923559 0.7729715106564 0.12522124737260001 0.3288547936734 0.2566931720468 0.8557648091669 0.1068550062319 0.3071298697465 0.0 0.0240963855422 0.3125981548159 0.19820072243710002 0.0137931034483 0.0 0.8615798202234 0.0 0.6637797206289
0.0 0.2432432432431 0.3033033033031 0.027027027027 0.08108108108100001 0.0 0.08108108108100001 0.027027027027 0.36036036035999996 0.054054054054 0.0810810810811 0.0 0.16516516516500002 0.0810810810811 0.0 0.111111111111 0.0810810810811 0.138138138138 0.165165165165 0.0
0.014598540146 0.25867059564823996 4.1563682161526 0.8846620746680199 1.1993573603562 0.3434373818816 0.0437247537382 0.97898149733434 1.39710489346708 0.34092925470858004 0.66907839125878 0.015503875969 0.0892601791224 1.5115877761649599 0.28583054654018003 0.0291262135922 0.1240310077518 0.53192587378804 0.0140845070422 2.1117370606705603
0.125 0.5 0.0 0.0 0.0 0.0 0.0 0.0 0.0 0.0 0.0 0.0 0.0 0.0 0.0 0.0 0.0 0.25 0.0 0.125
0.07434624296584 0.52480966567358 0.67946044356172 0.25246607083718003 0.46405991393496004 0.00943396226414 0.15132406487938002 0.08333333333323999 0.28205064548136005 0.07215326050974 0.20309500165494 0.0 0.42610062893076 0.40969049983492 0.01996027805364 0.19276729559764 0.11207381661704 0.7342850049656 0.060534591194919996 0.24805527970858
0.1775647111908 0.9442786459596 7.0821096459422 1.5222695500885 0.9735165339597001 0.0724737691686 0.34346795513039996 0.95846601311 1.0309936172714 0.2772930855393 0.13865833973109998 0.0614923522116 0.2563529793891 2.226320107654 0.5718221815391 0.0590879741727 0.1638961796441 1.7316493698428 0.1950961414376 2.2131908470106003
0.0493827160494 0.43075438302429997 1.4282317365394501 0.47283671303280006 1.13935931247635 0.04204778327585 0.22868540128624998 0.1322787024543 0.38685283680134996 0.0820257027687 0.16303484956734998 0.0161943319838 0.05824211525965 0.27951908008665 0.0161943319838 0.0196078431372 0.00925925925925 0.6580593850981 0.028867102396450003 0.35856641351975005
0.01795601961709 0.2678225260596 0.6487786103635 0.54998242114079 0.5781464239017 0.0730397422126 0.41884309200289 0.20349556287509002 0.51179727405899 0.3274885780975 0.40209079043979 0.0 0.10930270059 0.49128975031808997 0.12053449669909999 0.0152671755725 0.0650871035436 0.74960049891239 0.11976315468479001 0.32971407890958
0.0247933884297 0.1735537190084 2.4793388429734 0.6942148760321 0.2479338842977 0.0247933884297 0.0247933884297 0.0991735537188 0.4462809917361 0.12396694214850001 0.0743801652891 0.0 0.0 0.5702479338845 0.0743801652891 0.0495867768594 0.0 0.3471074380169 0.0 0.5454545454543
0.0227272727273 0.21333619210984 0.78396017236304 0.71912521440764 0.36272643601269994 0.00943396226414 0.09980964732454001 0.08126072041158 0.27176505041254 0.08512006861064 0.12425218591824001 0.0 0.03382420616654 0.10538426138962001 0.0113636363636 0.272727272727 0.150519809229 0.35484562607244 0.05462180479428 0.24319646069509998
0.0116959064327 0.21158958001047 1.20879851143047 0.9453748006366701 0.38875598086131 0.1895268474215 0.12373737373717 0.53256246677264 0.44059011164260004 0.14978734715537 0.0857256778309 0.0 0.095029239766 0.25292397660797 0.15895800106337 0.00584795321637 0.1177565124933 1.20826687931944 0.12426900584797 0.7488038277520399
0.1440041842545 0.79668307604885 3.2368917054555 1.1459654804617498 1.9451214462505197 0.275095162739 0.21411846440287002 0.43034261781251 0.80225488253781 0.37286705981595003 0.51535474537405 0.047619047619 0.11769809828712 0.7773950178562999 0.13143793126307002 0.056697844756399995 0.21930423611465 0.85197375644344 0.1341259997434 0.78504924276764
0.0 0.0 0.0 0.0 0.0 0.0 0.0 0.0 0.0 0.0 0.0 0.0 0.0 0.0 0.0 0.0 0.0 0.0 0.0 0.0
0.051724137931 0.2413793103447 1.5862068965526 0.7758620689661 0.379310344828 0.0344827586207 0.1896551724137 0.6724137931030001 0.2413793103447 0.17241379310330002 0.5000000000003 0.051724137931 0.2758620689654 0.206896551724 0.0344827586206 0.051724137931 0.5517241379306 1.1034482758613 0.206896551724 0.6724137931029001
0.0 0.0 0.0 0.0 0.0 0.0 0.0 0.0 0.0 0.0 0.0 0.0 0.0 0.0 0.0 0.0 0.0 0.0 0.0 0.0
0.0289855072464 0.1304347826082 0.478260869565 0.1159420289855 0.2463768115944 0.0 0.1159420289856 0.0289855072464 0.0434782608696 0.0869565217392 0.0579710144928 0.0 0.1014492753622 0.0579710144927 0.0144927536232 0.0144927536232 0.0579710144927 0.20289855072409999 0.1159420289862 0.1014492753624
0.00518134715025 0.21389304335210002 2.3144462902411003 0.7323240734184001 0.35951380550765 0.33508302766755 0.03167141337545 0.47309026114415 0.6162150872747 0.155360951533 0.059877157465000004 0.0 0.12457619062700001 0.6874823697391499 0.015544041450750001 0.0 0.0155440414508 0.17239209166085 0.105263157895 0.58254164904825
0.00662251655628 0.23393482795640003 5.50029365899678 0.48364623205038004 0.58357129837786 0.15952771533277998 0.0611620795106 0.36288150353396 0.48111468902585997 0.10498815237846 0.07440711262316 0.0 0.03720355631158 0.9026267290442801 0.2165988213134 0.0397350993377 0.0 0.9969013913353999 0.0917431192659 0.66304149705276
0.0 0.181818181818 0.22727272727300002 0.1363636363635 0.318181818183 0.0 0.090909090909 0.0 0.090909090909 0.27272727272749997 0.1363636363635 0.0 0.1363636363635 0.0 0.0 0.0 0.090909090909 0.0 0.090909090909 0.22727272727300002
0.0 0.0289855072464 0.2028985507247 0.0 0.2608695652168 0.0 0.0289855072464 0.0289855072464 0.0289855072464 0.101449275363 0.0579710144928 0.0 0.0434782608696 0.0289855072464 0.0 0.072463768116 0.0434782608695 0.0144927536232 0.0 0.0579710144928
0.00884955752211 0.44029277937541994 2.09932401834082 1.67263450222282 1.03533535590941 0.13578659438931 0.28372765035192 0.5183540038654201 0.8335610641033999 0.10325537294560001 0.26059237854441 0.0 0.09308747934512 0.74580124481443 0.1060006091988 0.03384955752211 0.0605562579013 0.9531743710566101 0.0603982300884 1.55541897250341
0.0 0.1917808219178 0.9623287671237 0.082191780822 0.13698630137 0.0 0.4691780821921 0.0547945205479 0.054794520548 0.0 0.2751141552513 0.0 0.027397260274 0.1381278538813 0.0 0.0833333333333 0.24885844748890001 0.054794520548 0.0833333333333 0.1369863013698
0.0153846153846 0.46242177249568994 6.75797306936974 1.1808108471447802 1.13729586771544 0.18065684913729999 0.19880959589507 0.66774971844761 1.0511047021071398 0.12561439101660002 0.41247797171514006 0.0521072796935 0.12591298594619998 1.18102027719632 0.40901343993281003 0.0378894889905 0.1038737471739 0.56962900800481 0.0 2.3302543726360403
0.0 0.0 0.0 0.0 0.0 0.0 0.0 0.0 0.0 0.0 0.0 0.0 0.0 0.0 0.0 0.0 0.0 0.0 0.0 0.0
0.0430346051463 0.27661169415276005 0.8468316861985999 0.41839794388492 0.63380044671476 0.06425358749196 0.04011259676282 0.0788177339901 0.5361961876199001 0.09229568889016 0.19089434874382 0.0 0.1069363277545 0.39336964170975997 0.03212679374592 0.0668237309916 0.2003947006088 0.76815163846712 0.02990851513012 0.18104213199505997
0.2568298512973 1.6058971260883 6.474401537787349 2.0163025918335498 1.3727988512057498 0.4751738320961 0.40498765711095003 1.4783771535407502 1.7378278935799 0.2872863059113 0.3813963572785 0.03059262447985 0.14299984157755 2.0928434964299503 0.5626878168366 0.3191750080005 0.18695957807785 1.9973977194516501 0.1756910903704 2.0003736670429
0.0338825047955 0.44458394513158 7.23697683844809 2.05952126718939 2.3865057704117003 0.5610216438339 0.60770717852119 1.5631243606405998 1.6490992968227 0.4745850036205 0.60087197519319 0.0 0.2440696226825 1.6874913568565801 0.36220328864409 0.0 0.14689151403230002 1.2774359502559998 0.0373622589531 2.6266662239800795
0.02013472499809 0.3117287479987 0.64091711109119 0.8400437574499798 0.30746279705158996 0.23528800037089 0.28908533061977004 0.16700930722779003 0.7200683237154599 0.2547476640781 0.27331847867009 0.0116959064327 0.1160528138786 0.52382781296729 0.19470422150859 0.0551672019648 0.07557026658839 1.20743909809268 0.0116959064327 0.7440425288610899
0.0 0.11260053619289999 0.8847184986611001 0.52278820375295 0.12868632707755 0.04021447721175 0.0160857908847 0.07238605898115 0.34584450402075 0.0 0.0723860589814 0.024128686327 0.00804289544235 0.19302949061655 0.048257372654 0.0321715817694 0.0 0.27345844503975003 0.0 0.2252010723861
0.0401337792642 0.20066889632110002 0.3076923076926 0.9096989966548001 0.200668896321 0.0267558528428 0.08026755852840001 0.2675585284288 0.5618729096982 0.08026755852840001 0.1337792642144 0.0 0.0 0.1337792642144 0.0535117056856 0.0267558528428 0.0267558528428 0.7491638795993001 0.0133779264214 0.18729096989959998
0.1097848716168 0.7927492092180299 3.6480156238800303 1.9353726389795298 0.67321052969243 0.2697985194713 0.5556197079490299 0.7490532581913 1.0845552229724902 0.1602024174576 0.2357960571403 0.11758342613102998 0.26552628956663 0.4825927341001299 0.21938359585649997 0.0487161693268 0.3007141423259 1.8773341801130001 0.05820573288593 1.4157856731259597
0.050143210263999996 0.6518003471420999 2.2784862881855 1.0993583544063 1.3186904966204 0.2951431265151 0.4157140539715 0.545822457255 1.033380057868 0.503447957495 0.6663893958371001 0.027341079972599998 0.0927407780643 0.6809152491296999 0.2936526468886 0.0780272359218 0.2879492638598 1.0851868754553 0.2029184486648 1.3928926764834
0.0 0.2721088435372 0.3366249725702 0.351766513057 0.5150318191805 0.0272108843537 0.28220320386180003 0.1955233706383 0.22778143515440002 0.4707044107977 0.2176870748298 0.0 0.2448979591833 0.1632653061222 0.0272108843537 0.136054421769 0.462585034014 0.3859995611146 0.0544217687074 0.6289225367566
0.00763358778625 0.20734584722675 0.6045581489823 0.66296948257435 0.41716626326534995 0.08077216025445 0.10798056904925 0.20116958074515 0.3010121697328 0.17931483894975003 0.08986306934535 0.0 0.06854487906435 0.31137082987755 0.0152671755725 0.0579966486688 0.1112743521607 0.2555576242785 0.07015961138095 0.25004316108385
0.0 0.0 0.37500000000120004 0.0 0.0416666666666 0.0 0.0 0.0416666666666 0.0 0.0 0.0833333333332 0.0416666666666 0.0416666666666 0.125 0.0 0.0416666666666 0.0 0.0 0.0 0.20833333333300003
0.0 0.0 0.0 0.0 0.0 0.0 0.0 0.0 0.0 0.0 0.0 0.0 0.0 0.0 0.0 0.0 0.0 0.0 0.0 0.0
0.0 0.311977155727 1.8132038288295 0.9892816924071 0.7308759652508999 0.4412001287001 0.1755751287002 0.42434845559839995 0.8325289575293 0.2378338159588 0.26831965894430004 0.0 0.0977115508364 0.5426520270267999 0.2100426319175 0.0 0.015625 0.7549066924065001 0.0 1.1539173101668998
0.0182926829268 0.1711311108745 4.6405900521873 1.0025828096718001 0.8922409202247 0.17525828096700002 0.09500479284249999 0.323969538822 1.0456651400577 0.2077164767284 0.1675897326656 0.0 0.0584194269889 1.3182980083065001 0.27380445201830006 0.07671210991579999 0.15696559804010002 0.9140749813610001 0.0401267440621 1.4215571413362003
0.0 0.18 0.24 0.0 0.42 0.0 0.18 0.42 0.18 0.3 0.12 0.0 0.36 0.18 0.0 0.12 0.0 0.12 0.12 0.06
0.0 0.0780474351903 0.2917815774956 0.1086596800881 0.4635962493111 0.0102040816326 0.0948703805845 0.08163265306140001 0.10507446221710001 0.20297848869250001 0.0678433535576 0.0 0.047435190292300006 0.12244897959180001 0.0 0.0204081632653 0.1014892443462 0.0102040816326 0.040816326530500005 0.1525096525095
0.1097477490021 0.8215256530855 1.4965978912247 1.8591441198976 1.1344155400852 0.2525044613777 0.5376695207676 0.35428361051199997 0.9691902803538002 0.189144736843 0.4661866095921 0.0172456270017 0.010101010101 0.9190631048976999 0.48538133416499996 0.0698041399796 0.25881395562049997 1.4194273218337001 0.039802017979100004 1.5899513156806
0.0 0.10891089108919999 0.1386138613864 0.039603960396 0.0990099009902 0.0 0.0990099009901 0.019801980198 0.039603960396 0.029702970297 0.108910891089 0.0 0.05940594059399999 0.029702970296999996 0.009900990099 0.029702970297 0.039603960396 0.019801980198 0.009900990099 0.1188118811881
0.01662404092067 0.72313468428768 6.74080880392629 2.4616740437116302 1.8721118249507802 0.50306112292958 0.49637572699988 1.2030510143082398 2.07045108504489 0.1647513810269 0.55337581784013 0.0 0.5115393742261201 2.23759622329189 0.3846205834826 0.1402323259237 0.06583665037771 1.7754528476203602 0.036826061122670006 3.0424763880037693
0.37499999999960004 0.0 0.37499999999960004 0.0416666666666 0.29166666666700003 0.0 0.2916666666666 0.0 0.0416666666666 0.0416666666666 0.333333333333 0.0 0.0 0.16666666666660002 0.0416666666666 0.0 0.0 0.0 0.0 0.0
0.12428711897732 0.6939705173980801 0.8314744485441 0.67910010257456 0.77613147345332 0.2644717932788 0.18300125929364 0.29268302554272 1.06416393642736 0.22046611119729997 0.31504769790750003 0.0296296296296 0.08787455364064001 0.38168311445009995 0.0592592592592 0.08526281288272 0.26849868032952 1.01135195601924 0.0233918128654 0.6082506963269599
0.1178342986865 0.92731233391103 3.07032418301238 1.54162135872129 1.2582524076853998 0.24251087294433 0.50531747084603 1.15879119819988 1.3468479696827 0.18124552044985 0.36601525177532 0.021178018908429998 0.31867395076611005 1.6055429612344898 0.29335583731589 0.1026604888039 0.19546222915412997 1.61471650624399 0.13354473210773002 1.9987924095531497
0.027087102610479998 0.40558175610538 2.0701223990678 0.83568834205342 0.7620148912792 0.1386131464777 0.18851313025877997 0.45747829453269995 0.7184534879162401 0.19687431654572002 0.15807568362208 0.0229226361031 0.13754066528316 0.6980255162869401 0.13949837107998 0.036118852298099996 0.0859832850189 0.8990206018265001 0.0164383561644 1.00594916546886
0.14889336016102 0.41956405097298 0.6308316566064 1.16276324614352 0.54269617706248 0.18863849765192 0.21064386317873998 0.31706237424513994 0.43364855801465996 0.10425888665316 0.38936955063718 0.00704225352112 0.08225352112666 0.5910865191146201 0.09042253521106 0.01999999999996 0.15493628437281998 0.77079812206662 0.0211267605634 0.7139637826958599
0.0806451612903 0.2419354838705 1.2701612903225001 0.6249999999995 0.2822580645162 0.0604838709677 0.2217741935484 0.1209677419354 0.42338709677450004 0.0201612903226 0.0806451612902 0.1209677419355 0.0403225806452 0.44354838709710004 0.1209677419356 0.0403225806451 0.0806451612903 0.2822580645162 0.0 0.4435483870973
0.0222222222222 0.2764568764567 0.4987308987312 0.6306656306659999 0.3604247604249 0.0148148148148 0.2221704221702 0.1493395493394 0.5467495467503 0.0592592592592 0.3283087283085 0.020979020979 0.0432012432012 0.25180005179980003 0.0148148148148 0.095053095053 0.0876456876456 0.9540015540007 0.1147889147888 0.3085729085727
0.038626609442 0.4553567320415 2.0297670936863 1.7149910787843998 0.9395664769461002 0.2492129219254 0.20945643383450002 0.9724319292530998 1.2808739003526999 0.1751239173964 0.1526787256223 0.075492968889 0.2025610356719 1.0515938074951 0.23478501172109997 0.0128755364807 0.0941407674151 0.5930498259598 0.0712056184158 1.446209608667
0.03083113110966 0.41698461782168 0.9111208834881599 0.73519278374786 0.7039593270469 0.0656150411025 0.27027020922522005 0.3634574808976 0.65510923999056 0.29575204770756003 0.34331792117762006 0.008547008547 0.037118437118399995 0.34966613091998 0.0610208114386 0.2532074656298 0.22018314553376 0.6388628130433001 0.026617826617799996 0.6131656778357599
0.0 0.164835164835 0.20146520146519997 0.3186813186813 0.322344322344 0.010989010989 0.1282051282053 0.0 0.2344322344331 0.058608058608 0.095238095238 0.0 0.010989010989 0.07326007326 0.0 0.010989010989 0.010989010989 0.1428571428574 0.032967032967 0.1831501831501
0.0449142401276 0.4096837626573 0.9738759543466999 0.8476203472383 0.7950615469664999 0.1075248952056 0.2828739179419 0.4539877815798 0.9285607317064999 0.2860908753736 0.3338770740172 0.0 0.37118664231360005 0.5068118041417 0.1667660375509 0.0883925009972 0.2586806065821 0.4531620235268 0.1276356027683 0.5632936549587001
0.0 0.0 0.0 0.0 0.0 0.0 0.0 0.0 0.0 0.0 0.0 0.0 0.0 0.0 0.0 0.0 0.0 0.0 0.0 0.0
0.0 0.08 0.10666666666670001 0.12 0.0666666666667 0.0 0.04 0.08 0.0399999999999 0.0266666666667 0.0399999999999 0.0 0.0666666666667 0.08 0.0266666666667 0.0133333333333 0.08 0.04 0.0133333333333 0.0799999999999
0.0287769784172 0.32303088563630006 0.88957460166202 0.7564474554656999 1.04322308033896 0.21902302114739997 0.13284332606492 0.359505988676 1.00645507187668 0.08928615728096 0.35449188743336 0.0 0.02300917886376 0.6683878668388599 0.2031377438882 0.040250558174100004 0.0 0.95780159901132 0.0537769784172 0.85097762080706
0.0844616503231 0.3063650834205 1.6399473342887 0.5994851337277001 0.7414860376925 0.25751174170150004 0.0666574960204 0.34240572248260004 0.6930650264311999 0.1196376284707 0.15524593707599998 0.0178041543026 0.10226580462580001 0.8346335999379999 0.1063925953581 0.0264900662251 0.044294220527700004 0.8127026549013 0.0178041543026 1.0313439581823998
0.0 0.0 0.0 0.0 0.0 0.0 0.0 0.0 0.0 0.0 0.0 0.0 0.0 0.0 0.0 0.0 0.0 0.0 0.0 0.0
0.0 0.170909090909 0.3636363636375 0.2418181818185 0.574545454546 0.090909090909 0.3327272727275 0.110909090909 0.301818181818 0.39272727272749997 0.2363636363635 0.0 0.130909090909 0.27272727272749997 0.0 0.150909090909 0.04 0.19636363636350002 0.2018181818185 0.1909090909091
0.050473565163760004 0.7317578213030399 1.0530786780046 1.20544784564717 1.1105475949377401 0.14538414433625 0.22162328739014 0.34051574238252 0.86723521165785 0.09664448921374999 0.30564132934188 0.0 0.06818854759212 0.47871780132994 0.1789499927831 0.01426540765559 0.14722402488194997 0.9154471404964101 0.08702685214469 0.9818305237377002
0.0133333333333 0.0266666666666 0.22666666666700003 0.0266666666667 0.0666666666666 0.0 0.0133333333333 0.053333333333299995 0.0933333333333 0.0666666666667 0.0666666666667 0.0 0.0133333333333 0.08 0.0133333333333 0.0666666666667 0.0933333333333 0.0266666666666 0.0266666666667 0.0266666666666
0.0439667806546 0.53925238885866 4.0157458716856205 1.80486164312212 1.3095484232819599 0.4460506809211999 0.29911685544968 1.19342647074776 1.82392318198486 0.41392862005756004 0.62041842458636 0.0347406285497 0.17689352010976 1.66542181486806 0.2917558828129 0.05789846961506 0.2503068089907 1.3574324910997602 0.1238107320546 2.5315003105486595
0.0 0.0 0.0 0.0 0.0 0.0 0.0 0.0 0.0 0.0 0.0 0.0 0.0 0.0 0.0 0.0 0.0 0.0 0.0 0.0
0.033333333333300005 0.2666666666668 0.21666666666662 0.28333333333358 0.12500000000024 0.0 0.025 0.09999999999992001 0.20000000000012 0.033333333333300005 0.07499999999986 0.0 0.0 0.15000000000014002 0.0333333333333 0.024999999999920003 0.024999999999920003 0.31666666666682 0.0 0.09166666666662002
0.1052653280005 1.54543403786964 3.60928329310104 3.09675264680892 2.3187396828407802 0.6266504818106999 0.9515762254351999 2.55727479593376 3.2096311653342 0.32346690845872 0.6872883437792999 0.1256887218664 0.60827945315992 2.7100313577872 0.4500375954141 0.11661511510130002 0.25301553268800003 2.86026008057134 0.0725453699394 2.77216386410356
0.06171842703599999 0.32375435517637996 1.98975602358548 1.2598058603544902 1.0719648363944998 0.1630171817911 0.2667946816804 0.55536748966039 0.7765157259883999 0.0724381917444 0.21450864855019997 0.0480769230769 0.0534030314999 0.7944744880902 0.22730034860249 0.0480769230769 0.01391006097559 1.13437631458019 0.0030487804878 0.92169170765148
0.035398230088419996 1.0822020899454001 1.00785166161392 1.2562548071405002 0.7494761875293401 0.3158346078706 0.67051311520328 0.41585958289541997 0.94397416742554 0.2827758524658 0.3197057367412 0.0 0.2646855357035 0.8703321015268 0.1084501781404 0.10625215492482 0.0584415584415 1.2033409068822203 0.0769230769232 1.23172844854332
0.00534759358288 0.037433155080259996 0.12299465240638 0.1497326203209 0.10695187165768 0.01069518716576 0.02673796791446 0.053475935829040006 0.10695187165787999 0.02139037433156 0.0374331550803 0.0 0.0106951871658 0.06951871657768 0.01604278074868 0.0160427807487 0.01604278074868 0.096256684492 0.0 0.09625668449228
0.0227272727273 0.2038619275461 0.4028208633472 0.6975918818022001 0.5444423997054 0.1671354960824 0.4559519427938 0.060150375939700004 0.5591382301907 0.1517561385981 0.601944108523 0.0 0.13042220936950003 0.2489747095007 0.0755297334244 0.11468794363530001 0.1704545454545 0.6941348125566 0.38042220936939997 0.3178531994322
0.0365149833518 0.45225279466831997 2.1438703768379597 1.3887111168264201 0.6594056189089 0.21332684676001998 0.20984855864894 0.5584033221221 0.8947360682656199 0.12886669296866 0.42664103664392 0.0908928038221 0.19015229626500002 0.8376787467606401 0.2312757382051 0.00934579439252 0.14108618917142002 0.9527978936975201 0.035294117647 1.39889900403582
0.0654441278303 0.93580448989988 3.07831594189426 1.67909655692178 1.59375293663086 0.36711688761530004 0.21486267643259999 0.9632387893979001 1.4716188450390801 0.34523012435 0.5680085871487999 0.0182926829268 0.0915950542086 0.95004416464146 0.2856257325069 0.37012555639969996 0.32765322464348 1.1482644977341798 0.15804813399335998 1.3678609897845
0.0 0.2249999999999 0.22499999999999998 0.24999999999989997 0.2749999999999 0.0 0.175 0.1 0.275 0.225 0.1249999999999 0.05 0.1 0.250000000001 0.07500000000000001 0.05 0.225 0.05 0.0 0.3249999999999
0.0862068965517 0.6936799854048 1.1007328346415 1.1653548622506 0.5308605485617 0.12 0.36698047801440004 0.2719558474732 0.9908909566373001 0.4239828498442 0.7045435747734 0.0 0.0637742504408 0.3821486346771 0.1267718786108 0.2066995073897 0.14998114699249998 0.9782612661931 0.10356261022910002 0.5336118713125999
0.0 0.0 0.0 0.0 0.0 0.0 0.0 0.0 0.0 0.0 0.0 0.0 0.0 0.0 0.0 0.0 0.0 0.0 0.0 0.0
0.0405405405405 0.085995085995 0.2899262899263 0.1314496314495 0.1449631449631 0.030303030303 0.1113841113841 0.030303030303 0.1838656838656 0.10974610974639999 0.12981162981150002 0.0 0.028665028665 0.0995085995085 0.1011466011466 0.028665028665 0.1081081081082 0.1617526617526 0.0675675675676 0.116298116298
0.037301360738299996 0.2367137895525 1.0072708731076 0.7819445620981 0.9314923727058 0.2278544878714 0.1270326814538 0.38104137481050004 0.910472017206 0.032422213615100004 0.14926211250440002 0.0764286496569 0.053821399839 1.1397115794075998 0.25545680277009997 0.0181818181818 0.0747668705758 0.7928213781304001 0.0125786163522 0.7534250394212
0.019162489557209998 0.09367167919793 0.5728905597326299 0.34220969089373 0.27600250626583 0.0421888053467 0.06678153717620999 0.20478279030920998 0.21851503759413 0.015873015873 0.11826441102760998 0.0 0.025741436925619997 0.23940058479523998 0.07993943191303 0.0 0.0 0.29244987468763 0.019162489557209998 0.3729636591479099
0.0 0.0 0.0 0.0 0.0 0.0 0.0 0.0 0.0 0.0 0.0 0.0 0.0 0.0 0.0 0.0 0.0 0.0 0.0 0.0
0.0 0.0277777777778 0.0833333333334 0.08333333333340001 0.06944444444440001 0.0 0.0555555555556 0.041666666666700006 0.09722222222230001 0.0833333333334 0.09722222222230001 0.0138888888889 0.1944444444444 0.0138888888889 0.0 0.0 0.0138888888889 0.0277777777778 0.0 0.0972222222223
0.0861835245047 0.3575584248299 0.8565294731027 0.6965757835985801 0.70145678709419 0.0441176470588 0.35125590382250005 0.30439796356499005 0.7679997546467799 0.15776850886359 0.2666411089985 0.0 0.0649159663865 0.49452861436509005 0.11013310433660001 0.09490431208969 0.13587069864439 0.8472060356992901 0.0220588235294 0.6398975648651001
0.0 0.0 0.1764705882347 0.1176470588234 0.0588235294117 0.0 0.117647058823 0.0 0.0 0.0 0.0 0.0 0.0 0.352941176471 0.0 0.0 0.0 0.0588235294117 0.117647058823 0.0
0.1055414098096 0.41843924842830005 3.81546260755932 2.24513510870681 1.608060601396 0.40470656525990995 0.61990162245211 1.32148172779741 2.2014905162242098 0.1286150087565 0.54171967447862 0.0 0.2503687364153 1.59356678656341 1.3529749316322 0.07694214403292 0.2366432847963 1.3464226433401 0.15191346651811 3.5806139158415102
0.0 0.0 0.0 0.0 0.0 0.0 0.0 0.0 0.0 0.0 0.0 0.0 0.0 0.0 0.0 0.0 0.0 0.0 0.0 0.0
0.1747802569302 0.8620121225185 0.2736571589269 1.0893542036889001 0.7128680584228 0.3993759236994 0.3863319511506 0.26518456024430004 0.40900333279520007 0.22925080926480002 0.3536801354657 0.0 0.19469026548670001 0.4005307341122 0.2387944497302 0.1067302111567 0.09231303140710001 0.5750925942548 0.0353982300884 0.2009519706568
0.0814182101539 0.8873728366519998 2.2514636563284003 1.8717268191135998 1.3205692256850001 0.1819404607792 0.6539338368619 1.0606579682700998 1.7104720090479 0.2078433832517 0.6322741457166999 0.0504341967408 0.1381869614622 1.2327797088550003 0.35732455609950003 0.0358208955223 0.169393064564 1.3209907283273 0.0488372093023 1.7865601272604
0.0183486238532 0.9374731134448 1.9326091049484 2.5855151125318 1.6920706638582002 0.1934723790972 0.1319441242911 1.5932434396052 2.2093044529629 0.45505724921720003 0.5456077554501 0.0 0.32168991939839997 1.9285853913465 1.1114282229185002 0.5430196764844001 0.2112958715596 1.4738013044772 0.0366972477064 1.0788363468526
0.0476358503881 0.58737802058739 0.5508847389807 0.9186807651969001 0.8430259923889001 0.1430718127174 0.53527588896529 0.1784572093849 0.9454080090477901 0.1888698869187 0.1818823669545 0.10278514588860001 0.0533850047453 0.51776746455669 0.07173362859849002 0.0714609800362 0.1032713664896 0.68071332420598 0.0973230490017 1.18098949494548
0.0225988700565 0.090395480226 0.42937853107400004 0.38418079096040003 0.4971751412434 0.045197740113 0.0903954802259 0.3163841807909 0.49717514124330003 0.1129943502825 0.0677966101695 0.0 0.1129943502824 0.316384180791 0.045197740113 0.0903954802261 0.0677966101694 0.361581920905 0.0225988700565 0.42937853107359997
0.0999999999998 0.21884057970979998 0.33478260869552 0.37536231884121 0.43206521739189996 0.01739130434782 0.16702898550721 0.13061594202891 0.3971014492755 0.20036231884051 0.29873188405761 0.0 0.0625 0.29728260869542 0.00869565217391 0.2219202898547 0.44692028985571 0.44927536231912 0.2541666666666 0.58695652174001
0.0 0.1705203063968 0.9462854981754 1.1962154623168 0.9928343311792001 0.34155287507230003 0.2949380082601 0.6998293126088 1.0557225299357 0.217457338157 0.4808271835176 0.0 0.0619837356726 0.6380436783632 0.232632107639 0.0310559006211 0.1395924713453 1.3346433373886 0.09316770186329999 1.0726982214912
0.0229007633588 0.7207085268025 1.2160617299934 1.9294920703242997 1.2144903955902 0.2683438658142 0.5205036546685999 0.8038184098928001 1.8426317041751001 0.5622476333537 0.7947940494136 0.037037037037 0.1264954509634 1.2028208511347 0.2108317214703 0.0594073647871 0.2205241604501 1.0802830687839 0.10692661419830002 1.0596809277974
0.0 0.0 0.0 0.0 0.0 0.0 0.0 0.0 0.0 0.0 0.0 0.0 0.0 0.0 0.0 0.0 0.0 0.0 0.0 0.0
0.0294117647059 0.25797101449258 0.44599926927339 0.955961515042 0.63357690902429 0.1002070393374 0.1876019973206 0.20808671294629 0.9342102058218 0.1726708074536 0.28181707465619 0.057983193277300005 0.20125441480928002 0.38118377785898 0.0285714285714 0.06522957008889001 0.1010473754719 0.53254171233689 0.0294117647059 0.39526245280739
0.0 0.0 0.0 0.0 0.0 0.0 0.42857142857099995 0.0 0.142857142857 0.0 0.0 0.0 0.0 0.285714285714 0.0 0.0 0.0 0.142857142857 0.0 0.0
0.0 0.1276595744682 0.0212765957447 0.10638297872329999 0.212765957447 0.0 0.0425531914894 0.0 0.0212765957447 0.0425531914893 0.0425531914893 0.0 0.08510638297869999 0.0425531914894 0.0 0.0212765957447 0.0851063829786 0.0212765957447 0.0212765957447 0.10638297872329999
0.0182926829268 0.7194004941134 0.57447171993308 0.8482640349031599 0.98409246215399 0.23874448065619 0.09183794154748999 0.40736043944478995 0.6983152859542 0.2089991589573 0.1421362489486 0.0 0.00781249999999 0.75052565180749 0.2714991589576 0.0 0.0182926829268 0.56609414423868 0.015625 0.43823591253127003
0.0167364016736 0.44756591618510005 0.5921498306434 0.5543600982924 0.6028425317125999 0.100418410042 0.0643554492926 0.34196719133959996 0.6247592481906 0.015873015873 0.1471740718603 0.0167364016736 0.0828186225675 0.7788404064558 0.1823736468093 0.0 0.0493458192203 0.7058510991565 0.0167364016736 0.6590954373382999
0.0 0.0 0.0 0.0 0.0 0.0 0.0 0.0 0.0 0.0 0.0 0.0 0.0 0.0 0.0 0.0 0.0 0.0 0.0 0.0
0.0 0.2144144144142 0.1477477477476 0.234234234234 0.20720720720699998 0.027027027027 0.3477477477473 0.1468468468467 0.1747747747747 0.1207207207206 0.3405405405405 0.0 0.1144144144143 0.1279279279278 0.0 0.0405405405405 0.3612612612619 0.0603603603603 0.0801801801801 0.2540540540538
0.0630802516712 0.8785760259765 1.002635675539 1.1237951854113 0.9340628672525 0.4618137145611 0.2786127356897 0.4367872051421 0.9918610455234 0.1667742803335 0.5566656274502001 0.0 0.0353690954624 0.7719490597358 0.2142915763801 0.0884596039349 0.0108695652174 0.8614159099715 0.0984665052461 1.0245140694994
0.0 0.0350877192982 0.1228070175439 0.1578947368421 0.08771929824550001 0.0 0.0526315789473 0.140350877193 0.0877192982456 0.0 0.0350877192982 0.0 0.0526315789473 0.0350877192982 0.0 0.0350877192982 0.0350877192982 0.0350877192982 0.0175438596491 0.0701754385964
0.0667682657969 0.40067497420899995 1.8645805173531 0.98434642333345 0.73910961830245 0.28999842799910003 0.3747760292824 1.06864779201685 1.5022189194302 0.19579704941620002 0.3847218781044501 0.0 0.1265777784034 0.7081867948864 0.38703980203175004 0.0847054855278 0.17466075925490002 0.8868723101732999 0.0708669155177 1.6894502589629001
0.0 0.0 0.0 0.0 0.7857142857146 0.0 0.0 0.0 0.0 0.0714285714286 0.0 0.0 0.0 0.142857142857 0.0 0.0 0.0 0.0 0.0 0.0
0.0 0.6050767414413599 0.40508517456565996 0.8615597065269199 0.57456991060926 0.20876201720389997 0.1196871310505 0.05984356552528 0.63436076910126 0.05867346938772 0.25207665710916 0.0 0.0178571428571 0.16661747343572 0.1578470231065 0.0357142857143 0.0357142857142 0.4994729296679199 0.0 0.30708171698442
0.0217391304348 0.5857470763621001 1.6968746240798 1.2619912282706 1.3583518380643 0.1408499930098 0.29747642069170005 1.0973782345361 1.4245868541093003 0.2709840398727 0.18584493739820002 0.0348837209302 0.0434782608696 1.2167930840530004 0.4181007155881 0.027705077394700003 0.1503564937789 1.4568387308628998 0.027705077394700003 1.2823144623009999
0.0121951219512 0.6997490631169001 0.8266022216480999 0.81859542035214 1.18315738456422 0.1161546891881 0.2229611687775 0.50895983684132 1.33095722123272 0.4403574284769399 0.45554965102943995 0.0 0.06007992283314 0.44842005447656 0.2702617775424 0.0243902439024 0.0853658536585 0.8755218913795401 0.0 0.62072104902692
0.0277777777778 0.64987688762606 0.46374369168465995 0.97818049495986 0.69533509793075 0.12562433472535 0.58054150602593 0.19238701587739 0.8155524883699299 0.11712972062325 0.18282753008346003 0.0 0.09734610096075 0.39808058469298996 0.08818472119876 0.05261811184799 0.11594246114567 0.55299441539565 0.13092355586317 0.73493350321335
0.00892857142857 0.044642857142840005 0.1607142857142 0.11607142857130001 0.07142857142847 0.00892857142857 0.026785714285670004 0.08035714285713999 0.08928571428574 0.0178571428571 0.0267857142857 0.0 0.00892857142857 0.08035714285707 0.0 0.0267857142857 0.026785714285670004 0.10714285714277 0.0 0.09821428571434
0.0394736842105 0.5728070175432001 0.42543859649079996 0.558771929825 0.5730462519934 0.16666666666629998 0.6364433811793 0.34146730462479996 0.5809409888362 0.2081339712916 0.2859649122802 0.515151515151 0.4131578947364 0.2546251993618 0.0 0.0464912280701 0.0333333333333 0.33947368421019997 0.2283094098881 0.780303030302
0.0 0.23192418162419998 0.5344848145506 0.5446049916528001 0.447301977375 0.0673105836729 0.0458052073288 0.38115272550050006 0.2947009052163 0.1040506630996 0.12950923362459998 0.0163934426229 0.0542922615899 0.21432274654940003 0.08539158656580001 0.0310993249758 0.0327868852459 0.4874197696005 0.0163934426229 0.2810552565815
0.1105109579685 0.7774576667477999 1.3370475019222001 1.4182435107062 0.576956585106 0.2094741416774 0.4214920872688 0.7901872539451 1.3771091111882 0.3213076381484 0.4853218745029 0.0 0.0425531914894 0.8094995039815999 0.2799285100046 0.0332112332112 0.1327331801907 0.6617274459318 0.10186267633079998 1.1133759296759
0.0 0.1639204545454 0.22386363636370002 0.3884469696968 0.44204545454550004 0.0625 0.11193181818180001 0.1837121212121 0.6359848484844 0.29053030303030003 0.1897727272727 0.0 0.046875 0.1706439393939 0.03125 0.11193181818190001 0.2732954545454 0.3750946969694 0.08068181818180001 0.2175189393939
0.0 0.401470588235 0.5702205882352 0.626470588235 0.2356617647059 0.1713235294117 0.280882352941 0.1338235294117 0.7411764705893 0.24080882353 0.41213235294110007 0.0 0.17132352941169998 0.19264705882350003 0.01875 0.0 0.01875 0.35882352941170004 0.0562499999999 0.36948529411759995
0.0 0.0 0.0 0.0 0.0 0.0 0.0 0.0 0.0 0.0 0.0 0.0 0.0 0.0 0.0 0.0 0.0 0.0 0.0 0.0
0.0 0.37267080745380005 0.2772848269744 0.1876663708962 0.45164152617560005 0.0434782608696 0.0816326530612 0.2746228926354 0.2692990239576 0.0625554569654 0.0842945874002 0.0 0.225820763088 0.106033717835 0.0217391304348 0.0408163265306 0.0408163265306 0.0842945874002 0.0 0.3753327417926
0.0 0.400637958533 1.1869390258857 1.5747221199826 1.0277364740524 0.16746411483249998 0.20733897681250002 1.2220733652309002 1.2314513556613 0.1974015458224 0.8197031039145001 0.0 0.1266666666665 1.2030303030298997 0.1339712918655 0.0 0.059999999999899994 1.1277364740514 0.0 1.3131272236524998
0.0 0.05263157894748 0.1503759398496 0.045112781954960005 0.11278195488736001 0.03007518797 0.0 0.06015037593986 0.1278195488723 0.0 0.00751879699248 0.0 0.0225563909774 0.14285714285716 0.037593984962400004 0.0 0.0 0.15037593985 0.0 0.060150375939960005
0.0 0.0535714285714 0.0 0.0892857142856 0.1428571428572 0.0 0.0714285714286 0.0 0.08928571428580001 0.142857142857 0.125 0.0 0.125 0.0178571428571 0.0 0.0 0.0357142857143 0.0 0.0535714285714 0.0535714285714
0.0 0.0 0.0 0.0 0.0 0.0 0.0 0.0 0.0 0.0 0.0 0.0 0.0 0.0 0.0 0.0 0.0 0.0 0.0 0.0
0.0446250829463 0.6345937491317 0.890586436065 0.7749176554467 0.7498281588335 0.4844807744303 0.2482079954176 0.4114408812709 1.191980344103 0.19329224158900002 0.387562504854 0.0113636363636 0.0 0.5948907369537 0.1392504142736 0.09400779899560001 0.0779584162795 1.1265735187434998 0.0354113237325 0.9090283305701
0.0 0.133333333333 0.1777777777774 0.17777777777769999 0.2666666666663 0.0444444444444 0.0444444444444 0.177777777778 0.26666666666629996 0.0888888888888 0.0444444444444 0.0 0.0 0.0444444444444 0.0 0.0444444444444 0.0444444444444 0.13333333333320002 0.0888888888888 0.2222222222218
0.00429184549356 0.33716047437001 1.2995396523205298 1.0844170899191399 1.26387956812726 0.33152646815506004 0.22454802193826998 0.5763905720583601 0.87111354215977 0.37826973283892 0.35861880454931 0.00429184549356 0.12458624272866001 1.03028839302167 0.2507244129215 0.07317073170720001 0.3190317998865 0.9847281435934803 0.07770169723896 2.40572096147778
0.0 0.0 0.0 0.0 0.0 0.0 0.0 0.0 0.0 0.0 0.0 0.0 0.0 0.0 0.0 0.0 0.0 0.0 0.0 0.0
0.0392156862745 0.5279411764715 0.2426470588235 0.5279411764705 0.8774509803920001 0.178431372549 0.2068627450985 0.299509803922 0.913235294118 0.11764705882349999 0.39950980392200003 0.0 0.0 0.203431372549 0.1568627450985 0.19264705882400002 0.281862745098 0.48529411764700003 0.0392156862745 0.31029411764750003
0.09036269430050001 0.4638106453139 0.8016203485642 0.9484432406987 1.2003485633549 0.5349952896845 0.5009090909087 0.7068040508708999 1.3248021667465002 0.27863636363690003 0.4949952896834 0.0710880829015 0.18817710786650002 0.6192510598215001 0.2192651907675 0.0 0.07854451248229999 1.1840767781453 0.07409090909089999 2.2197786151684
0.0113636363636 0.1071829405161 0.29433221099920004 0.403479236812 0.24943883277209997 0.08052749719419999 0.0730920314253 0.158529741863 0.47909652076349996 0.0691638608305 0.1812570145905 0.0 0.0350729517396 0.12051066217699999 0.09680134680129998 0.037037037037 0.0493827160494 0.2939113355783 0.0 0.259820426487
0.0266666666667 0.6867091475497 0.6551842861189 1.2976182384592 1.2946401262284999 0.1702164502164 0.4377533681271 0.2953052554922 0.8345393858479002 0.1747663551401 0.4364926973339 0.0 0.2639968442772 0.6034437836301 0.3268831168833 0.131678601772 0.181211312052 0.9795185499854999 0.11298701298700001 1.0903888012307001
0.0 0.0 0.0 0.0 0.0 0.0 0.0 0.0 0.0 0.0 0.0 0.0 0.0 0.0 0.0 0.0 0.0 0.0 0.0 0.0
0.0 0.0 0.037037037037 0.1481481481481 0.037037037037 0.0 0.1111111111111 0.0 0.1851851851851 0.0 0.037037037037 0.0 0.074074074074 0.037037037037 0.0 0.037037037037 0.037037037037 0.074074074074 0.111111111111 0.0740740740741
0.0 0.0666666666666 0.5231884057970999 0.46231884057969996 0.4978260869562 0.0978260869564 0.0985507246376 0.6528985507246 0.3652173913039 0.0333333333333 0.0333333333333 0.0 0.0326086956521 0.5586956521734999 0.0985507246376 0.0326086956521 0.0652173913042 0.6615942028983001 0.0 0.7195652173911
0.0264900662251 0.3352082010349 0.7430070458740999 1.2399267860794199 0.6903192315057399 0.4742432489644 0.16022810890338 0.36556140191706 0.96304528242216 0.15369043179061997 0.28886234506342 0.0 0.0 0.60807789100892 0.32446551150636 0.0 0.0 0.8147014155594199 0.0 0.81217303214492
0.0 0.3825187969921 0.45770676691760004 0.26503759398489996 0.3101503759398 0.0357142857142 0.125 0.0263157894737 0.45206766917310004 0.25657894736910003 0.3881578947381 0.0 0.141917293233 0.2556390977442 0.078947368421 0.142857142857 0.2490601503757 0.2462406015037 0.0535714285714 0.1325187969925
0.0 0.2139244954392 0.34327303561334005 0.59542725314387 0.6271905031099 0.0491803278688 0.1966831161289 0.24466029059004002 0.5877958229575401 0.2999556933982 0.181985546881 0.0 0.12047576123314001 0.29879073533707 0.0344827586207 0.05780101752397 0.18315050494227 0.5164239989002699 0.06267474370917 0.3861243946041
0.0 0.0 0.0 0.0 0.0 0.0 0.0 0.0 0.0 0.0 0.0 0.0 0.0 0.0 0.0 0.0 0.0 0.0 0.0 0.0
0.0 0.0588235294118 0.0588235294118 0.08823529411770001 0.1176470588235 0.0294117647059 0.1176470588235 0.0294117647059 0.0294117647059 0.0882352941176 0.1470588235294 0.0 0.0294117647059 0.08823529411770001 0.0 0.0294117647059 0.0588235294118 0.0294117647059 0.0 0.0
0.0 0.45526994744370003 0.43345437171510004 0.6888007644526001 0.7743526039174 0.1423793597706 0.1747061634018 0.42506450071669993 0.8964739608217 0.11644529383659999 0.11644529383660002 0.0 0.0547061634018 0.4404873387482 0.1746297181079 0.0 0.032967032967 0.448160535117 0.0 0.6256569517444
0.0 0.0 0.0 0.0 0.0 0.0 0.0 0.0 0.0 0.0 0.0 0.0 0.0 0.0 0.0 0.0 0.0 0.0 0.0 0.0
0.0 0.0 0.0 0.0 0.0 0.0 0.0 0.0 0.0 0.0 0.0 0.0 0.0 0.0 0.0 0.0 0.0 0.0 0.0 0.0
0.0 0.3703703703702 0.1481481481482 0.3703703703702 0.0740740740741 0.0740740740741 0.148148148148 0.0740740740741 0.2962962962962 0.370370370371 0.6666666666671999 0.0 0.148148148148 0.2962962962962 0.0740740740741 0.222222222222 0.2222222222221 0.1481481481482 0.0740740740741 0.222222222222
0.039649122806999997 0.96456756891558 0.8841633240379001 0.76453383072458 0.87272426800066 0.35168997668970003 0.38650289347867994 0.36703721494060004 1.23285870091814 0.13673659673650002 0.46755797874408 0.0 0.0 0.97012579302976 0.14034229968658 0.0338983050847 0.08756410256398 1.2069317583994001 0.039649122806999997 1.05346714243176
0.0 0.0 0.0 0.0 0.0 0.0 0.0 0.0 0.0 0.0 0.0 0.0 0.0 0.0 0.0 0.0 0.0 0.0 0.0 0.0
0.0361445783132 0.25514771560813 1.3134719664521 0.9062034844855 1.03931520238004 0.08032508778155 0.14778869294178001 1.02567999682234 0.8784065895202898 0.12097341906378999 0.33349480531589004 0.0 0.08236460536444 0.7788172924701301 0.2622544061759 0.0289855072464 0.12402051252025001 0.89525938027165 0.10688891202159001 1.5844578452481402
0.0 0.0 0.0 0.0 0.0 0.0 0.0 0.0 0.0 0.0 0.0 0.0 0.0 0.0 0.0 0.0 0.0 0.0 0.0 0.0
0.0 0.25156494522670003 0.1670579029732 0.3063380281691 0.44953051643220004 0.0555555555554 0.0837245696399 0.0281690140845 0.6995305164317001 0.3654147104855 0.4467918622857 0.0281690140845 0.1404538341157 0.2777777777782 0.0 0.0281690140845 0.1404538341157 0.2511737089198 0.0845070422535 0.1956181533645
0.0 0.199335548173 0.3853820598008 0.5448504983393 0.31893687707600005 0.1063122923588 0.0664451827242 0.3189368770759 0.3588039867109 0.11960132890360001 0.1860465116283 0.0265780730897 0.0 0.38538205980030005 0.1727574750825 0.0 0.0132890365448 0.5182724252492 0.0132890365448 0.2657807308963
0.0357142857143 0.3335886335886 0.996031746033 1.333738483738 0.6545177045174999 0.18481518481499998 0.138073038073 0.5611999112003 0.9330669330663 0.45280830280850004 0.271484071484 0.0 0.041958041958 0.6935453435452001 0.2063436563436 0.08015873015870001 0.06418026418020001 0.6285658785657999 0.0 0.3902097902097
0.0 0.47752945956860005 0.38187728565730006 0.2812677773259 0.34124339699399997 0.043478260869599994 0.0928078017065 0.13823648923179999 0.39731816334750003 0.1488825680616 0.28711905729480003 0.0 0.1082486793986 0.4195042665591 0.097602600569 0.1015034538804 0.1015034538804 0.3073547338482 0.0 0.27452255180790003
0.0 0.0574712643679 0.0574712643679 0.0574712643679 0.0459770114943 0.0229885057472 0.0114942528736 0.0459770114943 0.1034482758622 0.0114942528736 0.0459770114943 0.0 0.0344827586207 0.2528735632186 0.0344827586207 0.0 0.0 0.1149425287357 0.0 0.10344827586220001
0.0144927536232 0.0144927536232 0.086956521739 0.0579710144927 0.231884057971 0.0 0.07246376811579999 0.0 0.159420289855 0.0289855072463 0.0 0.0 0.0289855072464 0.1014492753623 0.0144927536232 0.0144927536232 0.0 0.0289855072464 0.0144927536232 0.1304347826086
0.0 0.0240963855421 0.0963855421686 0.08433734939750001 0.036144578313200004 0.0120481927711 0.0240963855422 0.1325301204818 0.07228915662640001 0.0120481927711 0.0 0.0240963855421 0.0240963855422 0.07228915662640001 0.0 0.0 0.0240963855421 0.096385542169 0.0 0.2650602409643
0.015625 0.28964944516273994 0.5048881695391 0.68638946248612 0.41176208685345994 0.07056561703672001 0.09701492537340001 0.22039383873312 0.57692129658668 0.0149253731343 0.1747172464005 0.0 0.04404805242076 0.6104678850286199 0.0845905172414 0.034583181652699996 0.00746268656716 0.2548728707178 0.0 0.90112234506568
0.0 0.0 0.0 0.0 0.0 0.0 0.0 0.0 0.0 0.0 0.0 0.0 0.0 0.0 0.0 0.0 0.0 0.0 0.0 0.0
0.0 0.2511779630301 0.40268213120689994 0.43494019572320003 0.7042406669083 0.1290322580644 0.09822399420079998 0.3450525552739 0.4574121058363999 0.0967741935483 0.1515041681773 0.0 0.0112359550562 0.141718013773 0.0337078651685 0.0 0.0322580645161 0.3396158028271 0.0 0.37042406669179995
0.0 0.0 0.0 0.0 0.0 0.0 0.0 0.0 0.0 0.0 0.0 0.0 0.0 0.0 0.0 0.0 0.0 0.0 0.0 0.0
0.0 0.0655737704917 0.19672131147549998 0.0491803278687 0.0327868852458 0.0491803278688 0.0327868852458 0.0819672131147 0.1147540983605 0.0327868852458 0.0819672131147 0.0 0.0327868852458 0.09836065573750001 0.0163934426229 0.0 0.0 0.0163934426229 0.0 0.0983606557376
0.0 0.3337461300314001 0.465105363028 0.7298312194157 0.3022271047635 0.443992809349 0.0526315789473 0.1351043643263 0.6261559972032 0.0 0.1213921901526 0.016129032258 0.0 0.7551882552688001 0.1969639468691 0.157894736842 0.0 0.1908918406072 0.0 0.47274543093980004
0.0 0.1636363636364 0.12727272727260003 0.0363636363636 0.09090909090919999 0.0363636363636 0.0181818181818 0.0545454545454 0.0545454545454 0.0 0.09090909090900001 0.0 0.0 0.0363636363636 0.0545454545454 0.0181818181818 0.0 0.12727272727260003 0.0 0.09090909090900001
0.0 0.0 0.0 0.0 0.0 0.0 0.0 0.0 0.0 0.0 0.0 0.0 0.0 0.0 0.0 0.0 0.0 0.0 0.0 0.0
0.0 0.27586206896550003 0.0 0.10344827586210001 0.0689655172414 0.0 0.0344827586207 0.0689655172414 0.20689655172410001 0.0689655172414 0.0689655172414 0.0 0.0 0.0 0.0 0.0 0.103448275862 0.0 0.0 0.0
0.0 0.5215249662617001 0.8116734143055999 1.0472503373816002 0.6734480431844 0.15384615384619998 0.30128205128200003 0.5499831309038999 0.8812246963561001 0.3188259109311 0.6919871794866 0.0 0.10472334682850001 0.6385121457486 0.1120107962212 0.1283569500674 0.17763157894730003 1.1402834008093001 0.0625 0.6849358974354001
0.0 0.0 0.0 0.0 0.0 0.0 0.0 0.0 0.0 0.0 0.0 0.0 0.0 0.0 0.0 0.0 0.0 0.0 0.0 0.0
0.0465116279069 0.2403924789238 1.19118912738359 0.69231152223148 0.7179672060156799 0.1880863773584 0.15000148253568 0.41061024313129 0.91213217146888 0.1893436021342 0.28756155971028 0.0178571428571 0.0707279396253 0.49922049424356996 0.30019387814369003 0.0285146547441 0.0915124829508 0.6676723515320799 0.0494129158513 1.2487807412529
0.666666666667 0.0 0.0 0.0 0.0 0.0 0.0 0.0 0.0 0.0 0.0 0.0 0.333333333333 0.0 0.0 0.0 0.0 0.0 0.0 0.0
0.0243902439024 0.513398587933 0.20390725288810002 0.39220956354299996 0.4807445442871 0.07509627727849999 0.22829749679069997 0.0770218228498 0.5210205391525 0.1883023106546 0.4223764441604 0.0 0.0526315789474 0.1814425545571 0.0243902439024 0.0 0.1238767650833 0.2732670089857 0.0 0.21762676508329998
0.0 0.3646408839777 0.6298342541438 0.7292817679565999 0.5303867403311999 0.1988950276242 0.1988950276242 0.3646408839782 0.8287292817677 0.0331491712707 0.4309392265191 0.0 0.0662983425414 0.39779005524879996 0.0662983425414 0.0994475138121 0.0662983425414 0.5303867403319 0.0 0.46408839778999994
0.02 0.27121680347649 0.38521004345739 0.42844300074599007 0.39422984065668 0.0550458715596 0.3899521531097 0.7126056801724001 0.7017677011539801 0.0331578947368 0.32837057196778996 0.19099249374459 0.04 0.27060840173849 0.0526315789473 0.0 0.19099249374459 0.20151617576039 0.0 0.33325929502678997
0.0 0.0967741935485 0.0483870967742 0.048387096774300004 0.0967741935485 0.0 0.1290322580647 0.0 0.1290322580646 0.0 0.1129032258066 0.0 0.0483870967742 0.0322580645161 0.0322580645162 0.0322580645161 0.0645161290322 0.0322580645162 0.0 0.0967741935484
0.0 0.0 0.0 0.0 0.0 0.0 0.0 0.0 0.0 0.0 0.0 0.0 0.0 0.0 0.0 0.0 0.0 0.0 0.0 0.0
0.0 0.272727272727 0.363636363636 0.454545454545 0.090909090909 0.454545454546 0.8484848484840001 0.181818181818 0.636363636363 0.0 0.5303030303040001 0.0 0.0 0.0 0.0 0.090909090909 0.166666666667 0.636363636364 0.090909090909 0.181818181818
0.0 0.0 0.0 0.0 0.0 0.0 0.0 0.0 0.0 0.0 0.0 0.0 0.0 0.0 0.0 0.0 0.0 0.0 0.0 0.0
0.0442477876106 0.5207962262784 1.6414446428215 1.4343143930508 1.2224834834040998 0.27061813316329997 0.6066116147081999 0.322204382409 1.2801729356112 0.45052929462350005 0.3942549295869 0.0161290322581 0.14793442355519998 0.8342609962401 0.3902506367595 0.0689655172413 0.20047628430449999 1.6313161907886 0.0 1.5229890955897
0.0 0.1311475409836 0.09836065573769999 0.2295081967213 0.1311475409836 0.0327868852459 0.09836065573769999 0.0 0.327868852459 0.1311475409836 0.1311475409836 0.0 0.0655737704918 0.09836065573769999 0.0655737704918 0.0655737704918 0.09836065573769999 0.1639344262295 0.0 0.1311475409836
0.0 0.15748031496049997 0.4724409448823 0.4094488188985 0.34645669291500003 0.0629921259842 0.0314960629921 0.34645669291329995 0.4409448818899 0.0 0.3149606299212 0.0 0.09448818897629999 0.2519685039374 0.1574803149605 0.0314960629921 0.0314960629921 0.4724409448826 0.0 0.3779527559057
0.0 0.0 0.0 0.0 0.0 0.0 0.0 0.0 0.333333333333 0.333333333333 0.0 0.0 0.0 0.0 0.0 0.0 0.0 0.0 0.0 0.333333333333
0.0 0.0263157894737 0.07894736842109999 0.1578947368427 0.0263157894737 0.0263157894737 0.07894736842109999 0.0 0.1315789473684 0.0 0.078947368421 0.0 0.07894736842109999 0.0263157894737 0.0263157894737 0.0 0.0526315789474 0.1052631578948 0.0263157894737 0.07894736842109999
0.0555555555555 0.0 0.17419962335209999 0.24670433144999998 0.1403013182674 0.0 0.16666666666649999 0.1016949152543 0.2561205273077 0.0 0.0894538606402 0.0508474576271 0.0169491525424 0.237288135593 0.0338983050847 0.0 0.0555555555555 0.1572504708095 0.0555555555555 0.1619585687382
0.0 0.1147540983607 0.1147540983607 0.0655737704917 0.19672131147549998 0.0163934426229 0.0163934426229 0.0819672131148 0.0983606557376 0.0491803278688 0.0163934426229 0.0 0.0 0.0491803278688 0.0327868852458 0.0163934426229 0.0 0.0491803278687 0.0 0.08196721311460001
0.0 0.0 0.0 0.0 0.0 0.0 0.0 0.0 0.0 0.0 0.0 0.0 0.0 0.0 0.0 0.0 0.0 0.0 0.0 0.0
0.0 0.1428571428571 0.0 0.0285714285714 0.0571428571428 0.0 0.0857142857142 0.0571428571428 0.0571428571428 0.114285714286 0.14285714285700002 0.0 0.0571428571428 0.0 0.0 0.0285714285714 0.0571428571428 0.0285714285714 0.0571428571428 0.0857142857143
0.0434782608696 0.2608695652172 0.074074074074 0.3719806763281 0.3655394524961 0.0869565217392 0.037037037037 0.3027375201286 0.4943639291462 0.0 0.16747181964570002 0.037037037037 0.0 0.3462157809981 0.11755233494360001 0.0434782608696 0.0 0.4219001610311 0.0 0.8293075684375
0.0 0.0 0.0 0.0 0.0 0.0 0.0 0.0 0.0 0.0 0.0 0.0 0.0 0.0 0.0 0.0 0.0 0.0 0.0 0.0
0.0 0.2815390749599 0.7227625157544 0.966702395033 0.6747251865195001 0.1278252662641 0.1355101876243 0.5621877408021 0.5685958490876 0.0 0.16474995370610002 0.0224719101123 0.0598988106971 0.7541516585125001 0.3160415882658 0.059649122806999993 0.037679425837299996 0.599102460143 0.0224719101123 0.9239349437604001
