0.0 0.0 0.0 0.0 0.0 0.0 0.0 0.0 0.0 0.0 0.0 0.0 0.0 0.0 0.0 0.0 0.0 0.0 0.0 0.0
0.1 0.7214552238806 0.3020522388059 0.05 0.4880597014926 0.0298507462686 0.2 0.0625 0.474253731343 0.179104477612 0.37835820895500005 0.0 0.2089552238803 0.6270522388058 0.1125 0.119402985075 0.1395522388059 0.28470149253730004 0.0 0.5222014925372
0.0 0.13997756170528 1.32327349788144 0.49999424659092007 0.24938150854358 0.0809399152331 0.06285215656938 0.49609727096634004 0.5001208215869 0.06426078284720001 0.16215119958564 0.0476190476191 0.050947394664699996 0.64776480064514 0.2653721496657 0.00523560209424 0.01047120418848 0.3766018449263 0.0119047619048 1.00503423278288
0.0 0.1221335992023 0.9230843700792999 0.558698438845 0.660867913857 0.2025210084036 0.0885847633084 0.27357781727280006 0.8209871420925 0.0463609172483 0.2107183625107 0.0 0.1088306509044 0.7620354258149 0.0169491525424 0.0 0.0 0.3923744295064 0.0434782608695 0.7687977475448001
0.0710681244742 0.3082931926495 1.1914392027939 0.9479572852143999 0.1379565206309 0.0365853658536 0.586206896552 0.1421362489485 0.5904375971668 0.10555088309489999 0.35113540790590003 0.0344827586206 0.0365853658536 0.5110609883524999 0.2393276754083 0.1400336417156 0.0731707317073 0.7138287840551 0.103448275862 0.6792950531377
0.0 0.037037037037 0.666666666667 0.259259259259 0.185185185185 0.074074074074 0.0 0.037037037037 0.259259259259 0.111111111111 0.185185185185 0.074074074074 0.0 0.407407407407 0.33333333333299997 0.037037037037 0.074074074074 0.444444444444 0.0 0.8148148148150001
0.0144927536232 0.08122682844620001 0.2468823727673 0.24081563869240002 0.2930569598925 0.0116279069767 0.1307718233905 0.037748567576700004 0.2524435456685 0.05224132119990001 0.15099427030669998 0.0 0.0144927536232 0.061004381530200005 0.0116279069767 0.0144927536232 0.0551061678463 0.2236265588137 0.0 0.1073474890462
0.0217391304348 0.1154891304348 0.7022023036996999 0.4455507787155 0.1113927644386 0.0217391304348 0.14945652173909998 0.45078277092850005 0.3694435431539 0.0625 0.0665152498377 0.0 0.0461753731343 0.355816028553 0.16839714471130002 0.0 0.0584036340039 0.3559174237513 0.0 0.4984790720315
0.0500622665006 0.46233766233749996 1.0859692818598 0.7162663820197 0.6278301607078001 0.013698630137 0.5896103896108 0.1190179683329 0.9616616260448001 0.3952380952375 0.43416948348410006 0.0 0.0363636363636 0.4788531103600001 0.18379884955210002 0.0 0.0 0.9061258376333 0.062337662337600006 0.8766589574809
0.0 0.2822277847307 0.15456821026280002 0.1742803504379 0.4662077596989 0.0 0.127659574468 0.0 0.4292866082599 0.1423654568209 0.5816645807257 0.0 0.2183979974968 0.20619524405490003 0.0 0.11045056320390001 0.38297872340399997 0.24030037546879998 0.0294117647059 0.4540050062586
0.0204081632653 0.1679656477975 0.5635331055494 0.3052082371409 0.34371594791750004 0.13257918552029999 0.18601902299380002 0.050226244343800006 0.4425893434296 0.0855203619908 0.1522208883552 0.0 0.1090959460706 0.2205466802104 0.1592760180995 0.0117647058823 0.0384615384615 0.3123557115153 0.2158371040728 0.4826761473818
0.0 0.0 0.0 0.0 0.0 0.0 0.0 0.0 0.0 0.0 0.0 0.0 0.0 0.0 0.0 0.0 0.0 0.0 0.0 0.0
0.0 0.3268398268401 0.0909090909091 0.2207792207792 0.27705627705610003 0.047619047619 0.030303030303 0.0 0.2532467532466 0.1233766233766 0.09307359307350001 0.0 0.1363636363636 0.077922077922 0.0952380952381 0.0 0.030303030303 0.0757575757575 0.060606060606 0.060606060606
0.00826446280991 0.1667496266799 1.34760362117121 0.36403203490621 0.28869776090230004 0.10950413223141 0.20826446280991 0.38479322388120996 0.54771914813181 0.00826446280991 0.38504128117641 0.0227272727273 0.1702704222181 0.37683420475683005 0.3351087461798 0.0 0.0454545454545 0.63684926097082 0.0 0.59382133018511
0.0 0.0166666666667 0.74405940594 0.6013201320137 0.129702970297 0.0463696369637 0.0 0.2615511551153 0.35792079208 0.0 0.0630363036304 0.0 0.0463696369637 0.4100660066004 0.2057755775577 0.0 0.029702970297 0.6273927392734 0.0463696369637 0.41369636963679995
0.0 0.0 0.0 0.0 0.0 0.0 0.0 0.0 0.0 0.0 0.0 0.0 0.0 0.0 0.0 0.0 0.0 0.0 0.0 0.0
0.0 0.0 0.0 0.0 0.0243902439024 0.0243902439024 0.0487804878048 0.0243902439024 0.121951219512 0.317073170732 0.0243902439024 0.0 0.1463414634146 0.0487804878048 0.0 0.0243902439024 0.0243902439024 0.0 0.0487804878048 0.12195121951200001
0.013698630137 0.1253337162189 0.8233888449483 0.5219058566405 0.718194422407 0.2041756558445 0.412332859757 0.282475355478 0.5641693034239 0.0281690140845 0.39567380049440004 0.0 0.046511627907 0.49348747742400006 0.1112591348334 0.0 0.0506530742274 0.7692234478819 0.0 0.4393477782912
0.0 0.05 0.333333333334 0.1 0.333333333334 0.05 0.15 0.15000000000000002 0.05 0.0 0.1 0.0 0.05 0.166666666667 0.0 0.05 0.0 0.21666666666700002 0.1 0.1
0.1959493670885 0.182949495944 2.2697485654968 1.1929396298158998 0.7504165750141 0.3160563388144 0.0751662704263 0.5740120726374 1.3299016200232001 0.5660270295506 0.480623682022 0.0 0.12556706615399998 0.8385310626466 0.1796870660863 0.1129145048743 0.1433547829447 1.1030284237127 0.041078575942699994 3.5220478708048
0.0 0.0 0.0 0.0 0.0 0.0 0.0 0.0 0.0 0.0 0.0 0.0 0.0 0.0 0.0 0.0 0.0 0.0 0.0 0.0
0.0 0.1071428571428 0.1071428571428 0.1785714285714 0.0178571428571 0.0535714285714 0.053571428571300005 0.0 0.19642857142839998 0.0178571428571 0.0357142857142 0.0 0.0178571428571 0.0 0.0 0.0 0.0357142857143 0.0535714285714 0.0 0.1250000000001
0.1344532359503 0.4221140190708 2.7704118482445006 1.636587543113 0.8536051937511001 0.273548387097 0.0666666666666 0.4725177520796 0.824869141814 0.4770825725297 0.16722661797510002 0.0133333333333 0.0 0.5307567457907 0.29247311828 0.0133333333333 0.0133333333333 0.6232339216882 0.0283018867924 1.3861513491593
0.0235294117647 0.35040299773790007 1.4677743212674002 0.8194782239818 0.5831589366516 0.2243424773754 0.1796380090495 0.1323034502261 1.2154623868782002 0.042668269230699996 0.8689408936644 0.0468749999999 0.140625 0.5105345022625001 0.11325650452479999 0.0384615384615 0.0384615384615 0.4638433257919 0.0 0.7402432126705001
0.0400223380491 0.2926676333423 0.3515048791002 0.31787827722719997 0.12419759376100001 0.0631226241328 0.149682564565 0.0863914253243 0.4567680369949 0.1390230042717 0.109526982012 0.0 0.0378904259905 0.1892483442411 0.0462848297213 0.0694693733589 0.0210526315789 0.27785593917789997 0.033710859427 0.1937022377241
0.0 0.0 0.2807017543861 0.06140350877195 0.03508771929825 0.0 0.0 0.07017543859645 0.07894736842104999 0.00877192982455 0.061403508771950006 0.00877192982455 0.00877192982455 0.0350877192983 0.0175438596491 0.0 0.0 0.1842105263161 0.0 0.1491228070175
0.0350877192982 0.4079163425795 2.52614294357 0.509809005271 0.5236366779016 0.0492610837437 0.1406965690081 0.1406965690084 0.46054792152760005 0.11606602713650001 0.1511537464348 0.0 0.0246305418719 0.1477832512313 0.0 0.0246305418719 0.0350877192982 0.4008296603582 0.0246305418719 0.2813931380172
0.0 0.0217391304348 0.33735177865620003 0.20316205533579998 0.2683794466402 0.07984189723320001 0.10869565217379999 0.3045454545457 0.38438735177899996 0.0217391304348 0.163438735178 0.0363636363636 0.0652173913043 0.15968379446640002 0.1707509881423 0.0 0.0217391304348 0.1885375494072 0.0108695652174 0.4535573122529
0.0330578512397 0.6458585862552 2.2640175649364 1.1475106017523 1.0809842894307 0.18065812846380003 0.2953172578569 0.3058680872024 1.293234137824 0.1522501562609 0.6178239038644999 0.123711340206 0.061974789915900004 0.4505878307696 0.1980063048477 0.0 0.0178571428571 0.7265634676801 0.1367645805873 1.2679539780456999
0.0105263157895 0.2302631578945 0.2192982456138 0.27149122807040005 0.3447368421051 0.0 0.0421052631578 0.187719298246 0.16710526315770002 0.2201754385962 0.5214912280718 0.0 0.052631578947400004 0.12499999999980001 0.0210526315789 0.0105263157895 0.1578947368423 0.16666666666660002 0.0105263157895 0.24078947368400003
0.0 0.2533398501138 0.7098131856198 0.4248805256872 0.317855979146 0.132697947214 0.1338112305853 0.24200336700320002 0.6906701422843 0.0806587379167 0.5598593461497999 0.0 0.25153415879200003 0.2569783860104 0.0227272727272 0.074074074074 0.2126642771802 0.29876724231599994 0.0 0.3376642771802
0.0 0.0 0.0 0.0 0.0 0.0 0.0 0.0 0.0 0.0 0.0 0.0 0.0 0.0 0.0 0.0 0.0 0.0 0.0 0.0
0.0 0.0 0.40425531914940005 0.19148936170199998 0.063829787234 0.0425531914893 0.2 0.0212765957447 0.06382978723409999 0.34255319148929997 0.0 0.0 0.24255319148930002 0.1 0.0212765957447 0.2 0.0 0.0425531914893 0.0 0.063829787234
0.0416666666667 0.1055555555555 0.2166666666665 0.2555555555554 0.1555555555556 0.0222222222222 0.125 0.06666666666660001 0.0638888888889 0.2083333333337 0.08611111111110001 0.0 0.0 0.23611111111100003 0.0222222222222 0.0 0.0 0.15555555555560002 0.0 0.2388888888888
0.0380952380952 0.11016346837229998 0.9043354655304 0.30163468372400004 0.26510305614790003 0.07206823027709999 0.0 0.2336886993604 0.41592039800999997 0.0 0.09111584932469999 0.0149253731343 0.0339729921819 0.36289978678019996 0.1508173418621 0.0 0.0 0.3721393034818 0.0149253731343 0.6181947405828999
0.0 0.1428571428571 0.0285714285714 0.0285714285714 0.0 0.0 0.0571428571428 0.0285714285714 0.1142857142856 0.171428571429 0.2000000000002 0.0 0.0285714285714 0.0 0.0 0.0 0.0285714285714 0.0571428571428 0.0857142857142 0.0285714285714
0.0 0.1406926406925 0.212121212121 0.0238095238095 0.164502164502 0.0 0.25541125541099996 0.0 0.0454545454545 0.32467532467550003 0.0909090909091 0.0 0.14069264069249998 0.0909090909091 0.069264069264 0.0 0.14069264069249998 0.0238095238095 0.16017316017310002 0.11688311688299999
0.015873015873 0.1361111111112 0.17023809523810002 0.151984126984 0.46111111111200004 0.08174603174600001 0.0 0.0 0.1952380952381 0.0 0.09087301587300001 0.0 0.015873015873 0.154365079365 0.1226190476189 0.015873015873 0.015873015873 0.2361111111111 0.0 0.136111111111
0.0 0.0 0.0 0.0 0.0 0.0 0.0 0.0 0.0 0.0 0.0 0.0 0.0 0.0 0.0 0.0 0.0 0.0 0.0 0.0
0.0 0.3125492329453 2.8537786564412 1.1511034286693 0.5524241656958 0.22142375305050002 0.1502982731552 0.8478520111081 0.9108299694103001 0.06907378335940001 0.270918866232 0.0384615384615 0.1596860282574 0.6582242496289 0.25900058512470003 0.029900990098999998 0.076923076923 0.5282154100863 0.0 1.9093359813551998
0.0 0.0 0.0 0.0 0.0 0.0 0.0 0.0 0.0 0.0 0.0 0.0 0.0 0.0 0.0 0.0 0.0 0.0 0.0 0.0
0.09375 0.30133928571438 0.43286401098896 0.43801510989016 0.5832760989008 0.05357142857138 0.08842719780218 0.08516483516476 0.52317994505556 0.2307692307691 0.165006868132 0.0 0.08928571428576 0.18595467032979998 0.04721840659338 0.044471153846099995 0.18853021978018 0.23523351648338 0.39926739926700006 0.8146749084251801
0.044217687074800005 0.4168813156329 3.0010237104529 0.58014662175551 0.30902846575517 0.09863945578220001 0.0442176870747 0.6865134403283001 0.6432203949544001 0.06462585034 0.11174955419047 0.0102040816326 0.0442176870747 0.75113929066664 0.24681328842187 0.0102040816326 0.06753186711567 0.5568324417139001 0.1010501287892 1.2117429496073702
0.0 0.5760014108652001 4.275424172048099 1.3411910798287 1.54946542868 0.157605474198 0.295370304707 0.7172529873765 1.5015247927769 0.3191221315137 0.6568674772412001 0.0588235294118 0.2858144317051 0.8502212461281999 0.1985442817293 0.1638181689241 0.13294491525399998 0.8440458566764999 0.0 1.0759623109407
0.00833333333333 0.07984496124036 0.45096899224753 0.19302325581423002 0.12151162790709999 0.046511627907 0.13158914728749999 0.054844961240330004 0.1315891472868 0.02500000000003 0.0732558139535 0.0 0.0 0.054844961240330004 0.116279069768 0.0 0.0 0.13468992248066 0.041666666666700006 0.33604651162883
0.0454545454545 0.13961038961039998 1.0779220779224001 0.4870129870126 0.11688311688320001 0.136363636364 0.0941558441559 0.1136363636364 0.2045454545454 0.0941558441559 0.0681818181818 0.0227272727273 0.0454545454546 0.4383116883119 0.2272727272733 0.0 0.0 0.3474025974025 0.0 0.34090909090950006
0.0 0.08333333333340001 0.2222222222229 0.11111111111110002 0.0972222222222 0.0 0.0555555555556 0.0277777777778 0.0694444444445 0.08333333333330001 0.0138888888889 0.0 0.0277777777778 0.09722222222219999 0.0 0.0138888888889 0.0138888888889 0.0277777777778 0.0 0.0555555555555
0.0 0.0328042328042 0.4878306878315001 0.1912698412698 0.0828042328042 0.0142857142857 0.29920634920655004 0.09841269841255 0.0656084656084 0.00714285714285 0.05714285714285 0.00714285714285 0.0500000000002 0.16111111111095 0.0142857142857 0.0 0.0142857142857 0.14285714285735 0.0 0.27380952380964996
0.03565222503842 0.16233766233771 0.97324820551612 0.3201274329293 0.30251149755681 0.08722602849861 0.1439282548436 0.08372877122871 0.35542362566991 0.09715435469940001 0.2036375344976 0.0 0.06072574306970001 0.22575676335701003 0.09536150469251001 0.0 0.0204081632653 0.26899295372591003 0.0510204081632 0.51275887090753
0.021978021978 0.131868131868 0.0769230769234 0.0769230769231 0.054945054945 0.0 0.043956043956 0.0 0.065934065934 0.10989010989 0.07692307692309999 0.0 0.07692307692309999 0.043956043956 0.032967032967 0.021978021978 0.0549450549451 0.021978021978 0.0439560439561 0.043956043956
0.0 0.28373090909944 0.67507680782066 0.50952128828154 0.46556524432612 0.08206761009121999 0.18161582763325998 0.17968527703030002 0.6747118281054401 0.31612405948662003 0.15428436962342001 0.0 0.140008140008 0.23627874365326 0.1351649552238 0.08984263851512 0.05473615208124 0.51015880219392 0.0837064170397 0.22772092978552
0.0 0.0 0.0 0.0 0.0 0.0 0.0 0.0 0.0 0.0 0.0 0.0 0.0 0.0 0.0 0.0 0.0 0.0 0.0 0.0
0.0190476190476 0.0857142857145 0.1904761904763 0.0571428571429 0.08571428571430001 0.0 0.0 0.0380952380952 0.0571428571429 0.114285714286 0.0666666666667 0.0 0.0095238095238 0.0285714285714 0.0 0.0095238095238 0.0666666666667 0.0380952380952 0.0190476190476 0.1142857142857
0.0 0.050000000000100006 0.46960784313660003 0.2333333333337 0.2166666666668 0.1000000000001 0.0588235294117 0.2088235294117 0.30882352941159996 0.1764705882347 0.2098039215681 0.0 0.0166666666667 0.2000000000001 0.08333333333330001 0.0 0.0 0.29215686274479996 0.0 0.37549019607809997
0.04875776397500001 0.09270186335370001 1.7830745341640002 0.23276397515470001 0.44565217391340006 0.0 0.0 0.22453416149049998 0.3240683229809 0.0 0.061801242236000004 0.0 0.030900621117900002 0.4229813664595 0.0700310559005 0.0130434782608 0.0391304347825 0.33571428571390005 0.0260869565216 0.8487577639742001
0.0 0.0 0.0 0.0 0.0 0.0 0.0 0.0 0.0 0.0 0.0 0.0 0.0 0.0 0.0 0.0 0.0 0.0 0.0 0.0
0.0 0.0 0.0 0.0 0.0 0.0 0.0 0.0 0.0 0.0 0.0 0.0 0.0 0.0 0.0 0.0 0.0 0.0 0.0 0.0
0.060606060606 0.39217489706652997 1.65963823413746 0.81092916201093 0.47301861896943 0.09437897473180001 0.0742484994289 0.13455323078413 0.73063148444123 0.04137931034483 0.11450945003463 0.0 0.030303030303 0.2300732897364 0.1578957392909 0.03719958202713 0.0 0.41145458354770004 0.0 0.54700585253863
0.0 0.0 0.222222222222 0.0 0.0 0.0 0.0 0.0 0.33333333333299997 0.0 0.0 0.0 0.111111111111 0.0 0.0 0.111111111111 0.0 0.111111111111 0.111111111111 0.0
0.05 0.1320087303379 1.7338701017722 0.5785632626196 0.7475075447041 0.1858525276745 0.0194174757281 0.3702199650828 0.7437041076898 0.19177955896739998 0.4465545322814 0.0 0.0543388274252 0.7144460009095001 0.2199343422616 0.0444174757281 0.087015503876 0.5652022733224 0.0211267605634 1.0940410090560002
0.0 0.0 0.0 0.0 0.0 0.0 0.0 0.0 0.0 0.0 0.0 0.0 0.0 0.0 0.0 0.0 0.0 0.0 0.0 0.0
0.04101290963254 0.14980966567358 0.45446044356182 0.45442685515028003 0.45621677668006 0.00943396226414 0.15132406487938002 0.01666666666664 0.33303103763776004 0.07215326050974 0.20309500165494 0.0 0.05110062893076 0.17635716650132002 0.01996027805364 0.06776729559764 0.11207381661704 0.9891869657508 0.060534591194919996 0.18138861304198
0.1661361397623 0.7844902861716 6.0029252350518 1.1533238796793 0.8770034354945 0.061045197740100005 0.2489525337858 0.8210908679306 1.0380087159943 0.2231131913595 0.1377756451898 0.085882596114 0.20734020354729998 1.8946386003612 0.49093948699730006 0.0533736884584 0.0157480314961 1.6676772444065002 0.1005807200929 1.9699543003603
0.039616731158999996 0.5916051837761 8.3154910706543 1.5785034939256 1.1542766002049998 0.1278164582693 0.2128877348828 1.2999371861654998 1.3596606859239 0.3561866982912 0.45267426414330003 0.0971659919028 0.21005707703760002 1.1109159623159999 0.0971659919028 0.0 0.037037037037 2.3446211736332 0.0824915824915 1.5318890762725
0.0232558139535 0.17391250182970003 0.9960141998273001 0.982886304848 0.688319256804 0.105263157895 0.4637587326777 0.3536743614444 0.7089219011429 0.4618066872256 0.6488240002475001 0.0 0.06562207044320001 1.0075731302550999 0.2829130344056 0.0152671755725 0.0740907049842 1.4458021129722 0.1148588673886 0.38723598608160004
0.0247933884297 0.1735537190084 2.4793388429734 0.6942148760321 0.2479338842977 0.0247933884297 0.0247933884297 0.0991735537188 0.4462809917361 0.12396694214850001 0.0743801652891 0.0 0.0 0.5702479338845 0.0743801652891 0.0495867768594 0.0 0.3471074380169 0.0 0.5454545454543
0.0227272727273 0.6614493996584 0.5531732418519999 2.3464837049768 0.7864493996570999 0.0330188679245 0.1217838765008 0.19918524871339996 0.5531732418538999 0.15587478559169998 0.2641509433975 0.0 0.0330188679245 0.19811320754699996 0.0113636363636 0.272727272727 0.1001286449399 1.1567324185254 0.07740137221259999 0.4530445969121
0.0701754385964 0.11084529505570001 2.2200956937808 1.2224880382784 0.8444976076562 0.22169059011140002 0.22089314194550003 0.8062200956937999 0.6491228070181 0.15629984051030002 0.15071770334950002 0.0 0.17623604465690001 0.49282296650659996 0.1108452950558 0.0350877192982 0.1913875598084 1.6403508771930002 0.3516746411487 1.3285486443398
0.17124103664569998 0.7354047267471001 2.2500324777161 1.1370564895341 1.3876255036844 0.21684273555449998 0.2568956328002 0.3683643835051001 0.7507402168595 0.3205192670997 0.5005426837755 0.047619047619 0.1240362810715 0.6474914793886001 0.11401349400319999 0.0856636504659 0.1832485035126 0.8712725309937001 0.0895722026959 0.741817656327
0.0 0.25 0.0954545454546 0.2742424242425 0.3030303030302 0.0 0.0833333333334 0.0666666666667 0.27878787878790007 0.2409090909091 0.2575757575757 0.0 0.17878787878789998 0.12424242424250001 0.0 0.0166666666667 0.1500000000001 0.17878787878789998 0.0666666666667 0.43484848484860006
0.00862068965517 0.24410163339409996 0.51996370235909 0.38157894736841996 0.21687840290398996 0.0698729582577 0.13929219600724 0.29537205081653 0.56896551724093 0.19237749546333 0.20825771324873 0.00862068965517 0.06896551724123999 0.14791288566226 0.06987295825762 0.00862068965517 0.12976406533582002 0.47822141560822007 0.034482758620670004 0.20825771324848
0.0 0.0 0.0 0.0 0.0 0.0 0.0 0.0 0.0 0.0 0.0 0.0 0.0 0.0 0.0 0.0 0.0 0.0 0.0 0.0
0.0289855072464 0.1304347826082 0.478260869565 0.1159420289855 0.2463768115944 0.0 0.1159420289856 0.0289855072464 0.0434782608696 0.0869565217392 0.0579710144928 0.0 0.1014492753622 0.0579710144927 0.0144927536232 0.0144927536232 0.0579710144927 0.20289855072409999 0.1159420289862 0.1014492753624
0.020725388601 0.08118587653978 0.7718834711594901 0.41855677178097006 0.26194969632459997 0.78008441135158 0.03397042171358 0.48073293758299 0.5578698143637799 0.061318326870890005 0.19315101396629 0.0 0.0132450331126 0.5089386816726 0.062176165803000005 0.0 0.062176165803 0.3241258621286 0.0 0.36790996122548997
0.0132450331126 0.0825485549951 1.86297263908336 0.25169613382772005 0.17631690868216002 0.0438260728679 0.0122324159021 0.12025841991191999 0.19158717621562 0.04483869007836 0.038722482127320004 0.0 0.019361241063660002 0.26396905441802 0.10292241326920001 0.0794701986755 0.0 0.34242663588266 0.0183486238532 0.33525730603385995
0.0 0.0 0.0 0.0 0.0 0.0 0.0 0.0 0.0 0.0 0.0 0.0 0.0 0.0 0.0 0.0 0.0 0.0 0.0 0.0
0.0 0.10590858416940001 0.2028985507247 0.076923076923 0.7224080267548001 0.0 0.10590858416940001 0.0289855072464 0.0289855072464 0.639910813826 0.21181716833880002 0.0 0.1973244147156 0.0289855072464 0.0 0.14938684503900002 0.0434782608695 0.0914158305462 0.076923076923 0.28874024526180003
0.00884955752211 0.16225693817342002 0.83786346397012 0.84938594906942 0.42761122147991004 0.07247306002041 0.20379567756292 0.21429775450042 0.34053639154770005 0.06873156342180001 0.16161278670781 0.0 0.03810727830952 0.36873758352902997 0.0408163265306 0.02551622418881 0.034365781710900004 0.51267533562111 0.0520648967551 0.58030220937951
0.0 0.0 0.25 0.0 0.0 0.0 0.2500000000003 0.0 0.0 0.0 0.0833333333333 0.0 0.0 0.0833333333333 0.0 0.0833333333333 0.166666666667 0.0 0.0833333333333 0.0
0.0 0.37297593408444996 4.81370291062134 0.9808841299759401 0.76886706756234 0.1535294564927 0.17091591972567 0.69174379209611 0.8659471838456401 0.09928275434020001 0.25552159889617 0.0436781609195 0.06964371933210001 0.8429047611487201 0.34805566518204006 0.0447860407146 0.1375607498263 0.63222210508154 0.0 1.7077780501592699
0.0 0.0 0.0 0.0 0.0 0.0 0.0 0.0 0.0 0.0 0.0 0.0 0.0 0.0 0.0 0.0 0.0 0.0 0.0 0.0
0.0124223602484 0.0869565217391 0.6178297405924 0.3857021069295 0.23273657288980004 0.103276093046 0.0 0.0588235294117 0.4340518816223 0.0124223602484 0.062111801242200004 0.0 0.0372670807453 0.27913774205349995 0.0320302033856 0.0372670807453 0.062111801242200004 0.38570210692960005 0.0 0.16015101692829997
0.11168978169489999 1.0843712111093 7.150538269549401 1.9935228835208 1.8334042502012 0.4565581407839 0.26954982389099996 1.6448098837769998 1.6863913241918 0.2176755247782 0.29111974278580005 0.0849667575452 0.1945662472756 2.3905353171842 0.7226783849539999 0.10588620000269999 0.0905349237341 1.9901147139099 0.1348503077732 2.5462363113382
0.0399777702084 0.7651834608589999 7.010762249968 2.0241944324549 1.5709589004795 0.2191068643447 0.23562117802670002 1.7443815604971 1.4905340590064 0.4946276704782999 0.33022795936009997 0.0 0.1537294998171 1.9342202493003002 0.44511903572100003 0.0 0.0410958904109 1.4986663844136 0.0247933884297 2.9767994462385996
0.02013472499809 0.3446889470032 0.62682092535379 0.8472991471679799 0.31160873403329 0.24378717118349003 0.30401070375407 0.14026801369549 0.72089751111146 0.2856348945922 0.24118746706149 0.0116959064327 0.1181257823695 0.48630708328249 0.16257320989939 0.0700925750991 0.07660675083379 1.24765468681578 0.0116959064327 0.7289098588776901
0.111111111111 0.18766756032150003 1.6967530533273 1.7602025618113 0.325588322907 0.1781352397973 0.0268096514744 0.12064343163529999 0.6875186178124 0.0 0.12064343163550001 0.0402144772117 0.0134048257372 0.3217158176941 0.0804289544234 0.0536193029491 0.0 0.9002085195098999 0.0 0.3753351206434
0.13884469266479998 0.6476713099763799 0.8337067463284 2.13420138324856 0.8112262016873599 0.0602006688962 0.34415689839886 0.6373564524692601 1.34188394973546 0.22914569600916002 0.3717028714925 0.0 0.051282051282 0.42024656081276 0.13011007565666 0.1343853838577 0.1503176716345 1.8763082984275 0.09109112359416 0.59616196382772
0.0592643997224 0.78020424887865 4.52771956397955 1.84772269117335 0.5374303313496 0.26038998470755004 0.4383860320981 0.92062454545625 0.90975777527945 0.10929560421585001 0.12799638567799998 0.17029122445759998 0.41247550403550004 0.6186338766577499 0.26116791185515 0.04399722414985 0.2998271572524 0.99607260553795 0.0768857740725 1.6018571594459001
0.0552830854945 0.6302654760604001 3.2939756662139006 1.6733920302530998 1.1495573583022 0.43001595202270004 0.3375309860599 0.6147226518348999 1.1896781851629 0.5782711425900999 0.7751577003756001 0.0208475734791 0.075830196199 1.0508530097028999 0.3787074823969 0.1260791839737 0.1949650409659 1.5935366659814 0.2495000756093 1.581830537325
0.0298507462686 0.2637831251903 0.27870849832559996 0.2473347547973 0.3100822418525 0.035333536399600005 0.1632653061224 0.1821504721291 0.3015534572038 0.2284495887902 0.2826682911972 0.0 0.198598842522 0.1373743527261 0.035333536399600005 0.1169661894613 0.3618641486443 0.3399329881202 0.0408163265306 0.4459335973204
0.0152671755725 0.37118477289740004 0.8310675174763 0.9149303956036001 0.6322890196093001 0.11276383270410001 0.2700151921524 0.3047781858806 0.8165925662282 0.3098491900942 0.3471618671017 0.0 0.23300274428520001 1.3900455490115 0.030534351145 0.1037981753863 0.30626656852699996 0.401359150996 0.19437327681580002 0.414720468509
0.0 0.0 0.37500000000120004 0.0 0.0416666666666 0.0 0.0 0.0416666666666 0.0 0.0 0.0833333333332 0.0416666666666 0.0416666666666 0.125 0.0 0.0416666666666 0.0 0.0 0.0 0.20833333333300003
0.0522875816993 0.40352372833179995 1.1753339016786999 0.5456095481679001 0.5547030406371 0.1972151179312 0.2148337595908 0.1858482523443 0.3250923557828 0.18584825234469998 0.078431372549 0.0 0.23813583404340002 0.3540778630293 0.1102585961921 0.0261437908497 0.1335606706451 0.49048025007179996 0.1335606706454 0.5950554134696
0.0212765957446 0.6382211538456999 1.691289041189 1.5965502250387003 2.7431592675995002 0.7379807692289 0.26875767184890004 0.8341772367711 1.5994442171307999 0.31274294189919993 0.25264678805199997 0.0212765957446 0.1376201923075 1.1986454923611998 0.251802884615 0.0212765957446 0.0234375 1.0681089743606003 0.0851063829787 1.4964794735397
0.00609756097561 0.03666524656514 1.04031313239017 0.24685802534876 0.19552135477692 0.0496858025349 0.02875705612947 0.06723293215454 0.24084034508440003 0.04886036851641 0.03839599531362 0.0 0.01656193417827 0.2880498455640901 0.07671210991593 0.02265949515387 0.0435882415592 0.19988816700419001 0.01046437320268 0.34284801363301004
0.0 0.25 0.0 0.25 0.0 0.0 0.25 0.0 0.0 0.0 0.0 0.0 0.0 0.0 0.0 0.25 0.0 0.0 0.0 0.0
0.0 0.0510204081633 0.18367346938759999 0.0816326530611 0.1122448979591 0.0102040816326 0.040816326530500005 0.08163265306140001 0.05102040816310001 0.040816326530500005 0.0408163265306 0.0 0.0204081632653 0.12244897959180001 0.0 0.0204081632653 0.0204081632652 0.0102040816326 0.040816326530500005 0.07142857142850001
0.04300827299728 0.6995356326391899 1.81802590177049 1.7804701703151 0.86887034402519 0.2397412773896 0.49435375002360005 0.33381813665339 0.7180162819538 0.11307565789499 0.50112243414988 0.039541759053900005 0.030303030303 0.76659238604049 0.2279535737929 0.0424208669822 0.2278017834219 0.9877369382746 0.054579353038900005 1.01303244928007
0.0 0.0 0.0 0.0 0.0 0.0 0.0 0.0 0.0 0.0 0.0 0.0 0.0 0.0 0.0 0.0 0.0 0.0 0.0 0.0
0.023017902813319998 0.90913783652254 8.955578937827902 2.6595157838509405 1.5594338196616 0.41431721921702 0.52625755442412 1.38337506697704 1.70870300987632 0.16435021190634003 0.39454146525072004 0.0 0.33943643817574 2.5315873463468397 0.40391236395860003 0.1611649064585 0.0781590926517 1.93583363082582 0.06342194321732 2.7882554700320203
0.0 0.0 0.0 0.0 0.0 0.0 0.0 0.0 0.0 0.0 0.0 0.0 0.0 0.0 0.0 0.0 0.0 0.0 0.0 0.0
0.1952409046213 0.7767129646202399 0.7597910023526 1.05387271976954 0.52770154339764 0.41806639357677 0.11804930221304 0.33039529085187 0.8534740716843099 0.17660473701449997 0.19734685780317 0.0148148148148 0.1104859493866 0.40570541018644 0.06962962962960001 0.0959057427245 0.1475236764477 1.05147584186194 0.01169590643274 0.6855072406072099
0.1306995758674 1.0225259244031002 3.65421400945528 2.1530647783121903 1.9604752153359 0.23105110143680002 0.71497199230135 1.65517916331943 2.5528705368004205 0.18293761327314 0.75326514825909 0.02761065749885 0.24129007305548 1.87001371424329 0.33362612806179004 0.10206274172755 0.30440387885044995 1.9232952299101402 0.18915166009585 2.9972908577956394
0.0589100741594 0.7638656425118001 3.9054129478943 2.0569110288504002 1.886195882528 0.3889736911172 0.5743194790936 1.0087889433254 1.8991961286331 0.5044164051313 0.6664300424647001 0.0229226361031 0.1410056129059 1.192771651162 0.3038819327244 0.0854339207912 0.233053401982 1.349306952595 0.0493150684931 1.9088885575306
0.10194500335347 0.32566733735792996 0.43364855801475 0.70266934942946 0.44879946344746996 0.08535211267597001 0.20125419181728998 0.27950368879923 0.33036217303810994 0.09486921529171 0.35181086519122995 0.00704225352112 0.06347417840365 0.39390342052297 0.052863849765109994 0.01999999999996 0.15493628437281998 0.41399061032882 0.0211267605634 0.5167806841044601
0.01612903225801 0.04838709677422 0.25403225806452 0.12499999999995 0.05645161290323 0.0120967741935 0.044354838709629994 0.02419354838703 0.08467741935483 0.00403225806451 0.01612903225804 0.02419354838712 0.00806451612902 0.08870967741931 0.02419354838711 0.00806451612902 0.01612903225801 0.05645161290325 0.0 0.08870967741942
0.0444444444444 0.31763791763779997 1.1077959077983 0.6846412846408 0.5637399637395 0.0296296296296 1.1653975653968 0.1810411810411 0.6509194509195 0.14074074074069998 0.4213416213408 0.013986013986 0.08065268065259999 0.6246568246562 0.0296296296296 0.22880082880080002 0.21398601398559997 0.9174825174821 0.1901061901058 0.39336959336930005
0.038626609442 0.47169820342744 1.7115005969701698 1.5675910068809198 0.96228112217278 0.22865535092169 0.19811545269253 0.82071770890384 1.1539987165106798 0.18718392327929 0.20941631427489998 0.0570597891655 0.2025610356719 0.9438381451750499 0.19579426099394998 0.0128755364807 0.0941407674151 0.73917526309429 0.0712056184158 1.13356457810832
0.06425731495369999 0.7051075585463 4.078357840459001 1.4575965683057002 1.4413977308965 0.2956717093903 0.4188073681093 0.7359015041039999 1.5378245810271003 0.32567251639530004 0.9006428547806 0.008547008547 0.1027269027268 1.1147516826062 0.6487262247713 0.3368176538915 0.2778662939372 1.6047157781419 0.1194749694749 1.8251359389373998
0.0 0.25229476405924 0.28015513897857 0.42378797672967006 0.34453781512567 0.0631544925662 0.17737556561164003 0.01764705882351 0.2334195216548 0.07769877181634 0.187912087912 0.0 0.08080155138970001 0.13219133807357 0.0470588235294 0.0396250808015 0.0808015513898 0.32100840336211 0.07769877181634 0.16283128636057
0.0086956521739 0.0608695652174 0.1260869565219 0.30869565217390005 0.1521739130435 0.0086956521739 0.10434782608700001 0.1478260869565 0.2347826086958 0.09130434782630001 0.1173913043479 0.0 0.0521739130435 0.1695652173915 0.0304347826087 0.0521739130435 0.0521739130435 0.10434782608689999 0.0 0.17826086956520001
0.0 0.0 0.0 0.0 0.0 0.0 0.0 0.0 0.0 0.0 0.0 0.0 0.0 0.0 0.0 0.0 0.0 0.0 0.0 0.0
0.0 0.16 0.2133333333334 0.2400000000004 0.1333333333333 0.0 0.08 0.1599999999997 0.08000000000009999 0.0533333333333 0.08000000000009999 0.0 0.1333333333333 0.16 0.0533333333333 0.0266666666667 0.16 0.08 0.0266666666667 0.1600000000001
0.0 0.18103448275870002 0.36736237144612 0.1736237144586 0.22640653357536 0.0520266182698 0.05217785843912 0.1137326073805 0.20780399274038003 0.00862068965516 0.02616454930426 0.0 0.00862068965516 0.14806412583175999 0.09558378705380001 0.0258620689655 0.0 0.10420447670881999 0.0 0.20871143375676
0.05410026136339 0.18879085031579 1.04252559592886 0.37095918407428 0.45679643130888004 0.1584294613558 0.042230825161689994 0.22164796509898999 0.4355532847288 0.0687208913868 0.09245976379040001 0.0118694362018 0.06596969756509 0.51227228958309 0.0620983748305 0.0132450331126 0.0251144693144 0.5042741761149899 0.0118694362018 0.6610725725634901
0.0 0.0 0.0 0.0 0.0 0.0 0.0 0.0 0.0 0.0 0.0 0.0 0.0 0.0 0.0 0.0 0.0 0.0 0.0 0.0
0.0 0.0 0.0 0.0 0.0 0.0 0.0 0.0 0.0 0.0 0.0 0.0 0.0 0.0 0.0 0.0 0.0 0.0 0.0 0.0
0.1313854406295 1.0097349510449 1.666532090601 2.050405763885 1.2013032211079 0.2679445487717 0.3105318483587 0.6398426503425 1.2311857793226 0.2064067694727 0.4387727407006 0.0 0.1321743669725 0.9751854721552 0.2954086787657 0.042136257488 0.2823485573776 1.5121363544880997 0.10496348261880001 1.5016010258995
0.0 0.0 0.0 0.0 0.0 0.0 0.0 0.0 0.0 0.0 0.0 0.0 0.0 0.0 0.0 0.0 0.0 0.0 0.0 0.0
0.0477120990067 0.81670209534816 4.52996255101062 1.8052366483367197 1.30047041231906 0.4755398485328 0.38639060580768 1.40067264618086 1.6084692544977601 0.33310685055196 0.60828463355676 0.0219298245614 0.15773203976966 1.8072262305870601 0.2494242374713 0.05409661815586 0.1966826754857 1.47500827134396 0.10193444243 2.6234180150513597
0.0 0.0 0.0 0.0 0.454545454546 0.0 0.0 0.0 0.181818181818 0.0 0.181818181818 0.0 0.0 0.090909090909 0.0 0.0 0.0 0.090909090909 0.0 0.0
0.0833333333332 0.5999999999996001 0.6999999999999 0.9000000000024001 0.5916666666679999 0.0166666666667 0.19166666666670001 0.2666666666665 1.0333333333344001 0.1333333333332 0.39166666666639993 0.0 0.1 0.36666666666650005 0.0333333333333 0.17499999999980004 0.1916666666665 0.8000000000013 0.0333333333333 0.3916666666667
0.0895353152186 1.2089379094942398 2.93577879834499 2.35890593750997 1.78604305341758 0.5367233074652 0.6201031482356 2.2011375968779103 2.5222115173804003 0.26625380188732 0.48150997173765 0.0567025581518 0.52643383077427 2.3642905316757 0.3551661912408 0.10170120165315 0.17706969977189999 2.1885881162630403 0.05600279199615 2.1669047209045598
0.1322408536585 0.49007834872100003 3.9872786409995 2.2245724716363 1.9401338986257002 0.4083267502708 0.5517383965017999 1.1282401007207001 1.4283436030515 0.1748605213782 0.5626459907445 0.0673076923076 0.0813110990421 1.2940784844973 0.5710160647273 0.0673076923076 0.0661204268292 1.9642448235006 0.0213414634146 1.8388126770594
0.0884955752212 0.6180949499533 1.2072586541638002 1.7680142702255002 0.8579469530796 0.1647946448833 1.0820853188105 0.45325618334539997 0.9852129188406 0.2167007034262 0.9596664397563001 0.148148148148 0.13047424551839998 0.8903449058313001 0.1625696492953 0.0221238938053 0.0 1.0948491036976 0.128205128205 1.0217583137938
0.0160427807487 0.1122994652407 0.368983957219 0.44919786096299996 0.32085561497369997 0.0320855614974 0.0802139037434 0.1604278074871 0.32085561497340004 0.0641711229947 0.1122994652407 0.0 0.0320855614973 0.2085561497327 0.048128342246 0.048128342246 0.048128342246 0.28877005347600004 0.0 0.2887700534763
0.0227272727273 0.2038619275461 0.24897470950070003 0.5437457279562 0.5059808612439 0.1286739576209 0.29056732740920005 0.46015037593970004 0.5206766917292001 0.1132946001366 0.1884825700615 0.4 0.0150375939849 0.2489747095007 0.0755297334244 0.0377648667122 0.0454545454545 0.6556732740951 0.0150375939849 0.2793916609707
0.0235294117647 0.5741579746907001 2.7864254780718998 1.9580881640841001 0.9495339817477999 0.31807397451229996 0.3223902053974 0.8496319325937001 1.1676500451201 0.17500495335479999 0.6750379636103999 0.1347267841147 0.1889314305603 1.0840271726053998 0.2806405162016 0.0280373831776 0.1192086415767 1.5464609483693998 0.0470588235294 1.7713842149216
0.04229402212215 0.64738373170938 1.56860676377436 1.0430364201232298 0.88490755177771 0.17633723359 0.2775908350201 0.6387930117184999 0.9821787458969301 0.48615282922575004 0.37519363173945003 0.0060975609756 0.0438461285523 0.5988479160814101 0.1068478316919 0.3959902264495 0.30247496180203 0.56931490295678 0.03774856757666 0.8163571272165
0.0 0.0 0.0 0.0 0.0 0.0 0.0 0.0 0.0 0.0 0.0 0.0 0.0 0.0 0.0 0.0 0.0 0.0 0.0 0.0
0.0344827586207 0.30934501003458004 0.6359545095178 0.6694435322026799 0.36045003953056 0.0733333333334 0.2556175880312 0.21532202152882002 0.47834580064435994 0.21372012406478 0.3162512923434 0.0 0.06282186948839999 0.2166478136591 0.07805266678825999 0.14706075533680002 0.1306379614424 0.42432037949296 0.09213403880058 0.28605850513888004
0.0 0.0 0.0 0.142857142857 0.0 0.0 0.142857142857 0.0 0.571428571429 0.0 0.0 0.0 0.0 0.0 0.0 0.0 0.142857142857 0.0 0.0 0.0
0.0 0.09090909090900001 0.363636363636 0.181818181818 0.181818181818 0.060606060606 0.060606060606 0.060606060606 0.151515151515 0.030303030303 0.151515151515 0.0 0.030303030303 0.09090909090900001 0.121212121212 0.030303030303 0.0 0.242424242424 0.0 0.151515151515
0.05382814730220001 0.48710362856479994 1.2701429784031002 1.0784973328829999 1.3315535215896999 0.3252610398309 0.2498589818543 0.4209261489006 1.5179044452559 0.046889466792000005 0.28771338587170003 0.0641058786986 0.0922445695896 1.3158661201039 0.2872598460488 0.0363636363636 0.0974086646224 0.9823640212336 0.0750786163522 0.9796295697369
0.06793024227229999 0.6018170426063 3.1589390142019 1.3357351712602 1.3217418546383 0.321219715956 0.1631683375103 0.8240392648282999 1.1179511278202001 0.031746031746 0.4437656641606 0.0 0.14029866332489999 1.6334064327476 0.3079051796156 0.0 0.0 1.5026629072692 0.06793024227229999 1.9597431077676
0.0 0.0588235294117 0.0147058823529 0.0588235294117 0.10294117647050001 0.0147058823529 0.0441176470588 0.0 0.1176470588236 0.220588235294 0.0588235294118 0.0147058823529 0.16176470588240002 0.0147058823529 0.0 0.0147058823529 0.0294117647058 0.0294117647058 0.0147058823529 0.0294117647059
0.0 0.0555555555556 0.1666666666668 0.16666666666660002 0.1388888888889 0.0 0.1111111111111 0.08333333333330001 0.1944444444444 0.166666666667 0.19444444444429998 0.0277777777778 0.38888888888850004 0.0277777777778 0.0 0.0 0.0277777777778 0.0555555555555 0.0 0.1944444444448
0.0437956204379 0.3153728141145 0.8569061402577001 0.42407980055859995 0.6591726295351 0.08087027914610001 0.0941084462982 0.18708724365670001 0.5727859480068 0.07029892248860001 0.1974278762599 0.0 0.058292282430100005 0.2809919336473 0.1127611376792 0.0265033020507 0.038408063955500005 0.4704673210839 0.0 0.5106702383948
0.0 0.0 0.0 0.0 0.0 0.0 0.6000000000000001 0.4 0.0 0.2 0.2 0.0 0.4 0.0 0.0 0.0 0.0 0.0 0.2 0.0
0.0695523988206 0.36301850751712 3.3006080640580198 1.91873289309211 1.2451937106349098 0.42706555141651 0.46461015986790993 1.1659748068732099 1.7915842055200397 0.1072307465494 0.33246098190093004 0.0 0.19659581024061 1.36552214194182 0.8894810559338 0.1031943764736 0.2642210375832 1.00823876706872 0.0656812294106 2.9210335550970004
0.0 0.0 0.0 0.0 0.0 0.0 0.0 0.0 0.0 0.0 0.0 0.0 0.0 0.0 0.0 0.0 0.0 0.0 0.0 0.0
0.16497633536162 0.6637646819491402 0.16269064842895997 0.8291598604647401 0.43402023610792 0.38072244460874 0.32247632040276 0.21017848701868 0.23036373536282 0.16634954256332 0.25442627462926 0.0 0.09734513274322 0.27785157395262 0.17112136279592 0.07922717454382 0.04615651570356 0.36513250402378 0.01769911504424 0.12633805429388
0.0329437151591 1.2155927602106 3.618668851643 2.7595720875519003 1.8194228751272998 0.15052432042 0.5103270556385 1.788819325299 2.1534805876099 0.15503067459 0.8774777002747001 0.08438387530420001 0.2712845468995 2.0280845801556002 0.5446137609771999 0.0626865671641 0.25802374138420003 1.7326313182375002 0.0232558139535 2.9131758423962
0.0137614678899 0.62289240368293 1.48856017851923 1.8980549888009604 1.6659180110074998 0.13448478055410001 0.09885759070580001 1.0856266820683 1.3307316112885599 0.2358319904588 0.64965035699743 0.0 0.115698187036 1.0464683842929599 0.6103064058826999 0.2050991871881 0.1975344036697 1.8386674992848302 0.0275229357798 0.73433293489423
0.0751587861679 1.2548899730369 0.9305280017437001 1.7086262565896 1.2458821685576003 0.2406942445561 0.6034796552617001 0.3167604717405 1.4283336896411 0.2781026519298 0.236324665361 0.10278514588860001 0.1359538120845 1.1529032430132 0.2656863356669 0.1062089414892 0.1499275712219 1.3690417496113 0.1039019963702 2.294810640068
0.0225988700565 0.090395480226 0.42937853107400004 0.38418079096040003 0.4971751412434 0.045197740113 0.0903954802259 0.3163841807909 0.49717514124330003 0.1129943502825 0.0677966101695 0.0 0.1129943502824 0.316384180791 0.045197740113 0.0903954802261 0.0677966101694 0.361581920905 0.0225988700565 0.42937853107359997
0.133333333333 0.4309178743967 0.5391304347827001 1.0570048309196 0.7407608695661001 0.0695652173912 0.20422705314 0.246074879227 0.8772946859897 0.2486714975844 0.5629830917873 0.0 0.0625 0.4682971014488 0.0347826086956 0.34462560386499996 0.6029589371989 1.0859903381643 0.2763888888887 1.0144927536237
0.0 0.19807415457639002 0.7663899949073 0.8936491655257901 0.65074466248577 0.18500515473790002 0.18030692352749 0.63261838353869 0.87148373500099 0.21912041634038 0.20833988607089 0.0246913580247 0.1750825710916 0.3271034090439 0.28254587796279 0.0124223602484 0.11710556443188999 0.5956891409878801 0.0372670807452 0.6223601607489
0.01838627595825 0.49417518653265 1.048847984844 1.3487803131831 0.6842612305853001 0.2677923794899 0.3570124563473 0.45672049168495 1.3201017078981 0.149259714271 0.5133897622002 0.0 0.1620546577651 0.8685357845022501 0.2696595328715 0.036680092059799996 0.08427768836645 0.672513892901 0.1018044707782 1.14574637775955
0.0 0.1853309481217 0.3001788908764 0.18944543828260002 0.2851520572449 0.054025044722700005 0.1388193202146 0.0232558139535 0.4239713774598 0.088908765653 0.0889087656528 0.0116279069767 0.0656529516994 0.2660107334524 0.0116279069767 0.0232558139535 0.2236135957066 0.3466905187837 0.0 0.2735241502681
0.0 0.3068511198945 0.27440240918500003 0.6498400150568 0.6092979484282 0.086994165255 0.0861283643892 0.1608130999435 0.6928665537363001 0.247073216639 0.2031808770939 0.0142857142857 0.1900056465273 0.3196122717868 0.0294372294372 0.1196875588181 0.11816299642389999 0.4803877282136 0.030303030303 0.380670054583
0.0 0.0 0.0 0.0 0.0 0.0 0.0 0.0 0.0 0.0 0.0 0.0 0.0 0.0 0.0 0.0 0.0 0.0 0.0 0.0
0.0689655172414 0.462215700661 0.31841526045480006 0.3162142333088 0.5289801907571 0.103448275862 0.0851063829786 0.0689655172414 0.2494497432137 0.11958914159940001 0.0851063829787 0.0 0.3771093176813 0.15407190022 0.0344827586207 0.0425531914893 0.23917828319880002 0.2149669845927 0.0425531914893 0.48862802641219993
0.0 0.6330818965523001 0.3911637931032 0.544719827586 0.7171336206904001 0.11584051724139999 0.1126077586207 0.3130387931034 0.4601293103448 0.1724137931037 0.0689655172414 0.0 0.015625 0.4913793103446 0.29741379310390004 0.0 0.0 0.3723060344826 0.03125 0.2629310344826
0.020920502092 0.49993358570790003 0.5973301454475 0.4905691704849 0.52736268845 0.125523012552 0.04473002590149999 0.29650660822159997 0.6261871554747 0.0079365079365 0.1363485422063 0.020920502092 0.0916185163046 0.8664076509259 0.2041575347021 0.0 0.0497775121206 0.6918376834696001 0.020920502092 0.6810121538143
0.0 0.0588235294118 0.0 0.0392156862746 0.1568627450981 0.0 0.1176470588236 0.0784313725491 0.1372549019608 0.0588235294118 0.1176470588236 0.0 0.0784313725491 0.0196078431373 0.0 0.0196078431373 0.0196078431373 0.0196078431373 0.0196078431373 0.058823529411799996
0.0 0.2144144144142 0.1477477477476 0.234234234234 0.20720720720699998 0.027027027027 0.3477477477473 0.1468468468467 0.1747747747747 0.1207207207206 0.3405405405405 0.0 0.1144144144143 0.1279279279278 0.0 0.0405405405405 0.3612612612619 0.0603603603603 0.0801801801801 0.2540540540538
0.060305874174400004 0.7157259813218999 1.2163106742103 1.3959734293719002 1.1605425569691001 0.39261115362340004 0.34758428919 0.8317559049523 1.2050862214938 0.1154156577884 0.7104386637387999 0.0 0.0562983305629 0.9741888479870999 0.3294862827865 0.0577078288942 0.0 0.8603018844502 0.1053268765132 1.4649395419748001
0.0 0.0 0.23076923076900002 0.0 0.076923076923 0.0 0.0 0.0 0.0 0.0 0.076923076923 0.0 0.0 0.076923076923 0.0 0.0 0.0 0.076923076923 0.307692307693 0.153846153846
0.0882184445119 0.5225004989587 2.1631620572524 1.5620543834254998 1.3031981472168002 0.3987881378817 0.47239971328020003 1.1170121338131 1.6776182131355 0.4108534545182 0.6696346339506001 0.0169491525424 0.14968215640850002 1.0186069652909 0.37573019590260004 0.0847222067676 0.20330276674830003 1.0834961553604 0.0679524692977 2.6141181137408003
0.0 0.0 0.0 0.0 0.0 0.0 0.0 0.0 0.0 0.0 0.0 0.0 0.0 0.0 0.0 0.0 0.0 0.0 0.0 0.0
0.133333333333 0.9672963400231601 0.49962613144335993 0.54582349468672 0.62618063754416 0.9668437622983 0.1858028335298 0.09290141676498 0.65392561983576 0.01785714285712 0.36002066115696 0.0 0.15119047619009998 0.44871113734732 0.21620425029490004 0.0357142857143 0.0357142857142 0.68653089334902 0.0 0.37632329791342
0.07863369751832001 0.7754596526419001 1.8343430824311202 1.55826707085936 1.49843871321072 0.2214668474091 0.5725970028666001 1.07604365444902 2.27199293541102 0.50953261272744 0.23383397828572003 0.0348837209302 0.01242236024844 1.4138255132644597 0.3372620855881 0.0521947207058 0.26713419884922 1.87105218067162 0.0620721900732 1.3185437818598
0.0121951219512 0.65992000489452 1.35408242541631 0.9560426820475301 0.8985162218636099 0.13510641996941 0.1423802854269 0.49909980566591 1.07097615122273 0.2163488288505 0.2647720875285 0.0 0.0826787928897 0.5056968675305 0.44903470577522 0.0243902439024 0.0853658536585 0.86751842123081 0.0 0.7758750801743199
0.0833333333332 0.8973210630365901 0.5156384608914599 0.82253462079039 0.62869149133538 0.30076557766337997 0.27096004632289 0.23254997371588998 0.88484800318552 0.13909443871388 0.20980781372216 0.0 0.17832538532978 0.43367957004989 0.20777040858129 0.11429419471049002 0.1463817555074 0.64746384158408 0.0577654790729 1.2287745424550498
0.00892857142857 0.044642857142840005 0.1607142857142 0.11607142857130001 0.07142857142847 0.00892857142857 0.026785714285670004 0.08035714285713999 0.08928571428574 0.0178571428571 0.0267857142857 0.0 0.00892857142857 0.08035714285707 0.0 0.0267857142857 0.026785714285670004 0.10714285714277 0.0 0.09821428571434
0.0 0.19999999999979998 0.43678160919489994 0.5356321839085001 0.3022988505743 0.16666666666629998 0.40574712643629995 0.16781609195390002 0.3678160919547 0.10344827586210001 0.2333333333329 0.0 0.135632183908 0.1367816091954 0.0 0.0333333333333 0.067816091954 0.3344827586204 0.1022988505747 0.27011494252859997
0.0 0.15524104378567 0.2899159663866 0.5477664750118401 0.44250331711697 0.06634232640417 0.08137992038911 0.1709420610348 0.30981866430764 0.0882352941176 0.12516585581597 0.00751879699247 0.00751879699247 0.14904909332157001 0.059486952675770005 0.0294117647059 0.0 0.21472799646157 0.0150375939849 0.23993808049563997
0.0 0.35104396368470003 0.678227362958 0.8573166091315001 0.42761984226320005 0.23586870645699998 0.27164770982020003 0.5056885820336 0.9334940959478 0.2456738505548 0.3287726874711 0.0 0.0212765957446 0.49721095202969995 0.13527746068410001 0.0222222222222 0.0735042735042 0.4129846373905 0.0529423989999 0.9492280491028
0.0 0.0546875 0.09375 0.109375 0.09375 0.03125 0.046875 0.03125 0.0937500000002 0.09375 0.03125 0.0 0.0234375 0.015625 0.015625 0.046875 0.109375 0.0390625 0.03125 0.0390625
0.0 0.3777514231496 0.5465014231498 0.5704933586334999 0.2209558823529 0.1419117647059 0.33923149905110006 0.20118595825399999 0.6173624288426 0.3285697343458 0.5349976280845 0.0 0.2064278937381 0.1338235294115 0.01875 0.0 0.0510080645161 0.3294117647057 0.0562499999999 0.3253676470588
0.0 0.0 0.0 0.0 0.0 0.0 0.0 0.0 0.0 0.0 0.0 0.0 0.0 0.0 0.0 0.0 0.0 0.0 0.0 0.0
0.0 0.2095238095238 0.0408163265306 0.061224489795900006 0.2040816326535 0.0 0.1074829931973 0.1278911564626 0.30204081632650004 0.1537414965983 0.1537414965983 0.0 0.3020408163262 0.0204081632653 0.0 0.087074829932 0.087074829932 0.0204081632653 0.0 0.12244897959180001
0.0491803278688 0.2884702578295 1.0852405449314 1.3007792098477 1.1817340049636 0.21004803820089998 0.1654802193954 0.4115387337885 0.8836388889415 0.17137068617509998 0.3252804141503 0.0 0.0 0.5915452001017 0.3208573030115 0.0 0.0 1.0997667918479999 0.0975609756097 0.8175084033375001
0.0 0.40906722251247996 0.6256234646016 0.52036030670696 0.5880294796393599 0.03007518797 0.079207920792 0.17896225712785996 0.4446512320403 0.19801980198 0.04712275738848 0.0 0.062160351373399994 0.6577086280051601 0.19600982654639998 0.0 0.0 0.467207623018 0.0 0.4957939402959599
0.0 0.0 0.0 0.0 0.0 0.0 0.0 0.0 0.0 0.0 0.0 0.0 0.0 0.0 0.0 0.0 0.0 0.0 0.0 0.0
0.0 0.0655737704918 0.1147540983605 0.0491803278688 0.11475409836070001 0.0163934426229 0.0 0.0491803278688 0.08196721311460001 0.0655737704919 0.1147540983606 0.0 0.0983606557376 0.0491803278687 0.0 0.0491803278688 0.0327868852458 0.0327868852458 0.0491803278688 0.0163934426229
0.014598540146 0.255319148936 0.6922658797949 0.3547911166328 0.5982295387488 0.337474763162 0.0611119739089 0.204379562044 0.44238235750870003 0.0437956204379 0.3775430967538 0.0 0.0 0.3758347569497 0.110343220997 0.014598540146 0.014598540146 0.5235284982139 0.014598540146 0.5646063053268
0.0 0.0666666666667 0.08888888888890001 0.0888888888888 0.1333333333333 0.0222222222222 0.0222222222222 0.088888888889 0.1333333333333 0.0444444444444 0.0222222222222 0.0 0.0 0.0222222222222 0.0 0.0222222222222 0.0222222222222 0.06666666666660001 0.0444444444444 0.1111111111111
0.0128755364807 0.781756965586 2.4301604971823 2.1208858113413998 1.8007168047922 0.5210651120277 0.3861336914742 1.2653435455211 1.4100293071557 0.525676241655 0.5852025546976001 0.0128755364807 0.1649816111916 1.5062838976425 0.6140227506271001 0.12655113393220002 0.4168288437421 1.9699392014459 0.1254066850119 3.2232642720079
0.0 0.0 0.0 0.0 0.0 0.0 0.0 0.0 0.0 0.0 0.0 0.0 0.0 0.0 0.0 0.0 0.0 0.0 0.0 0.0
0.04826546003013 0.8304809516862302 0.29585097066119 0.66211866880789 0.8444557972078 0.20955821534570002 0.12767722473613 0.7581435800127001 0.57503649102316 0.04864253393668999 0.2643470539580601 0.0 0.0322580645161 0.2407616892911 0.058446455505329994 0.1044117647059 0.1642156862746 0.5917019413229601 0.00980392156863 0.13382352941183
0.059805040836 0.45648346998670003 0.7578259099292 0.6400410755482 0.7835370478285 0.3281084091109 0.1136363636362 0.6099030393509 0.9225023351977 0.1642912172573 0.2772609514829 0.0777202072538 0.1749882242108 0.8789828113392999 0.2696575840073 0.0 0.0486340084785 0.7520447958996 0.0113636363636 1.6732138722799
0.0227272727273 0.3680964231685 1.1474942663359 1.5128629288043 1.0010784170216 0.18461913824230003 0.3066778900111 0.8888254525933998 1.3790196652538 0.5485263260625 0.5763089835545 0.0 0.0763187429853 0.4233616356801 0.3013321622015 0.111111111111 0.123456790124 0.9693578295021998 0.0 1.0588249646216998
0.0 0.42504248088310004 0.42685095278560004 0.8159515717925 0.7846401262285 0.11688311688309999 0.2627533681271 0.16530525549209998 0.5795393858479001 0.12476635514010001 0.30815936400050004 0.0 0.1589968442772 0.3101104502971 0.141883116883 0.08167860177200001 0.181211312052 0.5661852166521001 0.062987012987 0.4870554678967
0.0 0.1230769230769 0.2769230769237 0.2153846153845 0.1538461538461 0.0461538461538 0.07692307692309999 0.16923076923070002 0.2153846153845 0.0153846153846 0.0769230769231 0.0 0.0307692307692 0.2307692307692 0.0461538461538 0.0153846153846 0.0 0.1384615384614 0.0 0.1692307692308
0.0 0.2532467532466 0.1160173160173 0.1320346320346 0.2480519480522 0.0151515151515 0.09999999999999999 0.045454545454500006 0.2229437229437 0.0571428571428 0.1025974025974 0.0142857142857 0.0 0.17835497835490002 0.0 0.0285714285714 0.0571428571428 0.2701298701302 0.0142857142857 0.14458874458870002
0.0 0.3585174275892 0.8405775757196001 0.8222364517297 0.6928806215446 0.15959638001319998 0.1331444366181 0.6685172141477 0.49099912488489994 0.0658566519391 0.1698085419735 0.0 0.0423576871358 0.7048398113161 0.13866726430579998 0.0217391304348 0.0434782608696 0.8520757294401 0.0 0.7947076903384
0.0198675496689 0.3190839068104 0.727591227002 0.8423037544871 0.6314869774451 0.30280409360489996 0.1469567959634 0.2079202360431 0.8425003131978002 0.28141807389730006 0.372359957319 0.0 0.0238095238095 0.44308005339480006 0.17041208209679998 0.0 0.047619047619 0.8644371292924001 0.0 0.7563492783485001
0.0 0.0 0.0 0.0 0.0 0.0 0.0 0.0 0.0 0.0 0.0 0.0 0.0 0.0 0.0 0.0 0.0 0.0 0.0 0.0
0.0 0.103448275862 0.43965517241450003 0.6724137931035 0.2586206896555 0.0 0.051724137931 0.181034482759 0.206896551724 0.0 0.155172413793 0.0 0.051724137931 0.0775862068965 0.103448275862 0.0258620689655 0.0775862068965 0.258620689655 0.0258620689655 0.310344827586
0.0 0.0 0.333333333333 0.0 0.0 0.0 0.166666666667 0.0 0.0 0.0 0.0 0.166666666667 0.0 0.166666666667 0.0 0.0 0.0 0.0 0.0 0.166666666667
0.0 0.1250000000001 0.0833333333334 0.3750000000004 0.0833333333333 0.0416666666667 0.0 0.25 0.4166666666666 0.1250000000001 0.0416666666667 0.0 0.0833333333333 0.0 0.0 0.0 0.0 0.1666666666667 0.0 0.2083333333335
0.0 0.42563524424770005 0.594139303222 0.7646911754115 0.9254484943284 0.1923793597706 0.07137283006850001 0.502781395694 0.767204554429 0.1431119605033 0.12347725730700002 0.013698630137 0.0987700903425 0.47601245290349997 0.2883283482449 0.063698630137 0.032967032967 0.7447358775830001 0.0 0.7715473627034
0.0 0.2360347985348 0.40842490842560003 0.4535256410263 0.5160256410260999 0.106456043956 0.0428113553113 0.2360347985347 0.2557234432233 0.0 0.0856227106226 0.043956043956 0.0208333333333 0.5508241758244 0.1712454212453 0.0 0.0 0.4697802197802 0.0208333333333 0.381868131868
0.0 0.0 0.0 0.0 0.0 0.0 0.0 0.0 0.0 0.0 0.0 0.0 0.0 0.0 0.0 1.0 0.0 0.0 0.0 0.0
0.0 0.18518518518500002 0.074074074074 0.18518518518500002 0.037037037037 0.037037037037 0.0740740740741 0.037037037037 0.1481481481481 0.185185185185 0.3333333333331 0.0 0.0740740740741 0.1481481481481 0.037037037037 0.111111111111 0.1111111111111 0.074074074074 0.037037037037 0.111111111111
0.0 0.07969361147319999 0.2816166883964 0.28161668839660003 0.3036179921772 0.2019230769233 0.1323337679269 0.5293350717083 0.5138526727509001 0.0 0.1323337679269 0.0 0.0 0.327411994785 0.1034876140808 0.0169491525424 0.0288461538461 0.412157757497 0.0 0.6548239895705
0.0 0.0 0.0 0.0 0.0 0.0 0.0 0.0 0.0 0.0 0.0 0.0 0.0 0.0 0.0 0.0 0.0 0.0 0.0 0.0
0.0695509309967 0.3499902600887 0.9851423366257999 1.0587883270007998 1.5652459028583998 0.09910443050449999 0.4264912110808 0.9207016019198999 1.2478298372621 0.1907737471366 0.4663643115095 0.0 0.166055154456 0.7376143467456 0.46351013331049995 0.0 0.11823519343399999 1.1825847100938998 0.12035121192539999 1.8316663530544002
0.0 0.0 0.0 0.0 0.0 0.0 0.0 0.0 0.0 0.0 0.0 0.0 0.0 0.0 0.0 0.0 0.0 0.0 0.0 0.0
0.153846153846 1.2996946715249997 0.0140845070422 0.8253718112863999 0.7816999901511 0.0 0.19590268886040002 1.2742243671832998 1.1984832069331999 0.1549295774649 0.37541613316260003 0.0140845070422 0.36403033586100003 0.6909090909091 0.153846153846 0.1049935979513 0.056338028169 0.6422535211266001 0.0422535211266 0.6576381365107
0.1346749226007 0.544401238967 1.7866430328692 1.0516043654382 0.9337527437929001 0.3254718566443 0.272443396431 0.9473403751328999 0.8978949963870002 0.2083251905414 0.4790631768876 0.08407004898920001 0.08673660547020001 1.2965023252560999 0.361506978735 0.0 0.1138196705564 1.1550986766697002 0.0861920271708 1.2344583714596997
0.0 0.37179253495029996 1.1385418674904 1.2796396585861 1.2888439046333 0.117974131132 0.1734029128765 0.45508701824479997 1.2654149943624 0.0793072424651 0.23739593739569997 0.0 0.0916583416583 0.7420278551852001 0.1377622377622 0.0444444444444 0.1138805638805 0.8267282425177 0.0357142857143 0.6003838266992001
0.0 0.32066055711749997 0.6440828872157 0.5866640958169 0.6074255965888 0.0 0.2114145721811 0.1718537337806 0.4809738227018999 0.2142103711095 0.2889767262504 0.0 0.03738317757 0.2840032664916 0.038109064513100005 0.0754922420832 0.056074766355 0.7547466200887 0.0388349514563 0.1890935486794
0.0 0.0574712643679 0.0574712643679 0.0574712643679 0.0459770114943 0.0229885057472 0.0114942528736 0.0459770114943 0.1034482758622 0.0114942528736 0.0459770114943 0.0 0.0344827586207 0.2528735632186 0.0344827586207 0.0 0.0 0.1149425287357 0.0 0.10344827586220001
0.0434782608695 0.2787723785163 0.378516624041 0.23273657289029998 0.6956521739135 0.0 0.21739130434799997 0.0 0.478260869566 0.1457800511508 0.0 0.0 0.1457800511508 0.3631713554983 0.0434782608695 0.0434782608695 0.0 0.2634271099744 0.1023017902813 0.5677749360605
0.0 0.5207167365167 1.191072022603 1.3168356585851 0.45949799340960007 0.236218897553 0.2365245947315 0.8047490195413001 1.0328182422508 0.3382600328369 0.052755376344100005 0.12199596257360001 0.1103293989911 0.3762842616812 0.10661175932280001 0.0 0.1568410268982 0.8131502482777999 0.0 1.1253387678832998
0.015625 0.5446477325911 1.0402370768105 1.0757985984711 0.6892901021893 0.16412222424439998 0.38805970149400004 0.7493345012734001 1.0596413620048 0.1311300639659 0.3620313068804 0.0 0.13960684382959998 0.691370293567 0.015625 0.2689947475165 0.1012793176972 0.5073489261010999 0.0 1.0558572013626
0.078431372549 0.1553544494721 0.23453996983349998 0.07692307692309999 0.3107088989438 0.078431372549 0.1353695324284 0.0384615384616 0.3329562594273 0.1553544494721 0.2929864253398 0.0 0.07692307692309999 0.0392156862745 0.0584464555053 0.0192307692308 0.2138009049774 0.48906485671129996 0.1361236802413 0.077677224736
0.0 0.419662921348 0.38707865168500005 0.48707865168599995 0.42078651685400004 0.0 0.20112359550550002 0.067415730337 0.4544943820230001 0.05 0.067415730337 0.0 0.08370786516850001 0.434831460674 0.101123595506 0.0 0.0 0.4382022471905 0.0 0.387078651686
0.0 0.0 0.0 0.0 0.0 0.0 0.0 0.0 0.0 0.0 0.0 0.0 0.0 0.0 0.0 0.0 0.0 0.0 0.0 0.0
0.0 0.1724137931037 0.0344827586207 0.2413793103449 0.2758620689657 0.0344827586207 0.0344827586207 0.10344827586210001 0.31034482758619997 0.0689655172414 0.1724137931037 0.0 0.0689655172414 0.10344827586210001 0.0 0.0344827586207 0.10344827586210001 0.10344827586210001 0.0344827586207 0.10344827586210001
0.0 0.24509010081760002 0.9902647071622 1.0844937478724 0.6503381501485 0.4257723933256 0.0384615384615 0.399763384523 0.9581149633682999 0.0384615384615 0.1348221670802 0.0322580645161 0.0 1.3740742163402 0.4978415239677 0.0128205128205 0.0128205128205 0.7576271360061999 0.0 1.3469753423111
0.0 0.0 0.0 0.0 0.0 0.0 0.0 0.0 0.0 0.0 0.0 0.0 0.0 0.0 0.0 0.0 0.0 0.0 0.0 0.0
0.0322580645161 0.0322580645161 0.0 0.0645161290322 0.22580645161329999 0.0 0.1935483870971 0.0 0.0645161290322 0.0645161290322 0.0645161290322 0.0 0.0645161290322 0.0 0.0 0.0322580645161 0.0 0.1290322580644 0.0 0.0322580645161
0.0 0.09090909090900001 0.151515151515 0.151515151515 0.121212121212 0.09090909090900001 0.090909090909 0.09090909090900001 0.181818181818 0.242424242425 0.151515151515 0.0 0.121212121212 0.030303030303 0.09090909090900001 0.030303030303 0.060606060606 0.151515151515 0.060606060606 0.090909090909
0.0 0.46406159629820004 0.4575067476386 0.7169504289567001 0.48995445344099997 0.2252747252747 0.1595695970695 0.2939735155195 0.6190337622901 0.1056848852901 0.47775869963320006 0.0 0.091902834008 0.7524659003276001 0.0735492577597 0.0814819500674 0.0838815789473 0.4880398110659 0.015625 0.40328525641
0.0 0.0576923076923 0.5164835164836 0.1153846153846 0.43131868131929996 0.0576923076923 0.1153846153846 0.3461538461543 0.46153846154 0.115384615385 0.0576923076923 0.0 0.0 0.20054945054929998 0.0576923076923 0.0576923076923 0.0576923076923 0.8626373626379 0.258241758242 0.2307692307693
0.0 0.06220355567344 0.98474417904801 0.24536027076447 0.44388274575113995 0.098529387376 0.12267612524466999 0.21813728155604 0.42814356727688 0.0178571428571 0.1542318982388 0.00892857142857 0.06018414551989999 0.52726210504277 0.1640393015236 0.0163934426229 0.08808127964427 0.42041141021447 0.045254403131100004 0.89367918708707
0.3 0.0 0.0 0.0 0.1 0.0 0.1 0.0 0.1 0.1 0.1 0.0 0.0 0.1 0.0 0.0 0.0 0.1 0.0 0.0
0.0365853658536 0.8868741976892 0.30832798459539995 0.5957156611043 0.6026957638 0.09948652118089998 0.34491335044960003 0.089216944801 0.8045571245184999 0.2873876765083 0.6014922978194 0.0 0.0526315789474 0.261473042362 0.0365853658536 0.0 0.1726572528883 0.4592426187418 0.0 0.3601572528882
0.0 0.2674344021025 0.70736726952276 0.5060226503596801 0.50130448127668 0.15571532007976 0.099447513812 0.33331759298608 0.48167233319163993 0.10026404432468 0.2347003824898 0.0 0.07161070973218 0.314279643009 0.08941697753846001 0.05933914152138 0.042764555886080004 0.40799963797218 0.0 0.62734334419376
0.0 0.7684595508105 0.9064200608146 0.9473488457073 0.7079913085460999 0.275229357798 0.0263157894737 0.47544272906350005 0.8360336434931 0.17532005689879998 0.3801303718018 0.045871559633 0.054054054054 0.48220274837829996 0.0526315789473 0.0 0.09992561368700001 0.8161157294418999 0.0 0.95050700145
0.0 0.41344086021550003 0.1561251920122 0.27993471582179996 0.1443932411675 0.0988095238095 0.1290322580647 0.036309523809500005 0.2742703533026 0.0238095238095 0.18552227342560001 0.0125 0.0733870967742 0.2161866359446 0.11737711213520001 0.0810675883256 0.0645161290322 0.3774961597546 0.0 0.31582181259590003
0.0 0.1136363636364 0.0454545454546 0.0227272727273 0.0681818181818 0.1136363636363 0.0 0.0227272727273 0.0454545454546 0.0 0.0909090909092 0.0227272727273 0.0227272727273 0.15909090909089998 0.0 0.0 0.0 0.18181818181829998 0.0 0.0909090909091
0.0 0.0681818181818 0.0909090909091 0.1136363636364 0.0227272727273 0.113636363636 0.0454545454545 0.0454545454545 0.1590909090909 0.0 0.0909090909092 0.0 0.0 0.0 0.0 0.0227272727273 0.0 0.1590909090906 0.0227272727273 0.0454545454545
0.0 0.1956989247307 0.6258064516127 0.5833017077805001 0.39936748893039997 0.1096774193548 0.0588235294116 0.7240986717266 0.5086654016432001 0.0724225173939 0.0763440860214 0.0430107526881 0.0724225173939 0.3541429475013 0.17204301075210002 0.0294117647058 0.1509803921566 0.8218848829862001 0.0 1.0018975332063
0.0265486725664 0.42926113737969995 1.3602832396398 0.9123682906643 0.9498258039387 0.2039246838372 0.5142202616309 0.0584635661834 1.153083876465 0.3890577507598 0.48040230967090003 0.0 0.1455962916144 0.5160824851579 0.21035114822829998 0.0 0.1508273387045 1.4864651590331999 0.0 1.0132379845264998
0.0 0.0655737704919 0.11584699453549999 0.11475409836079999 0.13224043715849998 0.016393442623 0.049180327869 0.0 0.8972677595628001 0.0655737704919 0.0655737704919 0.0 0.032786885246 0.11584699453559999 0.032786885246 0.0327868852459 0.049180327868899996 0.08196721311489999 0.0 0.13224043715849998
0.0 0.31021280825159997 0.4164729268588 0.3815360036518 0.3990721987246 0.0314960629922 0.1146727626789 0.3247009972275 0.47165523664349995 0.0968115942029 0.4513933584386 0.0 0.13631375320709999 0.258532171557 0.1376648886631 0.09359749386159999 0.44912811564859995 0.4908441283555 0.10799438990169999 0.3279011091357
0.0 0.0 0.0 0.0 0.0 0.0 0.0 0.0 0.0 0.0 0.0 0.0 0.0 0.0 0.0 0.0 0.0 0.0 0.0 0.0
0.0 0.1333333333333 0.0666666666666 0.0666666666666 0.0333333333333 0.0333333333333 0.0 0.0 0.1 0.0333333333333 0.0 0.0 0.0666666666667 0.0666666666666 0.0 0.0 0.0 0.1999999999999 0.0 0.19999999999999998
0.0 0.1836405529952 0.39032258064529995 0.36612903225859994 0.4343317972356 0.0483870967742 0.1209677419356 0.31221198156700003 0.481566820277 0.0428571428571 0.1495391705074 0.0 0.0241935483871 0.43433179723539994 0.09124423963129999 0.0 0.0 0.5783410138256 0.0 0.34193548387120004
0.0 0.0 0.0 0.0 0.0 0.0 0.0 0.0 0.0 0.0 0.0 0.0 0.0 0.0 0.0 0.0 0.0 0.0 0.0 0.0
0.0 0.0 0.0 0.0 0.0 0.0 0.0 0.0 0.0 0.0 0.0 0.0 0.0 0.0 0.0 0.0 0.0 0.0 0.0 0.0
0.0 0.0 0.0 0.0 0.0 0.0 0.0 0.0 0.0 0.0 0.0 0.0 0.0 0.0 0.0 0.0 0.0 0.0 0.0 0.0
0.206896551724 0.480169824997 0.10110110110100001 0.7517862690270001 0.5442338890611 0.165165165165 0.504884194539 0.28628628628600006 1.212626419522 0.0 0.14048531289900001 0.037037037037 0.027027027027 0.7888233060640001 0.296296296296 0.0 0.103448275862 0.5842739291010001 0.027027027027 0.742432087259
0.0 0.0 0.0 0.0 0.0 0.0 0.0 0.0 0.0 0.0 0.0 0.0 0.0 0.0 0.0 0.333333333333 0.0 0.0 0.666666666667 0.0
0.0 0.08469696969689999 0.6798677789124 0.7346629213483 0.5704488707299 0.1415094767904 0.0965628192032 0.5094245829074 0.5882011122456 0.0 0.15211837475880002 0.0224719101123 0.0335830212234 0.9502042900914001 0.1795284303711 0.0333333333333 0.0113636363636 0.5474577233005999 0.0224719101123 0.6420928384974
