0.6285322230319 0.1972925793603 0.9631827425858001 0.0 0.14001416802220001 0.403840803172 0.08880915393349999 0.7007861608437 0.6475007065094001 0.7273743888174 0.5204684184192 0.9242276408148 0.0434782608695 0.0144927536232
0.40360633636660004 0.3633299629256 0.557633973711 0.0144927536232 0.0697674418604 0.2817660936976 0.0144927536232 0.43849005729660007 0.5313447927214 0.154027637344 0.133636670037 0.9880350522421999 0.0 0.0493764745534
1.4260673392026 0.169998262629 5.4962637654131 0.0963575303538 1.0028093721517999 1.0150575898887 0.3308257703616 1.6661789942199001 1.1685354561764 1.6139600919846 1.1396971926996 2.5129948698543996 0.0745089778064 0.28674478726270003
0.0 0.0 0.0 0.0 0.0 0.0 0.0 0.0 0.0 0.0 0.0 0.0 0.0 0.0
0.42310231023170003 0.0 0.3678217821783 0.0 0.2125412541254 0.1719471947193 0.0364686468647 0.28861386138699996 0.11980198019800001 0.3178217821781 0.2021452145214 0.8232673267321 0.0364686468647 0.0
0.2074222359101 0.020942408377 0.7448413920552001 0.0 0.1047120418847 0.41931013243070003 0.1385894672009 0.6735448105937 0.4302433015089 0.1969510317216 0.22436094856810002 0.7299045272563001 0.0588235294117 0.0503541730829
0.0 0.0 0.0 0.0 0.0 0.0 0.0 0.0 0.0 0.0 0.0 0.0 0.0 0.0
0.08888888888890001 0.10370370370359999 0.4148148148148 0.0 0.0222222222222 0.2962962962963 0.0 0.35925925925900004 0.1962962962963 0.06666666666660001 0.0 0.26666666666649996 0.0 0.1851851851851
0.6316232127832999 0.586206896552 0.7855340622362 0.162321278385 0.166526492851 0.33305298570180003 0.0243902439024 0.5113540790589 0.0832632464254 0.2741799831793 0.1665264928509 1.0092514718251 0.0344827586206 0.2312867956264
0.2985748018216 0.0165289256198 1.2151817338503998 0.0165289256198 0.5736317254179 0.2373503120249 0.0534660145049 0.4796129195479 0.23245909934200001 0.7425366840956 0.4031982627765 1.6916743970333 0.0227272727273 0.0165289256198
0.859642857143 0.2364285714285 1.3435714285728 0.0 0.1399999999999 0.9492857142860001 0.0875 0.8921428571434001 0.5682142857139 0.4039285714284 0.637857142857 0.7850000000001001 0.0 0.0964285714285
1.0520325856498 0.8033290653006 1.9814211486562003 0.0 0.7037432545211 1.1567199047559 0.0547619047619 0.9740374031695 0.9915190443365 1.0288931725552 0.7788994425393001 2.4151192642287 0.0595238095239 0.0
0.0 0.0 0.0 0.0 0.0 0.0 0.0 0.0 0.0 0.0 0.0 0.0 0.0 0.0
0.0 0.0 0.0 0.0 0.0 0.0 0.0 0.0 0.0 0.0 0.0 0.0 0.0 0.0
1.0989050580275 0.10904977375569999 1.9290115937054 0.0117647058823 0.34838953772750003 0.4194333058872 0.09375 1.5020708974499999 0.46488434233149994 0.8586836026611999 0.6965302831108 2.3978153609991 0.03125 0.0384615384616
0.2955665024625 0.1754452444107 0.6642667677143 0.0197044334975 0.039408866995 0.3114816218263 0.3273967411897 0.25615763546770004 0.23645320197050002 0.272072754831 0.1970443349751 2.108374384238 0.0 0.0966275104206
1.1395547620489999 0.12200810990719999 2.4726031826168002 0.0 0.4971253500626 1.0090474687261999 0.26564989757179996 1.2629115016905 0.8693062219052 0.5190751826194999 1.0227902817746 2.4981393979733997 0.0766494684177 0.24513917468559998
0.0 0.0 0.0 0.0 0.0 0.0 0.0 0.0 0.0 0.0 0.0 0.0 0.0 0.0
0.6763326226008001 0.0 1.642217484009 0.10191897654570001 0.468656716418 0.456289978679 0.0733475479743 0.8477611940294 0.5095948827295 0.7906183368869 0.586780383795 2.8017057569269 0.0447761194029 0.0
0.23964912280676 0.1175438596489 0.56456140350872 0.02771929824556 0.11543859649116 0.68491228070202 0.1052631578947 0.24421052631551998 0.29052631578966 0.0333333333333 0.23508771929847996 0.19543859649098 0.02771929824556 0.11859649122791999
0.0 0.0 0.0 0.0 0.0 0.0 0.0 0.0 0.0 0.0 0.0 0.0 0.0 0.0
0.8699390636378 0.241640849916 1.6670378336832 0.0789985415653 0.29037221943360003 1.1559417399777001 0.0749618029029 1.4474767777384001 0.9531487253983999 0.5012730874061 0.5445352800194 1.9244017405348999 0.1332416412077 0.117030696576
0.3494572245954001 0.1707351961438 0.8548261943029001 0.052680565897199993 0.16203903280139997 0.4273915428929 0.0484167417799 0.6251890896265 0.2294607516555 0.2208272916095 0.21693576831109998 0.4883607007093 0.0421052631578 0.1115746365168
0.34928950522150004 0.0 0.5897106659818001 0.0 0.16308851224100002 0.1800376647834 0.1078582434515 0.435165211437 0.3543228899162 0.7736688923135999 0.41181304571120003 0.6180962164017001 0.0 0.0169491525424
0.3901875901876001 0.13690476190460002 0.6440836940835 0.0277777777778 0.2449855699856 0.1828643578642 0.0456349206349 0.37067099567069994 0.2016955266954 0.12828282828280002 0.10811688311680001 0.48243145743140003 0.0363636363636 0.0
1.3689844796604 0.1687192118229 1.9279558051596999 0.15632215556130002 0.5368858389543 0.7903337400363 0.0576081007115 0.8925861595329001 1.3529500599827 1.0416617181219001 0.7112557711221 4.7126161149941 0.155172413793 0.1269484305465
0.0 0.125 0.0 0.0 0.0 0.125 0.0 0.0 0.125 0.0 0.125 0.125 0.0 0.375
0.074074074074 0.037037037037 0.333333333333 0.0 0.0 0.296296296296 0.185185185185 0.148148148148 0.111111111111 0.037037037037 0.18518518518500002 0.296296296296 0.0 0.296296296296
1.0288964435149 0.11442518429950001 1.0461396692574 0.0 0.31396007670789994 0.2543665321775 0.015625 0.7400341203426001 0.8101140665466999 0.39153155509029997 0.3292083831438 2.8565314305642 0.0 0.0991675383542
0.5714285714285 0.147619047619 0.5047619047617 0.0238095238095 0.047619047619 0.142857142857 0.0 0.41428571428570005 0.261904761905 0.2904761904765 0.142857142857 1.028571428571 0.1 0.3238095238095
1.1483732673513 0.19732638251662998 3.1059479336188596 0.18754562043790002 0.62514493694207 1.7837531435311802 0.22771886426213003 2.04678845444925 1.7516808443586498 1.58568291271889 1.2965686234707499 5.69866557793681 0.05227608945262 0.29252734895441995
0.0 0.0 0.0 0.0 0.0 0.0 0.0 0.0 0.0 0.0 0.0 0.0 0.0 0.0
0.36519621682612996 0.0227272727273 0.85278091473703 0.07200734048552 0.38995623941366003 0.1466191417278 0.05873094297011 0.32744918125327005 0.23567193675911002 0.47651044607587 0.26506916996026997 1.75585827216317 0.02707509881425 0.00434782608695
0.8273408619028001 0.482123866916 1.8698536486538 0.13029827315530002 0.29913404567749996 1.8514964298394 0.8405074188484 0.769104167722 0.753658783612 0.6937762698124 0.33739302172519997 1.0748214918738 0.36922064110959996 0.7012710791510001
0.0 0.0 0.0 0.0 0.0 0.0 0.0 0.0 0.0 0.0 0.0 0.0 0.0 0.0
0.44559276702110007 0.18309930809910002 0.6334452584449 0.0389266817837 0.14942729228430002 0.6119905227059 0.0628597592882 0.6781135531133 0.9031557067267 0.2663817663814 0.5041790220358 1.1923004244425002 0.0408163265306 0.28971161114030003
0.35501202886953004 0.154844961241 0.8714782143820601 0.03333333333333 0.4060411654639 0.2303394814223 0.0344827586207 0.22381047848170002 0.29129911788323 0.18235097567513 0.27114407912336 0.83523122159789 0.051149425287400005 0.0594827586207
0.3412972085388 0.10644257703070001 0.6287694388093 0.0 0.39105090311972 0.10882352941170001 0.02528735632186 0.62450497440322 0.54121027721366 0.49334975369468 0.24330628803232 1.43713416400898 0.0 0.0588235294117
1.94485052989 0.3707915369152 2.5604784305561 0.0 0.34644959978269996 1.0301881982490002 0.36947866087489994 1.1780689250459 0.9187737929585 0.6577706158324 1.2126190318436 3.0110578224532003 0.227638640429 0.17183421516740002
1.0366117449276002 0.1697977459923 1.2439134469171 0.0399694014152 0.2598098460203 0.4917351140032 0.069571477567 0.61442681851 0.3589112043732 0.5506058123649 0.4026141614051 2.6224158621217 0.08198871835220001 0.057628646029900005
0.027027027027 0.08108108108100001 0.162162162162 0.0 0.0 0.1351351351351 0.054054054054 0.027027027027 0.08108108108100001 0.0810810810811 0.10810810810810001 0.10810810810810001 0.054054054054 0.0810810810811
0.0 0.0370370370369 0.111111111111 0.0 0.0493827160493 0.0493827160493 0.07407407407399999 0.08641975308629998 0.111111111111 0.0864197530864 0.07407407407399999 0.2098765432096 0.0617283950617 0.0493827160493
0.8549850007991 0.48294682382875 1.7196511799917 0.18096485289914999 0.10023861051594998 0.61686552714765 0.10804051010895 0.7870080394848499 1.6289684126161499 0.90261789030635 1.2387709606535 4.2699804619391495 0.0242914979757 0.084670231729
1.8397655803315 0.12478559176669998 0.9142367066913 0.1022727272727 0.052958833619199994 1.1432961692407 0.0188679245283 0.5368782161251 0.8357632933113 0.1132075471697 0.6242853058886 1.8377644368222 0.0377358490566 0.818181818181
2.1706377362287204 0.51350500570267 3.62447701331383 0.0777327935222 0.5291433663956099 1.81503693753854 0.52379887317608 1.86899816698948 2.39314917026118 1.20297841555181 1.0986805854471102 7.219417149031351 0.29521072796924 0.66723405887279
0.0434782608696 0.130434782609 0.0 0.1304347826087 0.0434782608696 0.0434782608696 0.0434782608696 0.260869565218 0.0434782608696 0.0434782608696 0.0 0.21739130434759998 0.0 0.0
1.3540994108909 0.1079394444864 1.533288550545 0.040528706693599995 0.6318805071507001 0.5505657249675 0.0535066933996 1.0217892360287 1.0600545072592 1.7856935164216001 0.7823321294053 10.7633698361007 0.100917431192 0.2140343054621
0.25010334849098004 0.07879947996233999 0.7858469483732998 0.01694915254236 0.16742455560116 0.5869894734327 0.12512356884798 0.4634625638812 0.5322627028768601 0.3363439198134 0.4010400752508 1.0874418103074401 0.00847457627118 0.15973782434948
0.1159420289855 0.1159420289856 0.260869565217 0.1304347826094 0.0144927536232 0.1159420289854 0.1014492753622 0.0434782608696 0.31884057971040003 0.0579710144927 0.0289855072464 0.6376811594195999 0.0144927536232 0.0434782608696
1.17915200439605 0.23593994717607 1.7653825743348102 0.2460780494058 0.40781032823972996 0.57366636167322 0.09616275169447999 0.7252738435524699 1.36201619742888 0.6556442405161 0.77246838209222 3.7780321164842405 0.10195727358519999 0.1004159294194
0.722242875117 0.08207934336520001 1.2174994844933 0.06691979117220001 0.3333458230292 0.5731487209318 0.078768349445 0.6028729729337 0.5371343151699001 0.8718535149684 0.204886360909 1.6990443668288 0.0102040816326 0.0
0.49582722822538 0.0368527605257 0.6454223097451799 0.0103626943005 0.56580523423998 0.31673012736139994 0.1173991571342 0.73299056081078 0.34891143279608 0.84377637458124 0.49351225271519994 2.38393529129248 0.00847457627118 0.0
1.5005780746881001 0.3399527549575 1.5030820619313998 0.09422677620290001 0.39100538653670003 0.6610387890824 0.2269859468568 0.8761906051575999 0.9391884084140001 0.697036502062 0.7644356173453 3.5549700580779007 0.2133020372546 0.23800698143300003
1.63766637235182 0.38646763523482003 2.3429716586736897 0.20517301119051 0.43019414845564 0.7760647897322301 0.20834537354762 0.51720305821436 0.8052831791519399 1.82181770446513 0.78267112154633 5.91585177826643 0.10222292456803 0.06806724459694
0.082191780822 0.2191780821918 0.2465753424657 0.0 0.0 0.1369863013698 0.027397260274 0.054794520548 0.13698630137 0.1369863013699 0.0821917808219 0.7123287671238 0.0 0.164383561644
0.8924466338251001 0.0862068965516 0.9142036124802 0.0669129720853 0.0 0.6272577996719 0.17241379310330002 0.24835796387509998 0.17241379310330002 0.11001642036110001 0.47865353037850006 1.8386699507398 0.21551724137960002 0.17692939244650002
1.07376832299457 0.21752176021874997 2.0537122106996 0.025102633513179998 0.5048104427462701 0.4659074322173 0.08113767321278 0.814957190775 0.90775360154676 1.35843417375865 1.171590590494 5.275950194879371 0.0185950413223 0.0307587316289
1.5393057765359999 0.1398188135207 1.0693249342485 0.1967724128972 0.1398188135207 0.5540799428515 0.0 0.9981491703736001 0.4958275156687 0.3560087021463 0.5799915576205 1.7347793616259999 0.0 0.19612299899320002
2.26839840236012 0.53192687663725 2.6314007648987805 0.09837824730527 0.65407981074228 1.76904058529879 0.3542477388901 2.12826118870346 2.0556212402895397 2.30043042831496 1.29357412846448 6.65661132463923 0.041606447676370006 0.21642281577455
0.0526315789474 0.105263157895 0.0 0.1295546558703 0.0526315789474 0.1295546558703 0.0769230769229 0.47368421052640003 0.1578947368424 0.538461538463 0.0769230769229 0.1295546558703 0.0 0.0769230769229
1.49125011544675 0.033553039793 1.16818666073465 0.0555555555556 0.28376539668745 0.4164510577512 0.02551014435065 1.04768826918255 0.79559559442295 1.22083426015725 0.39207651872515004 4.91785397910845 0.0415959352353 0.11008347284485
1.1350886830440001 0.25116983209450006 1.8478543345561 0.1613884100787 0.5119448176121001 1.3676198457995001 0.27404090788220004 1.1083564130508 0.9091425026581 1.0644738440627002 1.247741180849 2.7424576421869995 0.047619047619100005 0.33110253850460003
0.15686274509810003 0.078431372549 0.31372549019609997 0.0261437908497 0.0522875816992 0.1307189542484 0.10457516339869999 0.1045751633987 0.2745098039224 0.10457516339870002 0.1045751633988 0.444444444445 0.0522875816994 0.0522875816993
1.2220813429189001 0.25321183883730003 2.4321512989337197 0.140246460488 0.76131107486621 1.0883808231949 0.0831714000739 1.10684626028051 1.11870750787111 1.24770282866952 0.8094842937902 4.4023590862337 0.14938788501351 0.18495789882312003
0.9162419912421401 0.1698591210056 1.2507927274583603 0.02435413428084 0.59210581558147 0.53950696771517 0.14434848851447002 0.88253767803217 0.38479985150821994 0.7280707278626599 0.29089437887163 1.98753802053613 0.00584795321637 0.0831021441758
1.42548324055438 0.26400721397369 1.5732128673908699 0.1063829787233 0.6450000673345999 0.29250161603099 0.1118074633699 1.1653244153647 1.5676790356091 0.88955262444619 0.66286111416748 3.18629786202839 0.0212765957446 0.08861290526839
1.7986151148625997 0.2556004636094 1.7261671966488 0.0588368153585 0.4522274064611 0.7431602722231 0.3148503670236 1.0904484531499001 0.8388243335612 0.9005022437523 0.6951558738742001 4.8897233201598 0.14317215964809998 0.0927159796724
3.15186483750864 0.59651823793188 5.128800217149421 0.19545108983356002 1.22314837040276 1.4724990476121704 0.1627058358009 1.9449738613738998 2.12282831420777 2.80457418094287 1.69930034200541 8.913419324002412 0.32067523715118 0.2632411040681
0.0 0.0 0.0 0.0 0.0 0.0 0.0 0.0 0.0 0.0 0.0 0.0 0.0 0.0
0.63451619558465 0.58046214153075 0.3294821539096 0.00763358778625 0.03816793893125 0.19145863420675002 0.09222199298535 0.2079636888795 0.08809572931705001 0.45533319579275 0.59923664122155 0.10687022900769999 0.08809572931705001 0.58046214153085
0.87069030845594 0.18233300777994998 1.2955183896298301 0.027087102610479998 0.27479672459172 0.48118819886617 0.14402979388573 0.7113744385313 0.9516865443734 0.7375550573481799 0.64712825569998 2.58226440913203 0.0336303332417 0.06071743585214
0.6327894327887 0.195027195027 1.0467754467762 0.1168609168608 0.0888888888888 0.3448329448327 0.036208236208200004 0.5324009324011 0.5563325563322999 0.28391608391580003 0.2592074592074 1.6870240870235 0.07241647241640001 0.1473193473192
2.2934065543765696 0.7851680781847701 4.353024234710389 0.14577613813401 0.9432510202410199 2.10594548837325 0.53196272557882 2.63005815988013 2.1126112478766097 2.52042947924512 2.07676539672627 5.755813326465859 0.33629947490305 0.40948867530973
0.0999999999999 0.0999999999999 0.0 0.0 0.0 0.0999999999999 0.0 0.0 0.0 0.6 0.0 0.0999999999999 0.0 0.0
1.1466705641922001 0.2129670452619 1.8121311799651 0.1638979345123 0.6052256359277001 0.6090688286563001 0.1397043861253 1.1060376818467 1.2332807922934002 1.5628730197273 0.6980896001701 3.5246906967163003 0.0903847994639 0.09497783514000001
0.8578781512600001 0.3403280542984 1.1916289592754 0.036057692307599996 0.34370959922410005 0.3861142533938 0.1406553005817 0.9270038784737 0.6318156108593 0.7753716871356 0.7290643180347001 1.383124595992 0.0685156755008 0.1887322236586
0.5042857142862001 0.23 0.8728571428576 0.047619047619 0.1747619047618 0.5566666666667 0.4071428571428 0.29666666666659997 0.27619047619040005 0.3266666666666 0.2342857142854 0.7928571428569 0.0266666666667 0.2533333333334
2.0947173577672 0.5952921114886399 3.2821418739390396 0.2252471762219 0.45734839801657 1.1500873845544999 0.11222357889014 1.88940666114677 2.5858005783082403 1.15600504620377 1.55566612703247 4.31369773399684 0.042735042735 0.5396309297009999
1.8294732497545998 0.5636160553063 2.3952556363821005 0.2263581488934 0.36798122065640004 0.9484522519734999 0.1504225352111 0.9124784605073001 1.1697962131769 0.9804111850588 0.7531187122735 1.6281762369091997 0.0211267605634 0.0533333333332
0.6660459709855001 0.12165911553856001 1.2726649338071199 0.0575539568344 0.4537565814997 0.30147321483875994 0.02300917886376 0.95620203543956 1.03438282460836 0.60033793431546 0.6458095843591 1.74860092381196 0.0 0.11850374509820001
1.72708296911634 0.15699818939133 1.5890501280684903 0.07877920839281 0.50085190023625 0.5716896201822 0.0257510729613 1.2625219753182901 0.79792748975654 1.24398583306147 1.1183634201935502 2.74309197129445 0.14334033424411 0.040565887776110005
3.1275050893303398 0.7711679002003001 4.31541325709884 0.36897587901134 0.91189884490644 1.6035414988698202 0.42170008676883997 1.92976505642614 2.3986567939036 2.4423115717686397 1.7477950340924402 5.7321943637912405 0.10855649450344 0.12051812933419999
0.106666666667 0.0533333333333 0.2133333333332 0.0533333333333 0.0533333333333 0.8000000000006001 0.0533333333333 0.3733333333336 0.2666666666669 0.3200000000003 0.2133333333336 0.8533333333326001 0.106666666667 0.533333333334
0.1467889908256 0.1100917431192 0.4770642201832 0.0366972477064 0.2201834862384 0.25688073394480004 0.36697247706380004 0.3302752293576 0.3669724770642 0.1467889908256 0.3302752293576 0.9174311926612 0.1467889908256 0.1467889908254
2.6583899363376 0.6220948692973 2.7545571952133 0.2488373294747 1.0829330322697 0.6641819570159 0.07122667127480001 1.5929146471899 2.2239934480267003 1.2700695865885998 1.3841526699895 5.3689563496267 0.0288461538461 0.0288461538461
0.5437457279562 0.2527294895712 0.6785390995916 0.0377648667122 0.2042036910453 0.281894847684 0.042064621011900005 0.5477037187561999 0.6681430234060999 0.3030287635547 0.2965906781694 0.9436644436649 0.0810810810811 0.11884594779320001
2.01054041777984 0.38207835270400003 3.87687148532374 0.09986385168878001 1.36009904192986 1.00718332654303 0.2355421216574 2.04754339024772 1.35363357418987 1.44409789897817 1.18642504840325 3.5187135618203804 0.1327831849027 0.34462474382883
0.0 0.0 0.0 0.0 0.0 0.0 0.0 0.0 0.0 0.0 0.0 0.0 0.0 0.0
1.1105052068673 0.15013720799309999 1.5813221221509 0.043185336335400004 0.3475056290452 0.2858499859271 0.10281804109190001 0.9130488319737 0.9891289051512 1.153514635518 0.6271988460458999 2.5991239797359995 0.016447368421 0.0802139037433
1.45253164556873 0.61529535865059 1.75305907172925 0.0696202531645 0.37310126582323 0.706962025316 0.3118143459914 1.76255274261722 1.0830168776358902 0.9187763713083301 1.24187763713086 1.62985232067742 0.0398734177215 0.041666666666700006
0.08108108108100001 0.41216216216189994 0.2995495495493 0.081081081081 0.081081081081 0.48873873873929996 0.1103603603603 0.382882882883 0.108108108108 0.108108108108 0.166666666667 0.297297297297 0.135135135135 0.2477477477476
1.8560024627578702 0.2746315157791 3.41076018624497 0.22166917759419 0.9708582258573899 0.8952317659186899 0.08192486094449 1.6914359462343802 1.7994846476855 1.85315147887399 1.8980294685036698 3.83782568454209 0.04323657796739 0.165758001096
1.1975384497502 0.4989184856437 1.291360556848 0.1397776265033 0.2600334768478 0.4828725846432 0.12448023952449999 0.6940596276875 0.49477808327390005 0.8968804057296 0.5378191130409999 1.3203964177413001 0.0 0.0610849327664
1.5939545467599 0.32676927495111996 2.3006810016807497 0.19944095537151 1.01635007941391 1.02232644419501 0.09066773934021 2.4764019980776095 2.3625540090855 1.79327830698721 1.0055038811792099 2.6698332798009097 0.0876930286169 0.0545454545454
1.8289405408699 0.3160735804227 2.1974536743059003 0.0117647058823 0.49020438534940003 0.48275172607039996 0.1240515140965 1.0829497578823 0.9563418058009 1.0675630057730001 0.9553952266842 3.2355272056193995 0.11119737234980001 0.1397854988923
1.5611127653444496 0.27531350675565 1.6766558141644499 0.1003123313568 0.5792756227804 0.7890976464470999 0.16834676060224998 1.2009951875655 1.32858168756135 1.3801810730553 1.03714119217955 2.69089960475955 0.026058631921749998 0.186028175506
0.3204072922379 0.2435827083711 0.1754161331624 0.0281690140845 0.0563380281689 0.28583622949779997 0.0422535211267 0.8539723187613001 0.0845070422534 0.14511310285940002 0.333333333334 0.3021766965427 0.058472044387500005 0.0704225352112
0.1481481481482 0.1481481481482 0.3209876543213 0.0 0.0987654320988 0.1234567901235 0.0246913580247 0.1234567901235 0.1234567901235 0.0246913580247 0.17283950617289998 0.4938271604934 0.1728395061729 0.0246913580247
1.4447201563917 0.191944124291 1.8989294128782996 0.0183486238532 0.4246922686828001 0.4349102991212 0.0768982527315 1.3608998477010001 1.4132792564149002 0.9120323976225999 0.8380266211147 3.8768365244896 0.0366972477064 0.0717849670046
0.0555555555555 0.4547201336673 0.4621553884709 0.0555555555555 0.0 0.4147869674188 0.3007518796992 0.3746031746028 0.2578947368426 0.06666666666660001 0.127485380117 0.17485380116949997 0.21052631579 0.0444444444444
2.4380379653911004 0.6831229097905 4.5351482668309 0.1459898856692 1.2457766208560999 1.8477673819867 0.5303889974891 2.9559732360685995 2.1162080645809 1.7968940392146 2.0474332943018996 4.1970606290317996 0.1696848978434 0.2905138109462
0.0 0.0 0.23076923076900002 0.307692307693 0.0 0.076923076923 0.0 0.0 0.076923076923 0.076923076923 0.0 0.23076923076900002 0.0 0.0
0.8242013681343999 0.1119744969116 1.1739390316793001 0.0167364016736 0.3145380885973 0.2574217971706 0.0986916384405 0.8311084545406001 0.9044298333006 1.1877532044897001 0.6470080361291 1.5819884439134 0.0334728033472 0.0167364016736
1.5703214695760002 0.7804822043621 2.2427669345587002 0.0238805970149 0.23030998851940002 1.0375430539616 0.0892652123995 1.185189437429 0.7875430539613 0.7154420206655 1.1774971297361 1.7249712973592999 0.1477611940297 0.2870264064293
0.10344827586210001 0.0 0.3448275862069 0.0689655172414 0.1379310344827 0.1724137931035 0.206896551724 0.20689655172440002 0.10344827586210001 0.0689655172414 0.2068965517244 0.3793103448275 0.0 0.0
1.4800154197596 0.58503483604761 1.6616100520152501 0.060875446903100004 0.36726847265962004 0.39061931641410996 0.032640232108199996 1.13653998992852 0.7517924179138099 0.65764487770941 0.6429330005502 1.0907721825466201 0.031914893617 0.11033886182660999
1.6810969213617 0.27544581161844 1.86613996237148 0.0900822524517 0.46915533059137 0.2611348840306 0.20128124011416998 0.9610258246075399 0.7123120598069099 1.09442797915271 0.7000324680739101 1.63568740738488 0.02177858439197 0.030399274047099998
0.48494618175009996 0.0539924051278 0.6162423222979 0.0222961320522 0.24281503003149998 0.22470712167940002 0.0 0.39297516799619997 0.459515253459 0.4072644017976 0.41907298383329994 0.6660719898734999 0.010101010101 0.0
0.8869371118014 0.2021545031055 1.1049107142876 0.0310559006211 0.41954580745370007 0.24864130434770002 0.0310559006211 0.6845885093171 0.6994371118026999 0.4990295031055 0.6381017080753 1.4146933229812997 0.0621118012422 0.0777368012422
2.23135225609544 0.3508553144213 3.650351470555159 0.1190747060326 0.8937876488049 0.5229621630811 0.1939963211494 1.8696805800662801 1.83967136763838 2.0382970764900596 1.6857401037211597 3.3169300621613598 0.0662177843856 0.221083145399
0.0 0.25 0.25 0.0 0.0 0.0 0.5 0.0 0.0 0.75 0.0 0.0 0.0 0.25
0.060606060606 0.0 0.24242424242430002 0.0 0.030303030303 0.1060606060606 0.060606060606 0.045454545454500006 0.0757575757575 0.060606060606 0.0757575757575 0.121212121212 0.030303030303 0.0909090909092
0.57549574839614 0.1469625827048 1.3295043118613599 0.0040650406504 0.3335329472413 0.40119278776532 0.027559597629840005 1.25732398998012 1.30029397352534 0.55883809751396 0.73373059672622 1.29351949843394 0.0 0.0379808275694
0.33976608187150004 0.1567251461989 0.8356725146198001 0.1052631578947 0.0555555555556 0.2286549707608 0.048538011695899996 0.2426900584799 0.3935672514628001 0.0900584795321 0.1456140350877 0.309356725146 0.0111111111111 0.0374269005848
2.49887411452705 0.5849663996260999 4.802394199547099 0.0311682194075 1.2405770536117002 1.696294321258 0.37863300138735 1.91221046966655 2.12270909885995 1.8139272693228499 1.6392219225215001 3.9575752166156 0.1693785239417 0.1520701896981
0.0 0.0 0.0 0.0 0.0 0.333333333333 0.0 0.0 0.0 0.666666666667 0.0 0.0 0.0 0.0
0.51761985409026 0.08619165487967 0.5655521849175299 0.00892857142857 0.19540962554897 0.41366876349247 0.06118793270297 0.45472902553403993 0.61790925333093 0.7105821484399301 0.47654098116657 0.8648942901807699 0.0 0.0267857142857
0.7502956815668 0.3078275723472 0.8310171610625 0.0128617363344 0.2470505969638 1.2388040463068 0.1686731557376 1.0191657661692 0.7947179247279 0.49476915423590007 0.5932965941434 1.1467428904644001 0.1429303278688 0.2518473920721
0.1264418811003 0.1836734693876 0.7493345164151001 0.0 0.0652173913044 1.3141082519964 0.9809228039043001 0.1672582076309 0.3904170363801 0.0856255545697 0.5820763087842 0.19165927240470002 0.0 0.1632653061223
2.0233142569539 0.5723360145831999 3.1829204926716 0.1972020446596 0.8179956273339 0.8514958592382 0.0425531914894 1.6727781480341 0.9494936850521001 1.1521005269337001 1.2744202899062 2.1949251613864997 0.0574756907673 0.010989010989
0.7815118801149901 0.49462683624229 0.7848516218086001 0.1502267573698 0.19685990338177 0.29199940845915995 0.03743961352658 0.55050280981972 0.60211475894758 0.35010598442289 0.39135364290638996 0.34968697623965994 0.0 0.01871980676329
0.9992496703101 0.04137005484881 1.2448325425232802 0.0983606557376 0.41517866049572005 0.36087908357820997 0.0 0.58056177978004 0.75085515056853 0.24607967573633002 0.25910879667243003 0.9135599153565601 0.0243902439024 0.0655737704917
1.6037986125566999 0.2856190101878 1.8541398278992998 0.0 0.8505201839161 0.5776724385824 0.06932985557480001 1.1784364350961 1.3231154132832001 0.8863928767115999 1.2546715253878 1.992598946278 0.0778996672006 0.0458052073288
1.0348105664539 0.15400732342360002 1.7348179670022 0.0915370294267 0.8208255845454 0.7292056560392001 0.0248447204968 1.1139936493909 1.0109536560793 1.1092943706968001 0.8448020900366 2.2688058033939997 0.014598540146 0.0475030428674
0.0 0.0 0.0 0.0 0.0 0.0 0.0 0.0 0.0 0.0 0.0 0.0 0.0 0.0
0.0 0.0 0.0 0.0 0.0 0.0 0.0 0.0 0.0 0.0 0.0 0.0 0.0 0.0
0.25727321524409 0.0308641975308 0.35067096081575 0.0 0.07799248523879002 0.07294685990339 0.00617283950617 0.24127750939328 0.1635534084809 0.13633923778838003 0.20450885668274998 0.43370907139035997 0.0 0.024691358024670002
0.33549783549809997 0.3000000000003 0.9636363636365001 0.0428571428571 0.030303030303 0.3731601731595 0.0 0.5173160173152 0.6532467532459999 0.4567099567095 0.32813852813820005 0.8705627705635 0.0428571428571 0.0857142857142
1.20685706114583 0.47691137914803 2.3540835963639903 0.1748663101604 0.74045843689683 0.98359163740063 0.17823393901333 1.34756348678666 1.6909354600835298 0.64619648449463 0.9607157008559 1.9150236145237498 0.08476348285793 0.23979941027240004
0.0 0.0 0.25 0.125 0.0 0.5 0.0 0.0 0.0 0.0 0.125 0.0 0.0 0.0
0.2535256410256 0.0592948717949 0.43012820512829997 0.0 0.1919871794871 0.0701923076923 0.0362179487179 0.2535256410256 0.2852564102571 0.5891025641029 0.24038461538460001 0.5618589743593 0.0208333333333 0.0076923076923
0.6216962861697 0.3143939393937 1.8533834586451998 0.0189393939394 0.3971576668941 0.6541068580543999 0.1913590795169 0.9092048302575 0.9207678286631 0.3529277739802 0.501253132832 1.0505240373658 0.0535714285714 0.16071428571409999
0.1875000000001 0.0 0.16666666666640004 0.0 0.0208333333333 0.062499999999900004 0.0416666666667 0.20833333333339998 0.0625 0.0208333333333 0.125 0.1041666666666 0.0 0.0
0.68536257402092 0.14162199095968 0.8567793195276401 0.0132450331126 0.41028066855875994 0.43584656084685997 0.0446428571428 0.65481665440336 0.47970759311770006 0.49150723571252 0.41623304951125994 1.2211469392768202 0.0208333333333 0.1279761904762
1.5499879637493 0.4071170651778 2.0700113282360997 0.0883333333333 0.7285822510823 0.8970430270659 0.3564173443377 1.0521662216282999 1.3738433062258 0.9761613464415999 0.7408291863897999 1.5354604118621997 0.0324675324675 0.19157968200019998
1.1204136676785998 0.07137283006850001 1.3845003056793 0.0 0.5315252069107 0.4275357181386 0.1358889591007 0.8688395522194 1.0351239924162001 0.5873690591785 0.7152482160196999 1.0555158259224 0.0 0.0666666666667
0.4603316898251 0.0640968175705 0.5986104885707 0.0 0.25302554908089997 0.2117884356791 0.0423576871358 0.1671896010756 0.2095472882113 0.6515015688026 0.5367548184677 0.7830569251467 0.0 0.0217391304348
0.98962555851645 0.6600809716605 2.22777432820785 0.28377783837845 0.4548608867724 0.5079959863796499 0.07718878703325 1.20734066133795 0.6301485179667999 0.75961045499355 0.7338200723018 1.3344864452897 0.0555440414508 0.07774544971435
0.0 0.0 0.0 0.0 0.0 0.0 0.0 0.0 0.0 0.0 0.0 0.0 0.0 0.0
0.0 0.061224489795900006 0.1836734693878 0.0 0.0 0.24489795918420004 0.1020408163265 0.0816326530612 0.0816326530612 0.0 0.061224489795900006 0.0408163265306 0.061224489795900006 0.0816326530612
0.2615384615384 0.0615384615384 0.1692307692307 0.0 0.1076923076923 0.1076923076923 0.0 0.10769230769219999 0.0923076923076 0.2153846153845 0.3230769230774 0.5538461538468 0.0 0.0
0.2 0.0 0.1 0.0 0.025 0.025 0.0 0.15000000000000002 0.05 0.125 0.15000000000000002 0.175 0.0 0.0
1.06673030792737 0.24787959158617 2.83894337411334 0.1232558139535 0.8637743367205001 0.71005942127614 0.1284494100644 1.2766737246708801 1.36857360907084 1.18366443716337 0.95976533282411 3.0936210963161104 0.05418297455967001 0.0844265697623
0.0 0.0 0.0 0.0 0.0 0.0 0.0 0.0 0.0 0.0 0.0 0.0 0.0 0.0
0.27895286806340003 0.08775229610070001 1.0524225925312 0.0 0.2984106033106 0.0890282131661 0.103448275862 0.5403288786233 0.4393664411811 1.4949898256610001 0.5640873343237001 1.0330308529948 0.0 0.0181818181818
1.0480449782785 0.4273449988224 1.2029534532964998 0.1361236802413 0.5939440176791001 1.1517390498252 0.2307692307693 0.9096237779555001 1.2342330492131 0.6770894404273 1.0247002199818 1.8968734184189 0.2536166523858 0.21294403271179999
0.362068965517 0.205570291777 0.6976127320951 0.0 0.051724137931 0.48938992042400004 0.103448275862 0.465517241379 0.413793103448 0.155172413793 0.30901856763900004 0.206896551724 0.051724137931 0.48806366047720007
0.22568193515191998 0.1314976839941 0.26762738033965994 0.0 0.01492537313432 0.22465259907356 0.04194544518786 0.24420998456048004 0.18090581574886 0.05223880597012 0.26479670612478 0.15671641791039997 0.0 0.19480185280520002
0.8379092609411399 0.20721073997077 1.5606512199683498 0.0194174757281 0.31573206344536997 0.5769901729097999 0.2003907769717 0.75253102289411 0.8345504558160399 0.8418019220064101 0.52223247838771 1.17394153168827 0.0 0.15664087926967
0.7010558069376001 0.076923076923 1.0003016591249 0.0 0.560180995476 0.3547511312214 0.0 0.6413273001515001 0.6775263951739 0.6648567119157001 0.2736048265458 0.9725490196081 0.0 0.076923076923
0.6444280037101 0.14640344723669999 0.9540068016287999 0.0 0.29294310621560005 0.33496540497370003 0.0692352744311 0.661091776164 0.35266253759009997 0.4747261466364 0.6272663291 1.3343981910261 0.1078729812867 0.0
1.1582760183158 0.3155972257646 2.0728558939497 0.2111160253576 0.6608316912992 0.9156707372095 0.20730721954300002 1.1429743407711999 1.480309016772 1.9004382226887002 1.7411736968436 3.0225418721645996 0.0238095238095 0.14709851551949998
0.076923076923 0.076923076923 0.23076923076949998 0.0 0.076923076923 0.11538461538460001 0.0 0.3076923076924 0.1923076923075 0.0384615384615 0.23076923076960001 0.5384615384618001 0.3269230769231 0.7884615384615
0.0645161290322 0.1935483870971 0.0967741935483 0.0322580645161 0.0 0.0645161290322 0.0645161290322 0.0645161290322 0.22580645161329999 0.0 0.0 0.1290322580644 0.0 0.0645161290322
0.6830520718686001 0.0929824561403 1.4358367010195 0.02 0.1627233220663 0.5769438825599 0.067027027027 0.8070213284261001 0.8691614356985999 0.6780526591292 0.4585088806813 1.0747860559729 0.0739041794087 0.0
0.28496503496520004 0.2447552447551 0.47202797202760005 0.0 0.2465034965037 0.1486013986011 0.0 0.4527972027982 0.2954545454549 0.0384615384614 0.181818181818 0.5437062937063 0.0454545454545 0.0454545454545
0.9483621624283 0.1583093202875 1.4971547825987002 0.0112359550562 0.3398271672968 0.2781126164066 0.09942308955910001 0.728275197271 1.0096801769908 0.8701579664173 0.6753489209061999 1.2532275669172002 0.0112359550562 0.11964912280689999
0.0 0.0 0.0 0.0 0.0 0.0 0.0 0.0 0.0 0.0 0.0 0.0 0.0 0.0
0.142857142857 0.0 0.23809523809499997 0.0 0.07142857142850001 0.0238095238095 0.0 0.0238095238095 0.1428571428575 0.190476190476 0.047619047619 0.11904761904750001 0.0 0.0
0.364640883978 0.099447513812 0.5303867403305 0.0 0.1325966850827 0.1325966850829 0.0331491712707 0.4143646408839 0.281767955801 0.2486187845303 0.23204419889490002 0.4806629834256 0.0 0.049723756906
0.47368421052700005 0.236842105263 0.315789473684 0.0 0.157894736842 0.236842105263 0.236842105263 0.39473684210500004 0.078947368421 0.078947368421 0.0 0.47368421052600007 0.078947368421 0.236842105263
0.5145833893713201 0.16802951645734 0.66249069765358 0.00884955752212 0.19877209027091997 0.50045951349842 0.03265908133162 0.67773309662852 0.71512628775832 0.2922057544537 0.25300813226804 0.96417812088102 0.0 0.0119047619048
0.49134615384589997 0.34615384615350003 0.8317307692303001 0.076923076923 0.3374999999999 0.11538461538450001 0.1134615384614 0.49615384615339997 0.423076923077 0.3759615384613 0.3384615384625 0.8644230769239 0.0375 0.1519230769229
0.5109318996416601 0.22921146953393 0.77703533026083 0.15555555555540002 0.18463901689696 0.2671786994366 0.00806451612903 0.73195084485506 0.5098566308243 0.28604710701476 0.52826420890939 0.8112647209416801 0.0 0.0
0.42371551868 0.170731707317 1.4151682044684 0.0243902439024 0.3996614452945 0.38646973273220003 0.010752688172 0.5138473642797 0.7571990558614 0.4488806237034001 0.8459957561451 1.5742531530886998 0.010752688172 0.0181818181818
1.0637255908991001 0.2916097916095 2.5797948678377 0.0823451910408 0.4738952999818 0.3632679882678 0.187957187957 1.3974624898535002 1.2981009665790002 1.1608183129918002 1.0366998953955 1.873824493389 0.1096096096095 0.0808883145839
0.0 0.0 0.0 0.0 0.0 0.0 0.0 0.0 0.0 0.0 0.0 0.0 0.0 0.0
0.1149068322981 0.0714285714286 0.26552795031049997 0.0434782608695 0.0 0.4472049689452 0.1149068322981 0.0 0.22981366459619998 0.1583850931676 0.1226708074533 0.1149068322981 0.0357142857143 0.28105590062139996
