0.9278495775612 0.17471312769789998 1.4517160045064001 0.0 0.33375587523199995 0.9494263242023001 0.1374020794758 1.4537683705266 0.7469962782460999 1.3360864955184 0.9629180092566 1.2958992587462999 0.1859903381645 0.0434782608695
0.08139534883720001 0.11627906976730001 0.2707641196011 0.0 0.0232558139534 0.21262458471739998 0.428571428571 0.0930232558139 0.10465116279090002 0.046511627907 0.0348837209302 0.2906976744188 0.0 0.29734219269069995
1.5276028933652 0.1458967071134 3.0194121430039997 0.1004081632653 0.9023869830819 1.2687396650881 0.1916083050333 1.2767699980806 1.2202663778239 0.890761939613 0.6119550104500999 2.5414533573239 0.1193149853157 0.1834234714388
0.0 0.0 0.0 0.0 0.0 0.0 0.0 0.0 0.0 0.0 0.0 0.0 0.0 0.0
0.66613494682855 0.0 0.7267326732675998 0.0 0.35399706637330003 0.29680968096785 0.0463696369637 0.42273560689485 0.17599926659325002 0.528584525119 0.2800696736338 1.42841950861715 0.0648881554822 0.00925925925925
0.32020719616779997 0.1792299619495 0.8373562847748002 0.0 0.1570680628271 0.9262940966097001 0.13723668087449997 0.5197698211219 0.49478198671499996 0.3414544772315 0.23050427114900002 0.6130374113963001 0.0526315789474 0.1904281702362
0.0 0.0 0.125 0.0 0.0 0.375 0.5 0.0 0.0 0.0 0.0 0.0 0.0 0.0
0.4872421695954 0.231842231842 0.9722887134648001 0.1010989010988 0.049350649350600004 0.7567782979547 0.0671328671328 0.8896759014403 0.5633142456677 0.4412822471652 0.21003114532519998 1.0084138084145 0.0 0.22154882154869998
0.5169610316789 0.781609195403 0.8238015138763999 0.19610316792840002 0.1407345107932 0.2814690215865 0.0121951219512 0.6005046257372 0.07036725539659999 0.2232968881411 0.14073451079319999 0.8781889543049 0.0459770114942 0.28805719091720006
0.230769230769 0.0 0.0 0.0 0.0 0.0 0.0 0.264957264957 0.111111111111 0.444444444444 0.076923076923 0.760683760684 0.0 0.111111111111
0.3196583850937 0.1191925465839 1.1890683229826 0.0108695652174 0.2052173913043 0.42909937888210004 0.025 0.6972670807451 0.39546583850899997 0.26767080745329996 0.5392546583851 0.7306521739133001 0.0 0.0715838509317
1.0839314254232 0.383047580103 1.7276740715711 0.0572480065425 0.5721236599396999 0.6490501806373 0.0571428571428 0.9058616567967 0.5502866041657999 0.8631125841558 0.8857966302785001 2.2074767367012 0.0 0.0572480065425
0.1 0.525 0.775 0.0 0.05 0.375 0.05 0.175 0.125 0.0 0.2 0.05 0.1 0.475
0.1428571428571 0.0 0.095238095238 0.0 0.047619047619 0.190476190476 0.047619047619 0.1428571428571 0.0 0.0 0.047619047619 0.095238095238 0.0 0.1904761904762
1.2485057172579 0.0384615384615 2.2038721413738998 0.0 0.32081600831580004 0.43145790020770003 0.1875 1.3181522869020001 0.41826923076949996 0.696855509355 0.7040670478165001 2.3310810810809 0.0624999999999 0.0384615384616
0.28813412842435 0.2668049433929 0.33955578601634995 0.04493993604695 0.0197044334975 0.14899317258650002 0.10985221674865 0.26842969492695 0.44629677642434995 0.15911330049240002 0.1686976060839 1.72962578861125 0.0 0.00985221674875
1.2322857209595999 0.1344608875444 2.7741196721317998 0.0 0.6447473306173 1.0286381449466 0.2907859097932 1.1280204478412998 0.8753349069203 0.7127301104389 0.9676699892409001 2.9173245640085 0.1070981863663 0.1867841291935
0.0 0.6 0.0 0.0 0.0 0.0 0.0 0.2 0.0 0.0 0.0 0.2 0.0 0.0
0.36460180301473 0.0 1.02307634758502 0.06460554370996 0.26231997905226 0.20386787865185 0.04480604496311 0.55357423409205 0.35811543784881 0.45257172782718 0.35844835970490996 1.2890060973334 0.01623461639171 0.00877192982455
0.4216165413534 0.2453634085211 1.3285087719308 0.0315789473684 0.0869674185463 1.4116541353391998 0.2531328320804 0.25131578947340005 0.6848370927323 0.12499999999980001 0.5026315789470001 0.44411027568879996 0.0553884711779 0.1578947368419
0.1071428571428 0.142857142857 0.42857142857229996 0.0 0.0357142857143 0.3214285714289 0.0714285714285 0.0714285714286 0.39285714285679996 0.0 0.0357142857143 0.17857142857140001 0.1071428571428 0.1071428571428
0.8301707664404999 0.2372442459136 1.3447324699659997 0.0495867768594 0.2708680728826 0.8421490646177001 0.0178571428571 0.9573205613521001 0.7098978809374 0.4158750106496 0.49074203678120004 1.5680205455278 0.1485047286357 0.117030696576
0.3494572245954001 0.1707351961438 0.8548261943029001 0.052680565897199993 0.16203903280139997 0.4273915428929 0.0484167417799 0.6251890896265 0.2294607516555 0.2208272916095 0.21693576831109998 0.4883607007093 0.0421052631578 0.1115746365168
0.6426209177343 0.0243902439024 1.063662670524 0.0 0.46568830095100006 0.4311699049184 0.0508474576271 1.0026870607698 0.12401818933440001 1.279247622986 0.7871021083104002 1.0411326994633 0.0365853658536 0.0508474576271
0.7511261685184999 0.36076604554839997 1.1059539494325 0.0555555555555 0.3263347763349 0.41276428885090005 0.1347481021393 0.9113024656505999 0.48283769370740004 0.24905577514260002 0.3138622247319 0.8593293180245 0.0363636363636 0.0
1.6560682803107998 0.3774898265156 1.5611369104605 0.22251908781689997 0.2647849462365 0.576844670439 0.1259370314843 1.072400630178 1.3157321098186001 0.743756331338 0.6361280124218 4.3092711284977 0.103448275862 0.0344827586206
0.45238095238099996 0.0833333333333 0.7261904761909 0.0 0.142857142857 0.3333333333336 0.702380952381 0.0833333333333 0.41666666666700003 0.0833333333333 0.47619047619 0.7619047619046 0.571428571429 0.166666666667
0.0285714285714 0.0571428571428 0.2857142857145 0.0 0.0 0.2285714285718 0.0285714285714 0.1142857142856 0.0 0.0 0.0857142857142 0.0571428571428 0.0857142857142 0.0285714285714
1.08863221747061 0.23652706304100002 1.71957210655513 0.0260869565217 0.32598993390291 0.5048502482366 0.2193419740781 1.3039044228061 1.1935532798859199 0.6170255167422101 0.4990925712949199 4.0052312046957 0.0588235294118 0.2013689753611
0.22222222222210003 0.311111111111 0.3944444444444 0.0 0.0 0.1666666666666 0.0555555555555 0.5388888888888 0.22222222222209997 0.3944444444448 0.16666666666649999 0.7000000000002999 0.2 0.6277777777778
1.25088856786082 0.23304066823093 3.21172574299164 0.1375456204379 0.8085680756545699 1.87965161125978 0.32936721591062995 2.09083985287961 2.0898576391761496 1.5729408071333901 1.30043226447045 5.63776919186285 0.06312352349030001 0.3942492186342
0.1 0.2 0.0 0.1 0.0 0.0 0.0 0.1 0.2 0.0 0.0 0.2 0.0 0.1
0.62256493506438 0.10173160173160001 0.95075757575638 0.07846320346312001 0.49377705627755997 0.1766774891775 0.06953463203456 0.31737012986982 0.32846320346336 0.64393939393882 0.27462121212092 1.9117965367961198 0.030303030303 0.0
0.42714437636099994 0.18650326631884 0.89118701574886 0.07416012558860001 0.1492125386133 0.79365321314674 0.21243733225304 0.3912624702487 0.29258267078538003 0.21974882260572004 0.2683739302173 0.72828277713168 0.19037423406094 0.17507722692042
0.1142857142857 0.0 0.49523809523859996 0.0380952380952 0.0 0.4190476190471 0.0190476190476 0.1142857142857 0.1714285714285 0.0571428571428 0.0761904761904 0.40000000000009994 0.0380952380952 0.0571428571428
0.3999449624451 0.0813677063676 0.55687599437573 0.02988215488212 0.15174640174622 0.27003783253790004 0.0223526473526 0.29472610722591003 0.13657407407391 0.31995319495311 0.40422540422502 1.30280599030523 0.0 0.0295075295075
0.9379310344846001 0.325000000001 1.5057471264376 0.1333333333332 0.32758620689639995 0.381609195402 0.16896551724120001 0.5962643678157 0.7132183908046 0.32729885057459995 0.346551724138 1.9735632183902998 0.1189655172413 0.1439655172412
0.362365591398 0.0 0.7704301075269 0.0 0.28010752688170004 0.340322580646 0.0166666666667 0.37903225806429997 0.7973118279588001 0.44247311828009994 0.7951612903224 0.8161290322582 0.0 0.0
0.8377221543887 0.9234093067432501 1.4139872473204498 0.0 0.1191968525301 0.56582553249175 0.0719780219782 0.6175010175014 0.3697395197394 0.63865825532395 0.63074209740845 1.6920431420443498 0.07307692307685 0.04611992945325
1.1961371799318 0.33444250012390003 1.7490679798421098 0.2169075688319 0.35392514778642 0.72707312182461 0.06873104381311 0.8120134173608199 0.5312557699962199 1.03210732062371 0.8509690025792299 4.9799439352018195 0.11157534237840999 0.035850669706510005
0.027027027027 0.08108108108100001 0.162162162162 0.0 0.0 0.1351351351351 0.054054054054 0.027027027027 0.08108108108100001 0.0810810810811 0.10810810810810001 0.10810810810810001 0.054054054054 0.0810810810811
0.142857142857 0.1798941798941 0.32539682539680004 0.0 0.1208112874779 0.5493827160495 0.21693121693120002 0.3721340388009 0.111111111111 0.157848324515 0.21693121693099998 0.2098765432096 0.0617283950617 0.3350970017635
1.07410903569837 0.28346833038164 1.7259016272225798 0.12972644206164 0.07774275272305001 0.8008285644601499 0.15870159487583999 0.77449002674263 0.78424856252804 0.87742419592764 0.46061076823277997 4.800751592038741 0.0323886639676 0.0196078431372
0.46183533447721 0.15716646446031002 0.48853700372307995 0.0681818181818 0.02744425385937 0.44212023595375005 0.053497468936870005 0.34541689327821 0.45658494749654005 0.12586286240211 0.11535162950253999 1.55677111659408 0.05821445006894001 0.6430155210637
0.87782421867458 0.40303696199829003 2.59361483782149 0.046963562753 0.33895236365789 1.16421641406572 0.6844504982434799 1.15023300909972 1.3143285828697 0.6946839645376901 0.72648250932283 3.41199701757781 0.13955938697318 0.45365667240388996
0.0434782608696 0.130434782609 0.0 0.1304347826087 0.0434782608696 0.0434782608696 0.0434782608696 0.260869565218 0.0434782608696 0.0434782608696 0.0 0.21739130434759998 0.0 0.0
0.9932828095919 0.0793423812772 1.0783615652692 0.029773958732399998 0.4410599072701 0.37657482312350005 0.0346517609413 0.7231751156601001 0.7327068295757 1.2323603906326 0.53976302414 7.5275474394469 0.0642201834861 0.1471798108564
0.25960451977417004 0.09604519774017 0.60649717514133 0.00847457627118 0.05932203389828 0.36779661016968 0.13757062146899 0.37740112994357994 0.20480225988703998 0.1138418079097 0.14293785310748 0.45451977401165 0.07090395480229 0.10028248587579
0.22153209109719998 0.22153209109719998 0.4389233954449 0.219461697723 0.06935817805380001 0.22153209109719998 0.2474120082815 0.2080745341614 0.5020703933756 0.18219461697710002 0.067287784679 1.2898550724636 0.0217391304348 0.08902691511380001
1.4285714731819 0.2884711735344 2.30575795621252 0.17679947435420001 0.43518571461905997 0.6263504526710201 0.12715262073806 0.6722641554824599 2.40559664716836 1.0816258140483002 0.7152980178485601 4.5720293255739 0.07015472696769999 0.0947424476033
0.75763623397199 0.80052248131539 1.7481754285241697 0.22940012148978 0.1998904656837 0.8825757890599001 0.24474217167770002 0.8844054575493899 1.1297189211204999 0.53885413565439 0.15930110727038999 1.33309673949489 0.0611465960429 0.030534351145
0.29323842629895 0.023607727413080003 0.5129719786192499 0.0103626943005 0.46165111021826 0.28361754458009997 0.0132450331126 0.37507364329156 0.28358933767277 0.40066981226984 0.37521002514158 0.9582880908113701 0.00847457627118 0.0
2.0323562336377 0.3525004764627 2.1665827089186 0.1144187656104 0.5753287592911001 0.9424730923938 0.25363195008670003 1.1661316240866 1.076709297544 1.1619229033149 1.3519724554391 5.2840489302169 0.29429207667550006 0.2276307263298
2.4308598621549002 0.5771359460438 3.3264697673781005 0.2165489048382 0.49054021005329995 0.9369335319787999 0.2436034383598 1.2617220447204 1.9476577855057 2.1052265940175 1.2686843919068 7.890743863069599 0.2339916540757 0.0698820058996
0.082191780822 0.4691780821921 0.2465753424657 0.0 0.0 0.3036529680368 0.027397260274 0.054794520548 0.13698630137 0.22031963470319998 0.0821917808219 0.9623287671238 0.0833333333333 0.3310502283106
0.13714733542312 0.06269592476494 0.36833855799361 0.00862068965517 0.0 0.3252351097174 0.10266457680244001 0.07131661441997 0.21630094043994 0.01724137931034 0.10893416927897001 0.42163009404306995 0.08855799373034 0.07131661442007001
1.4951485155689501 0.3843590519428 2.4303070475746495 0.025205715207649998 0.72448874114965 1.0357399243509 0.17281004556604998 1.2243428901758002 2.0860905680314 1.3968768472806499 1.6992109698203 6.24915252378465 0.0165289256198 0.05973823393200001
1.7667305256993 0.1598857031527 1.1763483456192 0.21015033931849997 0.1598857031527 0.6075916485377999 0.0 1.1386173977992 0.5493392213533 0.3894535182002 0.6669480793581 1.9688930740011 0.0 0.2061564438092
4.473132709084799 0.6565739950370001 4.66959379396622 0.1326444966246 1.1591045360154901 2.18687386276567 0.57160715992316 2.9841503061369106 3.5088714011792805 3.09492179792283 2.01909792518091 10.116903475175612 0.0726362509021 0.35388829009033
0.0 0.0 0.2777777777775 0.222222222223 0.0 0.0 0.0 0.0 0.0 0.3333333333335 0.0 0.16666666666649999 0.0 0.0
2.7907776556590997 0.1156933974129 2.3370730450933 0.0677506775068 0.6665470557905999 0.7971019934622 0.0698554323309 2.0249904398533 1.3368914237509 2.0914830457274 0.7089378163989 8.6402533015756 0.1005557527389 0.2520889626984
1.1416161495219599 0.30185600251596 1.70541007361282 0.2416644511313 0.41334468391735996 1.3499838896822 0.25091952059870004 1.05875160002683 1.03503216487973 1.18869231757833 1.3957691781751902 2.47632575590823 0.06462585034005999 0.37600836210469996
0.15686274509810003 0.078431372549 0.31372549019609997 0.0261437908497 0.0522875816992 0.1307189542484 0.10457516339869999 0.1045751633987 0.2745098039224 0.10457516339870002 0.1045751633988 0.444444444445 0.0522875816994 0.0522875816993
1.2592175952404199 0.42727249017554997 2.8073012416011798 0.088201828383 0.6060685182092101 1.1996405421985 0.12252892599515999 0.9113663534163199 1.62800099289992 1.49172025244562 0.79794149538137 4.25681110524816 0.15952357242702 0.24440508638288003
0.81901976901974 0.1698591210056 1.0563482830136601 0.02435413428084 0.50877248224867 0.49784030104877 0.11657071073687 0.7714265669211701 0.32924429595282 0.61695961675116 0.24922771220502998 1.75142690942493 0.00584795321637 0.0831021441758
1.5659980338286998 0.3096955128203 2.4381262120227998 0.095238095238 0.9556971827188999 0.5795895281188 0.2020947802196 1.5958710407254 2.3694920275794 1.3021136339156 0.9036037491926 3.6073313940979 0.0 0.0751488095238
1.13163385398541 0.29396460378792005 1.1628092560671301 0.06387041435161 0.32989470273299 0.47417538754866 0.14019995349911 0.67080122813118 0.56067621572517 0.484879915978 0.5591165648735 3.0217107329918607 0.072366454383 0.03390071594511
2.98370744359558 0.63907916817982 4.958739453825661 0.16491549477557998 1.29191441569306 1.58909357532773 0.1603055957769 1.7979165804223203 2.3354942268331302 2.81929804151843 1.73049514079533 9.05896886036971 0.27270967538769997 0.19736232749700003
0.079207920792 0.1980198019802 0.41584158415829997 0.0 0.019801980198 0.158415841584 0.11881188118799998 0.079207920792 0.1980198019803 0.05940594059399999 0.1188118811881 0.2970297029712 0.019801980198 0.237623762376
0.0 0.0 0.0 0.0 0.0 0.0 0.0 0.0 0.0 0.0 0.0 0.0 0.0 0.0
1.2333271640566201 0.36514428807089994 1.87140190914966 0.013698630137 0.38079636611879997 0.67087284985772 0.17142220549640003 1.24739360479844 1.3488910202956 1.06110631958636 1.01626360310902 3.4626322983852402 0.056050555402800004 0.1009991855399
0.5364931364926999 0.6229474229472 0.8006216006211999 0.0576016576016 0.0296296296296 0.9961149961141 0.058430458430400005 0.5027713027709 0.4480704480704 0.29873089873060005 0.9612017612016 1.2499870499874 0.1168609168608 0.3205387205383
2.9433058141072603 0.78307919428936 4.87495921325996 0.2246354983232 1.09271332850073 2.20928795737351 0.3777912680397 3.3140426733815698 2.79274389591062 2.99361762468343 2.51718710414642 6.13479231154691 0.24943788818331 0.49240622825890007
0.166666666667 1.166666666667 0.0 0.166666666667 0.166666666667 0.333333333334 0.0 0.166666666667 1.166666666667 0.666666666667 0.0 0.0 0.0 0.0
1.9357898031785 0.4192166451031 2.1226412339134 0.25879806970849994 0.7890192727556999 0.7495932978453 0.1942819406763 1.4323623798619998 1.4012106113140999 1.9506403860962997 0.8594915598212 4.5594815937616 0.20838518234939998 0.1190880236221
1.0462314646142998 0.49854483751542994 1.29069655834319 0.021634615384629997 0.33349065150533 0.56836949814879 0.18812866055503003 0.84750004897073 0.9515999931436001 0.6794675912316 0.5808375448077999 1.5559725813404 0.19024810973313 0.24727784470423
0.22714285714299998 0.1309090909091 0.6387012987012 0.0238095238095 0.062380952381 0.2487878787879 0.3058441558442 0.1687878787878 0.1835497835499 0.1633333333334 0.3444155844159 0.3714285714287 0.0133333333333 0.1175757575757
1.3232740141483998 0.4903599109887 2.2302006817917 0.1389677523033 0.46183928330589996 0.8975068604512999 0.0417853751186 1.143731792809 1.7849808760502999 0.9164809792059001 0.8622419843567 3.3315031851795 0.017094017094 0.3600332871995
2.0557209926228 0.5617236753857 2.3675922199856 0.2733065057009 0.44215962441229995 1.0118108651914002 0.1958685446007 0.8896109993292001 1.2585647216641 0.9086452045609 0.9615694164994 1.9989671361502 0.0211267605634 0.0533333333332
1.0135094576852 0.13323616968476 1.95963446749272 0.0431654676259 0.561323726165 0.32060616758506 0.04163427878386 1.52026649237636 1.12146320079176 0.7966880606914599 0.7767187841244 2.5205039681803596 0.0499999999999 0.1412497588135
2.0757513542790997 0.26961778939830006 2.41396556674435 0.1626132570337 0.6334042587334 0.67445098114555 0.038626609442 1.8745893271068 1.0703681599816 1.1654046852573 1.2147939544483 4.17176017266055 0.15899023728169998 0.07566364647900001
3.34908287535188 0.6720711829293601 5.92204470593078 0.21546843349842 1.05231072117465 1.9555217429064498 0.6841638133364 2.58080704769742 2.62252015438672 4.02294854707819 2.46363311057814 8.9455302109145 0.18676420860473003 0.32713324561835
0.0266666666667 0.0133333333333 0.0533333333332 0.0133333333333 0.0133333333333 0.2 0.0133333333333 0.0933333333333 0.0666666666666 0.08 0.053333333333299995 0.2133333333336 0.0266666666667 0.1333333333334
0.0766972477064 0.14752293577980002 0.1792660550458 0.0091743119266 0.0550458715596 0.2242201834863 0.1917431192661 0.1425688073394 0.2317431192661 0.0566972477064 0.1425688073395 0.3093577981658 0.0766972477064 0.1566972477064
2.12746503708589 0.6639957028501999 2.02042921964317 0.11049891484089998 0.56030247164009 0.49049247401009 0.1366890490769 1.4626926582591002 2.0897346341001 1.31056313107549 0.9484293252176901 4.00178430527967 0.0384615384615 0.0384615384615
0.26662810873327003 0.13794100636201 0.17379988432591 0.04598033545397 0.06101792943891 0.10699826489284 0.12290341237707002 0.17379988432617 0.1437246963562 0.06766917293227999 0.06015037593974 0.43956043956038005 0.076923076923 0.12290341237707
3.16020582654275 0.8461633410070799 5.51420690393025 0.1677732593543 1.9471887652973798 1.7842620784752001 0.39908402622400996 2.94388564947774 2.37010310210705 2.2556631117762 1.9057708158629099 6.00723359898061 0.1458898871496 0.5525696338161099
0.0 0.0 0.0 0.0 0.0 0.0 0.0 0.0 0.0 0.0 0.0 0.0 0.0 0.0
1.6600039537337996 0.25195425059959997 2.4751191146322995 0.07357380751340001 0.5520795638828 0.44437128918580004 0.1463644070067 1.2786503357339 1.4697053462552 1.6425497232381998 0.9771361894050999 3.9014422754761995 0.046835839599 0.0802139037433
1.0046413502101301 0.51051146082829 1.5413815714423502 0.110970464135 0.24651898734173 0.7165925419083998 0.2375755502338 1.35901185996212 0.95966757896989 0.71272665070073 0.9362726650694599 1.29778481012692 0.19990306762440002 0.1664414414414
0.5663390663385001 0.526617526617 1.0859950859945 0.202702702703 0.56633906634 1.316543816546 0.1281736281735 0.84357084357 0.6339066339075001 0.512694512694 0.121212121212 1.7129402129405 0.3378378378375 0.4451269451265
1.8821603628296701 0.7039514711857999 3.31546273007637 0.28135297206029 0.6197383312592899 1.1753422351593903 0.13989587543699 1.46089474830098 1.5354124879598001 1.83025191466959 1.3928505894110699 3.09009081071829 0.07222208521369 0.5003733857121
0.4599492608346 0.04838524307548 0.9786635848577201 0.035398230088419996 0.15150663823229998 0.1463624870704 0.059016205033899996 0.41147888493034 0.39291992831774003 0.3681760717155 0.23471546480412 0.5915433304813399 0.074074074074 0.04781059648322
1.3239042592675 0.25615855648978003 1.7468967598141598 0.15607027309920002 0.7273804353265 0.64802204783359 0.0826709573611 1.6674803294884901 1.2343368012011797 1.64336911149588 0.84367737295919 2.5469708246081804 0.10488045287318 0.0181818181818
1.75663564513022 0.26598063412054 1.9923716644356402 0.0676470588234 0.40686673590851996 0.62017802040776 0.17128437173670003 1.10605682298302 0.8158379837796199 1.0758096020769399 0.9680722258323 3.3947277485306797 0.1261869214691 0.23234456476814
1.4279663528555802 0.2410178998252 2.49354813562925 0.1308335669321 0.5228809396266 0.76464727787114 0.26462330860669997 1.49164549958923 1.22327033193358 1.90820757128979 1.5861975237787902 3.63561119923464 0.0456026058631 0.26394778696539
0.142857142857 0.142857142857 0.0 0.0 0.0 0.142857142857 0.0 0.571428571429 0.0 0.0 0.0 0.0 0.0 0.0
0.4657952069724 0.30305010893240003 0.6484386347138 0.0 0.16151053013799999 0.7567901234575 0.3815541031227 0.4254175744382 0.4626724763977 0.1207697893972 0.23950617283959996 0.6487291212777 0.2316630355847 0.1541031227306
2.3450613797011 0.18493015536379998 2.1219676871521 0.0229357798165 0.8589903358543 0.7806773475874 0.1429978159142 1.8236412569946001 2.0680793336770003 1.539711549661 1.6076648553401 4.247673945084699 0.045871559633 0.2097969982294
0.7371980676339 0.1649758454107 0.6050724637688 0.0 0.0782608695651 0.1599033816424 0.0555555555556 0.5579710144928001 0.2920289855068 0.1321256038646 0.23985507246370003 0.8188405797102 0.0277777777778 0.1304347826086
2.4669878950082 1.0524828172969 4.2752855963609 0.2432487592098 1.2983147030877 2.0789069629413 0.5510640326551 2.0922815300025 2.3544184430178 1.2448028915253002 1.6795218680295 3.1781604136201 0.1293085942846 0.35521549295809995
0.0 0.0 0.23076923076900002 0.307692307693 0.0 0.076923076923 0.0 0.0 0.076923076923 0.076923076923 0.0 0.23076923076900002 0.0 0.0
0.89232667276671 0.16898159873821 1.23668702996402 0.03661678840741 0.2702633945809 0.41119677429190005 0.19058875707321 1.03702315382381 1.1301810183449 1.01760541580372 0.77548141919432 1.6667004366453102 0.04498498924422 0.12136255111981001
0.28910100659496 0.08830267268314 0.37080874696267996 0.00298507462686 0.06174939257202 0.19326622700442003 0.03786879555706 0.23269698021512 0.12349878514388 0.15303713988200002 0.13967372440136 0.2455744533148 0.01759805623042 0.043838944810779996
0.1581071166543 0.0425531914894 0.42773294203949996 0.0344827586207 0.0689655172413 0.1713132795302 0.1885546588407 0.1247248716069 0.3070432868673 0.07703595011 0.12472487160679999 0.232208363903 0.0212765957447 0.0212765957447
0.6210004872507 0.147799252883 0.8124898489534 0.00763358778625 0.2539386064641 0.09298359590710001 0.031914893617 0.49886308267039997 0.28240214390115 0.33234529803505003 0.19774240701634999 0.6341562449246 0.0478723404255 0.0388582101673
2.1545542716345 0.6506726718723 2.7114212690871002 0.16766845934820002 0.6243277443844 0.4242474067166 0.22714330907969998 1.3841201984734 1.2256968147977 1.2246457649965001 0.8688164971120002 2.1937636324301 0.0542196007259 0.0887023593465
1.9031784643333 0.2582101237351 2.8885670914497004 0.1631549400441 0.9663138945935 0.7444920172837001 0.015625 1.5910385628047998 1.4732917634936 1.3847633708606002 1.5940147887197 2.9456959422779003 0.071654040404 0.0
0.93327402462212 0.23846100233784 1.01249864572562 0.02843746194132 0.52771042581322 0.36852656177176 0.17925735055400002 0.9139914081533 1.0853118668841 0.31172889495449996 0.67241204511204 1.6317065500548 0.0496127597577 0.04707100231402
1.8040253829664097 0.40168370014408 2.63663930502926 0.11356219946177999 0.73701783760316 0.56809358474898 0.17261441813727 1.6276846321972203 1.51103778207984 1.74782851594065 1.46167483322826 3.01786096871621 0.03484089254358 0.165435947205
0.0 0.0 0.0 0.0 0.0 0.0 0.0 0.0 0.0 0.0 0.0 0.0 0.0 0.0
0.16042780748660002 0.1176470588236 0.6809269162206 0.0 0.060606060606 0.29055258467010003 0.19964349376110002 0.2281639928698 0.30837789661320003 0.1408199643493 0.2299465240642 0.2620320855614 0.08021390374330001 0.24064171122989997
1.0573164147552299 0.3070794364713 1.5892084683965397 0.020325203252 0.5928086191993299 0.68635150026051 0.10389968306459998 1.4135844874018297 1.15717987467971 0.6230180746402 0.9002224621804099 2.49342999605631 0.0 0.0555757796383
0.33976608187150004 0.1567251461989 0.8356725146198001 0.1052631578947 0.0555555555556 0.2286549707608 0.048538011695899996 0.2426900584799 0.3935672514628001 0.0900584795321 0.1456140350877 0.309356725146 0.0111111111111 0.0374269005848
2.57590805085604 0.6867906445508101 3.95650486750415 0.14943378369841 1.28791530687351 1.35494511212047 0.25395275547391 1.95439794845637 1.83710022007864 2.05546969758583 1.8774724871722899 3.526992105168709 0.056383068248619994 0.4267339522063
0.0 0.0 0.0 0.0 0.0 0.0714285714286 0.0 0.0 0.7857142857146 0.142857142857 0.0 0.0 0.0 0.0
0.32510887366920005 0.04658769448367 0.40311639246651 0.00892857142857 0.18387087768927 0.25599735725467 0.06394234348247 0.42413273282254005 0.45346348544637 0.57144718231267 0.36874674309571 0.8678720315636701 0.0 0.0267857142857
0.372990353698 0.16720257234719998 0.4115755627019001 0.0128617363344 0.09003215434089999 0.4115755627003 0.0 0.6559485530536 0.39871382636709995 0.3987138263672 0.3472668810287 0.7202572347269001 0.0 0.0128617363344
0.0 0.0 0.0 0.0 0.0 0.0 0.0 0.0 0.0 0.0 0.0 0.0 0.0 0.0
0.7789715829004399 0.1827672361814 1.05293681732419 0.01984644357521 0.36137647380504 0.30863725556237004 0.0425531914894 0.76058919596399 0.31443427232654 0.48724649318594 0.54035143420211 1.12060964639313 0.029679957089229998 0.0
0.56242323753385 0.02661098829112 1.2422214034239902 0.0833333333332 0.54955784819522 0.23215016785370002 0.12808073364437 0.63798820928477 0.40119135347623 0.58643453696928 0.75251780889118 0.70378899533279 0.00847457627117 0.08522680750008
0.862104918798 0.11932547555132 0.8410061812595798 0.0491803278688 0.38380532954254 0.30866218106042 0.0 0.5355819394728 0.89109332343672 0.36094653047852 0.38247189162562 1.15986428395074 0.0731707317073 0.0327868852459
1.5091004460813402 0.61808385816231 1.4414713194758098 0.0999999999999 0.52817035413894 0.9715595149367 0.6150456787124701 1.5257995007892402 1.43502008388657 0.9210777465100399 1.1313110960472998 2.06609812792337 0.02255639097737 0.1147058823528
1.5706946123983 0.23518657592040002 2.7344866210155994 0.105047479624 1.2679481058663 1.1318393668792999 0.0372670807454 1.8282979254562 1.461230267596 1.6729767640195998 1.4412327535696998 3.3760817007249 0.021897810219 0.1158129359665
0.222222222222 0.222222222222 0.222222222222 0.0 0.0 0.0 0.0 0.444444444444 0.0 0.0 0.444444444444 0.222222222222 0.222222222222 0.0
0.2954159592534 0.2139219015278 0.4855687606125 0.0 0.0526315789473 0.2020373514429 0.0645161290322 0.2546689303902 0.3718166383706 0.0526315789473 0.3073005093379 0.3157894736839 0.1052631578946 0.2784380305613
1.5476113794958002 0.3271604938268 1.8656468062268 0.0 0.34900697799220004 0.58808373591 0.0246913580247 1.1502952227585999 1.2653247450345 0.5453569511539 1.0958132045096 2.1052066559322 0.0 0.1358024691357
0.1908581614464 0.1588235294118 1.6171122994648002 0.0142857142857 0.0151515151515 0.36473134708390004 0.1176470588236 0.39941431117869997 0.2480519480522 0.19264069264060002 0.2086070791953 0.4298192004078001 0.0142857142857 0.0285714285714
0.8903134129544602 0.25188408060108003 1.59561234570798 0.03810639178115 0.41496924347868 0.48854865095683003 0.13755102343459003 0.8899593022057499 0.88864058572263 0.49114984719641996 0.7225935273621201 1.0087464375289101 0.07145899255683 0.11046615851683
0.2 0.2 0.325 0.0 0.0 0.0 0.0 0.0 1.050000000001 0.525 0.5 0.2 0.0 0.0
0.4689102564101 0.136217948718 0.7070512820517001 0.0 0.28429487179470003 0.0855769230769 0.06698717948710001 0.46891025641010003 0.4391025641035 0.8506410256409 0.47115384615420003 0.9772435897439999 0.0208333333333 0.0230769230769
0.35942760942725005 0.1498316498316 1.0185185185179 0.00757575757575 0.20286195286199998 0.39478114478105 0.10437710437705 0.36784511784490004 0.27188552188545 0.22390572390565 0.2407407407407 0.4360269360267 0.037037037037 0.18518518518500002
0.729166666667 0.0 0.666666666667 0.0 0.0625 0.1875 0.625 0.625 0.1875 0.0625 0.375 0.3125 0.0 0.166666666667
1.22900467926772 0.41663836531438003 1.2900189620910398 0.0606781004131 0.70582903745406 0.33778803641806 0.017094017094 1.17053185977146 0.9629053541095 0.60066825346222 0.70445332032526 1.50439001427902 0.0 0.0
0.4505665349141 0.0934500282326 0.6905665349141 0.0133333333333 0.22354978355 0.199887069452 0.078961038961 0.4592546583846 0.6601806888755999 0.3226839826841 0.42493882928640003 0.3696405044231 0.0064935064935 0.0064935064935
0.4591304347826 0.1584057971015 0.4405797101451 0.0 0.30217391304350005 0.2452173913044 0.0384057971015 0.5842028985509999 0.3856521739132 0.3089855072465 0.5743478260873001 0.43623188405819996 0.0 0.0666666666667
0.23679214929209996 0.1147683397683 0.5345398970401999 0.027027027027 0.17001287001280002 0.1984555984557 0.08108108108100001 0.2673906048906 0.3434684684685 0.1339285714287 0.24750643500659997 0.4604890604889 0.0 0.18453989703989998
0.5574175940150501 0.4480674306366 1.4607400868016502 0.20447959276424998 0.2229822985156 0.39321316883935 0.02590673575125 1.36542364585335 0.756866192205 0.78624990237325 0.47851894464539996 1.1490743818825002 0.0555440414508 0.09551598426454999
0.0 0.0 0.0 0.0 0.0 0.0 0.0 0.0 0.0 0.0 0.0 0.0 0.0 0.0
0.08333333333330001 0.0890022675737 0.2670068027211 0.0 0.0277777777778 0.30045351473980003 0.157596371882 0.22052154195010001 0.22052154195 0.1388888888888 0.061224489795900006 0.1241496598639 0.061224489795900006 0.2482993197277
1.4289456157868 0.264814133235 0.7889747679216 0.0357142857143 0.39737893685229997 0.39438602333309997 0.055944055944 1.3487868856290999 1.0714767688447002 0.6945595340327 0.5110360399831 1.9278242225626998 0.0 0.08015873015870001
0.1747655583971 0.1449275362317 0.6427962489333 0.0579710144926 0.0289855072463 0.1167945439045 0.1167945439044 0.318840579711 0.46376811594330003 0.2617220801368 0.0588235294118 0.52600170503 0.0588235294118 0.0289855072463
1.22256652596497 0.64945607677017 3.0577496291348396 0.0232558139535 0.6856913274486 0.65507525134724 0.1652763884068 1.2245441260861798 1.4451984381690401 1.1496335891406702 1.02572808004181 3.31633027634231 0.08158023483357 0.297914242356
0.0 0.0 0.0 0.0 0.0 0.0 0.0 0.0 0.0 0.0 0.0 0.0 0.0 0.0
0.0574712643679 0.0114942528736 0.14942528735650001 0.0 0.0574712643679 0.0114942528736 0.0344827586207 0.1034482758622 0.0459770114943 0.31034482758649995 0.0459770114943 0.1724137931036 0.0 0.0
0.938357552632 0.3098469293339 1.0111035716483001 0.0384615384615 0.38729874776309997 0.8726437956597999 0.1538461538465 0.6938630735742 0.8802356424635001 0.5315614617928 0.8784114842656 1.0290058778427003 0.1267569639662 0.1486072067467
0.12068965517229999 0.0172413793103 0.20689655172420002 0.0 0.0172413793103 0.0862068965517 0.0344827586206 0.1551724137929 0.1379310344828 0.051724137931 0.0517241379309 0.0689655172412 0.0172413793103 0.0344827586206
0.39220842800312 0.1541577825162 1.01841435618916 0.0 0.07379837565742 0.20729107077835998 0.04404805242076 0.5463486364882799 0.41922132698256 0.47098204758962003 0.31014093296568 1.3002343801837002 0.0 0.06315461022409999
0.56906853713954 0.17917335679326998 1.0955488139240501 0.0194174757281 0.26383307756347 0.45549484580790006 0.16042259244200002 0.55527510720551 0.52832655444424 0.64196099935741 0.44488111628801 0.95799402721417 0.0 0.12860349609227
1.48633289544255 0.28589743589675 1.9680087680887 0.0 0.6332840384428 0.18849802948455 0.133333333333 1.2806420883620502 0.55527660195555 1.49749351484275 0.4496855370059 1.43780085888295 0.0645161290322 0.01923076923075
0.5489588239158 0.09188460919380001 0.5401715719879 0.0 0.0971545757497 0.26276506322140003 0.047352199495700006 0.3434420512325 0.14648599345430002 0.1168215663246 0.26696792116490003 0.4926226429717 0.0453729812868 0.0
0.8985394522932 0.0878304285947 1.5843434269319001 0.0238095238095 0.3932454850995 0.5353284972121 0.142939907338 0.7334616426298 0.8765405487571002 0.9523160848911 0.9564393091033999 1.5895114054659 0.091606133979 0.1340881538918
0.0 0.0 0.0 0.0 0.0 0.0 0.0 0.0 0.0 0.0 0.0 0.0 0.25 0.75
0.0 0.0 0.0 0.0 0.0 0.0 0.0 0.0 0.0 0.0 0.0 0.0 0.0 0.0
0.7513350794277901 0.2344497607654 1.4722023713735701 0.04 0.1603090294543 0.6083971535733901 0.08 1.18468636144188 0.95300177048098 0.81191158323889 0.7258223958558 0.7424475562000801 0.14452784728009 0.0909090909091
0.0576923076922 0.1538461538461 0.1538461538461 0.0 0.0192307692307 0.0576923076921 0.0 0.1346153846157 0.2500000000004 0.0384615384614 0.0 0.1346153846153 0.0 0.0
1.8320993500944598 0.31875026275143 2.6029454578988203 0.0224719101123 0.63319549108176 0.5269526241189301 0.11702962987093 1.3182180344718601 1.5196659454436 1.66549230001576 1.52708641110942 2.7125887624310203 0.0224719101123 0.18103191048443001
0.0 0.0 0.166666666667 0.166666666667 0.0 0.0 0.0 0.166666666667 0.166666666667 0.0 0.0 0.333333333333 0.0 0.0
0.374015328933 0.0163934426229 0.7790965864731001 0.0 0.30567383436210005 0.185100418707 0.0227272727273 0.1914342488112 0.5506174153712999 0.6901923213395 0.3046270669223 0.5410013483783 0.0227272727273 0.0163934426229
0.364640883978 0.2105586249232 0.9748311847747001 0.111111111111 0.1325966850827 0.46593001841650006 0.1442602823819 0.6921424186617 0.392879066912 0.3597298956413 0.2875997544505 0.6473296500924001 0.0 0.216390423573
0.0666666666666 0.0 0.2666666666666 0.0 0.0333333333333 0.2000000000003 0.2333333333337 0.266666666667 0.36666666666729997 0.1333333333333 0.0 0.2666666666665 0.0 0.166666666667
0.39452259909772003 0.28961006356954005 0.8425818830633799 0.00884955752212 0.22080856443492 0.7519792703387201 0.10408765276012 0.82286987474282 0.69612932727182 0.30740332284250005 0.13978624776964 1.3737525889652198 0.0 0.047619047619
0.23154761904750001 0.0 0.35416666666650004 0.0 0.1839285714285 0.095238095238 0.025 0.145238095238 0.047619047619 0.2791666666667 0.19523809523830002 0.3815476190479 0.0125 0.0488095238095
0.5518433179725999 0.1209677419356 1.0549155145935 0.0 0.5253456221194 0.38248847926249996 0.0241935483871 0.33870967741989993 0.5295698924741 1.0057603686638998 0.408602150538 1.0576036866365002 0.0 0.0
0.9067849384230999 0.1441893830701 1.7369638306648998 0.0836236933798 0.6638441285968 0.5916342847842999 0.083175205566 0.8734999900825 0.8579977388278001 0.8308943890834 1.1573185858278 1.9687168079465 0.0537634408602 0.0475935828876
0.6707250728988 0.2653661726241 1.1734067517736 0.0217391304348 0.4046576380025 0.054054054054 0.179054054054 0.5241888101282 0.954517280253 0.6934251923731001 0.5273737973593 1.3589246680073999 0.0863121185701 0.086255259467
0.0 0.0 0.0 0.0 0.0 0.0 0.0 0.0 0.0 0.0 0.0 0.0 0.0 0.0
0.0 0.0 0.0 0.0 0.0 0.0 0.0 0.0 0.0 0.0 0.0 0.0 0.0 0.0
