0.0697674418604 0.139534883721 0.1395348837208 0.0 0.0 0.0930232558139 0.0232558139535 0.093023255814 0.2790697674423 0.0232558139535 0.0930232558138 0.046511627907 0.0 0.0
0.3188405797104 0.0289855072464 0.6478260869568999 0.0289855072464 0.0 0.1449275362318 0.1289855072464 0.7188405797102 0.43478260869579993 0.0289855072464 0.0579710144928 0.33188405797090004 0.1 0.0289855072464
1.3913001929910003 0.11254118668739999 3.6667735532509997 0.0963575303538 0.8348955952825999 0.8360406464162 0.11824053595980001 1.4759774118249998 0.9288023127644001 0.9107184637118 0.7304978973881 1.6266264628462996 0.1131414267834 0.15808678373729998
0.0 0.0 0.4 0.0 0.0 0.2 0.0 0.0 0.0 0.0 0.4 0.0 0.0 0.0
0.437477081041 0.0 1.1089108910891 0.0 0.447011367803 0.2915291529151 0.009900990099 0.3285661899523 0.19508617528400002 0.5163182984961 0.1334800146681 1.4107077374399999 0.083975064173 0.037037037037
0.35602094240829996 0.2524111325436 0.8178561587224 0.0 0.2094240837697 1.1760815651692 0.1471479746489 0.6288233673196 0.6406723615323999 0.38771011297899993 0.3248828878483 0.8065582805189001 0.105263157895 0.1471479746486
0.1904761904762 0.0 0.19047619047609998 0.0 0.1428571428571 0.047619047619 0.0 0.23809523809510003 0.095238095238 0.047619047619 0.0 0.0 0.0 0.047619047619
1.3883034326226 0.5229437229442 2.1291494430885 0.1188181681331 0.294079740655 1.1649215857108 0.048951048951 1.565745294189 1.2215295672196 1.108424720594 0.4259085797358 1.9930428779744997 0.0 0.0181818181818
0.571674688971 0.4171203871746 1.4729740392968997 0.0919540229884 0.0722928009678 0.1880638628052 0.0789473684209 0.41545016965180004 0.433743654489 0.15592203898039997 0.1775559588624 0.6581183092672 0.101935874168 0.1642468239562
0.2963112275749 0.0247933884297 0.7425922193107 0.0247933884297 0.2971175166291 0.3207014714775 0.0495867768594 0.6889739971789001 0.22152791775839997 0.34710743801710003 0.2942955049383 0.6674057649669 0.0 0.0247933884297
0.3168478260865 0.173913043478 1.0641304347838 0.0434782608695 0.31086956521700004 0.385326086956 0.0125 0.559782608696 0.18043478260899998 0.41032608695649997 0.5163043478254999 0.9701086956539999 0.0 0.0559782608695
1.1362898357217999 0.6341963678064 1.867746815178 0.0435493764056 0.41184131984669997 0.7183810334910999 0.06666666666660001 0.6615950250674001 0.47617464652950003 0.6817649044955 0.7548196903080999 2.3843773230261 0.1190476190477 0.0435493764056
0.0 0.0 0.0 0.0 0.0 0.0 0.0 0.0 0.0 0.0 0.0 0.0 0.0 0.0
0.1428571428571 0.0 0.095238095238 0.0 0.047619047619 0.190476190476 0.047619047619 0.1428571428571 0.0 0.0 0.047619047619 0.095238095238 0.0 0.1904761904762
0.37605574324407 0.0 0.64400337837908 0.0 0.09670608108098 0.09733952702688999 0.04687499999999 0.36760979729699 0.04687499999999 0.26309121621598 0.25527871621598996 0.7905405405401 0.015625 0.0
0.36202575404000004 0.0914354852648 0.44793017025259996 0.04986604442130001 0.0295566502462 0.1884020395814 0.0147783251231 0.33246910379370004 0.4054100769168 0.08866995073860001 0.2179586898277 1.7567193846669 0.0 0.0147783251231
0.99382339303874 0.11145211930906 2.2315218864497304 0.09090909090900001 0.58144889410472 0.61905177448597 0.14250654107796 0.8781282360656801 0.57410429795759 0.66907739534569 0.8440299858088599 3.11261165581916 0.05128205128197 0.10005267834466
0.0 0.3 0.30000000000000004 0.0 0.0 0.1 0.0 0.0 0.1 0.0 0.0 0.1 0.0 0.1
0.4244417012678 0.0 1.1699622189799999 0.0530206112295 0.2579732914374 0.2172595668283 0.05151685183099999 0.5738151348518999 0.3352784947443 0.448000598511 0.4121348146485 2.0065836232369003 0.0324692327834 0.0175438596491
0.20030075187956 0.33084985190210003 0.7340988835725201 0.01719298245616 0.16365003417626 1.0228024606970199 0.19332421963989999 0.24755980861232002 0.34976532239696 0.1242424242424 0.15087719298248 0.22200501253118 0.17736614262926 0.06596491228072
0.0535714285714 0.0714285714286 0.2142857142857 0.0 0.0178571428571 0.1607142857141 0.0357142857143 0.0357142857142 0.19642857142859999 0.0 0.0178571428571 0.0892857142856 0.0535714285714 0.0535714285714
0.4412686923785 0.1644160823625 0.6707168567449 0.0294117647059 0.1269817205231 0.4573896901626 0.061974789915900004 0.6197807357069001 0.4936632451454999 0.21187083080629998 0.4997963435453999 1.0668607981935 0.07349517791810001 0.08237327188929999
0.178637770898 0.0357585139319 0.40619195046449996 0.0147058823529 0.096749226006 0.2082043343653 0.0252321981424 0.3301857585139 0.1178018575851 0.1639318885449 0.0862229102167 0.2585139318886 0.0210526315789 0.0568111455108
0.6920214964857 0.0487804878048 1.0002066969815 0.0 0.5161223646134999 0.38776353865179997 0.0423728813559 0.8782554774709999 0.1887143447703 1.1940884663097 0.6843737081448 1.2517569243509 0.0731707317072 0.0423728813559
0.5168266516101 0.1288819875777 0.9477413890465001 0.0 0.3577357425185 0.1796725014115 0.057453416149099996 0.516374929418 0.1519198193111 0.09446640316200001 0.2703839638626 0.7313099943535999 0.047233201581 0.0
1.13829482202606 0.08658170914536 1.3968144221083398 0.13640682050054 0.5763434526972 0.5808320635348401 0.07797886770896001 0.83736232049164 1.11432051776956 1.0969756111853601 0.5498205933547999 3.2527037248692405 0.051724137931 0.1038409366743
0.0 0.125 0.0 0.0 0.0 0.125 0.0 0.0 0.125 0.0 0.125 0.125 0.0 0.375
0.0285714285714 0.0571428571428 0.2857142857145 0.0 0.0 0.2285714285718 0.0285714285714 0.1142857142856 0.0 0.0 0.0857142857142 0.0571428571428 0.0857142857142 0.0285714285714
1.2990266326571 0.26462345078370003 1.9013454803958 0.0521739130435 0.33135138105569995 0.39814657919999996 0.0664724576271 1.161727631941 1.1379906851377999 0.7028064261298999 0.640578000998 3.9276406701323996 0.0 0.11611669089659998
0.11111111111110002 0.0555555555556 0.0972222222222 0.0 0.0 0.08333333333330001 0.0277777777778 0.0694444444445 0.1111111111111 0.09722222222219999 0.08333333333340001 0.2500000000007 0.0 0.0138888888889
0.89450391137996 0.15937243409282997 2.13660455139797 0.175709651257 0.8673771074293701 1.1868547451496598 0.25430758561834 1.38858686978292 1.23725019916985 0.9615123517819599 0.69620933730969 3.71074040277473 0.0405773940002 0.29039345885191004
0.0 0.0 0.0 0.0 0.0 0.0 0.0 0.0 0.0 0.0 0.0 0.0 0.0 0.0
0.32211321287368 0.0151515151515 0.82623282514508 0.06555147750792001 0.28613542254876 0.18798936570660002 0.04792725390546 0.33752823263692 0.28573781291196 0.45193864106871995 0.25551712779942004 1.8856342932444201 0.0238471673254 0.0086956521739
0.8383045525902001 0.21664050235460003 1.4238618524313003 0.1287284144426 0.3359497645208 0.8430141287285999 0.3485086342226 0.916797488227 0.4034536891676 0.5431711145993 0.4489795918372 1.007849293566 0.21664050235460003 0.3281004709573
0.0625 0.0 0.25 0.0 0.0 0.0 0.0 0.09375 0.09375 0.03125 0.15625 0.3125 0.0 0.0
0.6574580916892 0.2998094107252 1.48873782060317 0.07552372919568 0.34992284338344004 0.50640802766046 0.0929078466804 0.7354602557067701 0.5640383305123501 0.68161604957343 0.37554641126028 2.02830407445469 0.0816326530613 0.06263445549155999
0.471264367816 0.0 0.7724137931035002 0.0222222222222 0.2720306513409 0.2260536398465 0.1356321839079 0.2268199233714 0.3854406130265 0.2245210727965 0.2743295019158 0.8513409961689 0.0689655172413 0.0689655172413
0.22916666666663 0.0 0.94166666666665 0.05 0.46666666666672996 0.15 0.12083333333333 0.40000000000030006 0.38333333333343 0.42083333333338996 0.1750000000001 0.66250000000006 0.0 0.0
0.1395348837209 0.046511627907 0.27906976744190004 0.0 0.0 0.0232558139535 0.0232558139535 0.116279069768 0.0697674418605 0.0232558139535 0.20930232558189998 0.0232558139535 0.046511627907 0.0
1.3955695867891103 0.3017325153989 1.9096110079110402 0.4508756994198 0.43725578457086994 0.9324931374871701 0.0318894626123 1.2395525482346 0.78765351935637 1.05800619421794 0.9034533897077 5.438193904959 0.0591000154106 0.054613233923600006
0.0 0.0 0.0 0.0 0.0 0.0 0.0 0.0 0.0 0.0 0.0 0.0 0.0 0.0
0.0 0.0370370370369 0.111111111111 0.0 0.0493827160493 0.0493827160493 0.07407407407399999 0.08641975308629998 0.111111111111 0.0864197530864 0.07407407407399999 0.2098765432096 0.0617283950617 0.0493827160493
1.4696240145459702 0.38888825159099 1.9800865261443799 0.16956931523779 0.1849677239831 0.7951839491674998 0.19774474795408997 1.10246387225998 2.2897477741645904 1.0575259330467899 1.2266551526990799 7.053157568133489 0.0647773279352 0.0196078431372
0.71912521440764 0.05102915951974 0.41166380789038 0.0340909090909 0.02079759862774 0.38717838765004 0.40943396226414003 0.22298456260774 0.33833619211029997 0.05660377358482 0.12843053173238 0.5287307032592801 0.01886792452828 0.672727272727
1.9728514604815 0.6306215565408001 4.367960486189899 0.093927125506 0.9417960802390198 1.4588174607917799 0.6144049925416 2.0768823304404602 1.71189881497552 1.57990707037082 1.56702388656426 8.60255336972964 0.0574712643678 0.3238841012707
0.0 0.0 0.0 0.0 0.0 0.0 0.0 0.0 0.0 0.0 0.0 0.0 0.0 0.0
0.9208992576427 0.0955427502715 1.1041658971604 0.0215094959225 0.5425586309536 0.441376299101 0.0468841768434 0.7456686077107001 0.8781815938995 1.4294185451550998 0.6244042655776 8.905589747429099 0.100917431192 0.1428833011387
0.12505167424557 0.02490698635797 0.3349524596940299 0.00847457627118 0.08371227780068001 0.17755270773058 0.04082265398919001 0.21723852831738 0.13569656883004 0.1536792062835 0.18602728400198 0.47850351384895007 0.00423728813559 0.02914427449359
0.047619047619 0.047619047619 0.047619047619 0.0238095238095 0.047619047619 0.047619047619 0.0952380952381 0.1428571428571 0.0238095238095 0.095238095238 0.0238095238095 0.33333333333299997 0.0 0.0238095238095
0.9609501359774999 0.1896502348006 1.5336471236542 0.09866496284080001 0.24309402753409998 0.35730766602319997 0.0751464180063 0.29414154409540005 1.1862532502694 0.6240346825447001 0.3188582270161 2.0328026234299 0.0132158590308 0.0722332447791
1.1263461461093003 1.1605420439065002 1.1471646578594001 0.28042354879119996 0.3016279699017 0.9628620001749 0.17037140288 0.8829974494957 1.1360977066692999 0.6594566797913 0.32151700038279996 1.7487862589697 0.0560056083501 0.0458015267175
1.1439639835595998 0.0863672236901 1.8808848477747 0.0466321243523 2.0067149886810003 0.9596609238953 0.0397350993377 1.5138219661439998 1.0683845933294 1.5439783487255 1.4520549458899998 3.2323772257992003 0.0254237288135 0.0
1.7189891968330397 0.37219594154028 1.65026511390198 0.11988053323694 0.5388041286748799 0.67488409416848 0.18094379745814 0.8649294333599999 0.93603492722684 0.8058547741566001 0.9465452940522001 4.795228250728 0.24460955132229997 0.15083496333738
2.518655698743 0.7278986555835 4.3619119435181 0.26404796745570003 0.5962643766763001 0.9763184320834 0.2546798073858 1.3460704408098 1.6748634118112 2.7496063083182 1.2167262530962 9.012695123529 0.158236717955 0.14202486304239997
0.0 0.0 0.0 0.0 0.0 0.0 0.0 0.0 0.0 0.0 0.0 0.0 0.0 0.0
0.206896551724 0.051724137931 0.4913793103445 0.0258620689655 0.0 0.362068965517 0.103448275862 0.0775862068965 0.103448275862 0.051724137931 0.258620689655 1.060344827586 0.1293103448275 0.0775862068965
2.2696065823942 0.2996643638893 3.3521762244644 0.0338825047955 0.7005315802099001 0.8982018335476 0.1938012992862 1.6728319751119 2.4273932181684 1.6404437930795 1.7254402275256 7.706200779333799 0.0165289256198 0.0632966925833
1.591973244146 0.1404682274246 0.7491638795996001 0.0936454849497 0.1404682274246 0.3745819398 0.0 0.9832775919731 0.3745819397991 0.2341137123752 0.6086956521738001 1.6387959866227 0.0 0.0702341137123
4.71743344542825 0.68562563278592 5.04074469239688 0.29123027135519003 1.32583245032161 2.58276884948018 0.84529836877223 3.3309546754109 3.33996930895724 3.32289358041087 1.7834173915539502 10.88893942151782 0.03504340266839 0.8098485089323599
0.0 0.0 0.0 0.0769230769229 0.0 0.0769230769229 0.0769230769229 0.0 0.0 0.538461538463 0.0769230769229 0.0769230769229 0.0 0.0769230769229
0.78479693737731 0.024819415338829996 0.74897268693598 0.0 0.15834084549885002 0.22431131976103003 0.016776519896479998 0.66898860882435 0.43436318297265 0.72301766627171 0.25233852745925 2.8552630038516105 0.03286231078113 0.07514897502831
0.44240589533675995 0.17530370998566 0.75186275103732 0.047953285360299996 0.19721992843376002 0.7850032998664 0.1433417610132 0.38866535522212997 0.7322447491738301 0.46673351421463005 0.48374031693589 1.2317957334476302 0.02380952380946 0.1299201761629
0.42625745950492 0.12617220801341 0.5481670929237299 0.0565501562943 0.33049161693684004 0.32622904234110994 0.0957658425688 0.22620062517731 0.22421142369981 0.31315714691622 0.13924410343819998 1.13526570048241 0.0261437908497 0.02614379084961
1.3214536113168998 0.22597278695220002 2.2866816175297 0.108375008677 0.6907823268058 1.0721319413083 0.10533130409109999 1.1091222949942998 1.0464851388618 1.3494507506592 0.8675793703305998 4.4691051673722 0.1777043886838 0.16982429241910002
1.1225683706699001 0.3270600141641001 1.2378723747461 0.0444888592789 0.5998234455092999 0.7446257497769 0.11359149179690001 0.9760458201989 0.4109499139872 0.7050866034037 0.3064723020468 2.2503924967668 0.0116959064327 0.14932665122070002
1.3095219669205 0.20444564585169997 2.1250339857869003 0.095238095238 1.0500704147300999 0.6241079071958 0.1485724649785 1.6695941760297 1.8815090745235 1.1892998136098 0.7798034884428 1.9032717166901998 0.0 0.01953125
3.4270245045246 0.5924638162458 3.3358247988768004 0.13908215912850003 0.9044140049409 1.4815634228550998 0.5160328162873999 2.1001750579652 1.6833128468273 1.6497287970743 1.4158671369563 9.3521455155965 0.2384813463562 0.1638837763628
3.068985925604 0.86461271619 5.1013141870379 0.28649749997789997 1.5383838847532 1.8318601037842999 0.143456519565 2.1636574165698 3.0725646170346 2.8518625234864 1.8822787423810001 8.6959783307559 0.23966728400880002 0.25888024885629995
0.0 0.0 0.0 0.0 0.0 0.0 0.0 0.0 0.0 0.0 0.0 0.0 0.0 0.0
0.43119455333150003 0.2149783371155 0.8751805240349 0.0152671755725 0.0763358778625 0.49102537652159994 0.2925520940786 0.7402517020830001 0.2302455126881 1.7755312564515 0.198473282443 0.21374045801519997 0.2302455126881 0.2149783371156
1.5333251941019 0.41161951990808 2.39546998513136 0.038988408851379996 0.6441502645364799 0.9152231961553 0.26513210300416 1.1874741141538 1.7323289699175002 1.45842206606418 1.01569325014898 4.28084781125376 0.05655296934489999 0.0647721474269
0.8348910348913001 0.2397898397896 1.2586302586286 0.1152033152032 0.0592592592592 0.2007770007769 0.11368631368620001 0.6499870499878001 0.5327709327702 0.35619195619160005 0.4401080401076 1.8714026714015999 0.22737262737299999 0.0999296999296
3.33267047656897 0.7188145334323501 5.111622441258748 0.17365833344482998 1.12266893466321 2.55796829885083 0.43212299435025003 3.7220847353093798 2.88284930599403 2.98594748314643 2.4395027827243303 6.9970471194410795 0.18659187256352 0.33645068826162
0.0 0.0 0.0 0.0 0.0 0.0 0.0 0.0 0.0 0.0 0.0 0.0 0.0 0.0
1.6317944661714998 0.39266596069580006 2.2885637817399003 0.23662834224080004 0.7227374283433999 0.7744466392002999 0.18017672933759998 1.4542979321061997 1.4156576842958 1.9977625947965003 0.8783042059682 4.7198796574572 0.1901263520633 0.116958225594
1.2279316271965999 0.6601141505554 1.7381530234461 0.036057692307599996 0.6110892783692 0.8117827025916999 0.3492114503147 1.3558808838219 1.2157728301113 1.2245695480982 0.9124867779278 2.0948893018754 0.27386326908409997 0.48819746430020006
0.6942857142864 0.34181818181830004 1.6240692640696 0.047619047619 0.1780952380955 0.7375757575761 0.7450216450218999 0.41757575757550003 0.5004329004332 0.48666666666689995 0.8754978354986 1.0095238095238002 0.0533333333333 0.2884848484846
1.3880448519565998 0.43171149386894003 2.8731714410808395 0.23029821849439996 0.79946254547647 0.9192113923081 0.07510514177173999 1.2540081415192699 1.4682476738246402 0.8655367445404701 0.94484725250147 3.53862532825414 0.034188034188 0.1775417402158
1.0268544600936 0.058779342723000005 0.9282629107978999 0.09389671361509999 0.2950234741783 0.2405633802817 0.0908920187793 0.41990610328660005 0.5477934272305001 0.5415962441315001 0.4169014084508 1.312863849766 0.0 0.0266666666666
0.9096126965517 0.17468353810586 1.73215471040802 0.0431654676259 0.6003419447880001 0.29019118782816 0.04163427878386 1.30604584460386 1.2460077352048602 0.86561518619766 0.8700386221818 2.7266274499598597 0.025 0.1688813377609
1.9619984530062 0.1681182845217 1.6970158492449003 0.06666666666660001 0.4460815627594 0.5470995869071 0.0 1.3813723072475002 0.8170563364793 1.1011309288597002 1.2044151684511 3.4763445812177 0.1104780524134 0.0222222222222
3.00213732255985 0.5824577954290598 4.611760466196061 0.22170950081072 1.19600114348185 1.6145787352632501 0.42386042781584005 2.18962897448833 3.23894358727462 2.79256583604793 1.88184708021448 5.94419432971791 0.13228215078410002 0.16803264992032
0.0533333333333 0.0266666666667 0.1066666666668 0.0266666666667 0.0266666666667 0.4000000000004 0.0266666666667 0.18666666666639997 0.1333333333334 0.1599999999997 0.1066666666667 0.42666666666639996 0.0533333333333 0.266666666666
0.3035168195717 0.33180428134559997 0.8822629969404001 0.0550458715596 0.330275229357 0.4686544342501 0.550458715596 0.4954128440358 0.6337920489299 0.3035168195713 0.662079510703 1.3761467889914 0.2201834862382 0.3868501529056
2.0701477283741 0.4432659959884 2.651228003490101 0.16958841463399998 1.0801330909928 0.47590442437110003 0.051946529080600004 1.4221256954780002 2.0220066151271996 1.4211714352722 1.4121276969977998 5.6457389855689994 0.0673076923076 0.0673076923076
0.8156185919348 0.135850991114 0.8151059466851999 0.0566473000683 0.306305536569 0.5334073820911001 0.0225563909774 0.8719241285047 0.7589712918663 0.5552802460694 0.28272385509239994 1.334415584416 0.363636363637 0.1475563909773
3.5713797151042996 0.9475591087238 7.530441127854499 0.1502466288967 2.1297262618908 2.1709379627059997 0.5215251484218 3.9132499566991004 2.7954983819109 2.4934415960586005 2.0653022006638997 6.8376980754777 0.2136873975166 0.6593064380822
0.125 0.0 0.0 0.0 0.0 0.0 0.0 0.125 0.125 0.125 0.25 0.25 0.0 0.0
0.76220799324453 0.11024134534180999 0.7815050661413301 0.02467984801571 0.42244230227943 0.2603785533351 0.05264916971572 0.5034653813680301 0.7165423585692301 0.43925907683664 0.42490500985082996 1.43426329861936 0.00328947368421 0.0641711229946
1.30464135021 0.6155414908583 2.0875527426133997 0.1776371308013 0.2715189873417 0.976652601969 0.6327707454285 1.7410689170189002 1.2758087201108 0.7594233473976 1.0142756680726 1.8005625879053 0.1425457102671 0.19999999999989998
0.0 0.0 0.0 0.0 0.0 0.0 0.0 0.0 0.0 0.0 0.0 0.0 0.0 0.0
1.44541086277055 0.21641306402949997 2.49808143692725 0.16000909854287 0.7301210556392899 0.88953749553737 0.05903691467379 1.48183730874626 1.60947854208876 1.22757385748525 1.3792049561475699 3.0405008990441296 0.034841385319770005 0.22795312304710003
1.5789321298171 1.0549619996517798 1.88893849513142 0.16360335829342 0.1724949092206 0.906419097128 0.1555863016039 0.8775905510417399 0.6706884560861399 0.5868740404134001 0.68184426193312 1.1752947642326401 0.0 0.08677163544422
1.4757507693321998 0.23451801869720001 1.8992585106743 0.1692637263297 0.7332624147862999 0.749774339873 0.0465486725663 1.7039043241458003 1.3984881444824 1.8741937481256998 0.893182575312 2.7167184574041996 0.1051362982672 0.0
1.6581323501635001 0.2363330347716 2.0511620862455 0.0365149833518 0.6418857836178999 0.39598699022320005 0.0718091009988 1.1585435931284 0.8744937376583999 1.0032705146684 1.1829620076774003 3.4569272383087 0.1769483427889 0.05503023639350001
2.85651457026758 0.5616126901152 3.9322726202654996 0.1234826786939 1.0849287183567 1.4223001711976897 0.4261754171692 2.35450295988828 2.53276227309648 2.93904403884339 2.28833931856129 5.95782564079999 0.14434620753830002 0.37589269522179
0.2987622705929 0.7976952624831 0.2663252240714 0.0281690140845 0.0563380281689 0.1732821169438 0.3755868544607 0.4946649594533 0.25117370892040003 0.2057191634654 0.666666666668 0.7264191207847001 0.0887750746905 0.5704225352112
0.4505446623095 0.6730936819169 0.6350036310817 0.0 0.1268336964415 0.9450617283953999 0.5309731299922 0.4813362381984 0.5038852578068 0.12312999273769999 0.35308641975300004 0.8459331880897 0.17465504720390002 0.1564633260711
1.4730164301303 0.13622331842688998 1.64118779556998 0.00917431192659 0.59718700536419 0.40102783756239 0.13036704931378001 1.48982839515419 1.84235989621499 1.5285168600117898 1.14661579667117 3.33753489805608 0.01834862385318 0.24861178174777995
0.5285024154598 0.2812801932368 0.43115942029019994 0.0 0.0521739130434 0.4376207729468 0.1180555555556 0.42753623188440004 0.284963768116 0.159842995169 0.2501811594202 0.6014492753624 0.2152777777778 0.21195652173899998
1.38724948718593 0.3892605093514 2.4540972843549205 0.15381645237478 0.81627612703485 1.00817324078653 0.2653652120798 1.5141883005000798 1.22428483188181 0.8932272782424301 1.26261417072979 2.35155353372988 0.09599180972587999 0.18390176201896002
0.0 0.0 0.0 0.0 0.0 0.0 0.0 0.0 0.0 0.0 0.0 0.0 0.0 0.0
0.5015247145585 0.08034891142469999 0.8417133536635 0.029501453797599997 0.2560811289983 0.2197007304445 0.1349549677328 0.6866888873136 0.6327210836120001 0.9069569534073001 0.4469186582511 1.14048649032 0.0420537550528 0.0803489114247
1.1293516703103 0.38305956077549996 1.3961556141354001 0.0149253731343 0.2311228270971 0.6963751325085 0.1657738960757 0.9227557998817 0.448732140679 0.6155942474931 0.6556282071729 1.0917943281695999 0.0666200737356 0.1821111288309
0.2116461366183 0.1478163493844 0.6763717805150999 0.0 0.0 0.2956326987686 0.4008958566627 0.1265397536397 0.25531914893630003 0.0425531914894 0.2318029115337 0.35834266517339997 0.0212765957447 0.2318029115337
1.2799764928733 0.25348537743561 2.8054494911340497 0.2436368585812 0.69328450947282 0.70488171646651 0.5456680162411001 2.2887450172367196 0.88285129764161 1.3193396579719099 1.2028042512846 2.47446443334852 0.0849093774625 0.22050350285001
1.31878620412942 0.44862135566660005 1.8255113105915401 0.11428345460290001 0.45004255205399996 0.24206329151892003 0.1359538120845 0.7772745004978299 0.74894490488081 0.80743706482024 0.58356630064972 1.44268663982732 0.03244101633391 0.07238759234161
0.4895890444329599 0.07546309127859 0.7019502804930701 0.048985456322499996 0.23649747802899 0.14979200870159998 0.00781249999999 0.42079083770520004 0.31442375701229003 0.35654273644069 0.34970317428599 0.82272362519666 0.025726010101 0.0
0.5516749915962201 0.17647726666473998 0.60389121650012 0.02222628181702 0.29051876145902 0.26115623013736 0.1503912130669 0.5242728599109001 0.7838961099183002 0.1920895655438 0.40431784260864 0.9795942982123 0.0248447204968 0.03464864206542
3.2659633408004995 0.9326739612887001 5.022320591814401 0.41524122528990004 1.3982055547783 0.8430635170762 0.24406883410159996 2.3521797806215 2.4433456861693 2.931484591166 2.229136217581 4.620304299954601 0.048671402262499996 0.25334099709290003
0.1578947368421 1.2312030075183 0.3552631578946 0.0 0.0 0.10526315789480001 0.5526315789473 0.3972431077696 0.2543859649125 1.0708020050122 0.1578947368421 0.23057644110249997 0.1842105263161 0.3026315789473
0.139037433155 0.235294117648 0.6345811051697999 0.0 0.030303030303 0.26292335115910004 0.217468805704 0.3199643493765 0.389483065954 0.0998217468805 0.23262032085600004 0.1604278074865 0.0695187165775 0.2085561497327
1.0230002255947401 0.11981834630409999 1.02536468453066 0.0162601626016 0.5571481740476 0.56956197541452 0.07634008543474 1.18146080089522 1.12734611433384 0.56935424256866 0.9331838216762199 1.76864104139144 0.0 0.0325203252032
0.0 0.0 0.0 0.0 0.0 0.0 0.0 0.0 0.0 0.0 0.0 0.0 0.0 0.0
1.5392948613626403 0.51791105175151 2.77914051994165 0.01468125196271 0.6792180425361101 1.19391915280007 0.26803377090761 1.4346959879447703 1.20644374005064 0.88082049768033 0.88413516481969 2.28058002112651 0.10282914667991999 0.21829679043519998
0.0 0.0 0.0 0.0 0.0 0.0 0.0 0.0 0.0 0.0 0.0 0.0 0.0 0.0
0.327849326286 0.039603960396 0.38799970222599994 0.0 0.21454626665669999 0.338122534058 0.0649147621529 0.4140549393289 0.5027916325467 0.6128191766548999 0.37847092980069996 0.7188267698947 0.0 0.0
1.1808901505181002 0.45648567670249995 1.6224210936794001 0.0192926045016 0.37172855938 2.0753272039626998 0.38883196721339996 1.7866426507455 1.3718784891772002 0.8808389958848001 1.0400974154338 1.9947860011214 0.2907228017883 0.5200563898969001
0.0 0.0 0.0 0.0 0.0 0.0 0.0 0.0 0.0 0.0 0.0 0.0 0.0 0.0
1.14040093369103 0.33033952205128997 1.8270775701874902 0.0454874692162 0.39574635923862994 0.49685329484196 0.0212765957446 0.8167812308793599 0.6052144141699299 0.5622601320291299 0.6860142819921999 1.05350653673719 0.01904165921683 0.0
1.50237205564337 0.75346864789744 1.80786120257187 0.2188208616786 0.46863997379804 0.6191921910600401 0.14444755023597 1.27200028488031 1.03438751050067 0.8863606793403 0.9867442330943001 1.22106139654807 0.00847457627117 0.0761688364857
1.3579517053635 0.0909394328391 1.8358524597847001 0.0 0.23097853915730002 0.49744079870259994 0.1533333333331 0.9673799322500001 0.8020831140251999 1.2085825904635 0.8352658808886 1.9624686359551 0.0243902439024 0.0333333333333
1.26272141127424 0.20878972457620998 1.50043541356801 0.0 0.6858929578017401 0.5526529355624 0.07820450120537001 0.90152619225284 1.0791046485853701 0.75043035630534 1.0989105558649 1.77029853786977 0.07173671884617 0.0392960462873
1.39528659096269 0.4169372986206 2.3557027213529302 0.12182592579513002 0.8240726445176 0.89274460690886 0.01863354037266 1.62770485004083 1.4687038534788601 1.51728445933649 1.06179411534703 3.07520992441936 0.1189854323235 0.105114036525
0.0 0.0 0.0 0.0 0.0 0.0 0.0 0.0 0.0 0.0 0.0 0.0 0.0 0.0
0.1785714285716 0.142857142857 0.2499999999998 0.0 0.0 0.3571428571425 0.2500000000006 0.17857142857129998 0.2857142857146 0.0357142857143 0.0357142857143 0.0 0.107142857143 0.1785714285715
0.41379495437457003 0.0308641975308 0.76806226516334 0.0 0.14755770263007 0.10772946859897 0.00617283950617 0.41519055287157003 0.35485775630697 0.31025228126665 0.46537842190124 0.9554482018252399 0.0 0.024691358024670002
0.4728234728235 0.31111111111129996 1.0565656565651 0.0285714285714 0.0454545454545 0.31106301106269996 0.074074074074 0.7825877825876 0.6240500240492001 0.54353054353 0.4207792207793 1.0955266955275 0.1396825396824 0.0941798941798
1.63602622441373 0.44726550731323 3.37076068055109 0.1323079614232 0.90989229372763 0.86136845280953 0.15161376882753003 1.82221622254206 1.99508552813413 1.27735812186813 1.5760559008112998 2.37516629163235 0.13337050414933 0.31151254179810006
0.0 0.0 0.0 0.0 0.0 0.0 0.0 0.0 0.0 0.0 0.0 0.0 0.0 0.0
0.5959935897443001 0.1093177655678 0.6425366300366 0.0 0.2970924908423 0.0466346153846 0.0411858974359 0.3981913919413 0.5657051282050001 0.6665293040291 0.5130494505494 1.0540064102574 0.0543727106227 0.0153846153846
0.506379585327 0.151515151515 1.4210526315800003 0.0151515151515 0.3365231259971 0.5127591706553 0.1132376395533 0.6236044657096 0.6012759170655 0.3357256778308 0.35964912280719996 1.0231259968101 0.0 0.0
0.5514705882362 0.2352941176468 0.6862745098040002 0.0 0.1004901960785 0.47794117647050005 0.1421568627451 0.47549019607840004 0.3602941176468 0.2181372549025 0.3088235294118 0.32598039215700003 0.0 0.1176470588236
1.2947693709288999 0.9624400617787999 2.0616531494016 0.1158091356766 0.7665077747857001 0.8726088726076999 0.0869963369962 1.4958066828923 1.2253832137928 0.980467349672 1.0815260898038002 2.0203176759475 0.0 0.0357142857142
1.0730892529518001 0.3056881507362 1.5372714959428 0.0383333333333 0.3529329004329 0.7367662152955 0.1864968442772 1.0537785162829 1.4722488218805 0.5094178096045 0.7525425644378001 0.8743853024937001 0.012987012987 0.0940617793421
0.9653623188406 0.2892753623189 1.2608695652174 0.0 0.5115942028985 0.3578260869565 0.04927536231890001 1.2213043478258 0.5901449275366 0.5534782608694 0.9131884057974999 1.2210144927543998 0.0 0.0666666666667
0.4212809859549 0.21230065469179998 1.0827185104368 0.054054054054 0.38681663029460006 0.3341782776566 0.1839012925968 0.3919499468411 0.5438209949078 0.37305900621129995 0.7146039673221 0.9599015164235001 0.0 0.3414141626096
0.9866683575488799 0.46410256410248 2.26358859620596 0.2155440414508 0.60978815657528 0.80303531528948 0.1033612328949 1.00836292377714 0.9440310035385601 1.22992264212506 0.71163381523468 1.4553492880173 0.0866321243523 0.11797993888668
0.133333333333 0.0 0.3999999999996 0.0 0.0333333333333 0.1333333333332 0.5 0.1333333333332 0.0666666666666 0.0 0.16666666666660002 0.2 0.2 0.0333333333333
0.0 0.12244897959180001 0.367346938776 0.0 0.0 0.4897959183678 0.204081632653 0.1632653061224 0.1632653061224 0.0 0.12244897959180001 0.0816326530612 0.12244897959180001 0.1632653061224
0.9485680985682 0.1042457542457 0.657953157953 0.0357142857143 0.35694305694289996 0.3674103674102 0.0497002997003 0.8217060717063999 1.0382783882787 0.6948828948826999 0.6512432012435 1.1574814074823 0.0357142857143 0.08015873015870001
0.0579710144927 0.07246376811579999 0.1449275362318 0.0289855072464 0.0144927536232 0.0289855072463 0.0289855072464 0.159420289855 0.231884057971 0.1014492753623 0.0 0.1159420289854 0.0 0.0144927536232
0.860701178643 0.45314204149860005 2.3199413986008004 0.0281690140845 0.46977738246729994 0.9309486136884 0.1658931588701 1.0818486118914001 1.4522663030816 0.7774563144791999 0.6686565553389 1.383391830423 0.1791743612358 0.2286332356948
0.0 0.0 0.0 0.0 0.0 0.0 0.0 0.0 0.0 0.0 0.0 0.0 0.0 0.0
0.09383490073150001 0.029676071055400002 0.6176071055381 0.0833333333333 0.4817136886109 0.066039707419 0.0344827586207 0.2413270637409 0.1368861024035 0.3830721003137 0.2747648902822 0.53908045977 0.0 0.0181818181818
1.2423816493596 0.31371444333119997 1.4028775601978 0.0976621417798 0.7859264538466 1.0600361790526 0.1375291375291 1.1414733237586001 1.1347317752916 0.904865540296 1.1122676912698999 2.2833009443818 0.2269301605825 0.1563029993261
0.0491803278687 0.0327868852458 0.1967213114752 0.0 0.0655737704917 0.0327868852458 0.0327868852458 0.1147540983605 0.0491803278687 0.0983606557375 0.1311475409835 0.19672131147549998 0.0 0.0
0.5667773935213201 0.1255863539448 0.9226939128397599 0.03125 0.13306561703661998 0.22961249934976 0.04404805242076 0.78631169067628 0.33809447969186 0.30069263872252 0.48603379010858 0.9869646757494999 0.0 0.04886889593839999
0.40558932946181003 0.18337718900361 0.40767625442290994 0.0388349514563 0.02876327012061 0.19916523001520997 0.018691588785 0.30632428999161 0.34588512839131 0.19054532256600998 0.19199709645191998 0.63569549042722 0.0 0.0474548589056
1.5257826364185 0.2365721997301 2.3836589356907 0.0769230769231 0.9223332744372 0.4235117424267 0.2205128205127 1.5331735410639 0.9829288591500001 1.6862750219585 1.0101857329071 1.8261426811809 0.016129032258 0.15587044534400002
0.5116995090865999 0.066878357631 0.5656779485826 0.0 0.183176081126 0.2505119999563 0.0240963855422 0.39395467939 0.2720173762998 0.2656087631233 0.478520809387 0.9424851085872001 0.0453729812868 0.0
0.7560222211580001 0.0492872308158 0.7768944654622 0.0238095238095 0.3249525086605 0.48744472646639997 0.1115208403172 0.5555369315006 0.6499209807969 0.931843941064 0.8629375987737999 1.3758440687692 0.0238095238095 0.0701754385965
0.076923076923 0.24358974359 0.23076923076949998 0.0 0.24358974359 0.2820512820516 0.0 0.4743589743594 0.1923076923075 0.0384615384615 0.23076923076960001 0.5384615384618001 0.2435897435901 0.2051282051285
0.0 0.0294117647059 0.23529411764750002 0.0 0.0 0.2058823529416 0.1470588235294 0.0588235294118 0.0294117647059 0.0 0.0294117647059 0.1470588235294 0.0588235294117 0.0588235294118
0.22120285423010003 0.0666666666666 1.1026503567805996 0.0 0.110091743119 0.33567787971499996 0.0 0.3801223241588 0.5902140672775 0.312945973496 0.1651376146787 0.6413863404678999 0.0739041794087 0.0
0.0 0.571428571428 0.0 0.0 0.0 0.0 0.0 0.142857142857 0.0 0.0 0.0 0.142857142857 0.0 0.142857142857
1.4056278336291 0.30205723706599996 2.9551282786474005 0.0224719101123 0.6326514106174 0.5051141217019001 0.1501327288257 0.951667353606 1.3019188335137 1.1817194416065 0.7682709412282 1.6416451923125999 0.0224719101123 0.1591228070174
0.363636363636 0.0 0.166666666667 0.166666666667 0.0 0.545454545455 0.0 0.166666666667 0.166666666667 0.090909090909 0.0 0.333333333333 0.0 0.0
0.08830104321900001 0.0163934426229 0.3029061102831 0.0 0.162816691505 0.137481371088 0.0227272727273 0.1438152011922 0.2649031296573 0.3092399403874 0.2093889716842 0.3029061102831 0.0227272727273 0.0163934426229
0.34065489826180007 0.0662983425414 0.5974935992454 0.0243902439024 0.1371782778601 0.2347392534701 0.0220994475138 0.4225845573376 0.2366257916724 0.2145263441586 0.1790863764991 0.4911736962675 0.0 0.0331491712707
0.0666666666666 0.0 0.2666666666666 0.0 0.0333333333333 0.0333333333333 0.0666666666667 0.1 0.0333333333333 0.1333333333333 0.0 0.2666666666665 0.0 0.0
0.5156222610523199 0.23135271807854 1.53394024104538 0.00884955752212 0.7211259883291201 0.87901449035002 0.21253619346672 0.97098937073662 0.9681860947510199 0.7395536561473999 0.35449673006204 1.7435238632466201 0.0161290322581 0.1046798029556
0.4499999999998 0.0 0.7499999999993 0.0 0.44999999999970003 0.0 0.0999999999999 0.1999999999997 0.0 0.4499999999998 0.4000000000009 1.0500000000008 0.0499999999999 0.0999999999999
0.142857142857 0.0 0.2142857142856 0.0 0.2142857142856 0.142857142857 0.0 0.0 0.0 0.0714285714286 0.0 0.2142857142856 0.0 0.0
0.7052297666092999 0.2295552367286 1.5430746749742998 0.0601045296167 0.4690093017393 0.5849808673912 0.0509171410499 0.6702854233741 0.9750765294315 0.5367548936459 0.7150392679788 1.3726915900480001 0.0215053763441 0.0657754010694
0.9255754428163799 0.567384194539 1.40581048555076 0.206896551724 0.37723781473752005 0.25262630004006004 0.14650708400698 1.10169337108924 1.10904870387558 0.6773560695972001 0.62337071819798 1.56985085217954 0.027027027027 0.00961538461538
0.0 0.0 0.0 0.0 0.0 0.0 0.0 0.0 0.0 0.0 0.0 0.0 0.0 0.0
0.142857142857 0.1428571428572 0.5571428571426 0.0 0.0 0.2857142857144 0.142857142857 0.0 0.2857142857142 0.142857142857 0.0714285714286 0.142857142857 0.2714285714286 0.8142857142855999
