0.7203751065645 0.0579710144927 0.8984086388163 0.0 0.0882352941176 0.3692810457519 0.0294117647059 1.1612674055119 0.5285592497872 1.187411196364 1.0036942313163 0.6679454390434 0.22946859903349998 0.0579710144927
0.40023592854760004 0.1452645770137 0.47573306370099994 0.0289855072464 0.0232558139534 0.2146949780922 0.0289855072464 0.41186383552409994 0.5394337714867 0.07549713515340001 0.09285473542300002 0.5225817323897 0.0 0.040613414223100004
1.0841989353177999 0.48678279822549997 3.3983670326051003 0.17572461896150002 0.3610466517925 1.7030948394807002 0.616027559285 1.4036750175947 1.4012129979077 0.7488430960327 0.37534873701059995 1.7636483249144002 0.0448060075094 0.4372233833606
0.0 0.0 0.4 0.0 0.0 0.2 0.0 0.0 0.0 0.0 0.4 0.0 0.0 0.0
0.6193986065274999 0.0 1.0178217821778999 0.0 0.5495782911623 0.3163916391636 0.053135313531299994 0.5682434910164 0.3123945727904 0.6215254858813 0.3225155848917 1.5103043637685 0.0901723505683 0.0185185185185
0.33491307852069996 0.2280104497543 1.179895739581 0.0 0.1814583067295 1.3412869230087998 0.34240167370089997 0.8476033935748 0.6662310541463 0.4049408473892 0.2990121621102 0.7895079996311 0.1308238314581 0.2539145403939
0.0 0.0 0.0 0.0 0.0 0.0 0.0 0.0 0.0 0.0 0.0 0.0 0.0 0.0
0.19797979797970003 0.06666666666660001 0.8303030303028 0.08811188811180001 0.0585858585858 0.44817404817420003 0.0671328671328 0.43706293706300003 0.35019425019420003 0.35477855477910003 0.1286713286713 0.9359751359758 0.0 0.0363636363636
0.8029920738075 0.781609195403 1.2306751280666999 0.2082982898796 0.18951499859809998 0.5608481790142 0.11529933481150001 0.8311032953602 0.094757499299 0.3086627418 0.189514998598 1.1586767591823 0.0459770114942 0.48207049468640006
0.3729549671107 0.0247933884297 1.1258222297185 0.0247933884297 0.6020408163264 0.3117304773148 0.0699949401247 0.4785798616968 0.2737814133916 0.6082391634349 0.3737561140162 1.685992578852 0.0227272727273 0.0247933884297
0.7746574580514 0.241863354037 1.3915759710778 0.0326086956521 0.35505515898789997 0.665006025772 0.0298507462687 1.0223342912774998 0.5333911189391001 0.5911041067953 1.0040965977568002 1.1947177157699 0.0 0.163738759618
1.0537838659149 0.5041159054783 2.6991095803931 0.0273972602739 0.680117642241 1.228804205914 0.0523809523809 0.7286344878655001 0.5231935607318 0.8845462925076999 1.039937571559 2.4315337954193 0.1190476190477 0.0273972602739
0.1 0.15 0.15000000000000002 0.0 0.05 0.0 0.05 0.05 0.0 0.0 0.2 0.05 0.1 0.1
0.115384615385 0.0384615384615 0.1538461538461 0.0 0.0 0.11538461538460001 0.0769230769231 0.0 0.1923076923077 0.0384615384615 0.0384615384615 0.11538461538460001 0.0384615384615 0.076923076923
0.30149294515127 0.0705882352942 0.60775536566008 0.0117647058823 0.11498906995218 0.17794366057219002 0.04687499999999 0.33660820747208997 0.15275735294119 0.27263016693148 0.21775884340218998 0.6732114467406 0.015625 0.0
0.5837006308873001 0.2422501878032 1.0038225537301002 0.0646443695444 0.0591133004925 0.46047479441260003 0.33724895793840004 0.5245873303941 0.5827499783949 0.3311860553233 0.36574194105860003 3.3380001728535 0.0 0.10647972716930001
1.94806444866707 0.24484170488367 4.003587256381341 0.0 0.9694051617786401 1.82873251607927 0.40175807510847 1.9009944422849 1.1913528768430002 1.16899248882981 1.3801694518583703 5.3987228794021 0.06703408380237 0.49634461408797004
0.0 0.0 0.0 0.0 0.0 0.0 0.0 0.0 0.0 0.0 0.0 0.0 0.0 0.0
0.21065724011515002 0.0 0.5301125949207 0.0149253731343 0.10709609845490001 0.11324954176555 0.023697302958850003 0.22820109976445002 0.10971458496975 0.1843414506414 0.18957842367105 1.2559570568205998 0.023697302958850003 0.00877192982455
0.2953007518799 0.1611528822053 0.9706140350889 0.0105263157895 0.0448621553884 0.7800751879698999 0.1478696741854 0.16710526315770002 0.4743107769421 0.12499999999980001 0.334210526316 0.40200501253100007 0.034335839599 0.052631578947400004
0.1071428571428 0.142857142857 0.42857142857229996 0.0 0.0357142857143 0.3214285714289 0.0714285714285 0.0714285714286 0.39285714285679996 0.0 0.0357142857143 0.17857142857140001 0.1071428571428 0.1071428571428
0.5572836934209 0.1417408965857 0.8512589082772 0.0495867768594 0.11144244696240001 0.719013761278 0.0 0.6891605537505001 0.4453960043638 0.14654511374270002 0.30170098970189996 0.7248926059577999 0.09828856634779999 0.1636896827511
0.31787827722719997 0.149682564565 0.8541002414894 0.052680565897199993 0.24733848833689998 0.6016202180297 0.0723731846112 1.0683832820055998 0.2428908786974 0.2926966201032 0.4525074561514 0.52284345933 0.0210526315789 0.10395213197959999
0.5225299710619 0.0487804878048 0.6781727986762001 0.0 0.3974782968164 0.2521703183128 0.0254237288135 0.5562215791658 0.1717651922279 0.8042579578353001 0.4301364200074 1.014468788757 0.0731707317072 0.0254237288135
0.6464562812398 0.1844375431332 1.0218154631205 0.0555555555555 0.376254261037 0.2167095384485 0.0759719346676 0.5534119664549999 0.1704383378296 0.131503440199 0.3074210008996 1.2127914758346 0.047233201581 0.0
0.7076087026311999 0.3828929690994 1.6484015428397 0.1368010311281 0.6021302730142999 0.7630731677182 0.0331143951833 0.7489088405105999 0.9247756445766 0.8531381268591001 0.6084802016669 3.4196296751083004 0.103448275862 0.0675971538039
0.0 0.0 0.0 0.0 0.0 0.0 0.0 0.0 0.0 0.0 0.0 0.0 0.0 0.0
0.0 0.0 0.0 0.0 0.0 0.0 0.0 0.0 0.0 0.0 0.0 0.0 0.0 0.0
0.5118881935092 0.1321520594621 0.83125183624282 0.0 0.09708420502080001 0.180322138163 0.0664724576271 0.46705348067191 0.57067951107792 0.31720822104812996 0.40622419762482004 1.36198494449983 0.0 0.0576787550528
0.6825396825396001 0.1031746031746 0.5019841269839 0.0238095238095 0.047619047619 0.22619047619030003 0.0277777777778 0.2837301587302 0.3730158730161 0.2876984126987 0.2261904761904 1.1785714285717 0.0 0.037698412698400005
1.6996204721987 0.29859949574797 2.7905380282527803 0.158348540146 0.99838844819643 2.19501534851772 0.32799358953682994 2.12630063563604 2.3058954897012 1.33326813652226 1.11406014184027 4.14113102677299 0.06184573151489001 0.44899491541536
0.0 0.0 0.0 0.0 0.0 0.0 0.0 0.0 0.0 0.0 0.0 0.0 0.0 0.0
0.5054912478817 0.0227272727273 1.3911349520037997 0.1072557876903 0.4336674195378 0.3043054771309 0.07635516657250001 0.5286137775263 0.4911067193680001 0.7314793901751999 0.41452569169930004 2.9445228684389 0.0357707509881 0.0130434782608
0.8493695244855001 0.20344862510740003 1.315452980199 0.0949764521192 0.32103610674999994 0.7850686180194 0.33389882007439997 0.9804527269979 0.43625614017270004 0.6438699549291 0.5934825543125 0.9953663847689 0.1711905605915 0.27613055147590004
0.1142857142857 0.0 0.49523809523859996 0.0380952380952 0.0 0.4190476190471 0.0190476190476 0.1142857142857 0.1714285714285 0.0571428571428 0.0761904761904 0.40000000000009994 0.0380952380952 0.0571428571428
1.1695511573526 0.2513231747384 1.2851011794668998 0.1283478891626 0.3666997173032 1.193356991396 0.1160246108685 0.9622126699589999 1.0335678089697 0.8586612266197 0.9398105201668001 3.4822856087978 0.0408163265306 0.1722411186696
0.7286554397223001 0.4565891472875 1.3955092221336 0.1444444444443 0.2988060233455 0.316127595117 0.06781609195400001 0.5699991089718 0.5725652677540001 0.21536131159239996 0.273598859485 1.7248953042853001 0.1011494252873 0.1344827586206
0.1033555802742 0.0 0.1979977753059 0.0 0.049499443826420006 0.0967741935484 0.00862068965516 0.12059695958472 0.40044493882135995 0.16147571375618 0.24953652206172 0.6116981831660799 0.0 0.0
0.4832261565596 0.3521014787683 0.7722317188989999 0.0 0.0853127119793 0.28508207841530003 0.030989010989 0.35594627594649997 0.20346764346760002 0.2587735721068 0.2897625830958 0.8177940577942 0.032967032967 0.0323456790123
1.0931341598706301 0.0787704632531 2.06058398760893 0.11616161616140001 0.4652962193378 0.78824113244833 0.1076675849401 0.7654255062412301 0.5603851461623599 1.26026111619803 0.8861035561827298 5.596838242726731 0.160506209491 0.06062505937106
0.0 0.0 0.0 0.0 0.0 0.0 0.0 0.0 0.0 0.0 0.0 0.0 0.0 0.0
0.0714285714286 0.14550264550269998 0.32936507936459997 0.0 0.134479717813 0.3487654320993 0.2195767195768 0.3156966490297 0.222222222223 0.20855379188690001 0.21957671957660002 0.4197530864204 0.1234567901235 0.2416225749559
1.8365242968678 0.5535133329476 2.8372081075351003 0.3000951373054 0.2028726512883 1.2093648677985998 0.2461788475795 1.2364944378176 2.644095258657 1.6604433040958002 1.9246734650146 8.2348909085418 0.0485829959514 0.0650623885917
1.7637221269290002 0.5471035713784 1.3800464376852999 0.0681818181818 0.0463121783877 0.7785982233751 0.0723653934652 0.6095678366747 0.8150755135339001 0.23907040957200001 0.3040308747857 2.4702931291717998 0.1792836324589 0.7263488543969999
1.79465942648262 0.94006602652197 4.4546349511949 0.2356275303646 0.7190058919869601 1.15659431828722 0.2839134227068 1.6635739301502 2.30173875560512 2.13810859536715 1.29547775893624 11.739819240525538 0.10220306513406 0.17457708674449
0.0 0.0 0.0 0.0 0.0 0.0 0.0 0.0 0.0 0.0 0.0 0.0 0.0 0.0
1.1588862281874999 0.0915747971793 1.3137748143510002 0.0363964752886 0.5480732940699999 0.4851071357386 0.0473904854486 0.8617821594256999 0.8881435713783 1.4805528689119 0.6656313433972999 9.140464384584899 0.0825688073393 0.1996536347012
0.4239355105414 0.0869160810252 1.1999793303012998 0.0254237288136 0.27552707730430004 0.6424142207524 0.1590533278213 0.7248863166584001 0.5046506821002 0.5342083505576 0.6678379495666 1.6428276147171998 0.0127118644068 0.09962794543190001
0.1739130434782 0.1739130434782 0.39130434782589996 0.19565217391349998 0.0217391304348 0.1739130434782 0.1521739130434 0.0652173913043 0.47826086956610003 0.0869565217391 0.0434782608695 0.9565217391306 0.0217391304348 0.0652173913043
1.61733394291715 0.32176370457575 2.7178880201096702 0.3047950851912 0.5997454227795099 0.74875362060442 0.15458924882016 0.99644374588851 2.6349142451234595 1.1838586103523001 1.02312051241696 6.4538075189114 0.1200611900658 0.1229251322436
0.5760338629719 0.015503875969 0.9608357196219 0.051415915203200005 0.2558264431842 0.2758390994094 0.1242228948995 0.3788336743397 0.5847444797434 0.5213581371124 0.13831089351280001 1.1068709223982 0.0102040816326 0.0
0.6038112131526799 0.0472154548262 0.87340158435668 0.020725388601 0.9348584608063799 0.38926898746499994 0.0719446116796 0.83296700923308 0.47126188027578 0.88993746737464 0.6884015602985 2.16773180565918 0.00847457627118 0.0
0.8848803827746 0.2502498670918 0.8546889952158 0.0502392344497 0.23724082934600002 0.3533918128654999 0.158543328017 0.5362519936202 0.6112014885701 0.3648165869216 0.4057469431152 1.9957256778302999 0.1101754385965 0.18684742158419998
1.42116885120802 0.44176905589102 2.7592923269248897 0.23761728898971002 0.5392417675039399 0.6152332270109301 0.26667870688122003 0.72803357939936 1.03549836058924 2.08087803025863 1.05510269259943 7.595862610247929 0.14031816266353 0.08330533983494
0.041095890411 0.1095890410959 0.123287671233 0.0 0.0 0.0684931506849 0.013698630137 0.027397260274 0.068493150685 0.0684931506849 0.041095890411 0.3561643835619 0.0 0.082191780822
0.06896551724132001 0.01724137931034 0.16379310344811002 0.00862068965517 0.0 0.12068965517239999 0.03448275862064 0.025862068965469998 0.03448275862064 0.01724137931034 0.08620689655166999 0.35344827586127 0.043103448275840006 0.025862068965469998
2.3431676323885995 0.3837984728403 3.5216494681068 0.038220899589400004 0.879550581751 1.1472304331624001 0.18938368859899996 1.7725294993324 2.2758477735942 1.6862860954468 1.9212817998682001 8.7369768976813 0.0165289256198 0.0875478320211
0.7257525083608 0.4749163879599 0.47714604236349994 0.0836120401337 0.060200668896199995 0.36789297658859993 0.0947603121516 0.4648829431443 0.4425863991087 0.22073578595319998 0.3634336677816 1.0222965440351 0.051282051282 0.1505016722407
3.35156733949918 0.6076964902421601 5.17316719859426 0.2642888147716 1.22930644804798 2.39523875530268 0.7496857897886 3.2643600583235806 3.49002431593266 3.2441787441157 1.9149152798969 11.65393641640734 0.0901224057838 0.5715119432935
0.0526315789474 0.105263157895 0.0 0.0526315789474 0.38596491228040003 0.0526315789474 0.0 0.47368421052640003 0.49122807017540004 0.0 0.333333333333 0.0526315789474 0.0 0.0
1.0961926525731003 0.1182067486994 1.4533001227546 0.0243902439024 0.5176150175165499 0.7128220606111001 0.06674529574705 0.9978568554781 0.7729518913958 1.1901485024543499 0.33085548458515 4.4990969696183 0.04771698213945 0.17210117252585
1.0534560299825 0.2103535055638 1.7560175998621 0.13077616518079999 0.5017407359794 1.2553749478398 0.25363274461690005 1.0573360048875 0.7968976046983001 0.9420248644704 1.1150881196234 2.5996004993289996 0.0374149659864 0.290286211974
0.2728047740837 0.1074168797954 0.4441602728049 0.0406365444729 0.1537368570615 0.2176754759876 0.11906791702189999 0.1625461778915 0.3034953111688 0.19153168513790003 0.1335606706452 0.7487922705316 0.0522875816994 0.0522875816993
1.33472532337985 0.27937750017545 1.8262602552957001 0.093196833378 0.58065085594935 1.2402656091397 0.07331498204445 1.1096509148584 1.06810026984185 0.91094177166715 0.7611377533143999 3.29171557699065 0.14236451316265 0.28829784080185
0.3283208020044 0.281537176274 0.7426900584789999 0.0233918128654 0.0584795321637 0.3667502088552 0.0593149540517 0.23558897243109997 0.20050125313269998 0.16374269005839998 0.1052631578945 0.3400167084378 0.0116959064327 0.0827067669172
1.0307416235725801 0.16134386446876 1.3410566149537702 0.0 0.6892136662357 0.37446132299058005 0.10410943223428 0.94431426416756 1.17214770523608 0.7920403738417598 0.63849385908196 2.6888332256016403 0.0 0.063244047619
2.5050832878471 0.5884577536583 2.3910062307190003 0.1222555075192 0.6134395331887 0.9065270176109002 0.5446042448602 1.4299619758512 1.1298818384787 1.0084913160196 1.0784663226667002 5.3861376104616 0.20678946843969997 0.0888978926814
2.898019900892 0.7104104996248 5.937497372056039 0.30623773422378 1.7295441501505 2.01617640411939 0.1651534718689 2.1172157059906 2.66290181116989 3.26561217074299 2.0598972897206904 11.493290735323491 0.2984690754134 0.3395736787001001
0.19801980198 0.49504950495 1.3312706270612 0.0 0.049504950495 0.39603960396 0.3386963696366 0.19801980198 0.5367161716166 0.273514851485 0.3386963696366 1.1175742574282 0.0911716171616 0.6357260726066
0.1068702290075 0.1068702290075 0.4427480916029001 0.0152671755725 0.0763358778625 0.2748091603056 0.0763358778626 0.091603053435 0.1221374045801 0.0458015267175 0.198473282443 0.21374045801519997 0.1221374045801 0.1068702290076
0.93096302932188 0.20269062368427998 1.2915557823400399 0.0164383561644 0.36134352630296 0.35999413542590003 0.10813374924118 0.83172457741604 0.8300845745531 0.71107842752496 0.65738693954672 2.5934918615550204 0.0443380303803 0.060776386544660006
1.1004921004922 0.5134939134936001 1.8613830613803999 0.1291893291892 0.12592592592590002 0.5843045843043 0.057187257187200004 1.0050764050766 0.5982387982380001 0.37275317275279995 1.2109816109809 2.1657083657075997 0.11437451437440001 0.16089096089080002
1.72215077162826 0.47338867543606006 3.3619550073549602 0.1262532349353 0.62244175011708 1.26009110754386 0.17367483911480003 2.37479929754152 1.68419344277642 1.9803216216540798 1.69074514112882 5.14863612372016 0.13004379342346 0.25130519362869996
0.0999999999999 0.0999999999999 0.0 0.0 0.0 0.0999999999999 0.0 0.0 0.0 0.6 0.0 0.0999999999999 0.0 0.0
1.16029037728088 0.15086867043164 0.7246783081953599 0.14948925870696 0.40030801733838006 0.29328652107898 0.12529571031998 0.57493094394788 0.56168209602206 0.7130208262108999 0.39438868301206 1.64311695770458 0.07851536326218 0.03012826648798
1.0696153846158 0.49269230769169997 1.5061538461550001 0.0721153846153 0.3124999999996 0.47250000000049996 0.0640384615384 1.3699999999996 0.8171153846148 1.1538461538459 1.3580769230759 2.0071153846180003 0.0440384615384 0.26019230769229995
0.22714285714299998 0.04 0.41142857142859995 0.0238095238095 0.062380952381 0.2033333333334 0.0785714285715 0.12333333333329999 0.1380952380954 0.1633333333334 0.1171428571429 0.3714285714287 0.0133333333333 0.0266666666666
1.7072806526645001 0.36137862708194 2.65989623640704 0.1675391808747 0.5290350505015701 0.9858047253432001 0.11515398182054001 1.61802665055837 1.78753884552034 0.98201081501327 1.4449163179292699 4.2063141385319405 0.017094017094 0.4180107606622
1.4032358252075499 0.50320693391129 1.76747562296838 0.13145539906099002 0.29089201877904003 0.67307331166489 0.11436619718296 0.7184543156380101 0.87141928494056 0.72453593354959 0.51079812206568 1.2299602744676301 0.0211267605634 0.03999999999992
0.62925144109211 0.13389708378476 1.1523706519917198 0.014388489208610002 0.44342570826736005 0.18204410295568998 0.02083850161245 0.8092611398802401 0.7714316338357499 0.48918995614627003 0.6244253124658301 1.60327563232134 0.0125 0.11370034643785001
1.99503836690912 0.33972900700477 2.02139805399415 0.10605627086306 0.45172928271807 0.66541772691358 0.25877717582549997 1.75753194295847 1.5426750437810197 0.8849874589343899 1.22271862090209 3.5726572588749494 0.08959829634056 0.09168549397907
3.16451237673055 0.67099628102976 5.02705437952996 0.30815186998281996 0.95901297020225 1.6708579633651501 0.45302897261763997 2.37677094922373 2.63072224939732 2.82495410546053 2.00677595684368 6.5429777026985105 0.1488741922631 0.21531003065562
0.1175757575758 0.4860606060604 0.4351515151514 0.0133333333333 0.0133333333333 0.4 0.0133333333333 0.0933333333333 0.0666666666666 0.08 0.053333333333299995 0.6678787878786 0.22666666666670002 0.33333333333340004
0.4746376811596 0.2536231884062 0.4275362318843 0.0 0.0434782608696 0.2572463768117 0.0869565217392 0.1739130434782 0.213768115942 0.213768115942 0.34057971014559996 0.0869565217392 0.0 0.4275362318842
1.7544342362300198 0.31404460762087 2.3628012457724394 0.2038678172798 0.86547752965347 0.53863422570379 0.02005159474669 1.58763482592154 1.74618042344074 1.1247803844558 1.4605372730318902 3.9254019899933796 0.00961538461537 0.08653846153837
0.6871023713136 0.5534287902707 0.521196442249 0.1304222093699 0.1604973973397 0.3990277148177 0.3882184671659 0.41308833414150004 0.4880730933368 0.1893923999184 0.2284088599876 1.0870210870217 0.3118503118511 0.4422725212199
3.40755575753971 0.6778721650064101 5.287332854942221 0.18138141551929998 1.72792209590341 1.5983209117305102 0.370887480498 2.64420380856551 2.1961093668735003 1.80018249281021 1.4604447823867102 4.89058392699741 0.17899635095390998 0.5782065902750301
0.0 0.0 0.181818181818 0.0 0.0 0.0 0.0 0.181818181818 0.454545454546 0.090909090909 0.0 0.090909090909 0.0 0.0
0.9507810301154002 0.0830811989868 1.7608183225459002 0.0403004503237 0.4383443568812 0.2524978891074 0.11020616380510001 0.894824795948 0.9943357725881001 1.5896953278914001 0.6423269068399 3.1810969603148003 0.0296052631579 0.0320855614973
1.0379746835437302 0.5494003497172901 1.5080482381092497 0.0443037974683 0.24651898734173 0.7777036530198 0.4320199946782 1.30623408218452 0.8791120234143901 0.70994887292303 0.9751615539584599 1.1616736990158198 0.18045862318 0.1914414414415
0.1314496314495 0.1113841113841 0.24447174447150002 0.0405405405405 0.1314496314496 0.2784602784607 0.028665028665 0.1838656838656 0.1449631449631 0.11466011466 0.030303030303 0.3910728910728 0.0675675675676 0.1011466011465
1.06185931234735 0.2592961602007 1.8779615221507502 0.16367211904105 0.37063608534209996 0.98593556835185 0.072083270112 1.16361629369345 1.14244202734485 0.77247004369345 0.8653227246236999 1.9710962057319499 0.0406413639465 0.25296730342150003
1.2156398174098 0.4812193705993001 1.4407974031877 0.122078511459 0.3748765983288 0.5200809514971999 0.1793877214231 0.7419276888297001 0.5824691532653999 1.2192858763656003 0.5169019770798 1.5486747765504 0.0 0.0566601540053
1.2303196305638 0.32587482792110006 1.7540229345154 0.2499501054237 0.7372520686750001 0.720969660722 0.0722445695896 1.6619904667604004 1.6504988612019997 1.4493494747508002 0.7383361666060999 2.2381351788218 0.10837662861059999 0.0626794258373
1.9411889546321 0.24899057615054002 2.38002572584978 0.034313725490100005 0.7013130159082199 0.5566121056505 0.14169857292000002 1.14146566768524 0.73777502760166 1.26743947422188 1.23814801754012 4.3028210414123 0.1769483427889 0.1312597521449
1.50063284616137 0.30346486558213 2.9356500252458106 0.07022329676536 0.5328445341849 0.7033444831368101 0.27911089517202997 1.34240919268842 1.22091675206455 1.83238388676749 1.6725911040125199 4.19465895514312 0.09623080502547 0.31553835804683
0.0563380281689 0.0704225352111 0.0845070422534 0.0281690140845 0.0563380281689 0.1126760563378 0.0422535211267 0.0704225352113 0.0845070422534 0.0845070422534 0.0 0.2112676056337 0.0281690140845 0.0704225352112
0.2000000000007 0.0666666666666 0.0333333333333 0.0 0.0333333333333 0.1333333333332 0.0333333333333 0.0666666666667 0.1333333333333 0.0666666666666 0.0666666666667 0.0666666666666 0.0 0.1
1.0396215662043 0.128907841962 1.3122142839375 0.0137614678899 0.4769676939746 0.45288046744250005 0.07887343829230001 1.0521259459006 1.0518724062534002 0.8004452186080001 0.8277538545777 2.6119422240982 0.0275229357798 0.125110655078
0.3753623188409099 0.15869565217401 0.52391304347832 0.0555555555555 0.026086956521729997 0.25700483091802 0.0555555555556 0.3859903381642 0.2528985507249 0.12922705314002 0.15772946859901 0.50628019323674 0.0277777777778 0.08792270531390001
4.9063007228546995 1.2726558382603002 5.166392826520361 0.2084138092715 1.3125116422512 2.4652915886232005 1.0461987431583801 3.396431451233 2.8596130736999896 1.98100129717918 2.4070487790233903 4.28677210770698 0.1801018032781 0.51126631692709
0.0 0.0 0.480769230769 0.557692307693 0.0 0.076923076923 0.0 0.0 0.076923076923 0.326923076923 0.0 0.48076923076899997 0.0 0.0
1.194422212541 0.2195740930224 1.6601152907080998 0.0464506063399 0.3714967867866 0.532049398725 0.2435102542538 1.3690940527706998 1.4918816970092 1.3992894796393003 1.0276289084522001 2.2373387905637 0.059002907595100004 0.1481455215942
1.6123772906482001 0.7445349282202001 2.3226737511008 0.020895522388 0.28859637412280004 1.2039071191450001 0.15476552835090002 1.4218424870286 0.8977055687562 0.8822319529362 1.0870780266824998 1.9351213520941999 0.13171352539620002 0.29655657312679995
0.10435571687839999 0.0526315789474 0.3829401088932 0.0344827586207 0.0689655172413 0.19147005444640003 0.26134301270439997 0.1560798548096 0.051724137931 0.0344827586206 0.2087114337571 0.34754990925600004 0.0 0.105263157895
1.3759498081755999 0.43337084226521 1.40922467535565 0.0336534515308 0.36633345629692005 0.73951718724591 0.1664514626937 1.1042141991930199 0.78960600510871 0.60226587060211 0.6884318699167999 1.05218007258512 0.105988967691 0.13281213133941
1.7378145442112 0.6166375499985002 3.1230821607939 0.1527449930644 0.45004255205399996 0.6226300931393001 0.1359538120845 1.5505538527253 1.4311311396974 1.1718095344556 0.7799225759539 1.9932939272773003 0.1356798827307 0.0987033818153
1.2070988745737 0.24080563307580002 1.8436401440824002 0.0262995811776 0.8577199932449999 0.5559892713933 0.065625 1.1958366783896 1.2728055629897 1.3190797801394 1.1422472198855 1.9602891297343001 0.21256313131300003 0.1
0.92107412408381 0.13595691386143 0.9481015881438599 0.01601510169284 0.49191411819811004 0.24571093181104 0.05152109484992 0.9034875318755501 0.6767614935327599 0.45852913074911 0.70008154378375 1.38369392732428 0.03711371827314 0.030038781817049998
2.48282956579029 0.49216857404888 4.06893304629386 0.1626705914919 1.0666355183494 0.6979350696613799 0.22651134650698998 1.78617818451538 2.0937604065517803 2.6786950635441897 2.1221390375194003 3.86224185263899 0.05623877029498 0.2030629728004
0.1578947368421 0.0526315789473 0.1052631578946 0.0 0.0 0.10526315789480001 0.0526315789473 0.0877192982456 0.08771929824550001 0.0350877192982 0.1578947368421 0.08771929824550001 0.0175438596491 0.0526315789473
0.0 0.0 0.0 0.0 0.0 0.0 0.0 0.0 0.0 0.0 0.0 0.0 0.0 0.0
1.02922266884377 0.1957430705096 1.3150297278637 0.0162601626016 0.51041920208503 0.46832294504843 0.07634008543474 1.11485761204575 1.1017528292357501 0.57479433184136 0.6582804029712301 1.87660589004525 0.0 0.0623710714718
0.0 0.0 0.0 0.0 0.0 0.0 0.0 0.0 0.0 0.0 0.0 0.0 0.0 0.0
2.23121092603479 0.52587458804329 3.6311142041563302 0.10532452681641 1.0906860507915 1.54208736745335 0.22141354386953999 1.59959106878319 1.7569640358880898 1.63285008144307 1.3541687045516801 2.9746933682187002 0.11434875452321998 0.21967277942729999
0.1 0.0 0.2 0.1 0.3 0.0714285714286 0.0 0.0 0.7857142857146 0.142857142857 0.3 0.0 0.0 0.0
0.370221655624 0.04658769448367 0.47830436239111 0.00892857142857 0.25154005062167 0.31614773319366996 0.08649873445987 0.5519522816953399 0.56624544033327 0.7293419191538701 0.45897230700571 1.10847353532267 0.0 0.0267857142857
0.6450294947804 0.2689856767026 0.9866628969582 0.0192926045016 0.1514416741342 0.8739952367486999 0.0983606557376 1.2477082245145 0.7673702924562 0.7199783401471 0.6574129892039 1.3605646896455 0.0673621460506 0.13583507842099998
0.0 0.133333333333 0.133333333333 0.0 0.0 0.4 0.4 0.4 0.0 0.0 0.133333333333 0.0 0.0 0.4
1.2066222940306 0.5179697023284999 2.427877505548 0.2921297158584 0.6138162795146 0.5826241416422 0.0837765957446 1.2937168769331 0.5902885720387 0.7883608287184001 0.8609900415269001 1.5370230202538 0.0578264038839 0.146978021978
1.2330483841452502 0.7486377300230199 1.2015810093343902 0.163265306123 0.13289118152791998 0.544312964007 0.07923015893177 0.9748988356047701 0.8387353365877299 0.56148145228668 0.57611621377028 0.8937667105580899 0.00847457627117 0.043560140833480004
1.9390712943728998 0.0391387559808 2.7155088505457 0.1539162112931 0.5519837579186999 0.6997019961014 0.09333333333319999 1.4604349369622 1.1836428716398 1.1126568461457 0.9079790136049 2.0159472504973 0.0 0.1266848816028
1.06463402081742 0.11712046679471001 1.3715205780640103 0.0 0.3800797100936 0.3527844702336 0.09835402891129999 0.5266919084115099 0.6249242227895999 0.75682530510972 0.9046372547087 1.68557853326404 0.10045605817799999 0.0163934426229
1.5627078927585 0.5531389438780999 2.5082264975415 0.14806260839250002 0.8399538590987 1.1017578148272 0.031055900621 1.9467357901982 1.6589857202823 1.4936370215682 1.1731123619194 3.6654561465952 0.1530763414144 0.1640931009055
0.0888888888888 0.0222222222222 0.17777777777780002 0.0 0.0222222222222 0.0444444444444 0.0 0.1333333333333 0.1555555555555 0.0222222222222 0.088888888889 0.1555555555555 0.0444444444444 0.0444444444444
0.1638370118844 0.1876061120542 0.2750424448219 0.0 0.0263157894737 0.1494057724957 0.0645161290322 0.1757215619694 0.26655348047570004 0.0263157894737 0.202037351443 0.15789473684209998 0.0526315789474 0.2521222410877
0.8099209654426001 0.1358024691358 1.2861550706123999 0.0 0.2092860976918 0.2348048198122 0.0123456790123 0.8000351676013 0.7484294889591 0.35963499731579995 0.7118662890793 1.6238177207696 0.0 0.0679012345678
0.3407888407887 0.2111111111111 0.6747474747471001 0.0142857142857 0.030303030303 0.1816257816256 0.074074074074 0.5596440596436001 0.37599807599810003 0.3508898508895 0.2709956709954 0.7245310245314001 0.1253968253967 0.0656084656084
1.6826121519734998 0.53286960556555 3.13525457975295 0.11564605724445001 0.7234280682838501 1.1530900816418999 0.26510166993625 1.6297215650163501 1.9125203831141002 1.31606475520045 1.5169364261237503 2.72794088148875 0.1307271933039 0.1580865813506
0.0999999999999 0.0999999999999 0.0999999999999 0.0 0.0 0.0 0.0 0.0 0.4 0.2 0.0 0.0999999999999 0.0 0.0
1.1652243589756 0.18074633699640003 1.1106684981686 0.0 0.5410485347981 0.0543269230769 0.0565705128205 0.6707188644686 1.1041666666663001 1.0610347985338 0.9581043956042999 1.9540064102575 0.12030677655670001 0.0230769230769
0.35395622895620005 0.1506734006732 1.0092592592578 0.0113636363636 0.2302188552189 0.2958754208756 0.0824915824915 0.4036195286191 0.37079124579080003 0.18771043771020002 0.287037037037 0.5058922558918001 0.0185185185185 0.09259259259250001
0.08823529411770001 0.1176470588235 0.1764705882353 0.0 0.0294117647059 0.1764705882353 0.0294117647059 0.0294117647059 0.1176470588235 0.08823529411770001 0.0294117647059 0.0588235294118 0.0 0.0588235294118
0.6551605536863799 0.31333236300188005 0.98732352777317 0.04081055074429 0.26897946318709 0.5567033803333 0.049832112332 0.68549603160728 0.57039422898288 0.52180687079309 0.4164132698673 0.7968428857877701 0.0208333333333 0.1160714285714
1.2998484848487 0.213961038961 1.7048484848484 0.0766666666667 0.9396320346325999 0.330844155844 0.338766233766 0.6835714285710001 0.860649350649 1.2427705627702998 0.7677489177494 1.4127705627707001 0.038961038961 0.088961038961
0.564476173023 0.0435977066412 0.5875292069458999 0.0 0.29690455464709997 0.1774587830276 0.07099496691519999 0.5505697399682 0.521387338094 0.4306150966364 0.6785599748675 1.0368105688243001 0.013698630137 0.027397260274
0.9068379010048999 0.184956030821 1.477725395402 0.0 0.44029262982659995 0.5085793259486 0.0640968175705 0.5469773857545 0.6830980128490001 1.1245605750137 1.1932506776807998 1.7767422253531997 0.0 0.0928830227743
0.8211948848552 0.22515428074739996 2.3258446766801995 0.0812903603523 0.5464835068324 0.6982933304519001 0.1036269430051 1.1596240877466 1.1169691033175 2.1606143307836 0.6957308942039999 1.8745536633101003 0.062176165803 0.12844377191259998
0.0 0.0 0.0 0.0 0.0 0.0 0.0 0.0 0.0 0.0 0.0 0.0 0.0 0.0
0.1103603603603 0.17008334865469998 0.5643041000183 0.0 0.0277777777778 0.4626156769018 0.211650425936 0.2475485689771 0.22052154195 0.16591591591580002 0.19635962493090003 0.2592847949989 0.1152785438499 0.2482993197277
1.236119436119 0.1737873237873 0.7957153957149999 0.0 0.2483016983016 0.5765290265291 0.0776723276723 1.022749472749 0.8786324786324999 0.7641969141966001 0.689321789322 1.4457042957053998 0.0357142857143 0.0555555555556
0.3167945439045 0.07246376811579999 0.5978687127018001 0.0289855072464 0.039492753623200004 0.11280903665809999 0.0878090366582 0.30942028985500003 0.281884057971 0.2852728047741 0.20882352941180002 0.5850596760447999 0.0588235294118 0.0144927536232
1.07877752075408 0.27263045438528 2.7820937710875002 0.0232558139535 0.69193372076329 0.6993938166971 0.1044358047938 1.46475256804548 1.38399702522038 1.5175311226979702 1.02285720180259 2.83673662408747 0.0672700587084 0.054334497002280005
0.0 0.0 0.0 0.0 0.0 0.0 0.0 0.0 0.0 0.0 0.0 0.0 0.0 0.0
0.15003024803370002 0.040532365396200004 0.4918330308531 0.0 0.1324863883846 0.0229885057471 0.0689655172413 0.29461584997009993 0.19721718088300003 0.866303690261 0.2323049001816 0.5027223230493 0.0 0.0
0.48439544951153 0.0952884324977 0.47004933051443 0.0 0.30021141649030003 0.35603543743086 0.060606060606 0.3600120809423 0.33967582804773 0.33408839222779996 0.38950971509119997 0.68453639383883 0.06020336252892999 0.0653881002718
0.2413793103449 0.0344827586207 0.41379310344880005 0.0 0.0344827586207 0.1724137931035 0.0689655172414 0.31034482758619997 0.2758620689657 0.10344827586210001 0.10344827586210001 0.1379310344828 0.0344827586207 0.0689655172414
0.3513719512193 0.0571428571428 1.1933689024392 0.015625 0.0956554878048 0.35697952961650004 0.0731707317073 0.9846036585362 0.3831119337977 0.49913980836220007 0.46163980836199997 1.3323715156798 0.0 0.19581881533079998
0.37720885950235 0.11440293826428 0.52710780078566 0.0194174757281 0.13209801051768 0.18641723508050997 0.0708655018285 0.7034398099019199 0.68054110137605 0.29852337237602 0.22838375749053003 0.60645671175869 0.0 0.05513742538937
0.5128205128200001 0.076923076923 0.717948717948 0.0 0.230769230769 0.307692307692 0.0 0.3589743589750001 0.5128205128209999 0.358974358974 0.17948717948700005 0.6666666666670001 0.0 0.076923076923
0.9395488001002 0.2358276293364 1.1656555816701 0.0 0.3003841607564 0.580383404805 0.1072755167958 0.951991072901 0.3860197097145 0.44105211254070004 0.5596308208253999 1.2172045948105998 0.1150265957446 0.0
1.208581515492 0.2720844707308 1.0008647714032 0.047619047619 0.3690276647035 0.4662257754257 0.07486870041339999 0.9674437387252 0.5324360363492 1.4284020660738 1.1526073344185 1.3658821117277 0.063244047619 0.0507127192982
0.076923076923 0.076923076923 0.23076923076949998 0.0 0.076923076923 0.11538461538460001 0.0 0.3076923076924 0.1923076923075 0.0384615384615 0.23076923076960001 0.5384615384618001 0.0769230769231 0.0384615384615
0.0 0.0294117647059 0.23529411764750002 0.0 0.0 0.2058823529416 0.1470588235294 0.0588235294118 0.0294117647059 0.0 0.0294117647059 0.1470588235294 0.0588235294117 0.0588235294118
0.75247277214499 0.105263157895 1.14085734213317 0.02 0.265572187349 0.33491496324919 0.04 0.97234186383388 0.77756317399038 0.96957240195339 0.5836214389182 1.0064241643873801 0.03139653414879 0.0
0.0 0.666666666666 0.0 0.0 0.0 0.166666666667 0.0 0.0 0.0 0.0 0.0 0.0 0.0 0.166666666667
2.2914337037522 0.4002912236183 3.2484503809413003 0.0337078651685 0.8908308270945999 0.6381140750085001 0.19750166725899998 1.7301797446136002 1.7073413123060002 1.9199649295299002 1.7495101156850001 3.0174287846731 0.0337078651685 0.1415375051802
0.363636363636 0.0 0.0 0.0 0.0 0.545454545455 0.0 0.0 0.0 0.090909090909 0.0 0.0 0.0 0.0
0.1311475409836 0.0327868852459 0.1967213114754 0.0 0.09836065573769999 0.22950819672169998 0.0 0.1967213114754 0.39344262295169996 0.1639344262295 0.3278688524599 0.1967213114754 0.0 0.0327868852459
0.2430939226521 0.17740945365260002 0.7980356046651 0.111111111111 0.08839779005520002 0.42173112338889995 0.133210558625 0.5540208717006 0.2989564149785 0.2768569674647 0.2102516881523 0.4871086556173 0.0 0.1998158379377
0.1333333333334 0.0 0.5333333333331 0.0 0.0666666666667 0.0666666666667 0.133333333333 0.19999999999969997 0.0666666666667 0.2666666666664 0.0 0.5333333333335 0.0 0.0
0.69728459196152 0.17866781432964 0.9427867198554799 0.00884955752212 0.32828180349952 0.65032075309172 0.03265908133162 0.92426408645262 1.01577383632522 0.5299485851659 0.37095447824463995 1.30830393031782 0.0 0.0119047619048
0.4759054117927001 0.30210918114150004 0.9296422663358 0.0384615384615 0.28761520737330004 0.3610717239747 0.092617866005 0.542585371618 0.4035507503251 0.49732216707990007 0.3097069597071 0.5713148410730001 0.0125 0.1755967151128
0.37845036319599995 0.0 0.6276029055689001 0.0 0.29104116222739995 0.3714285714284 0.0169491525424 0.17675544794179998 0.3847457627118 0.3801452784501 0.25883777239719996 0.8631961259074 0.0508474576271 0.2
0.3100856765001 0.0588235294116 0.6207636133628 0.0 0.1264907135873 0.26279684894450006 0.040164452877799996 0.18500948766579997 0.3821631878556 0.1807314127995 0.2904720832619 0.4841527226729 0.010752688172 0.0475935828876
0.43511621228998 0.10942760942750002 1.2175672556105601 0.0823451910408 0.14071596680292 0.13898601398586 0.03846153846148 0.52661086900204 0.42898184745988 0.4360550882292 0.27782563652128 1.08773070729524 0.0185185185185 0.06165754535318
0.0 0.0 0.333333333333 0.0 0.0 0.333333333333 0.0 0.333333333333 0.0 0.0 0.0 0.0 0.0 0.0
0.0714285714286 0.10368663594469998 0.27534562211979996 0.0 0.0322580645161 0.3364055299539 0.1036866359447 0.0645161290322 0.2718894009217 0.1036866359447 0.10023041474649999 0.2649769585258 0.10023041474649999 0.1716589861751
