0.0719649561953 0.36545682102689997 0.1389236545687 0.0425531914894 0.0212765957446 0.0 0.27722152690900004 0.4267834793493 0.0400500625782 0.0588235294117 0.09324155194 0.3685857321651 0.0882352941176 0.0 0.486232790988 0.3742177722154 0.0531914893617 0.0932415519399 0.0
0.0855203619908 0.070588235294 0.08868778280530001 0.0 0.1538461538462 0.26832579185509997 0.0737556561085 0.45520361990930003 0.20316742081439998 0.2158371040728 0.1389140271492 0.2095022624434 0.0619909502261 0.0235294117647 0.2180995475111 0.2511312217194 0.0235294117646 0.0117647058823 0.44660633484120005
0.199134199134 0.138528138528 0.385281385281 0.0 0.0 0.1428571428571 0.20346320346299998 0.7272727272731 0.2510822510822 0.121212121212 0.108225108225 0.41125541125500004 0.0 0.142857142857 0.2683982683981 0.29437229437199997 0.393939393939 0.030303030303 0.181818181818
0.0 0.0571428571428 0.0285714285714 0.0 0.0 0.114285714286 0.171428571429 0.0571428571428 0.0285714285714 0.0 0.0571428571428 0.0571428571428 0.0 0.0 0.1714285714284 0.1714285714285 0.0571428571428 0.0 0.0285714285714
0.0 0.0 0.1 0.0 0.0 0.0 0.0 0.30000000000000004 0.0 0.1 0.0 0.0 0.0 0.0 0.4 0.0 0.0 0.0 0.1
0.0 0.0 0.0 0.0 0.0 0.0 0.0 0.0 0.0 0.0 0.0 0.0 0.0 0.0 0.0 0.0 0.0 0.0 0.0
0.20942408377 0.0837696335077 0.0418848167539 0.0628272251308 0.0209424083769 0.2094240837697 0.33507853403079996 0.5445026178015999 0.2931937172775 0.0 0.33507853403159993 0.2094240837696 0.2722513089009 0.0 0.5235602094248 0.544502617802 0.0837696335077 0.0209424083769 0.2094240837695
0.3114201669565 0.6115592105644 0.468829536357 0.056914893617 0.0392097264437 0.6458813382091 0.8072826533456999 3.9987369124230003 1.04752694533 0.041078575942699994 1.4006090746484 0.871369239698 0.9639292433844 0.0 1.2440228035022 0.7018094449692 0.2582844938986 0.1704618198463 1.3610739208659
0.1098216976976 0.3645705513792 0.1543624939135 0.1408668730649 0.0289855072463 0.0633100697906 0.6048366528329 1.4512455573165 1.0464301311381001 0.086956521739 1.4314929636799998 0.823729183195 0.9479135810245 0.2167182662537 1.3085490658735 0.8506324462299 0.4182672301339 0.0 0.9513112074912999
0.125 0.125 0.0 0.0 0.125 0.0 0.0 0.125 0.0 0.0 0.0 0.125 0.0 0.0 0.125 0.0 0.0 0.25 0.0
0.0 0.14135254988899998 0.0 0.0 0.0 0.41407982261610005 0.39495565410169997 0.48725055432370007 0.32178492239390005 0.0340909090909 0.23863636363590002 0.39495565410169997 0.7217294900218 0.0 1.0194013303782 0.3217849223942 0.0 0.0 1.5099778270543998
0.0121951219512 0.036585365853600005 0.0243902439024 0.0 0.0 0.10938654841079999 0.1459719142645 0.3096821877306 0.3163340724316 0.0 0.23688100517350003 0.0546932742054 0.07908351810780001 0.0 0.0790835181078 0.3765705838873001 0.0 0.0121951219512 0.2069475240212
0.14250000000000002 0.06 0.03125 0.125 0.0 0.02 0.2675000000001 0.14250000000000002 0.13375 0.0 0.11375 0.15125 0.18250000000000002 0.02 0.22249999999999998 0.23375000000010002 0.10250000000000001 0.0 0.051250000000000004
0.0 0.0 0.0 0.0 0.0 0.1 0.0 0.05 0.5 0.0 0.0 0.05 0.2 0.0 0.0 0.0 0.0 0.0 0.1
0.2320261437903 0.1854597546779 0.0273972602739 0.3215149073329 0.0222222222222 0.1592085235918 0.3416151848863 0.7000626734705 0.34755125794560005 0.0 0.4623153370945 0.42995791924070004 0.1410153102335 0.0 0.7269137792095 0.30806697108049996 0.1444444444444 0.0 0.45022831050240003
0.0140845070422 0.5791884453255001 0.0560212635452 0.1480242831935 0.0410958904109 0.3664943135513 0.8857820449527 0.8856468909552999 0.5733052623588 0.0 0.36547183683210005 0.4118578709853 0.5382435689594 0.0 0.5632917097633999 0.6431270083024999 0.4952611237833 0.0149253731343 0.4181786069041
0.051974012993500004 0.1384307846077 0.0604697651173 0.0229885057471 0.0 0.0229885057471 0.09545227386310001 0.2423788105946 0.216891554223 0.0114942528735 0.0489755122438 0.11294352823590001 0.051974012993500004 0.0 0.29735132433750006 0.09545227386300001 0.2968515742134 0.063468265867 0.16991504247859998
0.440476190476 0.1428571428571 0.422619047619 0.0 0.0 0.047619047619 0.125 0.172619047619 0.1428571428571 0.0 0.0 0.0 0.047619047619 0.0 0.1428571428571 0.095238095238 0.0 0.2202380952381 0.0
0.0 0.09120879120868002 0.0142857142857 0.0 0.0142857142857 0.18681318681339998 0.0214285714285 0.53461538461492 0.2467032967031 0.0 0.40494505494524 0.10989010989 0.29945054945054 0.0 0.3192307692309 0.0785714285713 0.0 0.0 0.6785714285728
0.462280701755 0.6899122807035001 0.1263157894736 0.1048245614034 0.0421052631578 0.0421052631578 0.4842105263158 0.4824561403504001 0.2298245614037 0.0210526315789 0.12499999999980001 0.3666666666667 0.5236842105266 0.0 0.6828947368434001 0.2192982456139 0.1675438596488 0.0210526315789 0.2087719298242
0.14201733153329998 0.7158586634392 0.13859020310620002 0.0412457912458 0.11375661375660001 0.2334694875011 0.8036451302574 0.8097720678362 0.5724041490171 0.0 0.4320082545881 0.2945584881062 0.3263588263588 0.0340909090909 1.1158280190545 0.4737971108933 0.3225806451602 0.0896464646464 0.3403718444039
0.0 0.0 0.0 0.0 0.0 0.0 0.0 0.0 0.0 0.0 0.0 0.0 0.0 0.0 0.0 0.0 0.0 0.0 0.0
0.0 0.1730769230768 0.0 0.0192307692308 0.0 0.0769230769231 0.0192307692308 0.0192307692308 0.07692307692309999 0.0 0.0576923076923 0.0 0.0192307692308 0.0 0.3269230769236 0.0576923076924 0.0 0.0192307692308 0.1346153846154
0.0 0.0 0.0 0.0 0.0 0.0 0.0 0.0 0.0 0.0 0.0 0.0 0.0 0.0 0.0 0.0 0.0 0.0 0.0
0.0 0.0380952380952 0.0285714285714 0.0 0.0 0.0666666666667 0.0476190476191 0.1809523809526 0.0761904761904 0.0 0.1142857142857 0.09523809523820001 0.0761904761905 0.0 0.1333333333332 0.0666666666667 0.0 0.0 0.0761904761905
0.18952380952415998 0.05333333333326 0.05428571428566 0.03047619047616 0.0238095238095 0.07047619047616 0.25142857142832 0.32666666666682 0.10666666666659999 0.03047619047616 0.0333333333333 0.15238095238080002 0.06666666666668 0.0266666666667 0.15999999999991998 0.09714285714276 0.1685714285713 0.05428571428566 0.10380952380941999
0.0494669021454 0.21050752288719 0.07925431711139 0.02020408163259 0.0390502354787 0.38209092357408003 0.4665245957488 1.6920908005247999 0.66274699369428 0.0496794871795 0.61083549642208 0.31953427524879 0.76909609426379 0.0 0.60060806119808 0.27374267528777996 0.08040816326519001 0.06053630363029 2.63362307070068
0.0234375 0.445863970588 0.1641544117647 0.0234375 0.0 0.1985443163751 0.402762321145 1.0352717607328 0.7123608903027 0.0468749999999 0.5921353338628 0.3523897058819 0.4745801868045 0.0470588235294 0.7435289149437001 0.43733604928469993 0.141176470588 0.0 1.1590868441967
0.0 0.0 0.0 0.0 0.0 0.0 0.0 0.0 0.0 0.0 0.0 0.0 0.0 0.0 0.0 0.0 0.0 0.0 0.0
0.2083333333337 0.12591392489208 0.10896477234968 0.0833333333333 0.0243902439024 0.1606035551881 0.1755201874051 0.70241308594594 0.36104896692017996 0.0365853658536 0.48849488121078 0.14046883739028 0.21033241738209998 0.00847457627118 0.35691604049696 0.13881526153256002 0.125 0.0 0.54439121659468
0.2504643962845 0.2526315789471 0.0904024767802 0.0 0.0315789473684 0.2167182662537 0.36594427244579997 0.9071207430354 0.3888544891636 0.0631578947368 0.3594427244577 0.1829721362228 0.2145510835912 0.0294117647059 0.8287925696594001 0.35944272445909997 0.0925696594427 0.1557275541799 0.21021671826670002
0.0357142857143 0.11168622038189999 0.1347481021394 0.0434782608695 0.0791925465838 0.2995744191398 0.21716126063939997 0.8474810213945999 0.6172072693821 0.0217391304348 0.0805152979066 0.14118932597189998 0.3615711985283 0.0 0.49511157119810006 0.4050494593972 0.1269841269841 0.0185185185185 0.9630779848164
0.0 0.0 0.0 0.0 0.0 0.0 0.0 0.0 0.0 0.0 0.0 0.0 0.0 0.0 0.0 0.0 0.0 0.0 0.0
0.01652892561982 0.16102922382191 0.01652892561982 0.03919229786141 0.0 0.20209593592882 0.334327340887 0.7115958081277299 0.4167163670438999 0.13197580301591 0.24128823379020997 0.16503365425549998 0.15676919144564 0.0 0.49510096276831 0.24955269660012 0.1466303143903 0.0 0.51563431882162
0.0217391304348 0.2615149676244 0.1531853121058 0.0779610194902 0.0344827586207 0.3669764143899 0.2985180029036 0.43132173090930004 0.5400173830835 0.0 0.7140981998175 0.6701986128155001 0.5222059424838 0.0772005772005 0.6322695794962 1.1002245089587 0.1918938258143 0.015873015873 0.8903190179795
0.1603791232774 0.1097462118849 0.130822473031 0.118226600985 0.0253164556962 0.0548731059424 0.1856955789736 0.4179085863936 0.38192928852130004 0.0 0.139302862131 0.2385109434436 0.3249984411047 0.0 0.44528278356270007 0.40518800274340006 0.2912015963078 0.0400947808193 1.5305231651791
0.514285714286 0.6000000000012999 0.0857142857143 0.0 0.171428571429 0.0 0.1714285714286 0.3428571428573 0.0857142857143 0.2571428571433 0.0 0.0 0.2571428571433 0.0 0.3428571428572 0.1714285714286 0.0 0.0 0.0
0.31923311016370004 0.1306378156021 0.1344051042037 0.0 0.0 0.2314165497896 0.1651689371381 1.1730561986205001 1.2609630972710002 0.103448275862 0.5164671164113 0.6802421978298 0.4562749057602 0.0 0.5160409752524 0.5612023568251 0.1379310344833 0.0217391304347 2.5917731943526006
0.3197802197801 0.253846153846 0.19582417582420003 0.1318681318682 0.0 0.065934065934 0.1698901098902 0.411648351648 0.081978021978 0.1479120879122 0.127912087912 0.10791208791200001 0.13999999999999999 0.0 0.21186813186800002 0.18395604395600001 0.16989010989000003 0.065934065934 0.213846153847
0.3057185358074 0.11161175762940001 0.010989010989 0.0265486725664 0.0635857096034 0.3671107653408 0.41648387666119996 0.4961298943603 0.6562683465332 0.010989010989 0.22979675192120003 0.3950065012012 0.2142370903438 0.0265486725664 0.5894590496368001 0.44337831948449996 0.2668337889578 0.1075417535594 0.2617624918509
0.0 0.0 0.0 0.0 0.0 0.0 0.0 0.0 0.0 0.0 0.0 0.0 0.0 0.0 0.0 0.0 0.0 0.0 0.0
0.0 0.190476190476 0.0 0.0952380952381 0.0 0.0 0.047619047619 0.3809523809522 0.238095238095 0.0 0.0 0.1428571428571 0.142857142857 0.0 0.19047619047609998 0.1428571428571 0.0952380952381 0.0 0.3333333333331
0.0 0.0 0.0 0.0 0.0 0.0 0.0 0.0 0.0 0.0 0.0 0.0 0.0 0.0 0.0 0.0 0.0 0.0 0.0
0.0151515151515 0.08939864483330001 0.12652220967408 0.03501552795016 0.0 0.30352672689656 0.22935958968490003 0.85422548465878 0.33492377187972 0.0281949934123 0.52585168454712 0.32486824769446004 0.29899538866892 0.0 0.41578910220161996 0.45422077922032006 0.0412384716732 0.0130434782608 1.9096743835903
0.2633311389074 0.1571757735352 0.1342988808425 0.1155365371955 0.0738973008558 0.23633969716889996 0.300855826202 0.8271889400922999 0.6283739302181001 0.0832784726793 0.4591836734688 0.2243252139565 0.5773535220545 0.0510204081632 0.8324555628719001 0.3316326530614 0.0510204081632 0.0416392363397 0.6110928242274
0.65082469906988 1.112623342822 0.35751816661740005 0.0741954293782 0.0576923076923 0.64815814532718 1.0408937321989 2.39506687461824 1.3372640240365001 0.022546129490119998 1.5951861464948598 1.4965256920313998 1.05494523742342 0.0698427033943 1.7807142982153201 1.03647967155566 0.302837912349 0.2430545182971 3.72363096898944
0.1173675625841 0.358077617967 0.1016972181282 0.0169491525424 0.0 0.23156058607719998 0.2501055756915 1.1885103161065 0.9996507018726999 0.0 0.7949263703414 0.8191391985517 0.5562982639987001 0.0666666666667 0.9467744540173999 0.6729565413953 0.32927091266490005 0.10921211261609999 3.4408367487835996
0.0 0.0 0.0 0.0 0.0 0.0 0.0 0.0 0.0 0.0 0.0 0.0 0.0 0.0 0.0 0.0 0.0 0.0 0.0
0.0537634408602 0.0666666666666 0.10445402298845999 0.0 0.0 0.74921208750476 0.26801075268810004 1.3979977753053 0.6325222469404 0.0 0.9073090470890801 0.89211160548866 0.5495365220619199 0.04195402298846 0.7455969595855201 0.80915368928308 0.0666666666666 0.0 0.7150444938818
0.0444444444444 0.0899224806201 0.0888888888888 0.0 0.0 0.273901808786 0.136434108527 0.3860465116283 0.42635658914720004 0.0 0.2253229974157 0.20206718346219998 0.1142118863049 0.0 0.1121447028423 0.5152454780364 0.0232558139535 0.0 0.36175710594370003
0.3414665581328 0.2524216524216 0.193956043956 0.0 0.0777302943968 0.22992809659450003 0.5880681047344001 1.2024487857819 1.1815289648620002 0.1532967032965 0.6976868810192001 0.5971509971505 0.7260344593670001 0.0 0.8932030932031 0.7540360873687001 0.6637973137976 0.0 1.4472459639130002
0.0 0.0 0.0 0.0 0.0 0.0 0.0 0.0 0.0 0.0 0.0 0.0 0.0 0.0 0.0 0.0 0.0 0.0 0.0
0.0816326530612 0.2834754531184 0.1513843299556 0.054499072356199996 0.0863422291993 0.2188882546023 0.2843852575996 0.8959611816753 0.6205669330678 0.0816326530613 0.7596153846155 0.35412801484229994 0.2650920508062 0.0 0.5929695304703 0.3637701584128 0.3572588126166 0.0 1.5483980305407001
0.05342750311593 0.19697578758663 0.0361445783133 0.05168259243873 0.0240963855422 0.078430029531 0.13470508314723 0.33162959386483 0.5335972033513 0.0 0.33993981517873 0.39733846850522997 0.11882010801843002 0.0801801801802 0.51470411000963 0.4943558015846 0.1170751973412 0.00689655172413 0.49000101056653
0.2285714285713 0.17738095238090001 0.1261904761905 0.349206349207 0.031746031746 0.031746031746 0.1424603174602 0.9095238095239999 0.7238095238098 0.0333333333333 0.36785714285689997 0.4714285714293 0.3071428571428 0.031746031746 0.5718253968248 0.7460317460321999 0.4289682539686 0.0456349206349 1.2753968253966
0.0 0.0 0.0 0.0 0.0 0.0 0.0 0.0 0.0 0.0 0.0 0.0 0.0 0.0 0.0 0.0 0.0 0.0 0.0
0.0721966205837 0.08940177210248 0.22525421792331002 0.0399385560676 0.0399385560676 0.26092471811769 0.43235540949258 1.26858493460247 0.40593366811230996 0.10009437458671 0.8956460739760499 0.29659096609539 0.6189922169626301 0.0238095238095 0.41426376298072 0.85259846873252 0.032657957877900004 0.00826446280991 2.9225537390967
0.12378048780510001 0.229674796748 0.0705284552846 0.03333333333333 0.04166666666673 0.0243902439024 0.1359756097562 0.2443089430893 0.1071138211382 0.03333333333333 0.08983739837386001 0.13983739837396 0.14308943089456 0.0 0.18983739837406 0.21300813008149 0.0532520325203 0.04105691056906 0.08597560975599
0.1306715063521 0.160163339383 0.08620689655159999 0.0476406533574 0.0344827586206 0.0394736842105 0.27268602540840003 0.3466424682395 0.1560798548092 0.08620689655159999 0.07395644283109999 0.0607985480943 0.2513611615244 0.0131578947368 0.3017241379312 0.42876588021809997 0.0698729582576 0.0172413793103 0.42286751361200003
0.13043478260869001 0.02898550724638 0.6801242236021899 0.09420289855069 0.0289855072464 0.18944099378869 0.14596273291929 0.21118012422358 0.14596273291918 0.00724637681159 0.30641821946159 0.1490683229815 0.062111801242200004 0.0 0.82919254658289 0.33126293995847 0.4937888198754 0.07660455486539 1.0890269151143999
0.0 0.0 0.0 0.0 0.0 0.0 0.0 0.0 0.0 0.0 0.0 0.0 0.0 0.0 0.0 0.0 0.0 0.0 0.0
0.0 0.0 0.0 0.0 0.0 0.0 0.0 0.0 0.0 0.0 0.0 0.0 0.0 0.0 0.0 0.0 0.0 0.0 0.0
0.1733548778103 0.11889029874200001 0.0644257196737 0.085626911315 0.0428134556574 0.3382464516127 0.2590912522102 0.9741230274685 0.8276558982769 0.0642201834861 1.2123603906326 0.5788998692302 0.51976302414 0.0428134556574 0.7031751156601 1.0325471908905002 0.054464579068300004 0.11252804991509999 5.7950002485564
0.304347826088 0.1739130434782 0.1304347826086 0.0 0.0434782608695 0.0 0.391304347826 0.2608695652173 0.0 0.0 0.086956521739 0.782608695651 0.086956521739 0.0 0.0869565217391 0.0434782608695 0.0434782608695 0.217391304348 0.347826086957
0.17585864320869998 0.51608538456102 0.40942603721115994 0.07098828036954 0.0361445783132 0.50918534361316 0.69577486684584 2.4474014428267394 2.0497745922927 0.0562260536398 1.0949700694257 1.1755849032680599 0.86779203490616 0.0 1.28853848203758 1.49890790167946 0.47919335944721997 0.14441559340828 4.483732432942079
0.0820257027687 0.25258708837314997 0.18693416698345 0.0761470425649 0.0 0.08399299051289999 0.29005926722845 1.2122392259288501 0.6951971331539 0.0161943319838 1.0854892293399498 1.04647948503395 0.783987138741 0.03395061728395 0.71521104575675 0.7476116239039001 0.44096821380304996 0.028867102396450003 4.222058594243951
0.0 0.191780821918 0.0 0.027397260274 0.3722804190169 0.117647058823 0.1369863013698 0.5721192586617 0.054794520548 0.823529411767 0.1369863013699 0.109589041096 0.0821917808219 0.0 0.054794520548 0.054794520548 0.1095890410959 0.027397260274 1.1281224818698001
0.176086340134 0.205772985117 0.2980149689202 0.06587661205999999 0.0132450331126 0.8116611737378999 0.5571071718305001 1.0746023874464998 0.7638570519024 0.0169491525424 0.9744313269468999 0.5926573946193 0.8485495591712999 0.028789074563399998 1.069178201128 0.568688884403 0.0933761782152 0.0 1.8411565041512
0.1233230134158 0.28224974200200004 0.0175438596491 0.0 0.0 0.0701754385964 0.06449948400410001 0.0820433436532 0.11713106295140001 0.0 0.2523219814246 0.0701754385964 0.1522187822497 0.0 0.12332301341580001 0.3751289989687 0.0882352941176 0.0 0.18163054695580003
0.18891827911651002 0.38232945141584 0.15356223606465 0.31960438546326997 0.09282577512953999 0.21822996599565 0.29975103567964 0.9107348560091199 0.7619366455005401 0.11395564382659999 0.41788029249813996 0.68540479271384 0.40572126428123995 0.0227272727273 0.7153760043332 1.2134051538223398 0.27874564914282 0.13528191548051 0.68360938079897
0.0 0.0 0.0 0.0 0.0 0.0 0.0 0.0 0.0 0.0 0.0 0.0 0.0 0.0 0.0 0.0 0.0 0.0 0.0
0.3361072584377 0.3345105203443 0.1865138767535 0.1367349557332 0.0238095238095 0.2931653907022 0.3840837391368 0.6500984723047001 0.6096779843631001 0.15792228529059998 0.4864155062819 1.2511339080781 0.733916020538 0.0 0.6184732821312 0.6216586116936 0.134112761481 0.0370253828403 2.0046405200809003
0.1886536030341 0.5220350972247999 0.1414635329761 0.3276519021291 0.22621455661899997 0.2199988409046 0.6358589030644001 2.0171323489114004 2.5692720926715 0.0853982300885 1.3668309392179 1.2769868599927 0.8740309424520001 0.0829480914013 1.1412184831667 1.6709441325079002 0.5362470651983999 0.0853982300884 2.0317161483513
0.48994900030251 0.19040760478177 0.3741652809242699 0.1854663951922 0.0 0.07697582915427001 0.47000903460764004 0.7388802325438099 0.87890190250581 0.047601901195440006 0.21914158144901 0.5722948555121999 0.30211429431854 0.0 0.79678027575301 0.6061615361453101 1.64181877103145 0.8563497571123 0.55298174747617
0.1363636363633 0.0681818181819 0.0227272727273 0.0454545454545 0.0227272727273 0.0 0.090909090909 0.1818181818182 0.0227272727273 0.0454545454545 0.0 0.159090909092 0.0227272727273 0.0 0.0454545454545 0.0 0.0227272727273 0.0454545454545 0.0681818181818
0.0971045286006 0.0805458768872 0.28732226561103 0.04358830146223 0.054099335144029995 0.2686411149825 0.26612669351303003 1.6353694609307599 0.8630074187887 0.08013937282229999 1.43752025915476 0.3702273496306301 0.43383220390072996 0.0 0.36737130419682 0.6917871546543299 0.24670412133422998 0.0095238095238 4.7670894288520005
0.45425604040420003 0.2826682911972 0.18763326226 0.1586668369802 0.1955233706385 0.0557416996649 0.5731972134065 0.8530062000733001 0.2499582403982 0.0408163265306 0.1373743527261 0.3423403063686 0.2646674461791 0.0149253731343 0.36606958623599994 0.37219105263630003 0.1612903225811 0.1577825159919 0.1318915625956
0.20984919009470002 0.220871940812 0.09702922739590002 0.0726711427325 0.14264118386250002 0.0945498552833 0.4837590353513 0.621945867263 0.7248145354265001 0.14916443160710002 0.7667040256702999 0.45958571763789996 0.36898326026989997 0.0396574194749 0.5089758586123001 0.30135915099599997 0.091477801662 0.1918939047034 0.45406645114340005
0.14663256607 0.0588235294117 0.2952259164536 0.14663256607 0.0588235294117 0.3037510656434 0.2625745950558 0.9314578005118 0.3205456095486 0.17843137254910002 0.33077578857629997 0.3623188405798 0.2148337595908 0.0775788576299 0.37280477408339996 0.41858482523479995 0.18499573742540001 0.2784313725489 1.0567774936066
0.0 0.0337078651686 0.0224719101123 0.0 0.0112359550562 0.0786516853936 0.15730337078630002 0.0224719101124 0.0449438202246 0.0 0.0337078651686 0.2584269662927 0.0337078651685 0.0 0.056179775280900006 0.0112359550562 0.0674157303371 0.0 0.16853932584250003
0.0 0.181716833891 0.130434782609 0.255434782609 0.545150501672 0.0 0.593227424749 0.541945373467 0.0 0.176282051282 0.20735785953200003 0.40705128205200003 0.102564102564 0.0 0.255434782609 0.547380156076 0.391304347826 0.45735785953200003 0.20735785953199998
0.1465811055492 0.18757404492219998 0.07602138090395 0.06356470137734999 0.0 0.423037325922 0.46648301003610004 1.2939595904971 1.1997975784216 0.055521805934999995 1.15485279248365 0.6679061859229001 0.35879288894625 0.044628261295949996 1.06836553927415 0.8731229460512501 0.14970116475905 0.10015006723109998 3.6699396104678996
0.4666920666091 0.3720193592198 0.2402510449577 0.0508434587707 0.13550975772260002 0.43523652235370003 0.6392974312054001 0.8686365969599 0.888711585243 0.0306122448979 1.0754394243246002 0.9811732222973 1.1060516692227 0.0 0.7735892669832001 0.5363925917176999 0.2132240179306 0.18314262121 2.0031771183702
0.10862144914371001 0.60148185309272 0.37055059670165 0.30784824285641 0.12879798305082 0.57407815982946 0.92079597512546 2.4362891290155497 1.59226948720775 0.03707180023428 1.87962558459086 1.46726666424277 1.18915973394915 0.13419133868481 1.78626694904473 1.48901084018868 0.56864032744533 0.11974499019484 5.28828889540752
0.12644090281625 0.3153727959613 0.1543744099457 0.20368299472995 0.0533021996737 0.41351329182984997 0.4048157828515 2.42039130644215 1.4380619278268 0.0185950413223 1.53936621830725 1.4144053569261 1.4176117370065997 0.1190597908526 1.2985977961092 1.5649268422190998 0.21504450076365 0.0208333333333 4.86160377108915
0.029702970297 0.1922442244222 0.0911716171616 0.0 0.0792079207921 0.009900990099 0.04950495049499999 0.39645214521419997 0.039603960396 0.0515676567656 0.154702970297 0.1406765676568 0.1010726072607 0.0 0.039603960396 0.019801980198 0.019801980198 0.0812706270626 0.5037128712886001
0.3271049171978 0.4255852656779 0.35198830245330004 0.3266446062321 0.1139671498711 0.7406305687554 0.4732637857636 2.0129892869254 1.2265350676244 0.0212765957446 1.0024296164586 1.5408440574664999 0.761252835721 0.1194034006533 1.2461902076273998 0.9016557766559 0.43857971982939997 0.056990881458899995 1.9126679578806
0.34196820298749997 0.45154389295199 0.13056402736169 0.0288142620232 0.03180301026508 0.20210655582847997 0.23343574472429002 0.49802636905867004 0.47366917672017994 0.0 0.33958897495681 0.24620268158891004 0.12961301089491 0.10970464135 0.56301524325302 0.8888191651761401 0.07098323931869 0.040241828830499995 0.21989997271045
0.1269034911145 0.3115664882568 0.3433403050746 0.1712190895727 0.22428251516929998 0.6425812085808 0.8717247308761 2.019701580502 2.0378805749503 0.1580013740465 1.0473754363416 0.9591823714118 1.0373241158361999 0.0300751879699 1.3152719142629 1.9676466244532 0.308286329982 0.08980133706299999 4.3378353245308
0.0 0.0 0.0 0.0 0.0 0.0 0.0 0.0 0.0 0.0 0.0 0.0 0.0 0.0 0.0 0.0 0.0 0.0 0.0
1.0139280500091 1.1362957999214 0.28085938548629996 0.2427379214304 0.2581943736018 1.0302052508374 1.096552421975 2.4864923569563 2.5794504456694 0.2932741425111 1.8151318973072 1.5390097738169002 1.3517951704309001 0.0 1.8277726381330002 2.2543271113790997 0.45980675390680004 0.2771018455224 4.0570646611012
0.00781249999999 0.12538109756097998 0.01562499999998 0.0548780487804 0.0731707317072 0.14881859756080001 0.14100609756100002 0.59489329268316 0.8199314024382001 0.0365853658536 0.29477896341479004 0.20884146341459 0.24028201219498999 0.0182926829268 0.22446646341460003 0.1303353658538 0.109756097561 0.0 0.75514481707399
0.2358344693328 0.242789654267 0.2051042793525 0.59604499337 0.0535117056856 0.13309073356610002 0.396064247923 1.1091457795597 0.7691130392234999 0.0116959064327 0.45286176009780005 0.26686999778009995 0.511341672036 0.0250738328541 0.8575635927174 1.2663954699017999 0.4511015066221 0.12384323148349999 0.2925541277943
0.0 0.0 0.0 0.0 0.0 0.0 0.0 0.0 0.0 0.0 0.0 0.0 0.0 0.0 0.0 0.0 0.0 0.0 0.0
0.1876405031808 0.4059941646335 0.361058155505 0.047236400658699995 0.0713965089772 0.9932758521914999 0.9694158168806001 3.864215560593 1.8457380014172 0.2776705525305 2.433240972449 1.5728883695831 1.5480402851568 0.14541021804030002 1.7674662201044 2.1179503788898 0.5149433729805001 0.2737981652918 6.6026205009383006
0.068261150614 0.3439560439559 0.0992243051065 0.21609566903650002 0.052941176470500007 0.18745959922400002 0.2667097608273 0.48047834518359994 0.23109243697480003 0.068261150614 0.2866839043307 0.29069166127970003 0.10355526826099999 0.0882352941177 0.42553329023950004 0.2487394957984 0.1232062055593 0.1521654815772 0.2667097608271
0.2627422165307 0.1685260218755 0.14246005920260002 0.1924695064344 0.0449142401276 0.14246005920260002 0.3527365481911 0.6601851657463 0.5439989083197 0.0630130371801 0.4559192156702 0.5288140574807 0.3269624000168 0.0263157894737 0.8255894023056001 0.3609955283103 0.3148741418762 0.07243717590750001 0.5145865261485
0.09214285714280002 0.1114285714285 0.7530952380961 0.135 0.5049999999999 0.2659523809523 0.7278571428570999 0.7014285714288 0.3909523809524 0.0133333333333 0.4133333333332 0.4297619047622 0.1409523809523 0.0238095238095 0.398333333333 0.428095238095 0.34809523809529996 0.79 0.33142857142860005
0.375 0.28125 0.0 0.09375 0.0 0.0 0.1875 0.0 0.28125 0.0 0.0 0.65625 0.375 0.0 0.65625 0.0 0.09375 0.0 0.0
0.0 0.0 0.0 0.0 0.0 0.0 0.0 0.0 0.0 0.0 0.0 0.0 0.0 0.0 0.0 0.0 0.0 0.0 0.0
0.17861888168391998 0.250290174878 0.32551092014726 0.0521256141849 0.07167129319401999 0.54012638375792 0.52800147955812 1.6547663799071402 1.02588546919552 0.0721259691777 1.5489734687318202 1.067540382012 0.74197320185062 0.0397350993377 1.1199316068440202 1.2340343594941199 0.17966103897492003 0.0558641315957 2.3131641454792997
0.2493706293705 0.49160839160819997 0.11207459207439999 0.143916083916 0.1975291375289 0.2610722610721 0.2515384615389 0.9354545454548 0.7843822843816 0.0998368298367 1.0139860139859 0.6299067599068 1.1439160839148 0.0192307692307 1.1806060606058 0.6439160839164 0.4988344988335 0.2023776223776 1.1404428904445
0.68775292028967 0.9156020552895 0.49590465900833 0.33263738196245995 0.09121029855301 0.51448770929083 1.0613541010798802 2.7127989317122005 1.4804034955321002 0.10372471044146 1.89302589814218 1.72991466422378 1.8616891282923398 0.22865194705966999 2.1573424625803397 1.35111219836667 0.44642182418906995 0.21811466903461 2.71785094495592
0.17569472503832 0.18565749807397 0.13105638534437 0.14945244730567 0.04222632178037 0.32635510537417 0.30374047487697 1.25776074845003 0.84454783129989 0.050068689406 0.82855693755296 0.7386923384185 0.73475083639452 0.057911057031770005 0.89762715621234 0.79704316157502 0.2527593130903 0.07434941319617 2.1517495595793896
0.2 0.2 0.04 0.0 0.04 0.04 0.39999999999999997 0.16 0.08 0.08 0.24000000000000002 0.16 0.16 0.0 0.28 0.08 0.04 0.24000000000000002 0.56
0.06836548002979001 0.292671824428 0.0934204360649 0.0323741007194 0.10586433756800001 0.506661657969 0.2203471342701 1.2476604016250998 0.7148383561753 0.0125 0.7315099463078 0.9697744980056899 0.73946251347438 0.01704136690649 1.15522129483358 0.80555123958889 0.1143636814685 0.0625155048375 1.10985622572668
0.047417840375499995 0.18967136150226 0.13859154929575998 0.027417840375499998 0.0140845070422 0.11708920187766 0.12300469483570001 0.6565258215959201 0.8093896713614601 0.0 0.5261971830985 0.36751173708936 0.312676056338 0.140845070422 0.34159624413132 0.7285446009399801 0.053333333333299995 0.01999999999996 0.38610328638488
0.19852697215249998 0.38261118676399997 0.1587873386647 0.5668750795555999 0.050728206571399995 0.5062069018831 0.38705038136529996 2.2286252395693005 1.9574240247057997 0.1405930643365 1.2288097467230998 1.0485678035264 1.2655503757325999 0.0852016482239 1.7908412542749998 1.7386306877775999 0.36146827306240004 0.0901485598735 2.8133532552394
0.0 0.0 0.0714285714284 0.0 0.0 0.0 0.0357142857142 0.0357142857142 0.3214285714295 0.0 0.0714285714284 0.1071428571427 0.0714285714284 0.107142857143 0.0714285714284 0.1071428571427 0.0 0.0 0.0
0.30032570227119 0.34472803437628 0.06005757714198999 0.09422352603669 0.07557039884128 0.1432447568937 0.36366565407409 0.83090844633447 0.6103292679959 0.0 0.58262752892566 0.7711799303970001 0.5521188756165001 0.016713091922 0.76393022147579 0.7183508117822001 0.2020528451593 0.0879824453467 1.4819908854085901
0.1723465700505 0.4457259961861 0.23600580753300002 0.587515057551 0.0286240032713 0.3235483487888 0.6872944825961 1.7405311797037004 1.2113620653725 0.07643266730770001 0.8303578752984999 0.8628371129824 0.8348597171699002 0.0681203988445 1.0846763852595 1.2870515892860999 0.45564272879369994 0.0285308153112 1.0385371986942
0.1744913928013 0.3555325738425 0.23662847324800002 0.1999770182869 0.049098788535400006 0.13114241001549998 0.4304759403353 1.0705155564319 0.7546023616442 0.035112774549400004 0.23757619532250002 0.2565120325683 0.34306225855500005 0.0211267605634 0.47965899515239996 0.7855018221207 0.8260940936997 0.029215229215200002 0.5836753231117999
0.0 0.0 0.0 0.0 0.0 0.0 0.0 0.0 0.0 0.0 0.0 0.0 0.0 0.0 0.0 0.0 0.0 0.0 0.0
0.1334525139664 0.4740044201604 0.5872860212411001 0.08769328995020001 0.0944195469334 0.41222960279890003 0.8318418564676999 3.2799377494032 1.6322932040033 0.0944195469334 1.8918937933571 1.3868172386277 1.3509491067599 0.0940893854748 1.7529417398252 2.0970082878028 0.7709714531289 0.07008938547480001 2.9576618576938003
0.0 0.0 0.0 0.0 0.0 0.0 0.0 0.0 0.0 0.0 0.0 0.0 0.0 0.0 0.0 0.0 0.0 0.0 0.0
0.46528918080680004 0.6414845222902 0.20117740071739998 0.39253542540950004 0.15796083439759998 0.3636751201128 0.5349607735813 1.0514030286440998 1.0629526242175 0.1728395061729 0.4263826552329 0.6023614912126 0.6033977984551 0.0 0.9864781365934001 0.8163747491332001 0.3397932250808 0.21582922824290002 0.9651042997020001
0.030303030303 0.151515151515 0.030303030303 0.0 0.030303030303 0.18181818181800002 0.121212121212 0.21212121212100002 0.181818181818 0.0 0.121212121212 0.181818181818 0.060606060606 0.0 0.151515151515 0.242424242424 0.030303030303 0.030303030303 0.24242424242399999
0.076923076923 0.055702917771800003 0.0 0.0384615384615 0.0 0.0 0.0689655172415 0.2612732095493 0.1724137931034 0.0 0.076923076923 0.0862068965517 0.1923076923075 0.0 0.261273209549 0.3395225464193 0.0862068965518 0.0 0.28381962864730004
0.0384615384615 0.4134615384615 0.076923076923 0.153846153846 0.24038461538460001 0.0384615384615 0.1634615384615 0.0384615384615 0.0 0.326923076923 0.0 0.0384615384615 0.0 0.0 0.0384615384615 0.0384615384615 0.125 0.1538461538462 0.115384615385
0.0934980052626 0.3585358784659 0.1721494020255 0.1395506368416 0.05071725659950001 0.4245861422719 0.2634019317457 1.5805506413086001 1.1008794267297 0.030962823725999997 1.4619198955502 1.0987034766066999 0.7488873140962 0.0213903743315 1.0288413212185 1.1940806226796 0.1340332783831 0.0641711229946 2.0331404491622003
0.09835785152234 0.19671570304500002 0.08227848101268 0.0379746835443 0.1127266507013 0.0949367088609 0.22203215874084 0.47690728703324003 0.33544303797454 0.14146424905904 0.30892918234683997 0.2772836127264 0.4308929182343 0.0 0.5097502565861 0.24683544303849997 0.1835443037974 0.0667122819021 0.1772151898734
0.169919749276 0.65134679533583 0.50103151757361 0.2362076087569 0.2628680013626 1.2954989634483098 1.0305249462036001 3.46793618270921 1.7966399061880098 0.11683796740940001 1.63709096336683 1.64159517665581 1.4755083230537096 0.0753119061389 2.3570486237365396 1.5303183562854201 0.82432817391901 0.18734500028569998 3.7426418382927196
0.1125660677196 0.2704626874288 0.17145600973570002 0.21486684781239998 0.049885207860199995 0.35693214972839 0.18173527503689 1.06585134679297 1.10255385575729 0.0288461538461 0.86508322587089 0.8191141596017 0.70526748064419 0.0758584724005 0.8842066716677 0.92461825912619 0.6576702441492001 0.0288461538461 1.4841797309771798
0.0281690140844 0.0422535211267 0.0422535211267 0.0 0.0422535211267 0.0563380281689 0.0845070422534 0.0845070422534 0.0563380281689 0.0281690140845 0.0845070422534 0.0704225352112 0.0 0.0 0.0704225352113 0.1267605633802 0.0422535211266 0.056338028169 0.0845070422535
0.0707584057249 0.29344857556540005 0.1373630394725 0.010752688172 0.0828563477486 0.5650836406338999 0.43668243522960004 1.2009839381327 1.2098411653037 0.09646538366919999 1.9550904305342 1.3872029479912 0.749435527532 0.0396871945259 1.3141879206056 1.2738328790137 0.2190538062041 0.056363636363600006 0.9009100375784
0.1352574416732 0.19720434432859998 0.2509050683827 0.10428399034579999 0.0929203539822 0.3892799678205 0.17759452936429998 0.9726468222039001 1.1326427996787 0.0 1.3227071600974 0.315969428801 0.4873290426395999 0.0 0.6876508447305 1.2658889782775 0.0619469026548 0.0309734513274 0.37479887369229997
0.04446600975407 0.15048498388914 0.05798236454327001 0.04873594107694 0.01183431952662 0.18670732763148 0.17005541411000996 0.63187679150548 0.60625489194899 0.05559868617494 0.41635261018826003 0.20563088690263 0.43003867032099 0.02195179696848 0.4051903391338099 0.5322831214001 0.09078577726098 0.0367995127044 0.89697055495967
0.0 0.0 0.0 0.0 0.0 0.0 0.0 0.0 0.0 0.0 0.0 0.0 0.0 0.0 0.0 0.0 0.0 0.0 0.0
0.44520155216955 0.7098578651367501 0.28420175515255003 0.3946990550041 0.0384615384615 0.6364198347379 0.7874379358917 2.3168825210818 1.85513736840965 0.10682178763130001 1.68981219648455 2.07348497064185 1.3390954803833999 0.09849688031750001 1.66198465972905 1.0052245431444 0.6431920578857 0.4197848946285 3.4938031031042502
0.1095238095238 0.334173669468 0.12464985994380001 0.24495798319309997 0.07184873949580001 0.0882352941174 0.3743697478997 0.5642857142855 0.4851540616253 0.0 0.5400560224088 0.4044817927169 0.42240896358560004 0.0238095238095 0.6630252100843 0.8543417366944 0.290476190476 0.10602240896349999 0.2981792717085
0.19021767705960002 0.2846364162155 0.16818707608179997 0.1097980966402 0.12622903412359998 0.2042036910453 0.38741521636340004 0.6818444713185 0.9147168620849001 0.0 0.3451285556546 0.4203165255798 0.4000210316003 0.0192307692308 0.7129843840369 0.8479809664029999 0.8192333981806 0.0377648667122 0.3300909616698
0.220588235294 0.0588235294118 0.08823529411770001 0.0147058823529 0.0441176470588 0.0147058823529 0.0294117647058 0.0882352941176 0.0441176470588 0.0294117647058 0.0147058823529 0.10294117647050001 0.0 0.0 0.1176470588236 0.0294117647058 0.0 0.0882352941176 0.0147058823529
0.0991085204869 0.1655188459748 0.25809678920429996 0.1373319291713 0.0828292228943 0.3055962381521 0.4027111753329 1.4375278587340998 1.0436200435946001 0.10274546300590001 1.5480737674807998 0.7875878621649 1.229860890009 0.171009771987 1.1738005437041 1.2648661556167 0.2680365408634 0.09234160319349999 1.4293367784281998
0.0735241502684 0.0735241502682 0.0153846153846 0.0465116279069 0.061896243291600005 0.0116279069767 0.1737030411448 0.2588550983901 0.1121645796065 0.0116279069767 0.1737030411448 0.1466905187834 0.0694096601073 0.0386404293381 0.2701252236136 0.2082289803221 0.0615384615384 0.0581395348837 0.13470483005359998
0.09458874458870001 0.1374458874459 0.13116883116880002 0.0794372294372 0.0 0.09458874458870001 0.204329004329 0.5764069264071999 0.4954545454552 0.051731601731600005 0.2534632034633 0.2900432900435 0.2043290043289 0.0214285714286 0.5383116883111 0.3632034632035 0.15 0.1489177489179 0.16515151515159998
0.0526315789474 0.0 0.1578947368424 0.0526315789474 0.0526315789474 0.0 0.0526315789474 0.2105263157898 0.0 0.0 0.0 0.0 0.105263157895 0.0 0.0526315789474 0.0 0.0 0.105263157895 0.1578947368424
0.04 0.32 0.0 0.0 0.0 0.0 0.04 0.1599999999999 0.04 0.0 0.0 0.2 0.04 0.0 0.1599999999999 0.7200000000008001 0.04 0.0 0.2399999999999
0.0277777777778 0.0277777777778 0.0 0.0277777777778 0.1111111111112 0.0 0.0555555555556 0.0555555555556 0.08333333333340001 0.0277777777778 0.0277777777778 0.0555555555556 0.08333333333340001 0.0 0.16666666666680002 0.1111111111112 0.0277777777778 0.0555555555556 0.0555555555556
0.0723701910142 0.16015187485299998 0.1351316972902 0.0555977680294 0.0656443368307 0.2539288556595 0.2086703295836 0.849884562954 0.6197230186303 0.0364040375386 0.9809413494258 0.7263449738448 0.5628723843741 0.0112994350282 0.7687443083521001 0.7736713483107 0.08949607311409999 0.0564971751412 0.5726262800238999
0.1558693021378 0.24824526018530002 0.1319887051229 0.24824526018530002 0.1948366276723 0.1615167406214 0.3563533682933 0.7686163775703001 0.5316659943518 0.0509076240419 0.47575635336800004 0.26018555869279997 0.5197256958451999 0.0 0.6818878580065999 0.42420330778470006 0.1703106091163 0.1709560306574 0.448729326341
0.5583350720363 0.8009239574414999 0.7446148326438999 0.4243101667791 0.1994496223848 0.9797488652353001 1.3376584496014001 2.9272620560275997 1.5185032448426998 0.1041456804253 1.0386017760886999 1.4783484288222 1.5439519966934 0.2727694448751 1.4859993655486 1.3696715086180002 0.8597545155748001 0.3003420809472 1.0556089354138
0.1073744064863 0.2486054945273 0.0743979357797 0.2525538689038 0.0137614678899 0.42854071100909996 0.36790424312020004 0.607028609367 0.8206834460006001 0.0275229357798 0.8309844278133 0.5962774625781 0.7214409303072999 0.0371989678899 0.9244414433434001 0.7539873551420999 0.4822951875103 0.156360655078 0.5486404514728
0.0 0.0350877192982 0.0175438596491 0.0175438596491 0.0526315789473 0.0 0.10526315789480001 0.08771929824550001 0.140350877193 0.0175438596491 0.0350877192982 0.08771929824550001 0.1578947368421 0.0 0.0877192982456 0.0350877192982 0.0 0.0701754385964 0.0526315789473
0.0696663863191 0.21777119873040002 0.1604872571173 0.0630037496495 0.112058080808 0.5736257112449 0.3187841395142 1.978407330902 1.2125464556432002 0.071654040404 0.8396974891683 0.7314218447936 1.0573593359586 0.0488418138492 1.0825580469652 1.2043450405450997 0.1163651071268 0.0 1.1414069712597
0.2537064492215 0.078947368421 0.0 0.2763157894735 0.0 0.112676056338 0.42290585619000004 2.255003706449 0.34951816160150007 0.0394736842105 0.5693106004445 0.8063380281685 0.40585618977000004 0.0 1.0713491475180001 0.6426982950344999 0.2424017790955 0.067642698295 0.4058561897695
0.26036843728771997 0.35314182858688 0.14233330117096002 0.17370546551282 0.14911565343048 0.52645150346692 0.22830300732634 1.3519506474028997 1.3231322580460998 0.03711371827314 1.09448273899542 0.7816020668286001 1.18111493926516 0.028942818723200002 1.32365917039246 0.8348500227318001 0.20180064811865997 0.058568293182140005 0.9493634812538001
0.0 0.0 0.0 0.0 0.0 0.0 0.0 0.0 0.0 0.0 0.0 0.0 0.0 0.0 0.0 0.0 0.0 0.0 0.0
0.6073457520233 1.5813637658287 0.5635590971536 0.3572172102711 0.1291654223446 1.2341332477899 0.8136359364786 3.331747345476 2.9512225820868996 0.111702127659 2.4878956538138004 1.3941623627811 1.7324993847002 0.1085589941972 3.2174933562193 1.8494215566641001 0.9803115351931999 0.3788574804805 2.1697071888477
0.0333333333333 0.31670672938419997 0.1169768516046 0.2830560364826 0.0217391304348 0.36467714686409997 0.14667982190150003 1.2225627989647998 0.8271119860321 0.0 0.5730342821650001 0.7135852937877999 0.7006321006585998 0.143229662541 1.0552251734220999 0.6887129969737 0.1419390669629 0.0217391304348 0.6290584580515
0.0518740629685 0.1736131934033 0.0689655172413 0.1040479760121 0.0344827586206 0.10374812593690001 0.1038980509744 0.588305847077 0.5719640179919 0.0172413793103 0.1212893553221 0.3287856071962 0.1905547226384 0.0518740629685 0.433283358321 0.5376311844077 0.24152923538210003 0.0866566716641 0.19025487256350002
0.117647058824 0.235294117647 0.156862745098 0.0392156862745 0.235294117648 0.0 0.0392156862745 0.2352941176475 0.0392156862745 0.0392156862745 0.0392156862745 0.19607843137249997 0.1568627450985 0.0 0.27450980392200003 0.0392156862745 0.117647058824 0.0392156862745 0.0
0.11188941813780001 0.35407281616900005 0.0960423646704 0.1211263659287 0.015503875969 0.22466142784329998 0.23424155313259998 1.0972132652407802 0.6619575221518701 0.03929504475567 0.808103096354 0.7075485977477001 0.6875420307294 0.0406709711774 0.78395440513981 0.6500648875858 0.27807952010254 0.015503875969 1.07252896119124
0.2028409090908 0.413068181818 0.0 0.0078125 0.0078125 0.0390625 0.35099431818140003 0.45213068181780003 0.210653409091 0.0857954545454 0.2338068181818 0.1872159090908 0.2183238636364 0.0078125 0.6392045454566 0.529971590909 0.1637784090908 0.1248579545454 0.1248579545454
0.1249999999998 0.275000000001 0.15 0.1499999999999 0.025 0.175 0.175 0.6000000000008 0.4499999999996 0.0749999999999 0.0999999999999 0.14999999999969998 0.17499999999979998 0.0 0.3999999999997 0.4000000000008 0.1999999999999 0.0 0.3749999999998
0.0217391304348 0.0434782608696 0.0217391304348 0.0 0.0 0.0217391304348 0.108695652174 0.1956521739132 0.0652173913044 0.0 0.0652173913044 0.0217391304348 0.1739130434784 0.0434782608696 0.0652173913044 0.0434782608696 0.0217391304348 0.0 0.0869565217392
0.347826086957 0.0869565217391 0.0 0.0 0.0 0.0 0.0 0.0869565217391 0.1739130434782 0.0 0.0 0.173913043478 0.347826086957 0.0 0.4347826086961 0.0 0.3478260869561 0.0 0.0
0.0 0.0 0.0 0.0 0.0 0.0 0.0 0.0 0.0 0.0 0.0 0.0 0.0 0.0 0.0 0.0 0.0 0.0 0.0
0.0673620933521 0.0742806893471 0.14054008784314 0.027758132956100003 0.0 0.38687839648637 0.40674551477667004 0.55439961289401 0.4326890865777 0.0 1.0451313928385702 0.69869909923387 0.63942343482581 0.0 0.80759137943964 0.93823047718257 0.10203882230316999 0.0267857142857 0.6514460656592
0.2584998155084 0.15333930736379997 0.0684729323704 0.0935638606293 0.0385852090032 0.112856465131 0.5064045121495 0.6279584629178999 0.5151019977875 0.0491803278688 0.6472510674198999 0.6192609772814 0.6028675346585 0.0385852090032 1.0658900426961 0.8430762743126999 0.305782510147 0.1176532602392 0.3356702335146
0.46916770948786995 0.58279153311826 0.26937312663107 0.53498041284862 0.17492676612836 0.65239532382 1.01713861951075 2.90072139199863 1.35299638936007 0.057603298830120005 1.3420551203211202 1.54356838164831 1.08580384703907 0.28229381754116 1.3897128860485202 1.40049851464293 0.75080892210571 0.24305682906429998 0.9501071098528799
0.32800016292 0.42119954100100004 0.12422488631669999 0.297230260438 0.0 0.72019667765173 0.41641853321911 1.5839399933489402 1.06952858037743 0.0 0.8432248127565 0.9342059007935102 1.05348503298241 0.08373223919139999 1.5595317198042298 1.27258486248421 0.551504568929 0.0632492765605 1.6777429512209001
0.0 0.0 0.0 0.0 0.0 0.0 0.0 0.0 0.0 0.0 0.0 0.0 0.0 0.0 0.0 0.0 0.0 0.0 0.0
0.19742478245470002 0.3597236651347 0.2114025500908 0.2036853775236 0.0975609756097 0.5216750143131 0.6217256162999001 1.9825906543499998 1.8717619962407002 0.0975609756097 1.4099331613469 1.1061916991943002 1.3526553695383998 0.0347622302509 1.2836583097883 1.3055916353424 0.22368537752359996 0.0477777777778 1.0706328316141
0.22152624252868 0.35830672234426003 0.13678047981638 0.14644231556520002 0.00483091787439 0.09068206009989 0.34864488659638 1.14627855563904 0.45009416195929 0.0423728813559 0.29992630803239 0.45271432080637997 0.40027020388129 0.052034717104679995 0.76602800294742 0.45603045934667996 0.1271186440677 0.17432244329839 0.32559567673837997
0.3800165386089 0.5080983488634699 0.160201833245 0.32841490958914 0.11503759398494001 0.68451685417464 0.5867707870036 1.34309215746454 1.4406256009067002 0.07173671884617 1.09255872991604 1.3064127949886 1.4770987252941998 0.0588235294117 1.3419703091140398 1.32355118095207 0.29022575767244 0.21152072563277 1.2793269043328999
0.0 0.0 0.0 0.0 0.0 0.0 0.0 0.0 0.0 0.0 0.0 0.0 0.0 0.0 0.0 0.0 0.0 0.0 0.0
0.37368261515776 0.32504367240163 0.15461186647622 0.1342314935534 0.03648638942753 0.21685492971613 0.23633032526331998 0.9941606194843999 0.68769564322895 0.01939237233353 0.49323287767915 0.29893737590635 0.8444459052631199 0.0169491525424 0.9999284198685799 0.36462797200568997 0.3541797075196 0.0554334554334 0.39377520673596
0.1625279891702 0.35697683416660003 0.0962938718413 0.11136318800549999 0.0 0.36720554330020005 0.6573945378702999 1.1320678674687 0.6565579348433 0.048689449236899995 0.5702813795881001 0.5919364952221 0.5282602609245 0.168423898351 1.3081354413472 1.3505484582140002 0.3383471394425 0.1568544324018 0.3981352786103
0.0365198711062 0.15081751999030002 0.1288280224369 0.0777777777781 0.0476309822173 0.0111111111111 0.1816624895572 0.4987647690648 0.3637605919561 0.0111111111111 0.0914011218521 0.2397004415801 0.1367525957749 0.0444444444445 0.2891454827544 0.149677765843 0.3921231650561 0.0242690058479 0.1245017305168
0.0 0.0 0.0 0.0 0.0 0.0 0.0 0.0 0.0 0.0 0.0 0.0 0.0 0.0 0.0 0.0 0.0 0.0 0.0
0.2194896550226 0.2199571632039 0.0757363253857 0.0649836372137 0.0232558139535 0.47907629081130004 0.34290637876880004 1.1011883405636 0.8731802515855 0.0930232558139 1.1080922404522 0.9663013579484 0.9761407743252999 0.0542309490415 0.8813453363343 1.0832979984136 0.25419941942 0.0449949443883 1.1385998673575
0.0 0.0 0.0 0.0 0.0 0.0 0.0 0.0 0.0 0.0 0.0 0.0 0.0 0.0 0.0 0.0 0.0 0.0 0.0
0.054054054054 0.1328052190122 0.05288909599251001 0.025862068965469998 0.08108108108100001 0.0344827586207 0.15983224603897 0.3369058713884 0.2253028890962 0.054054054054 0.052889095992470006 0.060344827586199995 0.21272134203154003 0.0 0.09599254426834 0.22134203168667 0.043103448275799996 0.035647716682170004 0.12068965517244
0.0 0.0 0.285714285714 0.0 0.0 0.0 0.0 0.0 0.0 0.0 0.285714285714 0.142857142857 0.0 0.285714285714 0.0 0.0 0.0 0.0 0.0
0.0 0.0 0.0 0.0 0.0 0.0 0.0 0.0 0.0 0.0 0.0 0.0 0.0 0.0 0.0 0.0 0.0 0.0 0.0
0.176470588235 0.10370370370359999 0.0958605664488 0.0 0.2662309368189 0.0666666666666 0.0958605664488 0.3093681917209 0.2069716775599 0.37777777777800003 0.10370370370359999 0.037037037037 0.1254901960784 0.0 0.4283224400867 0.074074074074 0.037037037037 0.13289760348580001 0.36252723311580004
0.0076923076923 0.1460622710622 0.0362179487179 0.0560439560439 0.0208333333333 0.3491300366298 0.0625 0.6137362637361 0.6590201465207001 0.08676739926730001 0.8528388278389 0.6984432234435001 0.5700549450546 0.0406593406593 0.4183608058606 0.6489010989009001 0.11978021978020001 0.0076923076923 0.6052655677664001
0.07954545454539999 0.1477272727266 0.0454545454545 0.0568181818182 0.0 0.1136363636362 0.10227272727289999 0.602272727272 0.20454545454550002 0.0 0.1136363636362 0.2954545454542 0.25 0.0795454545457 0.32954545454510004 0.32954545454530004 0.1363636363634 0.0113636363636 0.10227272727249999
0.31890051132249997 0.8188520347598001 0.19305861827820003 0.1103957649923 0.0704225352112 0.4937242746712999 0.5284070440412001 2.1839476281178 1.1666536363881999 0.0690721223158 1.1669601092697 1.0617559264912002 1.1146807900642 0.12462102934340001 1.145694774953 1.1888860575059 0.7954521581291001 0.0872806258949 1.3612343582445
0.087682379349 0.2923681257016 0.0464365881032 0.10493827160489999 0.0246913580247 0.1503928170594 0.11728395061729999 0.40081369248009996 0.4466891133552 0.0 0.1328563411893 0.27707631874289995 0.20496632996619998 0.0454545454546 0.571689113356 0.4050224466894 0.317059483726 0.0555555555555 0.31902356902390006
0.0666666666666 0.0333333333333 0.1 0.0 0.2 0.0333333333333 0.2666666666666 0.19999999999959997 0.133333333333 0.4 0.2 0.0333333333333 0.16666666666660002 0.0 0.1333333333332 0.0 0.0333333333333 0.0 0.0
0.30052874661560003 0.293517404739 0.1416393026942 0.33313744226770003 0.0 0.621592195773 0.38142949265119996 1.4405418224891997 1.1029257032176 0.027397260274 0.8911927926181 1.1172478047414 1.5051143396372 0.0762141084721 1.4210179278086998 1.2021160533650999 0.3718760949195 0.1607305936072 0.6117809141104
0.0 0.1890043290041 0.2481385281383 0.064935064935 0.0 0.5936796536797999 0.12987012987 0.7861471861475 0.6702164502163 0.0324675324675 0.9200865800864 0.3722077922075 0.5536796536795999 0.0974025974025 0.3971428571425 0.7884848484845999 0.0324675324675 0.0324675324675 0.09160173160169999
0.142226910268 0.38170285528509995 0.0913903594315 0.0309278350515 0.101673101673 0.2312733020205 0.2873117594772 0.6124159137046999 0.4660508630868 0.0 0.4115427098671 0.35673983998720005 0.4403144860624 0.0228092783505 0.35305579880300003 0.526624009871 0.09323760432 0.11858108108099999 0.3321222916584
0.0 0.0 0.0 0.0 0.0 0.0 0.0 0.0 0.0 0.0 0.0 0.0 0.0 0.0 0.0 0.0 0.0 0.0 0.0
0.15285513573179998 0.3319617977154 0.0460927960927 0.1004273504273 0.1016483516483 0.558077006707 0.4060999882916 0.7352392660612002 0.564069112015 0.0 0.7181828825664001 0.4294537273989 0.5386538879687001 0.124809741248 0.7134117784799 0.5101527087825 0.37667887667950006 0.017094017094 0.5750915750918
0.09128205128200001 0.38820512820488 0.0266666666666 0.16346153846138 0.06089743589738 0.23076923076908 0.32576923076898 0.78128205128176 0.30320512820519996 0.0 1.1275641025641598 0.5420512820509599 0.35730769230728 0.0192307692308 0.42294871794854005 0.6793589743595 0.21564102564089999 0.0 0.2643589743588
0.1964285714284 0.208928571429 0.08035714285710001 0.0553571428571 0.0857142857142 0.0125 0.2339285714282 0.5410714285716001 0.346428571429 0.0428571428571 0.21428571428550003 0.27857142857100003 0.1107142857142 0.0 0.30178571428520007 0.2285714285713 0.6696428571432 0.1107142857142 0.2821428571432
0.1224489795923 0.0816326530612 0.061224489795900006 0.0 0.061224489795900006 0.0 0.12244897959190001 0.14285714285720003 0.0 0.061224489795900006 0.0 0.0816326530612 0.061224489795900006 0.0 0.0816326530612 0.0204081632653 0.0 0.0816326530612 0.0204081632653
0.14747303543919998 0.09726801695700002 0.2501653799786 0.039676425269599996 0.0113636363636 0.1878879423904 0.20244700894970002 0.8774217409015 0.3401997892333 0.0710880829015 0.5658268998943 0.3761960209809 0.3938225408558 0.0546236936857 0.5227990850807 0.3316114468653 0.16 0.0227272727273 0.3474019815259
0.1161387631976 0.1753393665159 0.0776772247361 0.0576923076923 0.07692307692309999 0.0584464555052 0.1934389140271 0.07730015082950001 0.0192307692308 0.077677224736 0.0196078431372 0.19381598793369997 0.1353695324284 0.0196078431372 0.1760935143289 0.2733785822019 0.07730015082950001 0.07692307692309999 0.0980392156861
0.23785578747609998 0.2827502149829 0.17888301387970001 0.3623112238733 0.1518836748183 0.11972937054480001 0.5566275078353 0.9526455308485 0.3301558535696 0.0588235294117 0.5282227860333 0.6854284374128 0.6129565273010998 0.0860215053763 0.6737625169682 0.5217789906824 0.38902984173 0.0588235294118 0.21231015784350002
0.0344827586207 0.240053050398 0.1600985221673 0.0344827586207 0.0 0.0 0.2824933687 0.21485411140580002 0.08620689655159999 0.0172413793103 0.194581280788 0.2807881773398 0.2055702917769 0.0172413793103 0.1551724137929 0.3374384236449 0.17108753315630001 0.2652519893896 0.3029556650243
0.0526315789473 0.0 0.0 0.105263157895 0.0 0.0 0.0526315789473 0.1052631578946 0.2105263157896 0.0 0.0526315789473 0.1578947368423 0.1052631578946 0.0526315789473 0.3157894736843 0.2631578947373 0.263157894737 0.0 0.263157894737
0.0 0.142857142857 0.0 0.142857142857 0.142857142857 0.0 0.285714285714 0.0 0.0 0.142857142857 0.0 0.0 0.0 0.0 0.0 0.0 0.0 0.142857142857 0.0
0.0 0.0701754385964 0.0 0.0 0.0350877192982 0.0350877192982 0.0 0.3157894736838 0.0701754385964 0.0 0.49122807017539993 0.17543859649100002 0.2807017543864 0.0 0.1754385964912 0.2105263157894 0.0350877192982 0.0 0.1052631578946
0.1495016611296 0.2325581395354 0.0 0.0498338870431 0.0 0.31561461793949996 0.232558139535 0.3820598006634 0.6312292358807 0.0498338870431 0.5315614617928 0.3820598006632 0.5481727574747999 0.0332225913621 0.4485049833886 0.6478405315608 0.0996677740862 0.0 0.2657807308973
0.5935262739232 0.5537020305971 0.214368081698 0.07796780684099999 0.0205479452055 0.54590041939 0.5431273066657001 1.9763793803796 0.48632124060040005 0.2214278823624 1.1339271733346998 1.3191983785387 0.7384100025119 0.0571541190382 1.4659498423905997 0.8171621887945999 0.25751770899320003 0.1267605633802 0.8506516553554999
0.0887057387057 0.1659673659672 0.0916583416583 0.0433566433566 0.0076923076923 0.2294205794205 0.2315462315461 0.5497280497278001 1.0426739926733 0.0 0.723304473304 0.5308191808191001 0.5146797646797 0.142857142857 0.9289488289482 0.5880064380062 0.21320901320879998 0.08015873015870001 0.827267177268
0.0384615384615 0.0192307692308 0.0 0.0 0.0384615384616 0.0192307692308 0.0192307692308 0.09615384615389999 0.0384615384616 0.2884615384615 0.0192307692308 0.096153846154 0.1153846153846 0.0192307692308 0.153846153846 0.19230769230769998 0.0 0.7692307692308 0.07692307692309999
0.0384615384615 0.1186931348221 0.0 0.051282051282 0.0 0.1381306865177 0.1315136476425 0.4433416046315 0.4309346567417 0.016129032258 0.3891645988419 0.28866832092670003 0.1542597187757 0.025641025641 0.26013234077749997 0.3147229114974 0.0384615384615 0.0128205128205 0.1476426799005
0.0473635522664 0.1256244218317 0.1777983348754 0.0260869565217 0.0260869565217 0.35559666975110005 0.0521739130434 0.47844588344040007 0.5258094357074999 0.0 0.5759481961143 0.3740980573537 0.3343200740058 0.0260869565217 0.2677150786308 0.4386679000937 0.0 0.0521739130434 0.11600370027740001
0.3754949941876 0.202396953405 0.039721385542200005 0.4429458428447 0.105071448585 0.3111177838785 0.5469389202007 1.3767188349128 1.0005739717193 0.09789957703140001 0.636432381041 0.482110707478 0.9171838882778001 0.0904532106922 1.2454753221837997 0.8968722329907001 0.2040654180436 0.0604005167958 0.9681266101932
0.0 0.0 0.0 0.0 0.0 0.0 0.0 0.0 0.0 0.0 0.0 0.0 0.0 0.0 0.0 0.0 0.0 0.0 0.0
0.0447761194029 0.30504805062749996 0.0955587914088 0.0223880597015 0.0142857142857 0.0812610622246 0.2525352332414 1.0797036085944 0.7808141797326 0.0 0.6158777779969 0.3985806280384 0.6185761090017999 0.0467783036039 0.6753309028562999 0.5130671883881 0.49462270528999996 0.1058401372925 0.8549554283134
0.043184885290100006 0.3326007326006 0.1087526508578 0.0886446886446 0.0128205128205 0.13508771929820002 0.2829573934836 0.5100636205897 0.6349334875646 0.047619047619 0.3652978600344 0.4180451127818 0.5499518025829999 0.0153846153846 0.6078272604584001 0.47709658762240004 0.07326007326 0.050472334682800005 0.24599961442090001
0.0579710144927 0.0 0.1159420289852 0.0289855072463 0.0 0.0289855072463 0.0 0.2898550724633 0.086956521739 0.0 0.20289855072500002 0.1449275362323 0.0 0.0 0.318840579711 0.0579710144926 0.46376811594269995 0.0289855072463 0.173913043478
0.0 0.0 0.0 0.0 0.0 0.0 0.0 0.0 0.0 0.0 0.0 0.0 0.0 0.0 0.0 0.0 0.0 0.0 0.0
0.0588235294118 0.41751363408869996 0.49806748042860005 0.0 0.0509554140127 0.5389659048336 0.7288668690556 1.6180655151539 0.7302169923352 0.1355932203387 1.7636821349556 1.0334651426213999 1.4543814082392 0.0 0.7526578828718999 0.9526953835108001 0.37912878862630006 0.0 1.8869206995117
0.0 0.0 0.0 0.0 0.0 0.0 0.0 0.0 0.0 0.0 0.0 0.0 0.0 0.0 0.0 0.0 0.0 0.0 0.0
0.0533333333334 0.35622047244120003 0.0928354923376 0.0502887139107 0.0322580645161 0.20065701464729999 0.37223605113909997 0.6480602827877 0.390131233596 0.0645161290322 0.2345677758023 0.44220811108330005 0.3613140292949 0.0236220472441 0.5818914571163 0.6089543645764001 0.09028871391080001 0.1250935568537 0.27152315638
0.0 0.0 0.0 0.0 0.0 0.0 0.0 0.0 0.0 0.0 0.0 0.0 0.0 0.0 0.0 0.0 0.0 0.0 0.0
0.0 0.0 0.0 0.0 0.0 0.0 0.0 0.0 0.0 0.0 0.0 0.0 0.0 0.0 0.0 0.0 0.0 0.0 0.0
0.0 0.333333333334 0.166666666667 0.166666666667 0.166666666667 0.0 0.0 0.0 0.0 0.166666666667 0.0 0.0 0.0 0.0 0.0 0.0 0.0 0.0 0.0
0.1475409836065 0.0491803278688 0.0 0.0 0.0 0.1475409836064 0.196721311476 0.2459016393441 0.1967213114753 0.0 0.2459016393437 0.5901639344265 0.4918032786888 0.0 0.2950819672125 0.1475409836064 0.0491803278688 0.0491803278688 0.1475409836065
0.0666052793125 0.2825352977286 0.10543278084720001 0.0883977900553 0.0666052793125 0.055248618784500006 0.1995089011664 0.37661141804799997 0.1546961325968 0.0 0.22130141190929997 0.2213014119093 0.1824739103745 0.0331491712707 0.4151319828117999 0.2323511356662 0.0662983425414 0.060926949048500004 0.17142418661769998
0.16776315789500001 0.5908285919521 0.15200407385530001 0.1089418728981 0.024393849793 0.3209349557071 0.35421498625900005 1.3057188009612 1.0592752153070002 0.0112359550562 0.9266005808207001 1.1268272039412 0.9171642400903001 0.0654545454545 0.7519022573462 1.0894181431289 0.40004973827300006 0.0464912280701 0.5807806031930001
0.02 0.20678899082619998 0.06 0.0 0.0 0.0550458715595 0.24678899082619998 0.4669724770652 0.1700917431191 0.0183486238532 0.341834862385 0.4185321100917 0.24513761467870002 0.0550458715595 0.2667889908256 0.2051376146786 0.0383486238532 0.0 0.1851376146787
0.0 0.0 0.0 0.0 0.0 0.0 0.0 0.0 0.0 0.0 0.0 0.0 0.0 0.0 0.0 0.0 0.0 0.0 0.0
0.0873015873015 0.43328386576079997 0.0936516615029 0.0645161290322 0.0 0.31162487958530005 0.3083973374299 0.8072222656156 0.7798840549524 0.0508474576271 0.8862384684148 0.5999019327069001 0.7147517508919999 0.1751152073731 0.7394794622793 0.9140861082905001 0.3569892473127 0.0 0.6767085839258
0.0 0.025 0.025 0.0 0.0 0.05 0.0 0.1625 0.1125 0.0125 0.11249999999999999 0.0 0.1000000000003 0.0625 0.05 0.2500000000002 0.0 0.025 0.0125
0.0767498187314 0.09611854183089999 0.022947810123199998 0.2180774748932 0.041606886657 0.0674009965905 0.2338285432187 0.40446768794020005 0.183582480986 0.010752688172 0.1749664460589 0.2933617191958 0.2725119945701 0.022947810123199998 0.34354607303159995 0.2301723206986 0.1025824964131 0.0588235294116 0.1455546813532
0.0 0.0 0.0 0.0 0.0 0.0 0.0 0.0 0.0 0.0 0.0 0.0 0.0 0.0 0.0 0.0 0.0 0.0 0.0
0.49004297243469996 0.39615350487024 0.13634571727622 0.07524720975982 0.01769911504424 0.55658477869072 0.84394805700152 1.0749150565129397 0.3860162124747001 0.0161290322581 0.5031764040440001 0.59759514079912 0.35391305533404 0.0688956433637 1.11141270010462 1.11893447043912 0.3781997830198 0.17781507476342 0.6969760718074001
0.0 0.0652173913044 0.0217391304348 0.0 0.0 0.0434782608696 0.0 0.21739130434800003 0.1304347826088 0.0 0.1304347826088 0.0652173913043 0.0217391304348 0.0217391304348 0.0434782608696 0.17391304347820002 0.0434782608696 0.0217391304348 0.0
0.0 0.0909090909092 0.0 0.0681818181818 0.0 0.0 0.0454545454545 0.0681818181818 0.0454545454546 0.0227272727273 0.0 0.0227272727273 0.090909090909 0.113636363636 0.1590909090909 0.1590909090906 0.0454545454545 0.0227272727273 0.0454545454546
0.0 0.0 0.0 0.0 0.0 0.0 0.0 0.0 0.0 0.0 0.0 0.0 0.0 0.0 0.0 0.0 0.0 0.0 0.0
0.0576923076923 0.115384615385 0.2932692307693 0.0 0.0 0.23557692307689998 0.2307692307693 1.2740384615386 0.5288461538463001 0.0 0.817307692309 0.7500000000003 0.5769230769243 0.0576923076923 0.4663461538469 0.6346153846173 0.1875 0.0576923076923 0.7163461538466
