0.0998122653317 0.4220901126406 0.1013767209011 0.0851063829788 0.0425531914894 0.0 0.3779724655816 0.5006257822279 0.035982478097599996 0.0294117647059 0.14236545682079998 0.2959949937417 0.0441176470588 0.0 0.35481852315359996 0.21902377972419998 0.10638297872329999 0.14236545682090002 0.0
0.09411764705879999 0.1411764705882 0.0235294117647 0.0 0.0 0.3058823529414 0.0705882352941 0.1411764705887 0.3294117647061 0.0470588235294 0.0470588235294 0.18823529411769999 0.0470588235294 0.0470588235294 0.2823529411762 0.1176470588235 0.0470588235294 0.0235294117647 0.0470588235294
0.1233766233766 0.09307359307350001 0.12121212121210001 0.0 0.0 0.1428571428571 0.030303030303 0.3874458874461 0.2207792207792 0.060606060606 0.077922077922 0.22943722943710002 0.0 0.0 0.2532467532466 0.0757575757575 0.077922077922 0.0151515151515 0.0909090909091
0.0 0.0 0.0 0.0 0.0 0.0 0.0 0.0 0.0 0.0 0.0 0.0 0.0 0.0 0.0 0.0 0.0 0.0 0.0
0.0 0.0 0.0 0.0 0.0 0.0 0.0 0.0 0.0 0.0 0.0 0.0 0.0 0.0 0.0 0.0 0.0 0.0 0.0
0.0277777777778 0.0561972863953 0.009900990099 0.00925925925925 0.0 0.1229372937294 0.09708470847085 0.3027136046942 0.2337733773376 0.0284195086175 0.21076274294100003 0.05619728639525 0.0779244591126 0.0185185185185 0.13412174550815 0.30913091309104995 0.0 0.00925925925925 0.296021268794
0.261780104712 0.1047120418847 0.0523560209424 0.0785340314136 0.0261780104712 0.2617801047119 0.4188481675384 0.6806282722520001 0.3664921465969 0.0 0.4188481675388 0.2617801047119 0.3403141361262 0.0 0.6544502617794 0.680628272251 0.1047120418847 0.0261780104712 0.2617801047121
0.5478888138211999 0.71370442508572 0.70768092601672 0.04024822695032 0.2606382978723 0.6772362639366201 0.7476427653062 2.66387546063282 0.96245720869882 0.060880556140699996 1.0052584817218402 0.8647450058459201 0.65754522342612 0.0 1.0212132259790598 0.56534437893324 0.2978884542946 0.1902638000443 1.0154884852874
0.023180458624079997 0.12484267259238 0.04012961116648 0.0704334365325 0.0289855072463 0.023180458624079997 0.1689930209378 0.6233937394529 0.45664379858166 0.086956521739 0.78837305779168 0.3088957764391 0.5275434185624 0.1083591331269 0.73439026931438 0.38621663613306 0.04949624809777999 0.0 0.44998623504
0.125 0.225 0.05 0.0 0.125 0.05 0.0 0.225 0.1 0.1 0.0 0.125 0.2 0.0 0.175 0.05 0.15 0.3 0.0
0.0247933884297 0.2866840951258 0.0947883285544 0.0 0.0 0.5261110642599001 0.2528461797942 1.0400678866588 0.3388640580198 0.0113636363636 0.778693708889 0.2396905043007 0.3908015685616 0.0247933884297 0.5808525889694 0.7190504300908 0.0247933884297 0.0 0.6658057851243
0.0243902439024 0.07317073170720001 0.0487804878048 0.0 0.0 0.27937915742770003 0.35254988913479995 0.8314855875823001 0.7538802660751001 0.0 0.6252771618625 0.1396895787139 0.18847006651870002 0.0 0.1884700665187 0.9955654101997 0.0 0.0243902439024 0.4745011086476
0.2225 0.2058695652173 0.0671195652174 0.482142857143 0.09316770186329999 0.18021739130429998 0.723742236025 1.4108540372692002 0.2748369565217 0.0 0.4171350931675 0.6145729813661001 0.7931832298136 0.065 1.0983385093173001 0.5074456521741 0.23923913043469996 0.0964285714285 0.5082065217391
0.0 0.0 0.0 0.0 0.0 0.1 0.0 0.05 0.5 0.0 0.0 0.05 0.2 0.0 0.0 0.0 0.0 0.0 0.1
0.1334776334777 0.2168090661239 0.1189933354316 0.026685643124 0.0222222222222 0.1037023858941 0.24161880737219998 0.7844955653173 0.2598549091699 0.0 0.6719600034676 0.16790120077780002 0.27765932697429996 0.0 0.4461771105604 0.3249514564581 0.3392496392494 0.0 0.8642416943783999
0.0140845070422 0.2057191634656 0.0298507462686 0.2678795523025 0.0 0.22575343512879997 0.35160943043990006 0.20391002732790003 0.3865053732612 0.0 0.3311993171144 0.4639096451168 0.1160395207062 0.0 0.6992247469437001 0.5948108369798 0.5861473681524 0.0298507462686 0.49350558347879997
0.0229885057471 0.08045977011489999 0.045977011494099995 0.0229885057471 0.0 0.0229885057471 0.0229885057471 0.12643678160900002 0.0574712643678 0.0114942528735 0.0344827586206 0.0114942528735 0.0229885057471 0.0 0.1379310344829 0.022988505747 0.195402298851 0.0344827586206 0.126436781609
0.190476190476 0.1428571428571 0.047619047619 0.0 0.0 0.047619047619 0.0 0.047619047619 0.1428571428571 0.0 0.0 0.0 0.047619047619 0.0 0.1428571428571 0.095238095238 0.0 0.0952380952381 0.0
0.0119047619048 0.08846153846148001 0.026190476190500002 0.0 0.0142857142857 0.164835164835 0.045238095238 0.5565934065938201 0.2412087912087 0.0595238095239 0.34175824175834 0.09065934065930001 0.28663003663043995 0.0 0.1846153846152 0.16190476190460001 0.0238095238095 0.0 0.7023809523814
0.0 0.0 0.0 0.0 0.0 0.0 0.0 0.0 0.0 0.0 0.0 0.0 0.0 0.0 0.0 0.0 0.0 0.0 0.0
0.0113636363636 0.1022727272727 0.0 0.0227272727273 0.0 0.0568181818181 0.0795454545458 0.1363636363636 0.1022727272726 0.0 0.09090909090899998 0.0454545454545 0.0909090909091 0.0340909090909 0.0909090909091 0.0681818181818 0.0 0.0340909090909 0.0340909090908
0.29939209726410004 0.6678571428573999 0.1922492401217 0.0535714285714 0.107142857143 0.18123100303939998 0.4678571428568001 0.8633738601834 0.49012158054700006 0.1607142857144 0.0 0.6743920972651 0.0961246200607 0.0 0.23480243161070002 0.19224924012150002 0.9496960486323 0.2 1.169224924013
0.0 0.5192307692303 0.0 0.0576923076923 0.0 0.230769230769 0.0576923076923 0.0576923076923 0.2307692307693 0.0 0.173076923077 0.0 0.0576923076923 0.0 0.9807692307715999 0.1730769230769 0.0 0.0576923076923 0.403846153846
0.0 0.5 0.0 0.0 0.0 0.0 0.0 0.0 0.0 0.0 0.0 0.0 0.0 0.0 0.0 0.0 0.0 0.0 0.5
0.0175438596491 0.25948079153090003 0.1480342647663 0.0223880597015 0.0 0.36941607750720007 0.299573560768 1.311252010623 0.5528709834279001 0.039931919350600004 0.6369131784686 0.4278981034679 0.5480267833754999 0.0 0.7817753338553001 0.9266300078555001 0.039931919350600004 0.0 1.6183331462991
0.23619047619080002 0.1066666666666 0.0609523809523 0.0371428571428 0.0238095238095 0.11714285714280001 0.2647619047616 0.48666666666670005 0.2133333333333 0.0371428571428 0.0666666666666 0.18571428571409998 0.1333333333333 0.0533333333334 0.3199999999996 0.17047619047610002 0.2419047619046 0.0609523809523 0.1838095238095
0.05128205128207 0.53325173669274 0.19052447552447 0.1209090909091 0.00961538461537 0.6873831167229401 0.8544752639033 2.7191054066876705 1.11516902068867 0.09294871794877 0.48211590722851 0.8756730422945 1.3270271754221699 0.0 1.5751278027103999 1.0975871322272 0.19754385964909998 0.1232343234323 2.9470264920576
0.034855769230699996 0.49181278280490004 0.129044117647 0.034855769230699996 0.0 0.23744420325280002 0.49207227589520003 1.0881775865234 0.7498043292163 0.03125 0.6821381619168 0.4306278280536999 0.6022597682519 0.0705882352941 0.9062480891515 0.5821182891027 0.46176470588249996 0.0 0.9749380885404999
0.333333333333 0.0 0.0 0.0 0.0 0.0 0.166666666667 0.0 0.0 0.0 0.0 0.166666666667 0.0 0.0 0.166666666667 0.0 0.0 0.0 0.166666666667
0.0 0.06986817325798 0.00847457627118 0.0 0.0731707317072 0.4245601947548 0.18541178632099997 0.61452850121734 0.57607367599048 0.109756097561 0.63529465803228 0.38354232694838 0.2669560424417 0.00847457627118 0.29299526893566 0.25993753157876 0.0 0.0 1.09095585871288
0.2263211273622 0.1531760435572 0.10890359773670001 0.0 0.0105263157895 0.3579054126189 0.1513931888545 0.8047400448391 0.178637770898 0.0210526315789 0.37082844026930006 0.14466211166860002 0.43105049642369997 0.0147058823529 0.6060478274793 0.2328974057864 0.0357585139319 0.0568111455108 0.0945820433436
0.0434782608695 0.2439540330844 0.1606280193237 0.1086956521739 0.1086956521739 0.3154077001903 0.34467135119290004 0.7796442687745001 0.5360928121795 0.047233201581 0.3545308154002 0.4382667252234 0.5416630068808 0.0 0.8026643244041 0.45101742058259997 0.4118357487924 0.15177133655390002 1.1597496706186998
0.0 0.0 0.0 0.0 0.0 0.0 0.0 0.0 0.0 0.0 0.0 0.0 0.0 0.0 0.0 0.0 0.0 0.0 0.0
0.8504484017298201 0.39499466808771 0.07415879574962 0.28541674601071 0.0645161290322 0.15776269185352002 0.7097472002458 0.7581945566396301 0.44591204250329997 0.09875461781611 0.48015053128721 0.6675267547707 1.14353152442484 0.0 2.04609447505641 0.8844665232118201 0.38355962219580003 0.0645161290322 1.49024859035202
0.1110248447206 0.1607648556673 0.1716582185096 0.0785767830369 0.0172413793103 0.09934318555 0.2944539634947 0.3805716189523001 0.5071244139836 0.0 0.4741855262842 0.2549052854523 0.321937245663 0.031746031746 0.5365799243236 0.5513552747434001 0.2470550439068 0.015873015873 0.7456033887811
0.14067468978 0.09004177838735 0.12097025628229999 0.07881773399 0.0253164556962 0.045020889193699995 0.1659911454761 0.3292386356549 0.34744652990065 0.0 0.10974621188489998 0.1843237513256 0.2757373573609 0.0 0.38124337469595 0.34607470225110004 0.26164494606155 0.03516867244495 1.0625428696157502
0.171428571429 0.2000000000002 0.0285714285714 0.0 0.0571428571428 0.0 0.0571428571428 0.1142857142857 0.0285714285714 0.0857142857142 0.0 0.0 0.0857142857142 0.0 0.1142857142856 0.0571428571428 0.0 0.0 0.0
0.0860215053764 0.1939191694474 0.0774935113088 0.0 0.0 0.2795698924736 0.17649239896129998 1.3733778272169 0.3140526510938 0.2068965517243 0.5339265850947 0.3229514275116 0.38746755654349996 0.0 0.30144605116760004 0.40489432702960004 0.2758620689666 0.0 3.0656284760763004
0.20989010989009999 0.1769230769231 0.10791208791210001 0.0659340659341 0.0 0.032967032967 0.1149450549451 0.235824175824 0.070989010989 0.1039560439561 0.08395604395600001 0.063956043956 0.13999999999999999 0.0 0.145934065934 0.16197802197800001 0.11494505494500001 0.032967032967 0.1369230769234
0.24204998541262002 0.030827579500120002 0.021978021978 0.00884955752212 0.00884955752212 0.1590002917436 0.24234172906824 0.26889040163346 0.35252358261142 0.021978021978 0.14985899056686 0.22921326461142 0.1629874550228 0.00884955752212 0.44014392687114 0.25089954293492 0.14985899056694 0.09676164543412 0.15413789750056
0.114285714286 0.0666666666667 0.0285714285714 0.0095238095238 0.0 0.0 0.0952380952381 0.20000000000020002 0.0476190476191 0.0190476190476 0.0285714285714 0.0761904761905 0.0380952380952 0.0 0.0571428571429 0.0380952380952 0.0095238095238 0.0095238095238 0.1619047619049
0.0 0.0 0.0 0.0 0.0 0.0 0.0 0.0 0.0 0.0 0.0 0.0 0.0 0.0 0.0 0.0 0.0 0.0 0.0
0.0 0.0 0.0 0.0 0.666666666666 0.0 0.166666666667 0.0 0.0 0.166666666667 0.0 0.0 0.0 0.0 0.0 0.0 0.0 0.0 0.0
0.00757575757575 0.04881422924895 0.0694334650854 0.0260869565216 0.0 0.17338603425575003 0.17714097496625 0.44729907773310007 0.20830039525650001 0.020619235836550003 0.32022397891965004 0.18471673254280002 0.18346508563879999 0.0 0.3029644268771 0.36818181818150003 0.03366271409745 0.0130434782608 1.4150856390020001
0.32784726794040003 0.141046741277 0.23107307439139999 0.0510204081632 0.0900263331138 0.2040816326528 0.20408163265360002 0.8110599078341 0.6445029624761 0.0832784726793 0.5559578670171 0.19206714944019998 0.5934825543125 0.0510204081632 0.8485845951299 0.3316326530614 0.0832784726793 0.0900263331138 0.4659315339045
0.5500593788567 0.8738965353870001 0.30308111385758 0.38279818082078 0.0192307692308 0.98924658336526 1.2568447946255799 3.44584614368618 1.2499033423764803 0.051424828038 1.8639768438098003 1.9450308293441 1.61575034596834 0.0640475652894 2.5161001078449603 1.15091669254528 0.5768795629527801 0.15117391710228 4.99379246490696
0.10063116091049999 0.27321826286411 0.0599852616064 0.0169491525424 0.0 0.15088533139291 0.1687754183329 0.80722165865522 0.76233148229811 0.0 0.47816893446740993 0.54972008357961 0.33421064802642 0.0666666666667 0.7033064260012001 0.5314151324449 0.27500665488801 0.09665981136089999 2.6248479139626
0.0 0.0 0.0 0.0 0.0 0.0 0.0 0.0 0.0 0.0 0.0 0.0 0.0 0.0 0.0 0.0 0.0 0.0 0.0
0.0537634408602 0.01666666666666 0.04820402298849 0.0 0.0 0.31171208750466 0.1305107526882 0.62299777530589 0.25127224694083 0.0 0.42605904708957004 0.55461160548809 0.32453652206182004 0.01695402298849 0.30809695958502004 0.36540368928413997 0.0166666666667 0.0 0.552544493882
0.0222222222222 0.0798449612403 0.0444444444444 0.0 0.0 0.38113695090440003 0.1728682170543 0.4720930232559 0.35271317829450005 0.0 0.2173126614988 0.1708010335917 0.1617571059432 0.0 0.09095607235139999 0.3971576227389 0.046511627907 0.0 0.39018087855320005
0.09183421516755 0.43121693121685 0.1100000000002 0.18 0.03183421516755 0.17326278659609998 0.20876543209869997 1.0350440917108499 0.707319223986 0.00714285714285 0.23345679012325 0.25121693121684996 0.37467372134025 0.0 0.41671957671939996 0.86631393298075 0.20142857142855 0.06 0.6197707231044
0.0 0.0 0.0 0.0 0.0 0.0 0.0 0.0 0.0 0.0 0.0 0.0 0.0 0.0 0.0 0.0 0.0 0.0 0.0
0.4730046948369 0.31284677763580004 0.0877080665811 0.0925629534783 0.0 0.129961587708 0.4000746905672 0.364329918907 0.2716602646178 0.0 0.2640845070426 0.5866410584716 0.21590909090889998 0.0 0.47844643619259997 0.2566154502771 0.18725992317520002 0.0833333333332 0.7955612462651
0.130951391774 0.562796407677 0.1445783132529 0.22132539782209998 0.0963855421686 0.373814615187 0.4618594101589 0.7070597829449001 1.2874198717306 0.0 0.5302722757344 1.3783241594664999 1.173756775296 0.0801801801802 0.9022655828454 1.265103910298 0.4966889208798 0.0137931034483 1.1734243591335998
0.0 0.0 0.0 0.0 0.0 0.0 0.0 0.0 0.0 0.0 0.0 0.0 0.0 0.0 0.0 0.0 0.0 0.0 0.0
0.178571428572 0.1428571428572 0.0357142857143 0.0714285714286 0.0357142857143 0.0357142857143 0.0714285714286 0.0714285714286 0.0 0.0 0.0357142857143 0.0 0.0714285714286 0.0 0.1428571428573 0.0 0.0357142857143 0.0714285714286 0.0
0.0198412698412 0.07749701019767999 0.08431719795331 0.0198412698412 0.0198412698412 0.22917868637209 0.32815674077778 1.05724340874447 0.33002480994510996 0.09215786665021 0.74830864438045 0.22465036189659 0.53565888362973 0.0198412698412 0.31800160220222 0.39804137707931997 0.0165289256198 0.00826446280991 2.4726049423755
0.0487804878049 0.14634146341450002 0.0121951219512 0.0 0.0 0.0243902439024 0.0609756097561 0.060975609756 0.0487804878048 0.0 0.07317073170720001 0.0731707317073 0.1097560975612 0.0 0.07317073170720001 0.1463414634148 0.036585365853600005 0.0243902439024 0.060975609756000006
0.17377495462790002 0.5012963443094001 0.2114121510672 1.0517457436695 0.051724137931 0.1084392014518 0.5099602454408001 0.7136375421305 0.6782473424947 0.1293103448275 0.2422651456225 0.3021778584396 0.6741854636586 0.0131578947368 0.6518883415434 0.756352087114 0.1647005444645 0.0603448275862 1.0053798288823
0.0869565217392 0.0579710144928 0.3074534161497 0.0144927536232 0.0579710144928 0.062111801242200004 0.14906832298119999 0.2795031055896 0.1490683229813 0.0144927536232 0.1532091097307 0.2267080745344 0.0527950310559 0.0 0.18633540372670002 0.2743271221526 0.1490683229813 0.0817805383022 0.6966873706
0.0 0.0 0.0 0.0 0.0 0.0 0.0 0.0 0.0 0.0 0.0 0.0 0.0 0.0 0.0 0.0 0.0 0.0 0.0
0.0625 0.0487804878048 0.0243902439024 0.0 0.11128048780479999 0.0 0.16006097560979998 0.3231707317072 0.0 0.1493902439024 0.1737804878048 0.27439024390239997 0.0 0.0 0.0487804878048 0.0625 0.0 1.0 0.560975609756
0.12285825183419999 0.08798070236130001 0.053103152888300004 0.0733944954128 0.0366972477063 0.2776656645935 0.2294200615713 0.7372589740902 0.5687280038197999 0.0550458715595 0.9048313891926001 0.4525319363568 0.40562750716850005 0.0366972477063 0.5116013294239999 0.8251015922852 0.034877549473 0.0959991242953 4.4905798982614
0.2539916482443 0.0918693195776 0.09432571849679999 0.050847457627099996 0.0314419061656 0.2203389830504 0.2829771554907 0.6293294030955 0.2542372881354 0.0169491525424 0.351019405551 0.3795136330134 0.33407025300970006 0.0169491525424 0.6052566936877 0.48906902481039993 0.04839105870799999 0.1233112257431 0.7261115205111
0.289452686325 0.7140884977327 0.9137988904498999 0.0671713080819 0.0361445783132 0.7656110741325 1.4055315734125 4.075077512791601 2.2694121588771 0.1763409961685 1.4501644615681 1.6256138510099 1.2552355610972001 0.0 1.8233640536377003 1.1839962131894 0.5509949688767 0.41366846697230003 6.9843331473527
0.1618727562999 0.2539629128047 0.18206590818739998 0.20508568269740002 0.0 0.0883839909762 0.3114780766158 1.0890802793209002 0.8273922827619 0.0323886639676 0.9275062771043001 0.9867091732997999 0.8300137533071 0.0493827160493 0.9490381614894001 2.0228790862609998 0.39760969525459994 0.0566448801742 4.628505703423
0.0 0.0 0.0 0.0 0.0 0.0 0.0 0.0 0.0 0.0 0.0 0.0 0.0 0.0 0.0 0.0 0.0 0.0 0.0
0.1209209758774 0.2130185636351 0.1070388543846 0.0622043519394 0.0264900662251 0.9382911175499 0.6138134556059001 1.2159212939499 0.8329133079748999 0.0169491525424 1.3364704980816 0.6206284950356001 1.0699249383312 0.0472154548261 0.9677127233533999 0.8327875151389 0.1036551291414 0.0 2.8740441064049
0.2522916143201 0.3822505746484 0.15345673152980002 0.0204081632653 0.0 0.2162632494858 0.1934680849084 0.719967056591 0.4472254017887 0.0204081632653 0.5028569567367 0.3893371302011 0.044915640674900004 0.0 0.49877160166400003 0.6211926631123 0.12414733335190001 0.0408163265306 0.3722233079281
0.144200194597 0.21647708464989998 0.1416699266749 0.1137542254721 0.091967339733 0.3862206975416 0.3694542244693 0.7956802383332 1.1662177886102 0.10791128765309999 0.5427462309298 0.4207617385377 0.5001028156446 0.0227272727273 0.5624266498149 1.5440351880268 0.1556252695775 0.030563830961 1.687457996047
0.0 0.0 0.0 0.0 0.0 0.0 0.0 0.0 0.0 0.0 0.0 0.0 0.0 0.0 0.0 0.0 0.0 0.0 0.0
0.36567012690730005 0.35585768699671 0.29858896452953 0.44541218972982 0.0 0.26514210988532 0.3388894975603 0.47709768223931004 0.5714781075368 0.17344372230561003 0.51185044876005 1.8025270057801 1.0642781543578201 0.0 0.7715613837015199 0.7405351377103201 0.20084098257980998 0.01810391648061 2.59872288294632
0.0853982300885 0.24103455541521002 0.050323603222720004 0.09877493065640999 0.09269911504422 0.048774930656410004 0.1801743494914 0.45967161663251993 1.2535986313691099 0.0426991150442 0.55458893899603 0.50371451843171 0.21125016510353 0.041474045700599996 0.4655922347804 0.7555400934649099 0.19159292035410003 0.042699115044220005 0.6803988905032199
0.18864160108955 0.2192135964285 0.11111092925510001 0.5850349599978499 0.0 0.04258212981025 0.24803268170705 0.77281892815505 1.2173755777569 0.054803399107049997 0.1796773728936 0.5039100860249001 0.30047431683979997 0.0 0.5127008235902499 0.9046799916194999 0.5097531195584499 0.28036086051325 0.36882962565265
0.1363636363633 0.0681818181819 0.0227272727273 0.0454545454545 0.0227272727273 0.0 0.090909090909 0.1818181818182 0.0227272727273 0.0454545454545 0.0 0.159090909092 0.0227272727273 0.0 0.0454545454545 0.0 0.0227272727273 0.0454545454545 0.0681818181818
0.04 0.07571428571410001 0.19571428571430002 0.0357142857142 0.0533333333333 0.32476190476210004 0.12 1.3266666666664002 0.6052380952384999 0.0666666666667 1.4690476190475001 0.3023809523808 0.5023809523812 0.0 0.280476190476 0.35571428571490005 0.0266666666666 0.0133333333333 5.2061904761866
0.1836734693873 0.1632653061225 0.1428571428571 0.0816326530612 0.1632653061224 0.0408163265306 0.448979591837 0.5102040816337 0.061224489795900006 0.0408163265306 0.12244897959180001 0.2653061224496 0.1428571428571 0.0 0.12244897959180001 0.2653061224485 0.0 0.1428571428576 0.102040816327
0.2891640290447 0.1844450838678 0.09746449789270001 0.06547282544300001 0.1461485079805 0.1494744503307 0.6707215517696999 0.9473671738798999 1.2775376178472002 0.1832061068703 0.4547333322048 0.7131395880229001 0.6023662429553001 0.0716812511636 0.5023713207292 0.4569167752749 0.15096393087450002 0.2533978774906 0.7834278363606
0.2337858220212 0.1553544494719 0.2599296128702 0.1568627450983 0.078431372549 0.0784313725491 0.156862745098 0.627450980392 0.156862745098 0.104575163399 0.7476118652603001 0.444444444445 0.2860734037201 0.0261437908497 0.2091503267973 0.28758169934669997 0.1307189542483 0.1814982403216 0.6782302664669
0.30434782608699995 0.11089399120650001 0.0666829506595 0.0434782608696 0.0224719101123 0.157303370787 0.33634587200750005 0.08842208109420001 0.0898876404494 0.0 0.0674157303369 0.5820713238886 0.458720078163 0.0 0.17757694186599998 0.0224719101123 0.134831460674 0.0 0.337078651685
0.4 0.102564102564 0.0 0.0 0.507692307692 0.0 0.153846153846 0.051282051282 0.0 0.102564102564 0.153846153846 0.5641025641040001 0.205128205128 0.0 0.2 0.051282051282 0.0 0.35384615384600004 0.153846153846
0.1801576312713 0.35764172151720003 0.112583260829 0.1361888320052 0.0 0.6806307763602 0.6428455579607 2.0693854282147 2.3541056972428 0.1120601456782 1.7906846954819 1.0217449716555 0.6311235810993 0.0729091741319 1.9201088662013 1.5413253830461 0.23108240576970002 0.18496931981030001 5.9604525517189
0.0780346820809 0.0953757225435 0.052023121387299996 0.0086705202312 0.0086705202312 0.17341040462430002 0.14739884393039998 0.23410404624289996 0.2774566473984 0.0 0.3034682080922 0.1387283236996 0.3034682080921 0.0 0.2427745664744 0.2167630057803 0.0520231213873 0.0260115606936 0.6416184971106
0.39761839473262 0.74191406040014 0.6385122749724201 0.3795917976979 0.28560320652514 1.1477775088617 1.5511945305799 4.9135597071864385 2.8279870724572005 0.0697142425185 3.2525065029240405 2.3260278862024 2.0266815978704398 0.2315324919352 3.03498673563264 3.2780713779413597 0.76962718653592 0.33054976927024005 10.79654365575504
0.13717932629381 0.24449516737791 0.14758707793902 0.13639380426491 0.07767877951281 0.34366872109729996 0.4536324348777 2.2731813096095 1.6185531195716099 0.00826446280991 1.03411054582151 1.4655193114981202 1.0675956024802 0.11575221300350001 1.243053196095 1.21776524896511 0.1164192221443 0.0 4.2991504566433
0.089108910891 0.493399339933 0.2318481848182 0.0 0.237623762376 0.029702970297 0.148514851485 0.9810231023082 0.118811881188 0.11303630363020001 0.339108910891 0.3803630363032 0.2615511551152 0.0 0.118811881188 0.059405940594 0.059405940594 0.20214521452120002 1.136138613863
0.27818795787628003 0.20481341575079998 0.09915865384599999 0.02938988095238 0.026327838827860002 0.8947105284411 0.4296689829776 1.6596773324721001 1.32996996875718 0.0 1.1688163246060799 1.5882857950878 0.81945566688218 0.09609661172148 1.55449391295086 1.1608422215049599 0.28954899267486 0.0119047619048 1.358651152769
0.4364325899139 0.5028380550527 0.1386879646372 0.0138888888889 0.042194092827 0.2310126582284 0.2652702431183 0.5788878842679999 0.7638637733564001 0.0 0.5330520393819 0.27737592927439997 0.1682489451475 0.274261603376 0.8181635523399999 1.4945248141458998 0.06871609403250001 0.0632911392404 0.32928973277109996
0.14973887363008 0.26512975556588 0.2805599975865 0.2923452916157 0.1897411512971 0.4379677129344 0.51458144803738 1.58703349509248 1.6252207624323 0.121774792713 0.52656397352206 0.77735227547938 0.6691284225404 0.015037593985 1.1401246228764998 1.7631704854272798 0.38832922453408003 0.1865371269946 2.0696629937393802
0.0 0.0 0.0 0.0 0.0 0.0 0.0 0.0 0.0 0.0 0.0 0.0 0.0 0.0 0.0 0.0 0.0 0.0 0.0
0.36063849697170003 0.52247319296072 0.1487342360293 0.12422116966539999 0.11642972670150001 0.59866902294931 0.483258942314 1.5376570144580102 0.9719917985935 0.17359259939931 0.92384454529542 0.72419390353921 0.7090143038947 0.0185185185185 0.8257630098620101 1.1831763791048 0.27783223354819997 0.03520164046471 2.2647892657278
0.12870065789500001 0.5722294154706999 0.1270079924137 0.3546014628176 0.0840201019918 0.6845016451496 0.7141305069869001 2.02875598293 1.7872611721183 0.0798318782914 1.1858540168377 1.1077616018199001 0.6475284201138999 0.0525991623552 1.0051003680737 1.7810202245458 0.5627110808972999 0.0547665459946 1.0416177633039
0.1570928435915 0.20724050930000004 0.09693129143929999 0.29427526452700004 0.0267558528428 0.1270120675155 0.2607130982418 0.9023841655428999 0.7219777425727001 0.0233918128655 0.3943750122241 0.1939016996223 0.38443935926770006 0.0300807760762 0.5616382092357 0.7488509456474 0.5513896223268 0.0133779264214 0.3041718007391
0.428571428571 0.0 0.142857142857 0.0 0.285714285714 0.0 0.0 0.0 0.0 0.0 0.0 0.0 0.142857142857 0.0 0.0 0.0 0.0 0.0 0.0
0.28392404457880005 0.3958750657671001 0.5753746182078 0.07985022104690001 0.0523474707719 1.2698109314042 1.4581955462614 5.2116282311498 2.4986835577964 0.31763797497729995 3.5429519846431003 2.3733631251327 2.4359744173164004 0.2306973057562 1.85502039645 3.3413618132027 0.5936037827395 0.27777190141459995 9.2059276113915
0.1716009480714 0.5831501831499 0.1506140917905 0.3247575953461 0.09622926093510001 0.26826115061440003 0.5241111829343 0.9776341305745002 0.7000646412414999 0.1459599224304 0.5214393449684 0.7612152553324 0.1930187459598 0.117647058824 0.8384399913826002 0.5697478991602001 0.36207713854840007 0.22120232708510001 0.47282913165220003
0.1832189168575 0.2962623951179 0.09595728451560001 0.2352402745994 0.0086956521739 0.09595728451560001 0.3321128909232 0.5496567505722 0.5848970251721 0.0175438596491 0.37513348588859996 0.39282990083889996 0.3136536994663 0.0175438596491 0.6199847444707001 0.2706331045003 0.2794813119759 0.13913043478269999 0.1920671243326
0.062380952381 0.14714285714289999 0.3471428571429 0.09333333333339999 0.1633333333333 0.1480952380953 0.45761904761929995 0.8038095238104 0.3980952380952 0.0133333333333 0.33000000000019997 0.1738095238096 0.1647619047619 0.0357142857143 0.33999999999999997 0.4471428571432 0.1338095238097 0.29000000000000004 0.45047619047660004
0.125 0.09375 0.0 0.03125 0.0 0.0 0.0625 0.0 0.09375 0.0 0.0 0.21875 0.125 0.0 0.21875 0.0 0.03125 0.0 0.0
0.0222222222222 0.0444444444444 0.0 0.0444444444444 0.0888888888888 0.0 0.13333333333320002 0.0444444444444 0.0222222222222 0.0444444444444 0.0888888888888 0.0666666666666 0.0222222222222 0.0 0.0888888888888 0.0444444444444 0.0 0.0888888888888 0.155555555556
0.21813781579282 0.272004954684 0.26298021485896 0.0653706472974 0.05386713889142 0.5303596456917199 0.46069548785172 1.41724009617854 0.97117601491462 0.0632238920264 1.46669312208072 1.0169577184612 0.6388427363096201 0.0662251655629 1.01180968965482 1.16543137641352 0.20159198401002001 0.0823541978209 2.035038101499
0.41195804195824 0.40944055944047003 0.10391608391593998 0.2155944055947 0.28027972027997 0.20629370629350002 0.14576923076936998 0.6513636363636099 0.43006993007 0.21143356643387 0.7342657342658001 0.640104895105 0.7155944055941 0.00961538461537 0.8018181818171701 0.46559440559430004 0.438811188811 0.254825174825 0.8732517482527
0.6834024396868601 0.87982622649766 0.5146405296975601 0.43865176973030007 0.07410309888632 0.5703809762888 1.0443043718716598 3.0104633241200602 2.02422209020192 0.33228227533980004 2.81082456467092 1.5479782322684599 2.2223722172807596 0.4781581181014 2.24693113342246 1.7049520362467598 0.97001942239836 0.25528080377205997 3.19120636951266
0.18038975002222 0.29329659263470004 0.1484995693928 0.2023417437715 0.0632340994432 0.30531652155309996 0.3654769668524 1.38380015892196 0.8429481710011201 0.050319896377000004 0.9436278095577599 0.8636182073839 0.8138997062609201 0.0525572084625 0.96274102600134 0.85328331163322 0.35434529498010003 0.0662558385995 2.25404812715162
0.1333333333337 0.133333333333 0.0266666666667 0.0 0.2993939393938 0.0266666666667 0.5999999999997 0.6218181818180001 0.1442424242424 0.0533333333333 0.1599999999997 0.1066666666667 0.1066666666667 0.0 0.5199999999993999 0.2351515151514 0.0266666666667 0.1599999999997 0.6460606060599999
0.1246154800297 0.4391996022056 0.07119821384269999 0.0323741007194 0.1621143375679 0.6324095212168 0.2395779035009 1.6159296323941 1.1257892108759 0.0499999999999 0.9243518266494999 1.3239945834759 0.8967274707392 0.035791366906500005 1.4460866794489002 1.5168760259158998 0.1143636814685 0.0625155048375 1.1860848582063999
0.134835680751 0.5126760563375 0.3305164319246 0.0815023474178 0.0281690140845 0.24751173708900004 0.3526760563379 1.6330516431919 1.6987793427267 0.0 1.1057276995306 1.0283568075132998 0.892018779343 0.281690140845 0.896525821596 1.5770892018782001 0.2133333333329 0.0533333333332 0.9322065727695
0.178366600564 0.29986533417960004 0.150966642432 0.34578719702419997 0.0572960307357 0.4320268212711 0.4540661267117 1.5557213786360002 1.4536417884244 0.1242697606257 1.0532179595032 0.8773333267245 1.0363667789370001 0.055699633251200004 1.4193355473027998 1.2603144167544997 0.29342081206789994 0.0932641217874 1.8590397230606999
0.0 0.0 0.0 0.0 0.0 0.0 0.0 0.0 0.0 0.0 0.0 0.0 0.0 0.0 0.0 0.0 0.0 0.0 0.0
0.35772145140337 0.564190929884 0.15883064286027 0.13079336288510002 0.09763363771056999 0.25157534099027 0.5226309056118 1.48456829451674 1.104069964523 0.017094017094 0.7298902527895701 1.12480395347317 0.92731221970497 0.0278551532033 1.11213773802147 1.16761951481137 0.48414546968547 0.13419055822157 1.6029365926125698
0.13764719166446 0.52417494321966 0.23377122986568 0.7298900362762 0.04170926190956 0.23198535910795998 0.57839702392116 1.70225453896088 1.39013583957296 0.060725861025 0.99889007510444 0.57098357890706 0.879205096198 0.0886683440499 1.0193032486767601 1.46514035592056 0.34485753721580004 0.02106812874406 0.98119234965378
0.1797078768909 0.3936420908246 0.312484906851 0.28993838712119996 0.0911553235496 0.1296817944704 0.7045616876606 1.3723821822423998 1.1101958552658 0.0631832955776 0.2988352284126 0.3748394016003 0.4816383407932 0.0352112676056 0.6659429250980999 0.9954167897825 1.0528141654893999 0.028800828800800003 0.4195676519621
0.28 0.2 0.16 0.04 0.24000000000000002 0.0 0.04 0.08 0.04 0.08 0.04 0.27999999999999997 0.12 0.0 0.12 0.04 0.0 0.12 0.12
0.15006266699053 0.24105125375029 0.40008246366812994 0.03304757812019 0.04460065074584 0.33233327985489003 0.57847975044174 1.8236717162800096 1.0203807140101 0.04460065074584 1.38989627433239 0.8096479007278 0.79746821362502 0.0453296089385 0.87645987982181 1.11402961142023 0.3363958980057 0.10115939617253 1.8613024923488801
0.0750000000001 0.04166666666666 0.0166666666667 0.041666666666700006 0.04166666666669 0.02500000000003 0.09166666666680001 0.15833333333339 0.04166666666673 0.0166666666667 0.08333333333363001 0.06666666666669 0.05833333333336001 0.0 0.09166666666671999 0.01666666666666 0.041666666666700006 0.0333333333334 0.05833333333336
0.3317095420542 0.4447521741777 0.12774554521669998 0.1524369032414 0.1160068114091 0.27029252569469997 0.3318080642218 0.8117642765915 0.8025092744631998 0.1728395061729 0.265183968862 0.39068661436499996 0.43067201848799996 0.0 0.6905503861816 0.6126801678528 0.20425956334 0.1032512315272 0.7408514261383
0.12489762489789999 0.387387387387 0.08435708435700001 0.027027027027 0.0843570843571 0.22235872235850002 0.2293202293202 0.29320229320200003 0.1953316953315 0.0675675675676 0.266175266175 0.6904176904179999 0.060606060606 0.0 0.4414414414411 0.3738738738735 0.05733005733 0.043816543816500006 0.35053235053209997
0.0 0.0 0.0 0.0 0.0 0.0 0.0 0.0 0.0 0.0 0.0 0.0 0.0 0.0 0.0 0.0 0.0 0.0 0.0
0.1834246834245 0.2546777546775 0.130977130977 0.153846153846 0.3856548856556 0.0384615384615 0.3824418824415 0.2546777546775 0.0 0.602721602722 0.289926289926 0.36278586278549996 0.216216216216 0.0 0.1834246834245 0.1465696465695 0.054054054054 0.2447552447552 0.115384615385
0.050717256599600004 0.2145906209374 0.10059015631759999 0.0770330460732 0.0293268822681 0.2535159199248 0.16141065676680003 0.9307828394509 0.6468265137 0.021094402673299997 0.8393298308151 0.6380892069755 0.44208672304709995 0.0106951871658 0.5879638936918999 0.6956462010648999 0.0822108747804 0.0320855614973 1.1860042262516
0.2800490363781 0.49065362831180004 0.2478902953587 0.1037271448664 0.2810088569581 0.1898734177216 0.4718420952594 1.0649256851788 0.7264416315051 0.296817387008 0.6317472535828 0.6101227810082 0.9173413920246 0.0 1.1167227353953 0.521448663854 0.3809774964839 0.2445356749152 0.4238748241914
0.26242341740989994 0.6689943671849999 0.4632728618912 0.2907832851813 0.2189099428424 1.4486941627286 0.9429135038775001 4.1480262550122 1.9338418163464 0.1594652747426 1.6872764784744 1.3952443786752 1.3917874801198 0.1762189356183 2.6717895670175 1.4015359239879999 0.5531597190457 0.1720388778368 3.01362375201
0.1590939140707 0.5108226163315001 0.23607596135 0.2857602515845 0.0506813468943 0.6650641853749 0.3208698287054 1.5749174571903 1.6075358963407997 0.0384615384615 1.1227020912792 1.2882730294547 1.1156108078881999 0.1434932605904 1.2039737547141998 1.5013500158170001 0.6687375024679001 0.0384615384615 2.4681150030217998
0.056338028169 0.0845070422535 0.0845070422535 0.0 0.0845070422535 0.112676056338 0.169014084507 0.169014084507 0.112676056338 0.056338028169 0.169014084507 0.1408450704225 0.0 0.0 0.1408450704225 0.253521126761 0.0845070422535 0.112676056338 0.169014084507
0.09543115105309 0.26734973586658 0.4003499768488001 0.11601584606679999 0.16142088712349 0.3015990704371 0.39665835000498995 1.11583371555528 0.8184527916024 0.07596288347157999 0.98891253042018 0.76001091091649 0.40681373227099005 0.030596285435000002 0.9940575490154899 0.8945354269870901 0.41325829773269 0.0908133971292 0.6719274620665899
0.21088093322584 0.219730490748 0.19493449028835996 0.1285340765428 0.039248362257179994 0.2276893460522 0.2526433743246 1.21687162395038 0.3598580622918 0.0 0.6272698540400401 0.41526835995828004 0.34883921388326 0.0 0.65018388690892 0.54447764624738 0.11274566141812 0.13429490863106 0.31652970922855994
0.2375941021125 0.7886413933869602 0.1345921800671 0.22421697461183998 0.0703976110158 0.3689044513522 0.40540255523364 1.5652464497151202 1.7076949835539401 0.1614810391162 1.06172899554944 1.05445802711694 1.04522095072192 0.0455160155553 1.29533317722432 1.65202834847532 0.46531206291780003 0.10709270325382 1.6091379790263
0.0 0.0 0.0 0.0 0.0 0.0 0.0 0.0 0.0 0.0 0.0 0.0 0.0 0.0 0.0 0.0 0.0 0.0 0.0
0.081645439076 0.2032434383542 0.038338575774780004 0.1132522044037 0.0 0.29663280565159 0.14499819522519 0.67088898056087 0.50901613984467 0.01539988655699 0.52570772959399 0.5764012788127 0.64310060331107 0.0247022121384 0.52007167534698 0.48862733976190004 0.08390398597439999 0.0805161656268 0.98355334398999
0.2263121306917 0.5679649962178001 0.25889424483580004 0.7197584747479 0.0865546218487 0.3872145384704 0.8380944273019 1.5718726403218999 1.0269667595217 0.0 1.1320794917509 1.2625928448392998 0.924903744534 0.076765188834 1.3864006413042 1.545759330663 0.5186143372524 0.1793371363142 1.2899144505515
0.15076151918237002 0.2204067861961 0.20734528629243998 0.054607673028699996 0.17529400424124 0.02255639097741 0.55239059186547 0.62005976479591 0.8594563331399702 0.0 0.22792558318868 0.2655195681511 0.41271447850414 0.0320512820513 0.45585116637737 0.5460767302868399 0.96905725853047 0.00751879699247 0.22040678619624
0.441176470589 0.117647058824 0.1764705882357 0.0294117647059 0.0882352941176 0.0294117647059 0.0588235294118 0.1764705882352 0.0882352941176 0.0588235294118 0.0294117647059 0.20588235294090002 0.0 0.0 0.235294117648 0.0588235294118 0.0 0.1764705882349 0.0294117647059
0.10891244205552 0.2671995182438 0.22504356791581998 0.16142156502562 0.1185435086086 0.3609183670036 0.34108652547291995 1.703214133245 1.0336760660045001 0.1313168915774 1.5854687254641 0.91699962687006 1.3448468844067598 0.171009771987 1.0397669302583001 1.4120650351692399 0.19212617671782 0.1288962250423 1.7574880389345198
0.0 0.0 0.0 0.0 0.0 0.0 0.0 0.0 0.0 0.0 0.0 0.0 0.0 0.0 0.0 0.0 0.0 0.0 0.0
0.247073216639 0.2031808770939 0.1605684170901 0.1304724261245 0.0 0.07316017316010001 0.2194428759647 0.6288913984565 0.5193675889323001 0.044588744588700005 0.3196122717868 0.5374552983247 0.21944287596450002 0.0432712215321 0.6928665537363001 0.4803877282136 0.1579710144927 0.1491247882553 0.17312252964419997
0.0425531914893 0.0425531914893 0.0212765957447 0.0 0.0425531914894 0.0 0.0851063829786 0.2127659574468 0.10638297872329999 0.0212765957447 0.0425531914894 0.17021276595770002 0.0212765957447 0.0 0.0212765957447 0.0212765957447 0.0425531914893 0.08510638297869999 0.0212765957447
0.04 0.32 0.0 0.0 0.0 0.0 0.04 0.1599999999999 0.04 0.0 0.0 0.2 0.04 0.0 0.1599999999999 0.7200000000008001 0.04 0.0 0.2399999999999
0.0 0.0 0.0 0.0 0.0 0.0 0.0 0.0 0.0 0.0 0.0 0.0 0.0 0.0 0.0 0.0 0.0 0.0 0.0
0.03618509550702 0.15329769474861998 0.14078760596724 0.042443235479119996 0.0328221684154 0.34662969979642 0.16291257064959996 0.89356152833778 0.54417113274582 0.04749072169812 1.25197695086336 0.62677081328194 0.48645711268881997 0.00564971751412 0.75048094078572 0.7822331636956 0.05939238802152 0.02824858757062 0.6084888722294199
0.2583568643268 0.6736183945140001 0.1498991528841 0.5402850611806 0.5062794137415 0.24211375554710002 0.7483931692884 1.4959795616498004 0.8898749495753 0.1354847384697 0.7240150598351 0.5611805835677001 1.0023127605217999 0.0 1.0978082560168 0.7351485814175 0.27777329568319997 0.2311550356325 0.7303213661412
0.45319650237936004 0.7113154520987 0.45523646877196006 0.4233356846627 0.12541569776858 0.8632590067582999 0.9863147097173 3.11959551797962 1.4821029824781602 0.04361687745206 1.12958368187488 1.2051183057627002 1.40511951986666 0.15546471665136 1.5573017811318601 1.1078715209738002 0.517624415472 0.1958013619476 1.0627257962498602
0.1467950568875 0.26427526332760004 0.0476234382923 0.25926712267279994 0.0137614678899 0.2444562260847 0.1727735733229 0.6516018042898 0.9407382154622 0.0275229357798 0.4550504817659 0.5026059801662 0.5004731528234 0.0137614678899 0.7339570862515 0.9660943539533999 0.2216939356368 0.0275229357798 0.8100255017241
0.0 0.0 0.0 0.0 0.0 0.0 0.0 0.0 0.0 0.0 0.0 0.0 0.0 0.0 0.0 0.0 0.0 0.0 0.0
0.0487804878048 0.1467413034784 0.1383758996401 0.1131859756096 0.03125 0.5076781787297 0.4383184226323 1.3760995601758 1.0756072570977 0.03125 0.8605557776879 0.8449307776888 0.7012944822073 0.0556402439024 1.0264269292277999 0.9440911135546 0.0712652439024 0.0 0.5885083466616001
0.0986842105262 0.0669966199903 0.07339449541278001 0.14733220666379 0.01834862385318 0.11926605504580001 0.21571704490588 1.08305166586178 0.5037421535491999 0.0197368421052 0.43312409464018004 0.45756880733910005 0.28355866731049 0.0 0.6493843553839901 0.5304200869157 0.09729599227420001 0.0197368421052 0.18264123611758
0.1297994573219 0.39131685422883994 0.03304091694944 0.0867003905999 0.09675854037256 0.25556234792169996 0.16700000400179998 1.08265481926852 0.9796850987722 0.01242236024844 0.99352368412492 0.5543468255742 0.76977562511972 0.039252097073700004 0.8874653822753601 0.7276245437657001 0.14638144730084002 0.00621118012422 0.6404784249533
0.0 0.0 0.0 0.0 0.0 0.0 0.0 0.0 0.0 0.0 0.0 0.0 0.0 0.0 0.0 0.0 0.0 0.0 0.0
0.0868688454748 0.50207519419501 0.0935156790113 0.12569396252599999 0.0335390612311 0.25335353699411 0.23969471255900998 0.9780058805517401 0.9195388485384001 0.031914893617 0.57068835597031 0.43367187524830997 0.3820634353332 0.026958413926409998 0.8756704247115199 0.48621741221711 0.41193294542791 0.030998273878009998 0.51759824859041
0.0492063492063 0.23014714401609998 0.038408063955459995 0.09491368323479998 0.0079365079365 0.10093847758076 0.0542810798285 0.50851581508534 0.31361371799328 0.0079365079365 0.240922256981 0.2091762252347 0.20440273432980002 0.0885644768857 0.29299038350126005 0.20665044606637997 0.12443517552998 0.0079365079365 0.21902444676178
0.08762285523901 0.21515908712311 0.18007662835229998 0.0692653673164 0.0344827586206 0.08635682158912 0.36669998334171 0.8887889388642101 0.5091620856242101 0.0172413793103 0.21984007995972 0.3036648342493 0.18282525403941002 0.04317841079461 0.48062635348960003 0.53280026653312 0.41061136098641005 0.1494586040313 0.22213893053452
0.0 0.0 0.0 0.0 0.0 0.0 0.0 0.0 0.0 0.0 0.0 0.0 0.0 0.0 0.0 0.0 0.0 0.0 0.0
0.0636966470534 0.3372652544306 0.10056875753470002 0.0849817876155 0.015503875969 0.23647664451119998 0.2053857986231 1.1889060030433003 0.7418350432867 0.0420574756949 0.9053206960357 0.7171339002834001 0.7192267807788 0.0341476402849 0.7111992963072 0.5765442858418 0.1872188398119 0.015503875969 1.1170273969234
0.28125 0.09375 0.0 0.0234375 0.0234375 0.1171875 0.3984375 0.2109375 0.3046875 0.09375 0.046875 0.2343750000001 0.1640625 0.0234375 0.281250000001 0.1171875 0.1640625 0.2109375000001 0.2109375
0.370849146111 0.5691888045554 0.1338235294117 0.1660815939278 0.2326138519922 0.0875 0.24309772295999998 0.5409867172677001 0.3426470588234 0.0375 0.1676470588236 0.07500000000000001 0.3313330170777 0.0588235294117 0.7379506641378999 0.2588235294121 0.2764705882352 0.0645161290322 0.3051470588235
0.5693581780544 0.0434782608696 0.4026915113878 0.0 0.095238095238 0.0217391304348 0.394409937888 0.38612836438919995 0.0652173913044 0.0 0.20807453416139998 0.8312629399588 0.36438923395440004 0.0434782608696 0.0652173913044 0.0434782608696 0.0931677018634 0.28571428571400004 0.0869565217392
0.173913043478 0.0434782608695 0.0 0.0 0.0 0.0 0.0 0.0434782608695 0.086956521739 0.0 0.0 0.0869565217391 0.173913043478 0.0 0.21739130434749998 0.0 0.17391304347849998 0.0 0.0
0.0909090909091 0.0 0.0 0.0 0.1818181818182 0.0 0.0 0.181818181818 0.0 0.1818181818182 0.0909090909091 0.0909090909091 0.0909090909091 0.0 0.0909090909091 0.0 0.0 0.0 0.0
0.09900990099 0.0423583711754 0.0874711531303 0.019801980198 0.0 0.2822154395891 0.338866969403 0.42082930097520005 0.3531601280428 0.0 0.7707139134961 0.5534132360602 0.46869649371069994 0.0 0.5418744882017 0.6095436611327999 0.062160351373399994 0.0 0.3498846125209
0.31666834386799997 0.39388508457069993 0.1653975845109 0.11911641852070001 0.1643768878494 0.06494122608189999 0.39632261681680003 0.5034079128752 0.226345474672 0.15896671634370002 0.29771756892129997 0.40065778229360005 0.3375678667439 0.0128617363344 0.4919087027565 0.3659732638172 0.1292499077539 0.23345520994559998 0.2211796953244
0.36130263868552004 1.1647976323087 0.23708485167486001 0.32864535109721 0.59251226241571 0.78209048944582 0.9990186747499998 3.02163307709597 1.3008082973567099 0.03677522511146 1.27812611226593 1.43268718407933 1.1429183539613101 0.12931299787133 1.35597284699691 1.42053466826705 0.647951532944 0.2155235650099 1.55230423865602
0.24036064245699998 0.3579502644404 0.0722750447843 0.1445500895687 0.0 0.37005198976432996 0.25423030116810996 1.02544474737984 0.59881065285873 0.0 0.5043795598972 0.57551773764141 0.5948933284225101 0.0430818326874 1.0489901737101297 0.8068276625396099 0.44126617840969995 0.0356896789306 0.885680115339
0.0 0.0 0.0 0.0 0.0 0.0 0.0 0.0 0.0 0.0 0.0 0.0 0.0 0.0 0.0 0.0 0.0 0.0 0.0
0.2121637760733 0.8260761794606 0.0 0.306588148693 0.076923076923 0.326628258959 0.4060901504519 1.0848324607723 1.1074113856069 0.0 0.7476808905382999 0.9623834811819 0.535885167464 0.058685675226999995 1.2707743384434 1.1945873675186 0.3065881486937 0.0 0.5767014939949
0.18092507418575998 0.2765199321239 0.09559485793809999 0.1149185294357 0.00966183574878 0.12204208630148 0.2916790192475 0.9129545396791199 0.52906032859318 0.0254237288135 0.46601275633378003 0.31220830262835997 0.53841299689038 0.0447474003111 0.7801565319024599 0.77266875037176 0.1452367036818 0.14583950962348 0.23593711618736
0.4540506630995 0.20388939891389998 0.1042922615899 0.16844943780541 0.2 0.2389928848715 0.2965799326976 0.5530446654272101 0.68359357037611 0.0327868852458 0.36397172904342 0.7775938631089 0.6059013257025001 0.0294117647059 0.72693231017511 0.62006439769962 0.15600918936330999 0.33109932497579997 0.45333639519802
0.0 0.0 0.0 0.0 0.0 0.0 0.0 0.0 0.0 0.0 0.0 0.0 0.0 0.0 0.0 0.0 0.0 0.0 0.0
0.2114833816685 0.20939942751949997 0.032576030772799996 0.1222182153303 0.0168067226891 0.35172092637929997 0.1774849042874 0.6636596121800001 0.6603288075664 0.027445020561399996 0.5588269638902 0.2114746271148 0.6677710872784 0.0338983050847 0.9221751833326 0.4129724638982 0.1551705235525 0.0222222222222 0.5423655746707
0.127946127946 0.40772978007039995 0.090909090909 0.0212765957447 0.0106382978723 0.45433053943660007 0.6625474604207 0.9665807006221999 0.5935955297656 0.0454545454545 0.42349022136229997 0.7021992979447 0.2676767676765 0.037037037037 1.0475320581699 1.2949351672759 0.309764309765 0.164983164983 0.3713733075442
0.0365198711062 0.2285952977681 0.1510502446591 0.155555555556 0.0587420933284 0.0222222222222 0.22610693400159998 0.5987647690647 0.44153836973380006 0.0222222222222 0.10251223296320001 0.3174782193579 0.2034192624415 0.088888888889 0.4002565938652 0.24967776584289997 0.45878983172279997 0.035380116959 0.2022795082946
0.133333333333 0.133333333333 0.133333333333 0.0 0.0666666666667 0.0 0.0666666666667 0.0666666666667 0.0 0.0 0.0 0.0 0.0666666666667 0.0 0.2 0.0 0.0 0.1333333333334 0.0
0.1102123356926 0.1831023612681 0.0728900255755 0.0783619817998 0.041039671682600004 0.5075834175929 0.41423303396200006 1.4994349610435 1.1784036162505 0.0465116279069 1.5142746684114 0.9132219116159 1.2523642419575 0.1481294236605 1.0417236662106 0.8513650151672001 0.31564860524579996 0.0682507583417 1.7632486766186
0.1282894736843 0.19407894736877002 0.053101503759399996 0.03994360902247 0.06250000000004 0.04840225563907 0.19924812030077002 0.22180451127794001 0.09257518796977 0.026785714285670004 0.12781954887204 0.13298872180447 0.0488721804511 0.00892857142857 0.22603383458624002 0.1231203007517 0.02208646616537 0.0892857142856 0.15413533834587
0.22085610200349998 0.1236731361095 0.09781106714391001 0.07504239683427 0.0 0.0508762012436 0.12868224357757 0.2695967589973 0.3471829658941 0.0 0.24671817096887 0.23566358897040002 0.11037309214233999 0.0277777777778 0.37178883235974003 0.26790088562267 0.1364549965453 0.13612524338907 0.15347654041834
0.1250000000001 0.0416666666667 0.0833333333333 0.0416666666667 0.0 0.0416666666667 0.0416666666667 0.2916666666669 0.33333333333369997 0.0 0.0416666666667 0.0833333333333 0.25 0.0 0.4166666666666 0.1666666666667 0.0 0.0 0.0416666666667
0.0 0.0 0.0 0.0 0.0 0.0 0.0 0.0 0.0 0.0 0.0 0.0 0.0 0.0 0.0 0.0 0.0 0.0 0.0
0.0 0.0 0.0 0.0 0.0 0.0 0.0 0.0 0.0 0.0 0.0 0.0 0.0 0.0 0.0 0.0 0.0 0.0 0.0
0.0076923076923 0.0824175824176 0.0153846153846 0.0450549450549 0.0 0.14835164835150003 0.0 0.2758241758241 0.3703296703304 0.043956043956 0.30659340659309997 0.3472527472526 0.33516483516490003 0.029670329670300002 0.21758241758230001 0.2890109890107 0.09780219780220001 0.0076923076923 0.38021978022080005
0.14562289562285002 0.26515151515145 0.03030303030295 0.03787878787875 0.037037037037 0.1127946127945 0.12373737373749999 0.53114478114455 0.228956228956 0.0185185185185 0.14983164983155 0.21548821548825003 0.2037037037037 0.0530303030305 0.29377104377080004 0.256734006734 0.090909090909 0.10016835016825 0.10521885521870002
0.2175960846076 0.6215374524096 0.2326823727785 0.2490763898792 0.0998342999171 0.5694616387493 0.6747522510332 2.1255490956564 1.1307754801874998 0.0743875014795 1.0180416115408 1.4463762629854 1.0321151143322997 0.1449830202936 1.4124475144206998 1.3755104354243 0.6310210990103999 0.1907830955851 0.7530692797089
0.26583833504140003 0.553862294443 0.1269640852974 0.2609232420826 0.0493827160493 0.397286878446 0.23344068706389998 1.2393707607479998 0.8961596642759 0.0 0.47371663494829996 0.6617174157034 0.7276204069689 0.136363636364 1.3951532230525001 1.0780839798955 0.5117796320696 0.09259259259250001 0.899743814962
0.0 0.0 0.0 0.0 0.0 0.0 0.0 0.0 0.0 0.0 0.0 0.0 0.0 0.0 0.0 0.0 0.0 0.0 0.0
0.2712788660614 0.36211698655029995 0.2060359859548 0.3480904602642 0.0 0.7313787859947 0.3727396971731 1.7464091015400998 1.5625940292819 0.027397260274 1.0809555450597 1.1617347530432 1.6556978001231002 0.1187522155263 1.4419501699482 1.5252864780776998 0.2297786271699 0.1607305936072 0.9970726443537001
0.037383177570119996 0.19657968200019998 0.217652627746 0.031678601772 0.00934579439252 0.4174025974027 0.15681514746942002 1.05342881417742 0.3487971841243 0.0064935064935 0.6880422381357401 0.38255370797424004 0.3347857749727 0.0194805194805 0.32226969292381996 0.50309260832634 0.10929724481129999 0.02518509527854 0.1397159849497
0.1588935769347 0.5233695219518 0.12399905508360001 0.08020319737029999 0.16689049297730002 0.48598344694789997 0.6503552377377 1.4319811310958999 0.9207610080147 0.0 0.995238362041 0.8712325936103 1.2348797034536 0.0478092783505 0.8932731901073 1.2215515461029 0.19323760432 0.22618977673309998 0.7741512771658999
0.0 0.0 0.0 0.0 0.0 0.0 0.0 0.0 0.0 0.0 0.0 0.0 0.0 0.0 0.0 0.0 0.0 0.0 0.0
0.34062598549350004 0.2288710186063 0.01852727846099 0.2196467991171 0.01852727846099 0.1151844843898 0.25 0.43133081046987 0.22835856196808 0.0416666666667 0.37306843267109 0.14888836329239 0.2289498580889 0.00662251655629 0.43736203090508 0.38178019552188003 0.08073163040037999 0.1666666666667 0.28319142226449
0.025641025641 0.1282051282051 0.0526315789474 0.0769230769231 0.0519568151147 0.1032388663967 0.15519568151149998 0.38866396761099997 0.15654520917679998 0.0 0.5134952766527 0.2314439946017 0.1558704453441 0.0 0.3387314439944 0.3879892037788 0.1309041835358 0.0 0.10256410256410001
0.025 0.08295454545450001 0.037500000000000006 0.0276515151515 0.0 0.0276515151515 0.0776515151516 0.2488636363636 0.22045454545450002 0.0 0.1212121212121 0.2409090909091 0.1462121212121 0.0 0.23901515151520003 0.32727272727310003 0.1125000000001 0.025 0.040151515151500006
0.2448979591836 0.1632653061224 0.12244897959180001 0.0 0.12244897959180001 0.0 0.2448979591842 0.2857142857148 0.0 0.12244897959180001 0.0 0.1632653061224 0.12244897959180001 0.0 0.1632653061224 0.0408163265306 0.0 0.1632653061224 0.0408163265306
0.0227272727273 0.1744568039903 0.15299618343649998 0.0483682983682 0.0113636363636 0.2222665072404 0.2038977861522 1.1692679082587 0.4140925999733 0.0466321243523 0.6143398915425 0.32825011775790003 0.3724380110393 0.0310880829015 0.4009037163179 0.3867154003162 0.0 0.0227272727273 0.37746838653549997
0.5058823529425 0.2509803921566 0.0392156862745 0.0666666666665 0.0 0.0392156862744 0.0588235294117 0.0196078431372 0.0 0.0392156862745 0.0196078431372 0.34509803921489995 0.0392156862745 0.0196078431372 1.0235294117661 0.2823529411761 0.0862745098037 0.0 0.1647058823526
0.22011385199189998 0.34823287778330003 0.1401189689358 0.3988159961335 0.0743555849305 0.174942612057 0.6758736114958 1.0062398282983 0.3635375135923 0.0588235294117 0.32741331400240004 0.8543483359262 0.8094045157015 0.10752688172 0.8661208593623001 0.7323625354451 0.5199951673303 0.0588235294118 0.2629504864649
0.0655737704918 0.1639344262295 0.0327868852459 0.0327868852459 0.0327868852459 0.09836065573769999 0.0327868852459 0.2295081967213 0.0655737704918 0.0 0.19672131147539998 0.0655737704918 0.2622950819672 0.0327868852459 0.2295081967213 0.0327868852459 0.0327868852459 0.0327868852459 0.3606557377057
0.0263157894737 0.0 0.0 0.0526315789473 0.0 0.0 0.0263157894737 0.0526315789474 0.1052631578947 0.0 0.0263157894737 0.078947368421 0.0526315789474 0.0263157894737 0.1578947368427 0.1315789473687 0.1315789473683 0.0 0.131578947369
0.0 0.0 0.0 0.0 0.333333333333 0.0 0.0 0.0 0.0 0.0 0.0 0.0 0.333333333333 0.0 0.0 0.0 0.333333333333 0.0 0.0
0.0229885057471 0.0919540229884 0.0689655172413 0.0229885057471 0.0 0.0919540229884 0.0 0.20689655172440002 0.0919540229884 0.0 0.6206896551732 0.0919540229884 0.0919540229884 0.0229885057471 0.20689655172439997 0.22988505747149998 0.0229885057471 0.0 0.1149425287357
0.2707137823421 0.30831571529289997 0.030303030303 0.0498338870431 0.0 0.3762206785455 0.27801268498950005 0.4578173764209 0.7069868116382001 0.0801369173461 0.5467129769443 0.41236283096619997 0.6087788180808 0.06352562166510001 0.5394140742976 0.7235981073183 0.1754253498437 0.045454545454500006 0.32638679150329997
0.5432519358581 0.39513368087300005 0.1510029876226 0.0843530882262 0.0121212121212 0.1755108591971 0.33313104099654 1.03366640521094 0.72580330467717 0.15354627766577 0.42909879668406997 1.07134343038337 0.35844221724771 0.0411915767847 0.9117893545139801 0.96109176889757 0.13857386744694 0.13888177550140002 0.34206642009194
0.145299145299 0.22061272061249998 0.0497002997003 0.1399600399599 0.0307692307692 0.25034965034920004 0.3470806970806 0.606571206571 0.8915750915751 0.0357142857143 0.8031246531242999 0.7957542457547 0.867177267178 0.0357142857143 0.7865412365412999 0.8168276168271 0.38114108114080003 0.0444444444444 0.7516428016426999
0.0384615384615 0.0192307692308 0.0 0.0 0.0384615384616 0.0192307692308 0.0192307692308 0.09615384615389999 0.0384615384616 0.0384615384615 0.0192307692308 0.096153846154 0.1153846153846 0.0192307692308 0.153846153846 0.19230769230769998 0.0 0.0192307692308 0.07692307692309999
0.0576923076922 0.1699751861044 0.11538461538460001 0.076923076923 0.0 0.2740955987983 0.1892059553347 1.0013712942407 0.6873449131522 0.016129032258 0.8189891602457999 0.49379652605490004 0.48253232336409996 0.0384615384615 0.5563536633147 0.5815920073143 0.057692307692200004 0.0192307692307 0.36322972443510004
0.2033214961915 0.3563487208977 0.2151815124454 0.1697785453067 0.0447785453067 0.37428825853610004 0.3892066233236 0.8148944815705 0.6192673796326 0.0 0.7628640839652999 0.7111307676347001 0.44646960671580005 0.0260869565217 0.5545141440513 0.8633174328038 0.07476635514 0.1082486793985 0.2655364105584
0.1758599790509 0.2228942652329 0.055346385542200005 0.1842960740191 0.058559820678 0.18189964157709998 0.3780963438654 1.0501497425055 0.5001366117129 0.086596385542 0.5627268702211001 0.3453546933416 0.7389804278376 0.0689478343481 0.8803114747052 0.6465230765525 0.15508134689300002 0.0371447028424 0.6710943235307
0.0 0.0 0.0 0.0 0.0 0.0 0.0 0.0 0.0 0.0 0.0 0.0 0.0 0.0 0.0 0.0 0.0 0.0 0.0
0.08635394456289999 0.1200374434448 0.07529805242076 0.00746268656716 0.0142857142857 0.05090780851836 0.30104107077835995 1.0883707551095598 0.55931470695416 0.0 0.44354978157951996 0.30432257267656004 0.5574623615371799 0.08215780851825999 0.9291688335334799 0.40555021061929997 0.2015757449687 0.1917260387954 0.5814144651302
0.1056848852901 0.5447916666661 0.1226720647772 0.0717948717948 0.0128205128205 0.2581646423757 0.357671221323 0.7066295546551 0.6407599527659 0.015625 0.5491691970302 0.6002108636973 0.4195259784074 0.0461538461538 0.5684843117413 0.5495782726043 0.088141025641 0.09686656545200001 0.24525556680190003
0.02912621359217 0.0291262135922 0.0194174757281 0.00970873786407 0.0 0.00970873786407 0.0194174757281 0.04854368932035 0.16504854368927002 0.0 0.04854368932031 0.08737864077667 0.06796116504841 0.0 0.09708737864071 0.1650485436893 0.10679611650507 0.00970873786407 0.08737864077657
0.0 0.0 0.0 0.0 0.0 0.0 0.0 0.0 0.0 0.0 0.0 0.0 0.0 0.0 0.0 0.0 0.0 0.0 0.0
0.0 0.0127388535032 0.0382165605095 0.0 0.0127388535032 0.12738853503210001 0.114649681529 0.2165605095544 0.16560509554140002 0.0 0.33121019108280003 0.16560509554140002 0.2547770700638 0.0 0.0891719745223 0.11464968152860001 0.0127388535032 0.0 0.3439490445856
0.0655737704919 0.0655737704919 0.016393442623 0.032786885246 0.032786885246 0.032786885246 0.049180327868899996 0.1147540983608 0.08196721311479999 0.0 0.049180327869 0.0655737704919 0.016393442623 0.016393442623 0.16393442622979998 0.08196721311489999 0.016393442623 0.049180327868899996 0.049180327868899996
0.213333333334 0.4800000000003 0.08559139784940001 0.1066666666666 0.0322580645161 0.1389247311831 0.24688172043 0.7901075268829001 0.4266666666676 0.0645161290322 0.08559139784940001 0.3423655913981 0.11784946236550001 0.0 0.8111827956985 0.5346236559147001 0.266666666667 0.11784946236550001 0.13892473118270002
0.0 0.0 1.0 0.0 0.0 0.0 0.0 0.0 0.0 0.0 0.0 0.0 0.0 0.0 0.0 0.0 0.0 0.0 0.0
0.0 0.0 0.0 0.0 0.0 0.0 0.1 0.2333333333332 0.0 0.0333333333333 0.0666666666666 0.1999999999996 0.0 0.0 0.0333333333333 0.1333333333332 0.0666666666666 0.0 0.133333333333
0.0 0.0 0.0 0.0 0.0 0.0 0.0 0.0 0.0 0.0 0.0 0.0 0.0 0.0 0.0 0.0 0.0 0.0 0.0
0.0 0.1385281385282 0.0227272727273 0.0 0.0 0.21103896103890002 0.0703463203463 0.5422077922074 0.3084415584413 0.0227272727273 0.6082251082248 0.3538961038958 0.14069264069270002 0.0454545454545 0.09307359307360001 0.2770562770564 0.0 0.0 0.1655844155844
0.0666052793125 0.2825352977286 0.10543278084720001 0.0883977900553 0.0666052793125 0.055248618784500006 0.1995089011664 0.37661141804799997 0.1546961325968 0.0 0.22130141190929997 0.2213014119093 0.1824739103745 0.0331491712707 0.4151319828117999 0.2323511356662 0.0662983425414 0.060926949048500004 0.17142418661769998
0.0526315789474 0.2636282995541 0.0882613837966 0.07151497231330001 0.024393849793 0.250174721789 0.17750389764000002 0.7750389763998001 0.5501585936245 0.0112359550562 0.44579592495020004 0.5463953550876 0.31429761840759995 0.0454545454545 0.3723993333693 0.3090425245953 0.23444976076510002 0.0131578947368 0.4544648137193
0.0976023391812 0.5243913300079 0.12 0.0394736842105 0.0 0.1076774505068 0.4043913300074 0.7570309565973 0.433308117388 0.0405708460754 0.6973319384086001 0.673385911261 0.4304007725733 0.0550458715595 0.7315258329307001 0.34630720532180004 0.20893341917469999 0.0 0.3326229947957
0.0 0.0 0.0 0.0 0.0 0.0 0.0 0.0 0.0 0.0 0.0 0.0 0.0 0.0 0.0 0.0 0.0 0.0 0.0
0.0873015873015 0.3590629800311 0.0686379928315 0.0483870967742 0.0 0.2535330261136 0.27613927291339996 0.6434715821813001 0.5717101894524 0.0 0.5279825908862 0.426446492576 0.5324116743471 0.1670506912441 0.5926779313881001 0.6672299027144 0.2844086021507 0.0 0.49354838709669996
0.0 0.0 0.0 0.0 0.0 0.0 0.0 0.0 0.0 0.0 0.0 0.0 0.0 0.0 0.0 0.0 0.0 0.0 0.0
0.0215053763441 0.12756598240460001 0.0215053763441 0.0 0.0 0.15874877810350002 0.19208211143690002 0.7471163245351 0.2235581622683 0.0215053763441 0.3147605083087 0.3560117302052 0.4911045943307 0.0881720430108 0.2268817204299 0.6401759530794 0.0181818181818 0.0 0.351124144673
0.0 0.0 0.0 0.0 0.0 0.0 0.0 0.0 0.0 0.0 0.0 0.0 0.0 0.0 0.0 0.0 0.0 0.0 0.0
0.142857142857 0.2020648967549 0.06531816266320001 0.0176991150442 0.0353982300884 0.11841550779590002 0.29119258322819996 0.5084281500213 0.4369995785925 0.0 0.20143278550350002 0.2313527180784 0.0592077538979 0.0238095238095 0.3980193847447 0.5518331226299 0.343025705858 0.0176991150442 0.3552465233881
0.0 0.0185185185185 0.0 0.0 0.0185185185185 0.037037037037 0.0 0.24074074074090002 0.0555555555555 0.0185185185185 0.1296296296297 0.074074074074 0.1296296296295 0.0 0.2037037037037 0.037037037037 0.0 0.0 0.037037037037
0.05769230769219999 0.07692307692309999 0.0384615384615 0.0 0.07692307692299999 0.0192307692307 0.057692307692200004 0.2115384615384 0.13461538461539999 0.0 0.05769230769219999 0.2499999999998 0.0192307692308 0.0 0.30769230769300004 0.09615384615379999 0.46153846153910005 0.0576923076923 0.0769230769231
0.0714285714286 0.1785714285715 0.0714285714286 0.0714285714286 0.0714285714286 0.0 0.1071428571429 0.0714285714286 0.0 0.0357142857143 0.0714285714286 0.1071428571429 0.0357142857143 0.0 0.0 0.0714285714286 0.0 0.0357142857143 0.0
0.0288461538461 0.1867245657563 0.1153846153845 0.0 0.0 0.1510545905705 0.1153846153845 1.1864143920604 0.20192307692310002 0.0645161290322 0.539702233251 0.37500000000010003 0.6110421836231 0.0288461538461 0.5890198511153 0.3818238213406 0.1290322580644 0.0288461538461 0.2664392059551
