0.3328345214123 0.452413342766 0.1389236545687 0.21646623496739997 0.0212765957446 0.0 0.3641780486481 1.1224356532622999 0.2139631060562 0.0588235294117 0.267154595418 0.4555422539042 0.0882352941176 0.0 0.660145834466 0.3742177722154 0.0531914893617 0.0932415519399 0.0869565217391
0.0384615384615 0.0816326530612 0.1177394034536 0.0204081632653 0.1538461538462 0.11538461538450001 0.0792778649921 0.5682888540029001 0.12009419152270001 0.19230769230810002 0.1970172684457 0.2378335949764 0.0384615384615 0.0 0.30141287284150003 0.2535321821036 0.0204081632653 0.0 0.4638932496072
0.0952380952381 0.0952380952381 0.0 0.0 0.0 0.2857142857141 0.0 0.3809523809522 0.380952380952 0.0 0.0952380952381 0.0952380952381 0.0 0.0 0.4761904761903 0.0 0.0952380952381 0.0 0.0
0.0 0.0 0.0 0.0 0.0 0.0 0.0 0.0 0.0 0.0 0.0 0.0 0.0 0.0 0.0 0.0 0.0 0.0 0.0
0.0 0.0 0.0 0.0 0.0 0.0 0.0 0.0 0.0 0.0 0.0 0.0 0.0 0.0 0.0 0.0 0.0 0.0 0.0
0.0 0.0630363036304 0.0463696369637 0.0 0.0 0.25214521452140004 0.24125412541229999 0.4136963696368 0.6013201320137 0.0463696369637 0.42673267326709996 0.129702970297 0.2615511551153 0.0 0.35792079208 0.6273927392734 0.0 0.0 0.5325082508247
0.6302011573440001 0.15734362083210002 0.0523560209424 0.0785340314136 0.1840727473136 0.2617801047119 0.7872692201697999 0.8911545880420002 0.3664921465969 0.105263157895 0.4714797464862 0.5249379994489001 0.3929457150736 0.0 0.7597134196742 0.7332598511984001 0.1573436208321 0.18407274731360002 0.2617801047121
0.33946243926891 0.5674014969208 0.35746528587341 0.0971631205673 0.0498480243161 0.5273230704513199 0.7945561389759002 3.44062610470813 0.82979576001081 0.05245418158831 1.12573618135232 0.8885871316999099 0.84035237182691 0.0 0.91766067294381 0.64300377245471 0.1773123009343 0.17119912761970998 1.1800528184868
0.1035903916158 0.2642595469404 0.1650803403741 0.0441176470588 0.0 0.057078763708799996 0.6561826149467 1.1387349579193 0.7218113102549001 0.0 0.7488290941135 0.6334774745534 0.43375107236419996 0.0294117647059 0.621438011547 0.3725335621043999 0.3594043451048 0.0 0.6502991026918999
0.0 0.0 0.0 0.0 0.0 0.0 0.0 0.0 0.0 0.0 0.0 0.5 0.25 0.0 0.0 0.25 0.0 0.0 0.0
0.0165289256198 0.30068776822 0.0699949401247 0.0 0.0 0.267330072525 0.15263956822330002 0.4569067296339 0.2303929836398 0.0 0.7778902194483001 0.2753883922712 0.24978917186740002 0.0165289256198 0.42026948520429996 0.42772811604070005 0.0165289256198 0.0 0.3213957759408
0.0526315789473 0.42105263157929995 0.1578947368423 0.0 0.0526315789473 0.1132376395533 0.1132376395533 1.3173843700166 0.5948963317391001 0.1578947368423 0.151515151515 0.503987240831 0.29346092504 0.0 0.1355661881976 0.6108452950559 0.0 0.0 0.3237639553433
0.0625 0.114884815055 0.0912840687864 0.125 0.0652173913043 0.29285366645050004 0.5007949383515 1.0237508111628 0.4091377352368 0.0 0.5365225502922 0.15650146009069998 0.7048588578854 0.0125 0.6031391953278 0.4771130759254 0.16521739130420002 0.0125 0.6462240428298
0.0 0.0 0.0 0.0 0.0 0.1 0.0 0.05 0.5 0.0 0.0 0.05 0.2 0.0 0.0 0.0 0.0 0.0 0.1
0.1698412698413 0.29760224554709996 0.1086283579433 0.0540829033979 0.0222222222222 0.2588705054458 0.3679910652516 0.8872640297299 0.396592144537 0.0 0.49673249125420005 0.20311530174519998 0.1934175413625 0.0 0.7732965664471001 0.6825910771119 0.3574314574312 0.0 0.730320820732
0.0140845070422 0.45978579344850007 0.16274314949610003 0.11772125289049999 0.0547945205479 0.4042886313715 0.9278957995748001 1.2451961104524 0.612551861836 0.0 0.42511071526300004 0.3809834610695 0.7819517562805001 0.0 0.6364089928205 0.7934994005914999 0.46266835152429997 0.0149253731343 0.5053903226604
0.05224132119990001 0.15099427030669998 0.0144927536232 0.0581395348837 0.0232558139534 0.0232558139534 0.1189753960229 0.16245365689250002 0.1826761038087 0.0 0.061004381530200005 0.2061004381533 0.06386922817660001 0.0 0.2524435456685 0.2236265588137 0.1944725311763 0.0289855072464 0.1830131445907
0.190476190476 0.1428571428571 0.047619047619 0.0 0.0 0.047619047619 0.0 0.047619047619 0.1428571428571 0.0 0.0 0.0 0.047619047619 0.0 0.1428571428571 0.095238095238 0.0 0.0952380952381 0.0
0.0 0.0285714285714 0.0285714285714 0.0 0.0285714285714 0.1428571428571 0.0428571428571 0.30000000000000004 0.1857142857142 0.0 0.271428571429 0.14285714285700002 0.2142857142857 0.0 0.0999999999999 0.15714285714270002 0.0 0.0 0.35714285714259997
0.3789473684218 0.23157894736850002 0.1263157894736 0.0631578947368 0.0421052631578 0.0421052631578 0.4842105263158 0.315789473684 0.0631578947367 0.0210526315789 0.0 0.2000000000003 0.2736842105264 0.0 0.5578947368436 0.0526315789473 0.0842105263156 0.0210526315789 0.0421052631578
0.12112290338090001 0.6568410681322 0.1063321385901 0.063973063973 0.11375661375660001 0.2257715402876 0.6573841331918 0.8171034461358001 0.4488704246771 0.0 0.3616270229176 0.2432388400129 0.41726791726799994 0.0681818181818 0.7551242067385 0.3484305419793 0.1612903225805 0.12373737373730001 0.3099466244628
0.34255319148929997 0.2 0.24255319148930002 0.0 0.1 0.063829787234 0.1 0.16382978723400002 0.19148936170199998 0.0 0.1 0.0425531914893 0.0212765957447 0.0 0.06382978723409999 0.0425531914893 0.5212765957447001 0.30000000000000004 0.5042553191494
1.0 0.125 0.375 0.25 0.25 0.0 0.0 0.375 0.0 0.0 0.0 0.0 0.125 0.0 0.375 0.0 0.0 0.125 0.0
0.0769230769231 0.0 0.2307692307691 0.0 0.0769230769231 0.0 0.0769230769231 0.2307692307691 0.0 0.0 0.153846153846 0.0 0.0 0.0 0.0 0.0 0.0 0.1538461538462 0.0
0.0 0.04555792466236 0.04349680170572 0.00746268656716 0.0 0.11144278606966 0.0998578535894 0.33766879886316 0.14335465529482 0.00746268656716 0.18891257995738 0.1250888415068 0.13589196872776 0.0 0.2079601990048 0.1860696517412 0.00746268656716 0.0 0.3523098791752
0.5503030303036001 0.39515151515089997 0.1175757575757 0.0266666666666 0.1818181818182 0.277575757576 0.2351515151514 0.8218181818197 0.4266666666662 0.2993939393937 0.3151515151512 0.2242424242423 0.2666666666667 0.106666666667 0.7309090909084 0.2933333333328 0.3842424242423 0.0266666666666 0.3199999999992
0.46896497811137 0.59165208453313 0.29571294559236 0.00999999999999 0.04620075046897 0.18859082718772 0.5861340627504 1.2325559291392698 0.67923185282815 0.11937148217616998 0.24901612393859 0.52090056285119 0.5982708871262601 0.0 0.78091102731348 0.07980198019798 0.59658536585359 0.019900990098989997 0.93619814983388
0.015625 0.2737132352942 0.1055147058823 0.015625 0.0 0.066544117647 0.2191176470588 0.41047794117619996 0.2970588235292 0.03125 0.2113970588235 0.1996323529411 0.1487132352941 0.0235294117647 0.2582720588235 0.1724264705881 0.0705882352942 0.0 0.4805147058823
0.0 0.0 0.0 0.0 0.0 0.0 0.0 0.0 0.0 0.0 0.0 0.0 0.0 0.0 0.0 0.0 0.0 0.0 0.0
0.0 0.19260400616309997 0.1248073959937 0.090909090909 0.0 0.2033898305084 0.271186440678 0.6671802773489 0.42989214175650003 0.0 0.7796610169497 0.0338983050847 0.508474576271 0.0338983050847 1.1895223420654 0.2711864406778 0.0 0.0 0.20338983050870002
0.5157894736842 0.589473684211 0.0736842105262 0.0 0.0736842105262 0.368421052631 0.442105263157 1.8421052631604 0.2210526315786 0.147368421052 0.221052631579 0.2210526315782 0.2947368421044 0.0 1.1789473684202 0.221052631579 0.1473684210524 0.294736842105 0.147368421052
0.0217391304348 0.054347826087000006 0.0217391304348 0.0652173913043 0.0652173913043 0.0869565217391 0.0978260869564 0.28260869565230007 0.0652173913043 0.0108695652174 0.08695652173920002 0.1304347826087 0.2608695652177 0.0 0.29347826087000006 0.1521739130436 0.1086956521738 0.0434782608695 0.1521739130436
0.0 0.0 0.0 0.0 0.0 0.0 0.0 0.0 0.0 0.0 0.0 0.0 0.0 0.0 0.0 0.0 0.0 0.0 0.0
0.13063183151160002 0.527073978112 0.0791027154664 0.1791023620995 0.0322580645161 0.17991942453050003 0.7926322249264 0.8475882130994999 0.5588188755951 0.13252705513180002 0.31419564502959996 0.2647584600904 0.3477458539289 0.0 0.8650755478472999 0.34641562446359997 0.47311919570649996 0.0322580645161 0.8967768634300999
0.178571428572 0.2422003284069 0.1839080459769 0.0529556650246 0.0172413793103 0.194581280788 0.5385878489328 0.5755336617401 0.6112479474546 0.0 0.7504105090305999 0.3862889983576 0.24507389162559998 0.095238095238 0.6564039408866 0.5623973727417 0.3029556650243 0.047619047619 0.35878489326749996
0.14267335733480002 0.22262005953345 0.17560050278489997 0.07881773399 0.0126582278481 0.0323626613456 0.26059474307790004 0.46381558435630005 0.62925865515075 0.0 0.0844297561887 0.40950696251859997 0.3976560782135 0.0 0.67571372779395 0.5479401253028 0.63406333380385 0.022510444596849997 1.2097780461648502
0.342857142857 0.4000000000008 0.0571428571428 0.0 0.114285714286 0.0 0.1142857142856 0.22857142857180002 0.0571428571428 0.1714285714288 0.0 0.0 0.1714285714288 0.0 0.2285714285712 0.1142857142856 0.0 0.0 0.0
0.1913166970984 0.15355461344172 0.09321853072243999 0.0 0.0 0.0698924731183 0.0974737828894 0.8235006051453599 0.7561319005738001 0.155172413793 0.36575230339782 0.4876994704111 0.22080963474419998 0.0 0.36911557915522 0.42783386152353997 0.2068965517245 0.0 1.5816315822609002
0.10000000000010001 0.1 0.02 0.0 0.0 0.0 0.06 0.06 0.06 0.06 0.04 0.02 0.13999999999999999 0.0 0.08 0.13999999999999999 0.06 0.0 0.06
0.1873966741223 0.17683627418120001 0.196174196174 0.0176991150442 0.09177318911820001 0.4002146657012 0.40206237551369994 0.6403449058312001 0.37537683555379997 0.196174196174 0.4271091085247 0.5939576647547 0.3833619674327 0.0176991150442 0.6120745855261001 0.42731801138860004 0.2048868863027 0.0986921960372 0.5508480375741001
0.228571428571 0.1333333333333 0.0571428571428 0.0190476190476 0.0 0.0 0.19047619047609998 0.4000000000005 0.09523809523809999 0.0380952380952 0.0571428571428 0.1523809523809 0.0761904761904 0.0 0.1142857142857 0.0761904761904 0.0190476190476 0.0190476190476 0.32380952380969996
0.0 0.095238095238 0.0 0.047619047619 0.0 0.0 0.0238095238095 0.1904761904762 0.119047619048 0.0 0.0 0.07142857142850001 0.0714285714285 0.0 0.095238095238 0.07142857142850001 0.047619047619 0.0 0.166666666667
0.285714285714 0.0 0.0 0.0 0.571428571429 0.0 0.142857142857 0.0 0.0 0.0 0.0 0.0 0.0 0.0 0.0 0.0 0.0 0.0 0.0
0.0 0.061801242236000004 0.09270186335370001 0.0439440993787 0.0 0.0700310559005 0.2588509316763 0.8975155279492002 0.188819875776 0.0130434782608 0.4360248447203 0.41956521739170005 0.2554347826084 0.0 0.3240683229809 0.33571428571390005 0.0260869565217 0.0130434782608 1.5633540372702002
0.451612903227 0.1290322580644 0.258064516129 0.0 0.1290322580644 0.0 0.0 0.193548387097 0.0645161290322 0.0645161290322 0.1935483870962 0.1290322580644 0.0645161290322 0.0 0.0645161290322 0.0 0.0645161290322 0.129032258064 0.0645161290322
0.2938984732894 0.576771593988 0.12382716985310001 0.0582714301995 0.0 0.5486690697587 0.5968268837482 1.7556515583725 0.7233598614569 0.0281690140845 1.0241050322717 1.0126286967781 0.6252502531115001 0.0446300895612 1.2875246811909 0.8214023609581 0.1494650113523 0.0832524271844 2.2462963928409003
0.03368555421601 0.1314257699886 0.0860722181282 0.0169491525424 0.0 0.04249590685823001 0.11138957150741 0.56358876798833 0.19530098081242 0.0 0.36566817647884 0.2001233338369 0.26922974935453 0.0 0.38921692263642005 0.11470601838291998 0.23421773972212 0.04645060633999999 1.19947953120751
0.108108108108 0.162162162162 0.358108108108 0.0 0.358108108108 0.0 0.162162162162 0.32432432432499997 0.054054054054 0.108108108108 0.41216216216199997 0.16216216216200002 0.216216216216 0.0 0.054054054054 0.054054054054 0.054054054054 0.25 0.162162162162
0.0 0.01666666666666 0.056824712643629996 0.0 0.0 0.2880747126437 0.0875 0.5629310344827899 0.26860632183903 0.0 0.43699712643729 0.56795977011543 0.1439655172414 0.02557471264363 0.34267241379330005 0.34834770114926 0.0166666666667 0.0 0.8372126436771001
0.13639846743279999 0.36578454958569995 0.22681992337180001 0.0919540229884 0.0 0.5037868662572 0.27436514300959997 1.1676557070323001 0.6102646351242 0.137931034483 0.3632540318983 0.6618372984058001 0.5739820012481001 0.0919540229884 0.3880067718079 0.7911075470016 0.0232558139535 0.0919540229884 0.49968814042629994
0.1112087912088 0.22527472527479997 0.130989010989 0.06 0.0252747252747 0.1301098901098 0.20791208791209997 0.40021978021970006 0.5032967032968 0.0472527472527 0.1859340659341 0.24219780219780002 0.23120879120870003 0.0 0.3019780219783 0.5516483516478999 0.1138461538461 0.02 0.5116483516482
0.0 0.0 0.0 0.0 0.0 0.0 0.0 0.0 0.0 0.0 0.0 0.0 0.0 0.0 0.0 0.0 0.0 0.0 0.0
0.1241496598638 0.2443261103974 0.09210630639182002 0.1049010513295 0.043171114599600005 0.18141382427082 0.2997052550623 0.56919271204963 0.47852841602890006 0.0408163265306 0.42841880341861005 0.25976602762300005 0.58204097489762 0.0277777777778 0.5209165834163101 0.37853911961011 0.22566223459091 0.0277777777778 1.37078992436082
0.06547569588703 0.28835780614683 0.11774370208110001 0.12229060588783 0.0481927710844 0.272364329097 0.37887839372572996 0.5758029044430301 0.7750271939271001 0.0 0.24085085893083 0.75109854050763 0.72993687954363 0.0135135135135 0.58319286418073 0.6513423099863 0.2751238825681 0.02204806687563 1.08875968161453
0.07261904761903 0.08174603174600001 0.049206349206330005 0.174603174604 0.015873015873 0.015873015873 0.0642857142857 0.41309523809546 0.30634920634922996 0.0166666666667 0.13531746031743 0.2079365079374 0.11190476190466 0.015873015873 0.25119047619039997 0.35912698412766 0.16587301587369999 0.015873015873 0.52658730158633
0.0 0.0 0.0 0.0 0.0 0.0 0.0 0.0 0.0 0.0 0.0 0.0 0.0 0.0 0.0 0.0 0.0 0.0 0.0
0.0721966205837 0.0879574970483 0.250047606353 0.0399385560676 0.0399385560676 0.273120818575 0.48442954894510004 1.3586916504817 0.4594520826193 0.1137347500982 0.8549656599505001 0.3034111538511 0.5826446280994999 0.0238095238095 0.3211080219875 0.8745033070539 0.0491868834977 0.0165289256198 2.7943342092876997
0.0975609756098 0.29268292682860003 0.0243902439024 0.0 0.0 0.0487804878048 0.121951219512 0.121951219512 0.0975609756096 0.0 0.14634146341440002 0.1463414634146 0.2195121951228 0.0 0.14634146341440002 0.29268292683 0.07317073170720001 0.0487804878048 0.12195121951200001
0.13929219600726 0.30055742805305996 0.1272577996714 0.5410725088577 0.0344827586206 0.07395644283111999 0.33959899749372 0.4697951775989401 0.3913015296862 0.08620689655159999 0.14949010457152 0.17286751361172 0.41966986431576 0.0131578947368 0.46387520525456 0.51497277676972 0.1129764065335 0.0344827586206 0.61498574021292
0.04347826086959 0.02898550724638 0.21325051759859 0.00724637681159 0.0289855072464 0.054865424430590004 0.09834368530019 0.16356107660448 0.09834368530018 0.00724637681159 0.12422360248439002 0.125258799172 0.0383022774327 0.0 0.16459627329189 0.17287784679076998 0.0983436853002 0.05279503105589 0.4792960662529
0.0 0.0 0.0 0.0 0.0 0.0 0.0 0.0 0.0 0.0 0.0 0.0 0.0 0.0 0.0 0.0 0.0 0.0 0.0
0.0833333333333 0.0975609756097 0.0487804878048 0.0 0.3475609756095 0.0 0.2784552845533 0.396341463414 0.0 0.1321138211381 0.0975609756097 0.0487804878048 0.0 0.0 0.0975609756097 0.0833333333333 0.0833333333333 0.0833333333333 1.12195121951
0.1774255989961 0.12601912390340003 0.07461264881060001 0.0733944954128 0.0366972477063 0.3504586151707 0.2840421402758 1.0316599373644 0.8862256777293 0.0550458715595 1.1578005753345 0.5600246844272 0.5263652883515001 0.0366972477063 0.7133417924527 1.0202742702993999 0.0514064750928 0.1522631492526 5.6862451601551
0.1777204618037 0.07492016703516 0.06890198968314 0.025423728813579998 0.022967329894380002 0.11016949152517999 0.2067059690496 0.35814296241752 0.1271186440678 0.00847457627118 0.19000245639899999 0.32019159911506 0.181527880128 0.00847457627118 0.3171211004668 0.25178088921656 0.03144190616556 0.0978874969295 0.42102677474888
0.2114235218501 0.5135445320173999 0.2707489359545 0.05117513949944 0.0120481927711 0.61203201490344 0.8599175163512 2.55242508550898 1.1443878496355 0.11934865900380001 1.0543958785983398 1.2703328935015 0.8966427613372401 0.0 1.27868274086388 0.79054243295724 0.38470970211444 0.18214236255400001 4.7954997805785995
0.1099115309641 0.20686379170279 0.14833054699498 0.10254284134868999 0.0 0.09277499143949999 0.3163754626185 0.81722852225549 0.76096724355398 0.0485829959514 0.65314714476799 0.74011968945259 0.73606215436458 0.0308641975308 0.71953920605488 1.21063747091469 0.12204347881208999 0.0185185185185 4.1654902127573
0.0 0.095890410959 0.0 0.013698630137 0.1861402095079 0.0588235294117 0.0684931506849 0.2860596293307 0.027397260274 0.411764705883 0.0684931506849 0.054794520548 0.041095890411 0.0 0.027397260274 0.027397260274 0.054794520548 0.013698630137 0.5640612409339
0.159798236283 0.1396218645989 0.2151991382096 0.0820719016083 0.046357615894 0.5316715247833 0.2782783744522 1.2202716326564 0.8353756881461999 0.0 1.5756126566819 0.37575248814089995 0.9907538183479999 0.056720310194499995 0.9010658667296999 0.9830041311444001 0.1255245629366 0.0 4.482920189194
0.2032240068609 0.14488047360918999 0.17304057485898 0.0204081632653 0.0 0.27909474683400004 0.20322400686090003 0.72605100791968 0.41495765993079003 0.0204081632653 0.41903762729069 0.4676725035181 0.25336597307189 0.0 0.38768849032889 0.7442276788322899 0.02816010124979 0.0408163265306 0.4737424957759
0.2218159750431 0.2958081309616 0.2362954269605 0.15720762741600003 0.0750855125234 0.36441876561 0.5058028146406 1.1339111070995 1.3606371560682 0.18738527278739997 0.6307062682439999 0.638585457354 0.7062281203291001 0.060606060606 0.7559206764761002 2.1420761738528005 0.1709046773592 0.0399977932251 1.3166069834388
0.0 0.0 0.0 0.0 0.0 0.0 0.0 0.0 0.0 0.0 0.0 0.0 0.0 0.0 0.0 0.0 0.0 0.0 0.0
0.09328327524471 0.4652437736459101 0.19666341269706 0.09981474647194999 0.016129032258 0.29006917141891 0.30762792340630996 0.82769860688016 0.7352314454002 0.0657494406241 0.5750219524533 1.2216800418366 0.53729315370036 0.0 0.44906307113771 0.6893444830177 0.21528410547831 0.042181664740299996 2.1726206995887
0.13984407922460002 0.3191439407623 0.09592591494380001 0.2713999983827 0.095602311721 0.07990339974300001 0.3761167972673 0.9202519549626 1.0710057712165 0.0520648967552 0.49271427762740005 0.681441626974 0.5277648240645 0.068022718267 0.5896320276891001 0.7663446807863001 0.4797844801645 0.0520648967551 0.9209714026931
0.0707547169811 0.1886792452834 0.0235849056604 0.566037735848 0.0 0.0235849056604 0.14150943396229998 0.6132075471697 1.0613207547172 0.0471698113208 0.1415094339623 0.4009433962261 0.2358490566039 0.0 0.33018867924569995 0.8018867924523 0.1179245283018 0.0 0.2358490566035
0.0 0.0 0.0 0.0 0.0 0.0 0.0 0.0 0.0 0.0 0.0 0.0 0.0 0.0 0.0 0.0 0.0 0.0 0.0
0.10006749156360001 0.10268873403 0.35539104868012994 0.025731158605130002 0.10743266847733 0.48626016260210003 0.23797854536543 2.02685094241436 0.9411291119098 0.14680603948919999 2.02892237555536 0.6190368734409301 0.8826417277102301 0.0 0.48713320895882 0.99393001179753 0.12522263985283 0.0228571428571 6.3099201166872
0.40947992100130004 0.1632653061225 0.1428571428571 0.1138907175773 0.1955233706385 0.0408163265306 0.5134957208692 0.7037524687302001 0.1902567478609 0.0408163265306 0.12244897959180001 0.2975641869657 0.1751152073732 0.0 0.186965108624 0.29756418696459996 0.1612903225811 0.1428571428576 0.102040816327
0.30370508285165 0.13243513142955002 0.08810531304470001 0.06228990707665 0.13962526023600003 0.0853015351804 0.47172610484 0.49834633807819995 0.9236285777149 0.06106870229005 0.55106040859155 0.5721551767908499 0.37318342614375 0.04421895363985 0.5013447639673 0.410435673059 0.09596063032095001 0.09462856078950001 0.5907804539527
0.1455557051197 0.0392156862745 0.1731203541677 0.0929241261723 0.039215686274500006 0.1643110333377 0.15089514066499998 0.4441602728049 0.23251222685880002 0.0522875816994 0.19153168513790003 0.3419781337412 0.1335606706452 0.042057402671200006 0.6362303884179 0.2452401250356 0.2667324748362 0.0522875816993 0.5561837244434
0.30434782608699995 0.07718612603819999 0.0442110405471 0.0434782608696 0.0112359550562 0.0786516853936 0.1790425012211 0.065950170982 0.0449438202246 0.0 0.0337078651686 0.323644357597 0.4250122129945 0.0 0.12139716658529999 0.0112359550562 0.0674157303371 0.0 0.16853932584250003
0.0 0.0 0.0 0.125 0.0 0.0 0.125 0.125 0.0 0.125 0.0 0.125 0.0 0.0 0.125 0.0 0.0 0.25 0.0
0.1588561082116 0.2739658553144 0.0701384056466 0.0940055343983 0.0 0.4591324854792 0.48488848252840006 1.6095402268976002 1.707295657431 0.07791974351360001 1.5679865520559 0.8856046819940001 0.5290672988206 0.040476034787100004 1.4965138030147 1.2611037044370002 0.166906856092 0.1183957783008 4.9982027910788
0.2749203727733 0.326943494161 0.1866816090601 0.036215642326200004 0.0464197239588 0.5304352955042 0.5136251032207 0.7737407101577001 0.9037985136251001 0.0102040816326 1.0328536038694 0.5182257874253 1.0430576855023 0.0 0.7793441075852999 0.6604930989732001 0.1866816090601 0.1188510086114 2.0575085525521
0.31096793338766004 0.7861303625723199 0.7869513290562601 0.45874625906766003 0.26196154818962003 1.21927047274488 1.5152692093555 5.01403442103172 2.77029828197666 0.09033658440876001 3.4247301250952598 2.62529334093326 2.0543791798729 0.2042570585281 3.292388960646 2.90195516496152 1.0484284146498 0.1968198670897 9.037781486432499
0.1915168247252 0.29598002265709 0.1358291341408 0.2805757943946 0.096686147613 0.51912051852589 0.4484146455641 2.99366444367077 1.81325465617449 0.0185950413223 1.6693487982692699 1.2197555765468 1.4366721732296 0.2697840228869 1.5566921870278998 2.3483629040966 0.17205587459198998 0.0 6.5336912345695906
0.029702970297 0.1922442244222 0.0911716171616 0.0 0.0792079207921 0.009900990099 0.04950495049499999 0.39645214521419997 0.039603960396 0.0515676567656 0.154702970297 0.6406765676567999 0.1010726072607 0.0 0.039603960396 0.26980198019799995 0.019801980198 0.0812706270626 0.7537128712886
0.13966632326036998 0.10355139652018 0.04477163461538 0.01767113095238 0.016712454212449997 0.44060160121749997 0.37520537060968 1.0680483731955899 1.14644102833426 0.0 0.83612519527044 0.6863132272138901 0.46215457336774 0.04381295787548 1.10726069273892 0.67302642210772 0.14351533882813 0.0119047619048 1.68321751777678
0.30462140772979995 0.3238816466189 0.14869744106469998 0.0427031509121 0.0571194659613 0.37404748409910005 0.3275185255161 0.74297814723878 0.8891302978765999 0.0 0.70386464303022 0.28246950899482004 0.24722904464992002 0.274261603376 0.94597686672066 1.76489913302856 0.0360224195478 0.07821651237470001 0.45636270126185996
0.18248873246698 0.41306877307008005 0.45839239536689996 0.37083202227629997 0.28513424924779995 0.7111932086651 1.0650514384060799 2.2853428583636797 2.4538320488435996 0.1801000991202 1.1545242485418599 1.2593332101438799 1.1818663240248002 0.015037593985 1.7120846321782 2.55115998952948 0.45778151137757994 0.2859160089821 3.97686065541238
0.0 0.0 0.0555555555556 0.0 0.0 0.0 0.0 0.0 0.444444444444 0.0 0.0 0.0555555555556 0.0 0.0555555555556 0.0555555555556 0.22222222222260002 0.0 0.0 0.111111111111
0.62192108816345 0.8918429470736701 0.2555066177262 0.2181788735929 0.2870199622463 0.73563532955336 1.0199974639464 2.3665552226629103 1.1351047011322501 0.21845272416886002 1.01901822022657 1.28315934226401 0.99522443481785 0.074074074074 1.25332039708681 1.3833272185315502 0.6757579063981 0.09214469740771 2.47375877892665
0.13651315789500001 0.5051442620284999 0.107840624288 0.3762093490595 0.10335984084370001 0.8011060852928 0.7168704744119 2.2562651992847003 2.0128505720846 0.0819259901416 1.1790402339437 0.7311978351132 0.615521986037 0.0485957132298 0.7307712879761 1.9211792807105001 0.396153910275 0.0300751879699 1.2493790094169
0.2543754261774 0.1780043510732 0.2731434880013 0.5265772640190001 0.0401337792641 0.0890021755364 0.4210475046267 1.0851381628084 0.5052115465784001 0.0 0.4110140598105 0.1893366236969 0.37737441958629997 0.010033444816 0.7320842939258999 1.2220670844556 0.33074650128329997 0.2142416469131 0.1404682274246
0.1 0.04 0.12 0.0 0.06 0.0 0.0 0.06 0.0 0.04 0.06 0.12000000000000001 0.16 0.0 0.06 0.04 0.02 0.04 0.08
0.061606160616 0.030803080308 0.1848184818482 0.030803080308 0.0538630786155 0.5159092832365 0.7545908437000001 1.871160192943 1.2165524244745 0.11546923923159999 1.7479478717108 0.8624862486250999 1.1473724295516998 0.107810781079 0.7312769738520999 1.2783278327842 0.1616738596945 0.0538630786155 4.0736650588076
0.1151045033396 0.3391941391941 0.08080155138970001 0.17336780866180002 0.060935143287999996 0.1396250808015 0.32798965740139996 0.6206851971552001 0.4983839689727 0.0894634776986 0.3229907347553 0.5234647705232001 0.11299288946319999 0.0588235294118 0.5364361129075 0.356302521009 0.2506356388716 0.1160956690368 0.27670760611920003
0.21491612957419998 0.2685260218756 0.14680788528959998 0.2055129846954 0.036218587953700004 0.14680788528959998 0.4092582873216 0.6471416874856 0.6135641257112 0.0630130371801 0.4167887808873 0.507074927046 0.3443537043646 0.0263157894737 0.7647198370882 0.3436042239626 0.3061784897024 0.128958915038 0.4102387000616
0.10380952380950001 0.1914285714286 0.1914285714285 0.28 0.04 0.127619047619 0.4228571428572 0.8447619047622 0.29428571428579997 0.04 0.4066666666666 0.2714285714285 0.327619047619 0.0238095238095 0.2866666666665 0.358095238095 0.1514285714286 0.12 0.5180952380952
0.125 0.09375 0.0 0.03125 0.0 0.0 0.0625 0.0 0.09375 0.0 0.0 0.21875 0.125 0.0 0.21875 0.0 0.03125 0.0 0.0
0.0 0.0571428571428 0.0857142857142 0.0 0.0571428571428 0.0 0.0 0.142857142857 0.0285714285714 0.171428571429 0.1142857142856 0.0571428571428 0.1142857142856 0.0 0.0 0.0857142857142 0.0 0.0 0.0857142857142
0.04201465993282 0.0479493780337 0.04291862361698 0.00662251655629 0.00593471810088 0.09155580010612 0.07762296853814 0.24473834181654003 0.15068681588623 0.00296735905044 0.24817733409354997 0.18242380175697998 0.11163951500375001 0.0132450331126 0.16849097018904 0.21050563012169002 0.02580226776977 0.0132450331126 0.3134592332035
0.1534090909091 0.6079545454555001 0.1401515151514 0.1079545454544 0.18560606060590001 0.4053030303029 0.34375000000089995 1.2642045454553 1.2651515151535 0.091856060606 1.5909090909090002 0.7623106060606 1.7329545454524 0.03125 1.6856060606049001 0.9204545454553 0.7632575757565001 0.17045454545450003 1.7774621212135
0.5813718978011599 0.8291074287775 0.54216592991236 0.399002760155 0.0880154179407 0.86154986023972 1.2533660503435802 3.44800491968208 2.21360347233552 0.10861754627055997 2.2547103010087994 1.43641626694078 1.88862500133754 0.21234055484496 2.3959923938988803 1.7048502145207003 0.5996449461677 0.18439397739042002 3.9982210604374
0.24245297758002 0.2242648694287 0.1878605616608 0.2107312477929 0.0648977509126 0.44866149937669997 0.4046314746030001 1.7908690422045601 1.1449599677376199 0.0724889115672 1.1895413548706602 0.9678715981439001 1.0374238355710201 0.080080072222 1.2431309439428402 1.11193109971522 0.3533991058446 0.1019978804412 3.12280580639042
0.0666666666667 0.0666666666667 0.0133333333333 0.0 0.0133333333333 0.0133333333333 0.1333333333333 0.0533333333332 0.0266666666667 0.0266666666667 0.08 0.053333333333299995 0.053333333333299995 0.0 0.0933333333333 0.0266666666666 0.0133333333333 0.08 0.186666666667
0.056912056561610004 0.26279682243307 0.026606301165920002 0.010791366906460001 0.18632032667870002 0.5690822157290201 0.1393121995493 1.28684810632547 0.84428811411295 0.025 0.7795030232969301 1.15241103361857 0.85183003115865 0.01609712230215 0.9307334629292201 0.9863115845454702 0.04099479037452 0.029459191267650002 1.8047022510442599
0.0874178403754 0.3230046948355 0.19192488262899998 0.0540845070422 0.0140845070422 0.130422535211 0.2296713615024 0.9765258215960999 0.8893896713614 0.0 0.5795305164319 0.6608450704226 0.5793427230043 0.140845070422 0.5549295774655 0.8485446009398 0.1599999999999 0.0333333333333 0.546103286385
0.16459667908955 0.31132928530410003 0.2547448736287 0.28212509699455 0.09038886721280001 0.76997498369895 0.7283806239167 2.5206043264425 2.31246774468545 0.2416754985491 1.84251518224845 1.1756453219575 1.4806655119377 0.07499140650565 2.0260659213358 1.5875861469596502 0.29350384509265004 0.0448577332697 2.79788095116995
0.0 0.0 0.0714285714284 0.0 0.0 0.0 0.0357142857142 0.0357142857142 0.3214285714295 0.0 0.0714285714284 0.1071428571427 0.0714285714284 0.107142857143 0.0714285714284 0.1071428571427 0.0 0.0 0.0
0.19504191895880002 0.24184526889196 0.09436007783259001 0.07838944804082001 0.11785185430372999 0.11765735554022999 0.37000398336299 0.75846626426353 0.5898823498124001 0.008547008547 0.46368169100697004 0.44458849882713 0.57103324450597 0.00557103064066 0.65277842597119 0.57897039487502 0.18660057732925 0.30965716006407 1.21507344722718
0.2514276046677 0.7440240643172 0.31112156984100003 1.0195534159019 0.0435493764056 0.30565547009140004 0.8114781934163 1.7390122677041002 1.5919560326028999 0.060725861025 0.8044513100260999 0.8058603017207001 0.9208042657872 0.0681203988445 1.0301683121903 1.6024910104469001 0.6721567628996 0.043456188445500005 1.1739875936654
0.0422535211266 0.4618339407067 0.2103811681274 0.4618339407077 0.1819166748742 0.0281690140845 0.4213532945927 0.9395252634689 0.8693982074257 0.0980005909582 0.30808627991689996 0.3503398010438 0.49029843395979994 0.0140845070422 0.9098788535408 1.6369545946973998 0.4776913227609 0.041958041958 0.056042549000200004
0.0 0.0 0.0 0.0 0.0 0.0 0.0 0.0 0.0 0.0 0.0 0.0 0.0 0.0 0.0 0.0 0.0 0.0 0.0
0.07593296089386001 0.2838676329019 0.31586914286196005 0.0409554914359 0.03892197188286 0.2624836026922 0.44542610794596005 1.76109466641688 0.8767657484564 0.03892197188286001 1.1544133477369 0.6940752576795 0.73539580946836 0.052949720670400005 0.8867369886738601 1.06581032233016 0.3857502609123 0.10077950790436001 1.783849487253
0.0499999999999 0.35 0.2 0.0499999999999 0.0 0.0 0.0999999999998 0.24999999999990002 0.0999999999998 0.0999999999999 0.0499999999999 0.44999999999970003 0.0499999999999 0.0 0.44999999999970003 0.5000000000008 0.0499999999999 0.0499999999999 0.19999999999989998
0.1142857142857 0.13714285714320001 0.0457142857143 0.0457142857142 0.0 0.1028571428575 0.1028571428571 0.20571428571419997 0.36571428571389997 0.0 0.1028571428571 0.1371428571427 0.09142857142869999 0.0 0.21714285714349998 0.1142857142858 0.0342857142857 0.0228571428571 0.16000000000019998
0.219492219493 0.25962325962300004 0.138411138411 0.054054054054 0.138411138411 0.262899262899 0.33742833742800005 0.37428337428299996 0.208845208845 0.135135135135 0.22932022932 0.289926289926 0.060606060606 0.0 0.36773136773100007 0.32350532350500005 0.08435708435700001 0.05733005733 0.45864045863999997
0.0 0.0172413793103 0.0 0.0 0.0 0.0 0.0689655172415 0.0689655172413 0.1724137931034 0.0 0.0 0.0862068965517 0.0 0.0 0.0689655172415 0.22413793103430002 0.0862068965518 0.0 0.2068965517243
0.027027027027 0.108108108108 0.027027027027 0.0 0.135135135135 0.0 0.08108108108100001 0.108108108108 0.0 0.0810810810811 0.054054054054 0.1621621621622 0.108108108108 0.0 0.027027027027 0.054054054054 0.027027027027 0.0 0.0
0.1014345131991 0.4522075576647 0.2143382073721 0.1606450395149 0.058653764536000005 0.5497949977434 0.34255815563819997 1.9997235736408001 1.3594425010825 0.0454782790309 1.8398438721577002 1.3584152560548999 0.9400944987247999 0.0213903743315 1.2515856821206 1.4932660863388998 0.17100069692939998 0.0641711229946 2.5759558209239
0.2457805907172 0.4221167369903 0.3850210970462001 0.1670182841068 0.1715893108298 0.3481012658232 0.44549929676460004 1.3642756680724002 1.2855133614618999 0.0370956399437 0.8493319268636 0.7749648382552001 1.2390998593531002 0.0 1.7681082981727998 0.9328410689185 0.6868846694799 0.1575246132207 0.7192334739812001
0.2123302762397 0.6477807914404001 0.31883686590710003 0.2900266303965 0.2105317006978 1.7209047471519001 0.7233784247677 3.5642670390215 2.1957289930084998 0.1435467366644 1.8531125162204998 1.1027550681940999 1.7080687349835 0.2043937683044 2.0372245665981 1.3986219502558 0.6351859179275 0.10255245044120001 2.930752821773
0.12637815422089 0.44234231614396996 0.20336020150019 0.18925462306669 0.03320948948349 0.48342722477557 0.27291016641679 1.09930770109367 1.25704340103183 0.00961538461537 0.8007039674520999 1.00180492438998 0.82386596736329 0.1373956996148 0.96382366090604 1.11005076628664 0.55921592648315 0.00961538461537 1.47667504054494
0.1 0.1 0.0 0.0 0.36060606060600003 0.0 0.060606060606 0.18181818181800002 0.242424242424 0.16060606060600002 0.121212121212 0.0 0.866666666668 0.0 0.424242424242 0.121212121212 0.0 0.2 0.060606060606
0.1081816337445 0.39781179861861 0.21147966245362 0.016129032258 0.10279609840261 0.73294020464641 0.6788917165174101 1.54920973866744 1.4634704221913 0.09672122906319999 2.06807415807141 1.9048401541624 0.8974634571572099 0.0595307917888 1.8511800970814103 1.6399164026205102 0.34417561941911 0.0545454545454 0.8226423285887
0.1894609814961 0.5493429873956001 0.1903229513849 0.1547821238085 0.0593035283301 0.2477024777909 0.2222158372602 1.1532603744982999 0.5857670680679999 0.074074074074 0.6399264452361 0.4510720351425 0.4309572760904 0.0 0.7467277069039 0.6204459257555001 0.1785448245624 0.11067693368590001 0.39541644851370006
0.16318041845886 0.36747233957929 0.1297914655422 0.16867121548646 0.040048038447439996 0.33967132402223 0.35953439385186003 1.2588302284968698 1.04302400622545 0.1614810391162 0.7501416504040901 0.63323054252986 0.79204142945765 0.03959885579201 0.94477667622545 1.17384441881735 0.25396376226213 0.08266029044875 1.29803790484066
0.0 0.0 0.0 0.0 0.0 0.0 0.0 0.0 0.0 0.0 0.0 0.0 0.0 0.0 0.0 0.0 0.0 0.0 0.0
0.7848863697716 0.8649892926992 0.21825990856369998 0.6671261901271001 0.1320512820517 0.8842123271811999 0.6395976300989 2.3148147784625994 1.4344188493670003 0.0354509359047 1.7464218586465 1.6935935823941 2.1579511949091 0.058706749858099996 1.9160189466515998 1.4580193622186 0.4654552858745 0.7267292476605001 2.8012962075646
0.2536322558218 0.5359432824229 0.22516816945732 0.5451588664671599 0.12163865546246 0.159341838925 0.6608032263996 0.9383993743485601 0.8703316363045599 0.0 0.72491157046726 0.4815596311515 0.65305363021146 0.059523809523700004 0.9927221983685199 1.26093868204222 0.5852102884957 0.11284783986579999 0.8188150442661599
0.0597319347319 0.06614219114225 0.0498251748252 0.02913752913745 0.032051282051250005 0.0795454545454 0.1317016317023 0.21124708624735 0.29020979020970006 0.0 0.08886946386950001 0.08886946386950001 0.10460372960375 0.00641025641025 0.18910256410245 0.16637529137544999 0.3059440559445 0.0113636363636 0.08886946386935
0.220588235294 0.0588235294118 0.08823529411770001 0.0147058823529 0.0441176470588 0.0147058823529 0.0294117647058 0.0882352941176 0.0441176470588 0.0294117647058 0.0147058823529 0.10294117647050001 0.0 0.0 0.1176470588236 0.0294117647058 0.0 0.0882352941176 0.0147058823529
0.05866385642199 0.17008458106362 0.18307055721277 0.06317758373698999 0.045486272684920004 0.20190193341180002 0.19472714167102 1.0204094015469 0.53093550123575 0.06765937645412 1.15368160293404 0.57892316535748 0.89788501719818 0.14657980456 0.5752497741762701 0.78351809779294 0.05340559676631999 0.08541455670209 1.18922617907167
0.1316636851526 0.131663685152 0.0153846153846 0.0930232558139 0.10840787119860001 0.0232558139535 0.25509838998199996 0.4100178890882 0.1935599284442 0.0232558139535 0.25509838998260004 0.2164579606439 0.0926654740608 0.061896243291600005 0.3864042933817 0.2779964221826 0.0615384615384 0.1162790697674 0.1463327370304
0.34290419725235 0.24849425936405 0.20643704121950002 0.16042725390535 0.0 0.08203463203455 0.28132881611110006 0.80654056088785 0.50177865612635 0.06774891774885 0.3811500094113 0.7012045925097 0.2813288161113 0.050621118012349996 0.73345567475915 0.6021833239225 0.13695652173904999 0.2481460568415 0.16725955204205004
0.127659574468 0.20458265139100001 0.371522094927 0.0 0.127659574468 0.0 0.332242225859 0.7921440261860001 0.31914893617 0.063829787234 0.20458265139100001 0.587561374797 0.063829787234 0.0 0.063829787234 0.140752864157 0.127659574468 0.255319148936 0.21767594108
0.02 0.1599999999999 0.0 0.0 0.0 0.0 0.02 0.08 0.02 0.0 0.0 0.10000000000010001 0.02 0.0 0.08 0.36 0.02 0.0 0.11999999999989999
0.125 0.0625 0.0625 0.0 0.0625 0.0 0.1875 0.0 0.0 0.1875 0.0625 0.0625 0.0625 0.0 0.0 0.0 0.0625 0.0625 0.0
0.0079365079365 0.07358703593011 0.04977751212052001 0.02424121670981 0.015873015873 0.14139602842549998 0.0731553430297 0.37889353788912 0.2529388324366 0.01673640167362 0.51451152287882 0.2934847579199 0.22032941488992 0.0 0.31237962409531 0.35292554957791 0.02424121670981 0.0 0.2475924819019
0.07793465106892 0.1241226300929 0.06599435256144 0.12412263009279999 0.09741831383621999 0.0807583703107 0.1781766841469 0.38430818878564 0.2658329971765 0.025453812020900003 0.23787817668404 0.1300927793465 0.25986284792252 0.0 0.3409439290038 0.21210165389272 0.0851553045583 0.0854780153287 0.2243646631704
0.47955760289719 0.76027886666336 0.56604741151809 0.4886788271391 0.16580038030078997 0.7349555513174599 0.7056641484321999 2.16149583532946 1.51946257842989 0.10035706231522999 1.1975388944068501 1.1323587180696 1.94970798250679 0.43106939948293 1.95009054116385 1.36469862647536 0.56469987127916 0.19435951738746 1.5331781848868902
0.2357899215616 0.3027433714117 0.1201736895485 0.30559249955699996 0.0137614678899 0.7110077336220999 0.4689171200046 0.9247107701708999 1.0953379686135 0.0275229357798 1.2563927192697 0.88545773896 1.3159761061867 0.0450114678899 1.2359599734937 1.1570573928307 0.5124459412790999 0.187610655078 1.19853052685
0.0 0.0350877192982 0.0175438596491 0.0175438596491 0.0526315789473 0.0 0.10526315789480001 0.08771929824550001 0.140350877193 0.0175438596491 0.0350877192982 0.08771929824550001 0.1578947368421 0.0 0.0877192982456 0.0350877192982 0.0 0.0701754385964 0.0526315789473
0.0940566302215 0.15676529806040002 0.054119703128800004 0.1117842374543 0.071654040404 0.6772549666123999 0.27299235521779996 1.3013407837838002 1.0154576144108 0.162563131313 1.1337980307692 0.8285526894257 0.8525079431825999 0.0610369358004 1.0861646851176001 0.9095094394317 0.10835820887599999 0.0 1.1020833067868
0.07135627530350999 0.1176039074397 0.11185603387428 0.055226943505500004 0.01834862385318 0.11926605504580001 0.08413809753738999 0.6721204917729201 0.50171786205111 0.08350202429151 0.48170709059162 0.24603034580111 0.24307283735101 0.0 0.43582160234762 0.41098688853471 0.1985105671729 0.00657894736841 0.14215540615809
0.15396150087247998 0.09062386528668999 0.11705990512820001 0.134998995658 0.0777860346265 0.29308010881699004 0.16968150292009 0.4655813739008 0.5139406752658899 0.0123456790123 0.36577478213489 0.46814232489637 0.57172171715439 0.0 0.6042837594061901 0.41326252723347995 0.12153489991338999 0.0621610346265 0.3640593131455
0.0 0.0 0.0 0.0 0.0 0.0 0.0 0.0 0.0 0.0 0.0 0.0 0.0 0.0 0.0 0.0 0.0 0.0 0.0
0.1767014302032 0.73038085665967 0.2125901890879 0.12569396252599999 0.03897260046696 0.27554525513641004 0.28663093489901004 1.2098728460816002 0.9286480811389599 0.0159574468085 0.7396884399529701 0.43654683651480997 0.5667921855247 0.01632011605411 1.2790902602799799 0.68792733000063 0.45736109818387 0.13539462613071002 0.6798855043521701
0.0338983050848 0.1860989266066 0.06594821303239999 0.13995269377236 0.0 0.2741997322337 0.10269934577269998 0.68968364113406 0.46264192174498003 0.0 0.48655900478036 0.50644489167458 0.43528588909846 0.07769392552269999 0.64136930827838 0.43018105472547996 0.0583941605839 0.0169491525424 0.39199983341157996
0.0346326836581 0.15637181409290002 0.034482758620670004 0.08680659670169999 0.01724137931034 0.06926536731627 0.0780359820089 0.41589205397347995 0.45989505247459994 0.00862068965517 0.09542728635671001 0.23395802098954 0.14745127436261 0.0346326836581 0.34707646176934 0.45142428785600996 0.12946026986497 0.0694152923537 0.12991004497737002
0.0 0.0 0.0 0.0 0.0 0.0 0.0 0.0 0.0 0.0 0.0 0.0 0.0 0.0 0.0 0.0 0.0 0.0 0.0
0.00775193798449 0.21434179907769002 0.13861264579489999 0.04108527131779 0.00775193798449 0.18654617613889998 0.11460019701069 0.8829328879177499 0.66331177637897 0.02379116878665 0.6411095407365901 0.50476537182088 0.5056890373608 0.0499079189686 0.5606892515024899 0.37499250503229 0.22871928847763 0.00775193798449 0.8456493497226399
0.0 0.0 0.0 0.0 0.0 0.0 0.0 0.0 0.0 0.0 0.0 0.0 0.0 0.0 0.0 0.0 0.0 0.0 0.0
0.0735294117648 0.10294117647050001 0.0294117647059 0.0294117647059 0.0294117647059 0.0 0.0294117647059 0.0882352941176 0.0588235294117 0.0 0.0588235294116 0.0 0.0735294117646 0.0294117647059 0.22058823529459998 0.0294117647058 0.0882352941176 0.0 0.0588235294117
0.5476190476196 0.0 0.380952380953 0.0 0.095238095238 0.0 0.28571428571400004 0.190476190476 0.0 0.0 0.142857142857 0.8095238095239999 0.190476190476 0.0 0.0 0.0 0.0714285714286 0.28571428571400004 0.0
0.20724637681129998 0.1101449275361 0.0 0.0333333333333 0.0666666666666 0.0333333333333 0.0 0.1434782608694 0.086956521739 0.0 0.0333333333333 0.18695652173900001 0.173913043478 0.0 0.31739130434740004 0.2666666666673 0.20724637681179997 0.0 0.1333333333332
0.20689655172440002 0.0 0.0 0.0689655172414 0.206896551724 0.0 0.0689655172414 0.20689655172440002 0.0689655172414 0.137931034483 0.20689655172420002 0.1379310344828 0.0689655172414 0.0 0.0689655172414 0.0689655172414 0.137931034483 0.137931034483 0.20689655172440002
0.049504950495 0.009900990099 0.009900990099 0.009900990099 0.0 0.039603960396 0.079207920792 0.10891089108909999 0.1089108910891 0.0 0.1485148514852 0.1188118811881 0.09900990099029999 0.0 0.0792079207921 0.079207920792 0.019801980198 0.0 0.039603960396
0.06430868167199999 0.0128617363344 0.0064308681672 0.0257234726688 0.0128617363344 0.032154340835999995 0.1414790996783 0.19292604501640004 0.16077170418019998 0.0 0.1993569131836 0.1736334405146 0.1736334405144 0.0128617363344 0.32797427652700006 0.2700964630224 0.096463022508 0.0064308681672 0.0900321543408
0.694391541558 0.9430376651168999 0.4631350066352001 0.6253444022407 0.1731717078819 1.5126228036543001 1.6292614031932 5.019124890779399 2.4659780726574 0.12012959690300001 2.4049287118273 2.4042534889362996 2.3194208707641 0.2990468118238 2.3521331886979997 2.4075287647409995 1.2008469284302 0.29655948815120003 2.6690846560041
0.37682160184990005 0.612000845817 0.0519498415323 0.10389968306469999 0.0 0.3330487225354 0.2405813133741 1.3216625414733 0.710643215598 0.0 0.6130032978304 0.9142985316423999 0.6824144644796 0.0536433401717 1.4492274192148002 0.9527761739146 0.7072533158925001 0.027559597629800002 0.8492160939825
0.4222222222218 0.3777777777774 0.0 0.0444444444444 0.0 0.0444444444444 0.21111111111140002 0.3555555555548 0.1333333333333 0.0888888888888 0.0444444444444 0.2666666666663 0.177777777778 0.0 0.26666666666629996 0.13333333333320002 0.21111111111140002 0.0444444444444 0.1777777777774
0.17447219241983003 0.72049665688302 0.19169398907079999 0.1356312108942 0.076923076923 0.28819387194861 0.38721416017700006 1.5915924680946598 0.9445037065727 0.0 0.89355769133233 0.64411616609781 0.71146652025043 0.02519285226051 0.6704705237654399 0.72492151137391 0.16563121089431002 0.03 0.62392219104375
0.2020204586969 0.3011770950678 0.1547121919265 0.1613547040039 0.0241545893719 0.3696061573734 0.3496112113431 1.3154079739798001 0.9536008831742 0.0169491525423 1.0240892971596 0.3977523949892 1.2068513765698001 0.093036109064 1.2656066034783 1.4952474327814 0.18877849210990003 0.1748056056716 0.30523827069500004
0.4981683101583 0.2852693193031 0.1042922615899 0.22826810211321003 0.24511278195480002 0.3664807221115 0.3563985970054 1.27385404180941 1.31119197816131 0.10045605817799999 0.6866165764568201 1.1266650705393 0.9726638201731 0.0588235294117 0.9946235972161102 0.89660132826062 0.23053373602391 0.36836159830619997 0.89561857122662
0.0 0.0 0.0 0.0 0.0 0.0 0.0 0.0 0.0 0.0 0.0 0.0 0.0 0.0 0.0 0.0 0.0 0.0 0.0
0.18681672230576002 0.54787110041273 0.44802686995211005 0.14281795457401 0.04991740285854 0.44218579550904 0.4302351547570101 1.69369240756776 1.0438361609638298 0.05200869218383 0.83617830425244 0.40068655482364 0.9415359495910101 0.1302966101694 1.3262103610720901 0.71674539419145 0.51442234683716 0.157967032967 0.93854918501148
0.0454545454546 0.1136363636363 0.0454545454545 0.0 0.0 0.0681818181818 0.1590909090906 0.1363636363637 0.159090909091 0.0227272727273 0.11363636363650001 0.1363636363638 0.0227272727273 0.0 0.2272727272724 0.40909090909060003 0.1363636363636 0.0454545454545 0.1590909090909
0.0204081632653 0.1185941043084 0.10385487528350001 0.0777777777781 0.0315192743764 0.0111111111111 0.18730158730170002 0.3448979591841001 0.46553287981880004 0.0111111111111 0.0927437641723 0.3226757369617 0.12789115646250002 0.0444444444445 0.3356009070296 0.12040816326520001 0.45442176870800005 0.0111111111111 0.1185941043084
0.142857142857 0.125 0.1071428571429 0.07142857142850001 0.0714285714286 0.0 0.0357142857143 0.08928571428570001 0.0178571428571 0.0535714285714 0.0178571428571 0.1428571428572 0.0178571428571 0.0 0.08928571428580001 0.0 0.0 0.0178571428571 0.0
0.0993788819875 0.17848008768680002 0.0791012056997 0.0729452549473 0.0294117647059 0.5169724108036 0.3786270827846 1.3437943428138999 1.1529811115563 0.0 1.4586629393916 0.7993984246881 1.1812245626262 0.1194568828541 0.8922220050806 0.7670085223170999 0.2792482007968 0.0481005344504 1.6029857848081002
0.0 0.0 0.0 0.0 0.0 0.0 0.0 0.0 0.0 0.0 0.0 0.0 0.0 0.0 0.0 0.0 0.0 0.0 0.0
0.0 0.206896551724 0.10344827586210001 0.103448275862 0.0 0.137931034483 0.206896551724 0.48275862068920006 0.793103448277 0.0 0.103448275862 0.24137931034530002 0.3103448275867 0.0 0.2758620689657 0.3448275862067 0.17241379310330002 0.0344827586207 0.4827586206907
0.062499999999900004 0.0208333333333 0.0416666666667 0.0208333333333 0.0 0.0208333333333 0.0208333333333 0.14583333333310003 0.16666666666680002 0.0 0.0208333333333 0.0416666666667 0.125 0.0 0.20833333333339998 0.08333333333330001 0.0 0.0 0.0208333333333
0.0 0.0 0.0 0.0 0.0 0.0 0.0 0.0 0.0 0.0 0.0 0.0 0.0 0.0 0.0 0.0 0.0 0.0 0.0
0.0 0.0 0.0 0.0 0.0 0.0 0.0 0.0 0.0 0.0 0.0 0.0 0.0 0.0 0.0 0.0 0.0 0.0 0.0
0.0153846153846 0.0769230769231 0.0307692307692 0.0461538461538 0.0 0.076923076923 0.0 0.19999999999999998 0.1692307692307 0.0 0.2615384615384 0.1230769230769 0.2307692307692 0.0153846153846 0.2153846153845 0.1384615384614 0.1076923076923 0.0153846153846 0.2769230769237
0.05303030303015 0.09848484848475 0.03030303030295 0.03787878787875 0.0 0.0757575757575 0.068181818182 0.40151515151505 0.13636363636350002 0.0 0.07575757575755 0.19696969696975003 0.1666666666667 0.0530303030305 0.21969696969679997 0.219696969697 0.090909090909 0.00757575757575 0.0681818181817
0.19836560642224 0.4914281459804601 0.15845980293703002 0.13402686869798 0.10370063518363001 0.43744410824718 0.50867907510045 1.6399842408286798 0.94019248892711 0.09555537809893 0.84894659794965 0.9307215375556002 1.17727136210298 0.07684872432180001 1.1198754787439098 0.81359614761151 0.34035099581075 0.11550972207060001 0.86904308341309
0.10633387010191 0.7149221685449999 0.0432098765432 0.37428878153561 0.0864197530863 0.37428878153482004 0.39141170155691 0.9382179280730101 1.2533548040797098 0.0 0.43263553408503 0.59425657541582 0.64895330112741 0.0 1.35238862050391 0.75866881374072 0.68153515834691 0.166666666667 1.0824476650588
0.133333333333 0.0666666666666 0.6000000000000001 0.0 0.0 0.0666666666666 0.1333333333332 0.6000000000002 0.266666666667 0.2 0.0 0.0666666666666 0.33333333333320003 0.0 0.2666666666662 0.0 0.0666666666666 0.0 0.2
0.0993948080905 0.0797601048942 0.049255836480399995 0.11026437330790001 0.0 0.2727526196258 0.12371614885019999 0.43088802204399995 0.31508136493259997 0.013698630137 0.2682962560569 0.44288757698530007 0.5242121487809001 0.021978021978 0.3730335080842 0.48219407156309996 0.060503264851100004 0.0803652968037 0.2517179465364
0.07476635514010001 0.2980944289355 0.19322733341409998 0.08933122951809999 0.018691588785 0.38961038961100003 0.3655783468863 0.7146498361445 0.6243476150023001 0.025974025974 0.634785774973 0.4019905328314 0.46437674475120005 0.077922077922 0.5473965287048 0.6389124893800999 0.23158150260910002 0.063357203544 0.1454059958733
0.14698881503 0.365631426714 0.0913903594315 0.0475945017182 0.07786357786350001 0.2735352067825 0.32778794995290006 0.5588444851333 0.5749794345155 0.0 0.5026141384388 0.5769779352254001 0.4218621051096 0.035309278350500004 0.6417462749937 0.7254335336808999 0.14442808051060002 0.156081081081 0.3309318154681
0.0 0.0 0.0 0.0 0.0 0.0 0.0 0.0 0.0 0.0 0.0 0.0 0.0 0.0 0.0 0.0 0.0 0.0 0.0
0.33667525141031995 0.15483198430222 0.0132450331126 0.30040470934506003 0.03176355163112 0.28857002698056 0.1944444444445 0.50551876379692 0.39388643610466 0.0416666666667 0.44984056904582 0.20716826097608004 0.33885209713036 0.0502820701497 0.5923166544034599 0.44147044395462 0.08474368408142001 0.1666666666667 0.40765268579830005
0.025641025641 0.260538896132 0.0 0.13966753585390002 0.054487179487099996 0.3246414602348 0.33838548457190004 0.9194915254242001 0.2701542807478 0.0 0.8315406345064 0.42220773576680004 0.6351043024773999 0.0576923076923 0.6420578009559 0.6685680139071 0.2156671012602 0.0169491525424 0.1772055627988
0.0571428571428 0.1025974025974 0.0142857142857 0.0294372294372 0.0285714285714 0.0151515151515 0.0722943722943 0.2792207792206 0.1025974025974 0.0142857142857 0.19264069264060002 0.1337662337662 0.1497835497835 0.0 0.2229437229437 0.2701298701302 0.18571428571460002 0.0285714285714 0.1008658008658
0.0 0.0 0.0 0.0 0.0 0.0 0.0 0.0 0.0 0.0 0.0 0.0 0.0 0.0 0.0 0.0 0.0 0.0 0.0
0.1702003081664 0.2711934007269 0.3666264232533 0.113685749279 0.0227272727273 0.3474468636072 0.3234432406981 1.9087861019294998 0.732504160165 0.0866321243523 0.9718500649849001 0.5386430299305001 0.6364611630286001 0.0649863879862 0.8501011008542 0.6141684839557 0.16 0.0454545454545 0.7750895789034999
0.1945701357461 0.41063348416300005 0.1561085972846 0.0576923076923 0.07692307692309999 0.13687782805419998 0.3110859728501 0.116515837104 0.0192307692308 0.1561085972845 0.0588235294117 0.3506787330315 0.2138009049769 0.0588235294117 0.4898190045245 0.7047511312211 0.11651583710399999 0.07692307692309999 0.2941176470584
0.11451612903220001 0.0860215053764 0.05 0.2005376344091 0.1 0.0430107526881 0.19354838709709998 0.4150537634409 0.1645161290322 0.0 0.3860215053764 0.30806451612929997 0.2580645161289 0.0430107526881 0.265053763441 0.1290322580644 0.1720430107531 0.0 0.07150537634410001
0.0344827586207 0.0862068965518 0.0172413793103 0.0344827586207 0.0 0.0 0.051724137931 0.1379310344827 0.08620689655159999 0.0172413793103 0.051724137931 0.1379310344828 0.0517241379309 0.0172413793103 0.1551724137929 0.0517241379309 0.0172413793103 0.0344827586206 0.0172413793103
0.0 0.0 0.0 0.0 0.0 0.0 0.0 0.0 0.0 0.0 0.0 0.0 0.0 0.0 0.0 0.0 0.0 0.0 0.0
0.0588235294118 0.0 0.0 0.0 0.0 0.0 0.0 0.35294117647 0.0588235294118 0.0588235294118 0.0588235294118 0.0 0.0588235294118 0.0 0.0 0.17647058823540002 0.0 0.0588235294118 0.117647058824
0.0114942528736 0.0810647307925 0.0344827586207 0.0114942528736 0.0175438596491 0.0635208711434 0.0 0.2613430127043 0.0810647307925 0.0 0.5559588626743 0.1336963097398 0.1863278886875 0.0114942528736 0.1911675741079 0.2202056866305 0.0290381125227 0.0 0.11010284331520001
0.2408134501161 0.26180408738579997 0.030303030303 0.039867109634500006 0.0 0.3130977549576 0.2315010570823 0.3814054162883 0.5807409644623001 0.0701701399375 0.4404006845863 0.33595087083420005 0.4991442665859 0.0568811033927 0.44971307761990004 0.5940300010067 0.1554917950265 0.045454545454500006 0.27323064532380004
0.5719064209079 0.5500023454464 0.2016560618501 0.0664959453691 0.0258198422582 0.3629482823985 0.40493507321800004 1.5449241609416 0.5024686060311001 0.1541578236541 0.7746097646903001 1.0736195192199 0.8241912804913001 0.0528194837614 1.219899686892 0.7312005387514 0.19874999269170002 0.13888177550140002 0.6007133959262001
0.11452991452979999 0.17575757575739998 0.041958041958 0.0671328671328 0.0230769230769 0.2664335664339 0.2651126651126 0.5902874902878 0.9410256410244999 0.0 0.7266511266508 0.455944055944 0.6746697746698 0.0 0.7329448329441 0.7313131313139001 0.2915306915304 0.0444444444444 0.8571872571886999
0.0 0.0 0.0 0.0 0.0 0.0 0.0 0.0 0.0 0.0 0.0 0.0 0.0 0.0 0.0 0.0 0.0 0.0 0.0
0.0192307692307 0.1726742414346 0.0 0.09003731047060001 0.0 0.5211226687361 0.20261390960995 0.5487555920885 0.67388139009105 0.016129032258 0.71552008030585 0.34807929179225 0.36697306322309997 0.0128205128205 0.57472311635855 0.25280737605204995 0.07186234817805001 0.16430499325225 0.2484643040965
0.2216984965457 0.47557903291509995 0.28346200731369997 0.0721657862656 0.0721657862656 0.45477448191860004 0.3686306379513 1.0555058919122 0.6043071921977 0.0 0.9999187322240999 0.5425436814319999 0.6416903697692 0.0347826086956 0.6920763917097998 0.7808208045520999 0.1495327102802 0.1817147501012 0.3686306379532
0.2609663620296 0.191644265233 0.039721385542200005 0.2694024569977 0.058559820678 0.2896124075345 0.3893995353547 1.0258811254844 0.8787935266076 0.09789957703140001 0.5271550617105001 0.38358607632030006 0.7416400023057 0.0689478343481 0.9411492406626001 0.7768422254885999 0.1933127298716 0.0371447028424 0.8283416639551
0.0 0.0 0.0 0.0 0.0 0.0 0.0 0.0 0.0 0.0 0.0 0.0 0.0 0.0 0.0 0.0 0.0 0.0 0.0
0.152856407617 0.30673695083420005 0.09092305242066 0.07642820380846 0.0630541871921 0.06653280851825999 0.41688158801976005 1.2176041294931599 0.71556470695406 0.0 0.40471049586522 0.35710890272586 0.7761969674485799 0.11340780851825999 1.34052967097238 0.6251930677618001 0.2444328878258 0.1321201274655 0.8997180365592001
0.0688259109311 0.37948717948660005 0.10472334682850001 0.0820512820512 0.025641025641 0.2350877192982 0.28771929824549997 0.6466936572195001 0.4026990553304 0.0 0.5125506072870001 0.5228070175434 0.42321187584310005 0.0307692307692 0.4437246963561 0.3902834008093 0.051282051282 0.0658569500674 0.3265856950074
0.0582524271844 0.0582524271844 0.0388349514563 0.0194174757281 0.0 0.0194174757281 0.0388349514563 0.0970873786405 0.3300970873787 0.0 0.09708737864059999 0.1747572815534 0.1359223300969 0.0 0.1941747572814 0.3300970873786 0.2135922330105 0.0194174757281 0.1747572815532
0.0 0.0 0.0 0.0 0.0 0.0 0.0 0.0 0.0 0.0 0.0 0.0 0.0 0.0 0.0 0.0 0.0 0.0 0.0
0.0 0.19853747507070002 0.2343278578612 0.0 0.0254777070063 0.254777070064 0.41752416234409995 0.9264305641568001 0.3990068012528 0.1355932203387 0.9371750654853 0.5381682642328 0.8333721597520001 0.0 0.3514037171085 0.5531173826829 0.13074086490109998 0.0 1.0643476877434002
0.1143542582968 0.2363054778091 0.0407836865254 0.0815673730509 0.032786885246 0.0815673730509 0.1467413034788 0.18792483006809999 0.1307477009196 0.0 0.0979608156739 0.1143542582968 0.0407836865254 0.016393442623 0.3102758896446 0.13074770091969998 0.016393442623 0.049180327868899996 0.17113154738109998
0.213333333334 0.7949606299215001 0.14858352383360002 0.1381627296587 0.0322580645161 0.3279011091357 0.4673541613751 1.294044534757 0.804619422574 0.0645161290322 0.3375599017868 0.6888222843131 0.4958022182709 0.0314960629921 1.2521276775884 1.0070646007973 0.2981627296591 0.1808415883497 0.42238929811200004
0.0 0.0 0.0 0.0 0.0 0.0 0.0 0.0 0.0 0.0 0.0 0.0 0.0 0.0 0.0 0.0 0.0 0.0 0.0
0.0 0.0 0.0 0.0 0.0 0.0 0.1 0.2333333333332 0.0 0.0333333333333 0.0666666666666 0.1999999999996 0.0 0.0 0.0333333333333 0.1333333333332 0.0666666666666 0.0 0.133333333333
0.0 0.0 0.0 0.0 0.0 0.0 0.0 0.0 0.0 0.0 0.0 0.0 0.0 0.0 0.0 0.0 0.0 0.0 0.0
0.0 0.0 0.0 0.0 0.0 0.0 0.0 0.0 0.0 0.0 0.0 0.0 0.0 0.0 0.0 0.0 0.0 0.0 0.0
0.0220994475138 0.2872928176794 0.0441988950276 0.1767955801104 0.0220994475138 0.11049723756900001 0.17679558011059998 0.41988950276229997 0.30939226519330004 0.0 0.3314917127072 0.3314917127073 0.3093922651932 0.0662983425414 0.5524861878454 0.3535911602209 0.1325966850828 0.0662983425414 0.2872928176795
0.0625 0.41691577961750004 0.10843682239299998 0.0558052434456 0.0638675340035 0.4863788685191999 0.25441577961740003 1.5953200768772 1.3443551645979 0.0112359550562 1.2254191306916 1.1435245416916 1.141239404691 0.04 0.9710516459697 1.1415385373552 0.2098464912279 0.1526315789472 0.5755174452991
0.1073968705548 0.09971028488669001 0.027027027027 0.078947368421 0.0 0.1327860936745 0.12673731191369 0.42246205645558005 0.50952666814579 0.00917431192659 0.4970767484040899 0.22452921294059 0.4012032312368 0.0275229357798 0.5250303417859801 0.40262570634399003 0.08812168034769 0.0 0.32012215015649
0.0 0.0 0.0 0.0 0.0 0.0 0.0 0.0 0.0 0.0 0.0 0.0 0.0 0.0 0.0 0.0 0.0 0.0 0.0
0.0428571428571 0.1922461749415 0.15307393232473 0.0716845878136 0.0555555555555 0.13484730141363 0.1576548899129 0.42570925217173 0.49932264139496 0.101694915254 0.66697258455106 0.3851853298269 0.44117784894199 0.00806451612903 0.5457792010560599 0.5469638192441599 0.18369175627243 0.0 0.38751855033992
0.0672877846791 0.18552227342560001 0.1876928471248 0.0 0.0322580645162 0.1536866359447 0.22781005810449997 0.47509600614440006 0.36689123756090003 0.0125 0.4418595137915 0.1443932411675 0.2387163561079 0.0625 0.36122687504170004 0.6383657249726 0.2272089761572 0.0971966205837 0.0797877846791
0.1312460468056 0.0430107526881 0.0430107526881 0.617647058826 0.0882352941175 0.17204301075210002 0.5249841872234999 1.1293485135985 0.3440860215052 0.0430107526881 0.47533206831030006 0.5679949399103 0.8260594560403001 0.0430107526881 0.6518026565449001 0.6473750790645999 0.0882352941175 0.176470588235 0.38709677419300004
0.0 0.0 0.0 0.0 0.0 0.0 0.0 0.0 0.0 0.0 0.0 0.0 0.0 0.0 0.0 0.0 0.0 0.0 0.0
0.317629179331 0.39706897633809995 0.1540448323205 0.0584635661834 0.0530973451328 0.2549674457644 0.6625626435136001 1.0953300702447 0.7753967434482 0.0161290322581 0.5748883356888 0.5516079573996999 0.3203457681813 0.0688956433637 0.9274944822222 1.2791419773049 0.625987393639 0.0265486725664 0.8403999350975
0.0 0.2019545782664 0.11244377811100001 0.0 0.037037037037 0.3832528180352 0.0344827586207 0.9852296074181001 0.6976511744121 0.037037037037 0.7346882114491999 0.3475484479984 0.482814148481 0.1545893719806 0.735743239491 0.7130879004945 0.2248875562218 0.0434782608696 0.074074074074
0.0192307692308 0.12937062937080002 0.0384615384615 0.0681818181818 0.0192307692308 0.0 0.083916083916 0.1643356643356 0.1223776223778 0.0227272727273 0.0192307692308 0.1573426573427 0.11013986013980001 0.113636363636 0.3321678321682 0.19755244755220003 0.2762237762237 0.0804195804196 0.0454545454546
0.0 0.0 0.0 0.0 0.0 0.0 0.0 0.0 0.0 0.0 0.0 0.0 0.0 0.0 0.0 0.0 0.0 0.0 0.0
0.00961538461538 0.0192307692308 0.03846153846148 0.0 0.0 0.028846153846139998 0.03846153846148 0.20192307692296 0.06730769230768 0.0 0.11538461538469999 0.12499999999998 0.09615384615398 0.00961538461538 0.06730769230774 0.10576923076938 0.0 0.00961538461538 0.06730769230766
