0.1598465473149 0.24936061381129998 0.117647058824 0.0869565217391 0.0 0.0 0.1611253196936 0.583120204604 0.116368286445 0.0588235294117 0.116368286445 0.3375959079283 0.0882352941176 0.0 0.4987212276208 0.35294117647080003 0.0 0.0294117647059 0.0434782608696
0.047058823529300006 0.1522208883552 0.052581032412900006 0.0204081632653 0.0 0.15294117647060002 0.0761104441776 0.25426170468180004 0.2463385354141 0.0235294117647 0.1051620648259 0.2165666266506 0.0235294117646 0.0235294117647 0.3656662665066 0.1200480192076 0.043937575029900006 0.0117647058823 0.0643457382952
0.0757575757576 0.045454545454500006 0.12121212121210001 0.0 0.0 0.0 0.23030303030300003 0.59696969697 0.030303030303 0.060606060606 0.030303030303 0.1818181818181 0.4 0.0 0.0151515151515 0.0757575757575 0.030303030303 0.0151515151515 0.0909090909091
0.111111111111 0.0555555555555 0.0 0.166666666667 0.0 0.0 0.111111111111 0.0555555555555 0.0 0.0555555555555 0.111111111111 0.0 0.277777777778 0.0 0.0555555555555 0.0 0.0 0.0 0.0
0.0 0.0 0.0 0.0 0.0 0.0 0.0 0.0 0.0 0.0 0.0 0.0 0.0 0.0 0.0 0.0 0.0 0.0 0.0
0.0277777777778 0.0994316098277 0.0364686468647 0.00925925925925 0.0 0.2958745874588 0.19972497249705 0.518390172351 0.4786578657873 0.054987165383200004 0.41967363403 0.16609827649425 0.2206637330399 0.0185185185185 0.35342867620185003 0.54048404840445 0.0 0.00925925925925 0.5513017968467
0.5254891154592001 0.1154588040782 0.0314136125654 0.0471204188481 0.17360154312509998 0.1570680628271 0.6197299531548 0.6189032791407 0.21989528795799998 0.105263157895 0.3039404794711 0.4202259575641 0.2568200606227 0.0 0.497933314963 0.4610085422983 0.1154588040782 0.1736015431251 0.1570680628271
0.33361233030491 0.4068286210075 0.20348794820551003 0.0166666666666 0.0428571428571 0.41876278938572004 0.4302609642402 2.86737023481443 0.71435351929871 0.00990099009901 0.8675821558588199 0.50718125568161 0.62837992193971 0.0 0.82096705988571 0.52943296538701 0.2698019801983 0.07175666020200999 0.8607967939648
0.1099724083562 0.2513867228782 0.097359085534 0.0 0.0144927536232 0.0169491525424 0.3133622388649 0.5987957932747999 0.4637795410535 0.0434782608695 0.4866983142260001 0.3656949609546 0.46411086927940004 0.0 0.5414874352337 0.2551455844799 0.6216003153344001 0.0 0.355686563498
0.0 0.2 0.1 0.0 0.0 0.1 0.0 0.2 0.2 0.2 0.0 0.0 0.4 0.0 0.1 0.1 0.3 0.1 0.0
0.00826446280991 0.09710743801651 0.02479338842971 0.0 0.0 0.19628099173549998 0.10020661157010001 0.27066115702491 0.10847107438021 0.0113636363636 0.19524793388442999 0.07541322314040001 0.07851239669411 0.00826446280991 0.14669421487591 0.16632231404971998 0.00826446280991 0.0 0.50413223140541
0.0131578947368 0.10526315789469999 0.0394736842104 0.0 0.0131578947368 0.0131578947368 0.0131578947368 0.2763157894742 0.1184210526314 0.0394736842104 0.0 0.1184210526318 0.0657894736841 0.0 0.0263157894736 0.09210526315779999 0.0 0.0 0.06578947368419999
0.08 0.24269792342639998 0.0681456846204 0.0 0.0217391304348 0.30182186891640006 0.24923264114220003 0.9104915639206 0.3524675535367 0.0 0.5276654769631 0.2098848150551 1.0144678780016 0.0325 0.6623523685919 0.3955240103832 0.09923913043480001 0.0125 0.8192699545751001
0.0 0.0 0.0 0.0 0.0 0.1 0.0 0.05 0.5 0.0 0.0 0.05 0.2 0.0 0.0 0.0 0.0 0.0 0.1
0.2893217893216 0.25363525363499995 0.1312687312686 0.038961038961 0.0222222222222 0.0611832611832 0.2647463647462 0.8416028416022999 0.4784992784989 0.0 0.6922410922412 0.1924519924518 0.34045954045939997 0.0 0.5429570429566 0.34523254523220004 0.7288600288603999 0.0 0.7763569763566001
0.0140845070422 0.5185823847195 0.07094663667949999 0.2072734916965 0.0410958904109 0.2905105957766 0.8699521037497 0.9453483834925 0.6171768136928 0.0 0.2139566853171 0.24496506230159998 0.568094315228 0.0 0.6211840661633 0.5811640955934 0.6291371979572999 0.0298507462686 0.5366770239104
0.075229826947 0.2314540404216 0.0604697651173 0.08112804063080001 0.0232558139534 0.0462443197005 0.14196390177 0.2888904385015 0.2401473681765 0.0114942528735 0.09548714015080001 0.2175946910268 0.08685773392370001 0.0 0.39037458015140003 0.2466150645607 0.3898748300273 0.063468265867 0.3094499261997
0.0 0.0 0.0 0.0 0.0 0.0 0.0 0.0 0.0 0.0 0.0 0.0 0.0 0.0 0.0 0.0 0.0 0.0 0.0
0.0119047619048 0.10274725274720001 0.0404761904762 0.0 0.0285714285714 0.2362637362637 0.06666666666660001 0.7065934065939 0.3340659340658 0.0595238095239 0.47747252747310004 0.1620879120878 0.3937728937731 0.0 0.2346153846152 0.24047619047600002 0.0238095238095 0.0 0.8809523809522
0.136842105263 0.0631578947368 0.0631578947369 0.0315789473684 0.0210526315789 0.0210526315789 0.1894736842107 0.1578947368421 0.0315789473684 0.0105263157895 0.0 0.0736842105266 0.0842105263158 0.0 0.0421052631579 0.0 0.0421052631578 0.0105263157895 0.021052631579
0.0483870967741 0.2419354838711 0.0483870967741 0.0 0.0 0.0967741935483 0.3387096774193 0.1935483870964 0.33870967741900004 0.0 0.2419354838706 0.1451612903224 0.0 0.0 0.6774193548402 0.29032258064530003 0.2419354838707 0.0 0.0967741935482
0.11398176291779999 0.08928571428570001 0.0782674772036 0.0178571428571 0.0357142857143 0.08168693009110001 0.0892857142856 0.2424012158054 0.2272036474163 0.0535714285714 0.0 0.23898176291789996 0.0391337386018 0.0 0.0995440729483 0.0782674772035 0.056990881459 0.0 0.45782674772079995
0.0 0.0 0.0 0.0 0.0 0.0 0.0 0.0 0.0 0.0 0.0 0.0 0.0 0.0 0.0 0.0 0.0 0.0 0.0
0.0 0.0 0.0 0.0 0.0 0.0 0.0 0.0 0.0 0.0 0.0 0.0 0.0 0.0 0.0 0.0 0.0 0.0 0.0
0.0263157894737 0.2521565106798 0.1145887105823 0.0298507462686 0.0 0.2984027232257 0.2565742715001 1.2551864736462999 0.5290577189237999 0.0561665357423 0.5180563348674 0.2935884487336 0.5255227621283 0.0 0.6686829012822 1.096910185912 0.0561665357423 0.0 2.0227733512885
0.41800865800880005 0.1975757575757 0.1064069264068 0.0371428571428 0.1147186147185 0.16259740259730002 0.35567099567059995 0.5775757575757 0.2133333333333 0.17350649350640002 0.1575757575757 0.2311688311686 0.1333333333333 0.0533333333334 0.3654545454541 0.17047619047610002 0.2873593073591 0.0609523809523 0.1838095238095
0.14387249655097 0.35615481636144 0.27184172969877 0.12111317254170001 0.01981946624797 0.24481750392464002 0.3931093311452 1.58786523626847 0.9489602627945699 0.03044871794877 0.38061928046861 0.6001231600476 0.8564313662526699 0.0 1.0947455113802 0.6969842626043 0.42549588256340004 0.0408333333333 1.7867644698656
0.0234375 0.3752757352942 0.1523897058823 0.0234375 0.0 0.082169117647 0.2816176470588 0.5745404411771999 0.4220588235292 0.0468749999999 0.2582720588235 0.24650735294099999 0.1877757352939 0.0235294117647 0.3285845588234 0.18805147058799998 0.0705882352942 0.0 0.7148897058823
0.0416666666667 0.125 0.208333333334 0.0 0.0 0.0 0.125 0.1666666666667 0.0 0.0 0.0416666666667 0.125 0.0 0.0 0.0416666666667 0.0416666666667 0.0416666666667 0.0 0.0416666666667
0.0 0.050847457627099996 0.1987673343604 0.0 0.0243902439024 0.2114510128151 0.1599834642414 0.4766056597394 0.48545604870510006 0.0365853658536 1.0450411514905 0.4537562478857 0.46044571385620003 0.0169491525424 0.5404374459776 0.14778834229020002 0.0 0.0 0.6914953587131
0.0883900928792 0.0842105263158 0.039938080495299996 0.0 0.0105263157895 0.0820433436531 0.1513931888545 0.3219814241487 0.178637770898 0.0210526315789 0.1639318885449 0.0756965944272 0.0862229102167 0.0147058823529 0.3301857585139 0.16393188854500002 0.0357585139319 0.0568111455108 0.0945820433436
0.0178571428571 0.0683229813663 0.1108523119391 0.0652173913043 0.08307453416140001 0.3422187715667 0.3098688750859 0.9696342305042001 0.5131124913732 0.0326086956521 0.1207729468598 0.2594030365767 0.37965838509379995 0.0 0.37758799171810004 0.6115424430646 0.11904761904750001 0.0277777777778 0.5914423740513
0.0 0.0 0.0 0.0 0.0 0.0 0.0 0.0 0.0 0.0 0.0 0.0 0.0 0.0 0.0 0.0 0.0 0.0 0.0
0.10266337940132 0.25844757260471 0.10791548024162001 0.036430884017510004 0.0 0.14351064614292 0.35872524437860004 0.58875079383273 0.42376609415149996 0.04950157621191 0.23666421923601 0.48802161232599994 0.37156387220394 0.0 0.55019929075861 0.41089506860052 0.2625663795381 0.0 0.61037788635122
0.0434782608695 0.2662478284664 0.2746245924654 0.1559220389804 0.0689655172413 0.254515599343 0.4676709264419 0.5947502439253 0.8121415482738 0.0 1.0126841341229 0.39746793270009995 0.8125937031480001 0.031746031746 0.9693010637544 1.0211560886223001 0.2428785607198 0.015873015873 1.557982913305
0.2833480471143 0.31266183792089997 0.29657075906720004 0.15763546798 0.0379746835443 0.0773835505393 0.4265858885544 0.7930542200111002 0.9767051850513999 0.0 0.1941759680736 0.5938307138433 0.6733934355746 0.0 1.0569571024897 0.8940148275540001 0.8957082798654 0.0576791170418 2.2723209157791002
0.0 0.0 0.0 0.0 0.0 0.0 0.0 0.0 0.0 0.0 0.0 0.0 0.0 0.0 0.0 0.0 0.0 0.0 0.0
0.0645161290323 0.0161290322581 0.0322580645162 0.0 0.0 0.2096774193549 0.0806451612904 0.5645161290324 0.20967741935519998 0.0 0.1935483870972 0.1129032258064 0.1612903225807 0.0 0.0967741935484 0.0967741935485 0.0 0.0 1.1612903225803002
0.353846153846 0.2 0.04 0.0 0.0 0.0 0.12 0.19692307692310002 0.12 0.12 0.233846153846 0.27076923076910003 0.27999999999999997 0.0 0.2369230769231 0.27999999999999997 0.4276923076921 0.0 0.12
0.24204998541262002 0.12959301159882 0.1454348121015 0.00884955752212 0.05823227357152 0.2577657238423 0.34110716116694 0.49111262385516 0.35252358261142 0.1454348121015 0.32269849673946 0.45143548683442003 0.3111356031708 0.00884955752212 0.61298343304354 0.39904769108301996 0.17455034859163998 0.12145300345882001 0.42574283577286
0.114285714286 0.0666666666667 0.0285714285714 0.0095238095238 0.0 0.0 0.0952380952381 0.20000000000020002 0.0476190476191 0.0190476190476 0.0285714285714 0.0761904761905 0.0380952380952 0.0 0.0571428571429 0.0380952380952 0.0095238095238 0.0095238095238 0.1619047619049
0.0 0.0 0.0 0.0 0.0 0.0 0.0 0.0 0.0 0.0 0.0 0.0 0.0 0.0 0.0 0.0 0.0 0.0 0.0
0.0 0.0 0.0 0.0 0.766666666666 0.0 0.166666666667 0.1 0.0 0.266666666667 0.1 0.0 0.0 0.0 0.2 0.1 0.0 0.30000000000000004 0.0
0.0151515151515 0.1077216261998 0.15400668172395002 0.035481366459600004 0.0 0.2866012610581 0.2056018257108 1.2082627517401499 0.32809147374325 0.01949934123845 0.59231131187635 0.46182476943455 0.33703886692985 0.0 0.34855307735705 0.2899350649349 0.0238471673254 0.00434782608695 1.5817240730289501
0.30743910467510005 0.1257406188281 0.2106649111262 0.0408163265306 0.0849242922975 0.1632653061222 0.1632653061233 0.6682027649757 0.5220539828837001 0.0730743910467 0.46412113232359997 0.16655694535869997 0.4812376563533 0.0408163265306 0.6853192890071 0.2653061224488 0.0730743910467 0.0849242922975 0.37919684002730003
0.37068419791350005 0.71456852132849 0.23347627742507 0.04605036978807 0.0192307692308 0.50963787161035 0.6879435683984799 1.83787474534995 0.8738783384082699 0.0140845070422 1.25774511547159 1.0963990749807002 0.7170275839943201 0.046586889440789994 1.46829230358263 1.00071217844525 0.16672088898867998 0.16613144137408 2.7729553572273495
0.0841075101055 0.39313661971751 0.1251335666911 0.0338983050847 0.0 0.19442612637171 0.2966364742861 0.88699880211942 0.7492074130825099 0.0 0.71842893375821 0.83574368119701 0.6924764625082199 0.0666666666667 0.9178257863308001 0.6295132283247 0.45064357780201003 0.105453513935 1.8197033320165001
0.125 0.0 0.0 0.0 0.25 0.0 0.0 0.0 0.0 0.125 0.25 0.0 0.0 0.0 0.0 0.0 0.0 0.0 0.25
0.23023402909489998 0.2264705882347 0.1172413793103 0.05 0.0 0.0494994438264 0.0430107526882 0.5257868219590001 0.1637004078605 0.0 0.2476826103082 0.7573414905462 0.4428428100941 0.0172413793103 0.40700669589289995 0.43277606927050005 0.0588235294117 0.0 1.23034199219
0.111877394636 0.2022988505746 0.2122605363983 0.0229885057471 0.0 0.2796934865899 0.16781609195390002 0.5954022988505 0.7126436781615 0.0344827586207 0.3455938697322 0.4260536398473 0.20383141762450002 0.0229885057471 0.246743295019 0.9134099616862 0.0 0.0229885057471 0.4789272030657
0.180477547144 0.17330077330069998 0.121978021978 0.0 0.048609415276000004 0.13542260208909998 0.3252068918733 0.6301044634382 0.6709673043009 0.0802197802197 0.2935965269299 0.32714692714689997 0.36689730023050005 0.0 0.4608872608878 0.4793108126434 0.06483516483509999 0.0 0.6410392077057
0.0 0.0 0.0 0.0 0.0 0.0 0.0 0.0 0.0 0.0 0.0 0.0 0.0 0.0 0.0 0.0 0.0 0.0 0.0
0.20656478553836 0.36312355112666 0.17706579879588 0.0979226731238 0.0635792778649 0.25118163749947997 0.37990603647050003 0.7826001407489099 0.48732191777980005 0.122448979592 0.51128637924383 0.42570345110564 0.30804248661368 0.00925925925926 0.72447124471777 0.46551600739197 0.52291666061831 0.00925925925926 1.0918304532485201
0.05342750311593 0.14168942299793003 0.08159912376780001 0.07493840639223001 0.0240963855422 0.13795996115390002 0.20455823439562998 0.25283409646453 0.5550359782787001 0.0 0.12593109186773 0.43357830242073003 0.38978557665832997 0.0 0.25875873545963 0.4205523998745 0.1554825264462 0.02204806687563 0.66772418828943
0.12261904761900001 0.1817460317458 0.1158730158729 0.174603174604 0.015873015873 0.015873015873 0.097619047619 0.7630952380960999 0.50634920635 0.05 0.1519841269841 0.274603174604 0.14523809523800002 0.015873015873 0.467857142857 0.4424603174609 0.465873015874 0.015873015873 0.9765873015859999
0.0 0.0 0.0 0.0 0.0 0.0 0.0 0.0 0.0 0.0 0.0 0.0 0.0 0.0 0.0 0.0 0.0 0.0 0.0
0.015873015873 0.07385671110287001 0.09720582447839998 0.015873015873 0.015873015873 0.23875496867527002 0.37938329200407 1.1170295821685698 0.36901864439371 0.11727920995329999 0.6993449817806401 0.20149674783387 0.4936478643458 0.015873015873 0.31931342169599997 0.37190337366820003 0.0330578512396 0.0165289256198 2.4086865375496
0.46890243902600004 0.9817073170720001 0.2359756097559 0.0999999999999 0.125 0.121951219512 0.529878048781 0.8548780487798 0.418902439024 0.0999999999999 0.415853658536 0.565853658537 0.648780487806 0.0 0.7158536585359999 0.9317073170738999 0.23292682926799999 0.171951219512 0.37987804878
0.15653357531760004 0.220508166969 0.1293103448275 0.0648820326678 0.051724137931 0.0394736842105 0.37613430127020003 0.4673321234116 0.2078039927403 0.1293103448275 0.0911978221415 0.0780399274046 0.33756805807590007 0.0131578947368 0.3275862068967 0.5839382940107 0.0784936479128 0.0258620689655 0.6211433756807
0.0869565217392 0.0579710144928 0.1884057971021 0.0144927536232 0.0579710144928 0.0144927536232 0.1014492753622 0.23188405797060002 0.1014492753623 0.0144927536232 0.0579710144927 0.20289855072489998 0.0289855072464 0.0 0.0434782608696 0.20289855072409999 0.1014492753623 0.0579710144927 0.4347826086955
0.0 0.0 0.0 0.0 0.0 0.0 0.0 0.0 0.0 0.0 0.0 0.0 0.0 0.0 0.0 0.0 0.0 0.0 0.0
0.0 0.0 0.0 0.0 0.0 0.0 0.0 0.0 0.0 0.0 0.0 0.0 0.0 0.0 0.0 0.0 0.0 0.0 0.0
0.14814447520216 0.10070595320162001 0.05326743120106 0.0244648318043 0.0122324159021 0.2171606983341 0.1561898444708 0.7898027605799599 0.8057436987167199 0.0183486238532 0.8110790197937199 0.3561511139543 0.35817634837482 0.0122324159021 0.56348800266192 0.6316828342300599 0.04743852200066 0.120792512725 3.77289849709736
0.5865360996179 0.21828883472200003 0.2020151918825 0.038135593220299996 0.041697371653200005 0.1652542372878 0.3752763448781 0.7345388583415 0.22913950456319998 0.0511734028683 0.2994964382213 0.8414914120514001 0.2867845738147 0.0127118644068 0.4901744043226 0.4233792490983 0.0928707745215 0.2215246679138 0.6895111766145001
0.2918600626407 0.6690903503019701 0.2957856816748 0.0767627092494 0.0 0.6356083565491699 1.1306623830687001 2.6967776495895395 0.92072421931854 0.1755747126436 1.1233464918551002 1.5971909624747 0.9582123013977699 0.0 1.3833179913687 1.19966611246247 0.6418847676559 0.230172413794 4.9733628339582
0.08562003298839999 0.19622870801179998 0.1439395465317 0.1124930901049 0.0 0.0883839909762 0.2733517149601 0.8940911725671999 0.6966733285137 0.0323886639676 0.8327350352744 0.6610011122978 0.7178133175774001 0.0308641975308 0.683242954518 1.1514193912723 0.1437970590888 0.0185185185185 4.2374381652967
0.0 0.191780821918 0.0 0.027397260274 0.1369863013699 0.0 0.1369863013698 0.21917808219169999 0.054794520548 0.0 0.1369863013699 0.109589041096 0.0821917808219 0.0 0.054794520548 0.054794520548 0.1095890410959 0.027397260274 0.6575342465758001
0.04059293826989 0.09988676526118999 0.0236077274131 0.00662251655629 0.00662251655629 0.47856420444629 0.4483386131625 0.5656275862388799 0.33746336736978 0.0169491525424 0.49389015125269997 0.3645228060116 0.45995578785378 0.01698521085679 0.45134482973228 0.3042786679597 0.02734790515729 0.0 0.85739925336029
0.1371285356247 0.11958467597559999 0.1399928392409 0.0204081632653 0.0 0.1313999283923 0.1371285356247 0.6036519871115 0.14894378804140002 0.0204081632653 0.1664876476905 0.33548156104570004 0.1228070175438 0.0 0.2595775152167 0.3301109917653 0.0204081632653 0.0408163265306 0.26566416040130003
0.2527857522595 0.3438118022327 0.23271664008510004 0.259149388623 0.1598830409357 0.5047846889948 0.48072301967029996 1.3419298245631 1.5551568314719002 0.180350877193 0.6399362041472001 0.8610738968642 0.6742211589584001 0.0378787878788 0.9082615629973001 2.0794790005377 0.306735778841 0.1033918128655 2.077729930886
0.0 0.0 0.0 0.0 0.0 0.0 0.0 0.0 0.0 0.0 0.0 0.0 0.0 0.0 0.0 0.0 0.0 0.0 0.0
0.39263073230370005 0.6189100689614 0.30798888366272004 0.19628277966010002 0.031874039938520005 0.46986685882042 0.5408857683777001 1.06117460584074 0.9856238119401999 0.199848963843 0.7704579471619 1.8766549154199201 1.05977120379726 0.0 0.8837547528622599 1.0806879499597402 0.20343670030719999 0.0595345856645 3.2606154314815994
0.15412979351029998 0.32781741014999993 0.1163340782091 0.18823673307640001 0.19101047498629997 0.1661278895388 0.43530047073660005 1.3304560365956002 1.8740669957062002 0.0770648967551 0.7804693796686 0.7870538718721 0.5660301301869 0.068022718267 0.8095299868725 1.1117528440524 0.4277436638378 0.077064896755 1.5117877292242998
0.20725747319114 0.13654040040354 0.15039510036264 0.2530459062751 0.0 0.03606477420024 0.22419572361989998 0.47359668992944 0.6798197661480401 0.03413510010078 0.13293965144732 0.3549471017242 0.18949923402238 0.0 0.40619066947784 0.49225020622494 0.66037244837864 0.2879944482995 0.28075530619433997
0.1363636363633 0.0681818181819 0.0227272727273 0.0454545454545 0.0227272727273 0.0 0.090909090909 0.1818181818182 0.0227272727273 0.0454545454545 0.0 0.159090909092 0.0227272727273 0.0 0.0454545454545 0.0 0.0227272727273 0.0454545454545 0.0681818181818
0.1028188143149 0.04321428571436 0.27526361288169 0.01680258717659 0.05358830146233 0.23500000000072002 0.25887930675303 1.20773299170966 0.7168604966048 0.0571428571429 1.05524673999202 0.30836614173209 0.41680258717679003 0.0 0.23047525309348 0.63754499437639 0.22612340124143 0.0114285714286 3.1467090571989003
0.428571428571 0.380952380952 0.33333333333299997 0.190476190476 0.380952380952 0.095238095238 1.04761904762 1.190476190477 0.14285714285700002 0.095238095238 0.28571428571400004 0.619047619049 0.333333333333 0.0 0.28571428571400004 0.619047619047 0.0 0.33333333333299997 0.238095238095
0.283019921802 0.1859345644114 0.08829488329570001 0.06393679863230001 0.11561415683550001 0.13113522113690002 0.6309244934930001 0.8144310353575 1.5122238960107999 0.1221374045801 0.4806130566508 0.7618269832933 0.5702027724648 0.0762427853285 0.5114478427914 0.46599329733719996 0.1463558504425 0.1831595606032 0.8565054755334001
0.2239870776689 0.078431372549 0.26462362214109997 0.1713554987215 0.078431372549 0.2035267196124 0.229326513214 0.7578857630008 0.3109435994078 0.104575163399 0.2961068485365 0.5642003559632001 0.2381358340436 0.0551292980961 0.7408055518165 0.3890309747091 0.3320919519603 0.1045751633987 0.8568373192156
0.6086956521739999 0.12066438690769998 0.06595017098190001 0.0869565217391 0.0112359550562 0.0786516853936 0.20078163165590002 0.10942843185159999 0.0449438202246 0.0 0.0337078651686 0.3888617489017 0.8163165608205 0.0 0.18661455788960002 0.0112359550562 0.0674157303371 0.0 0.16853932584250003
0.5 0.0 0.0 0.0 0.0 0.0 0.0 0.0 0.0 0.0 0.5 0.0 0.0 0.0 0.0 0.0 0.0 0.0 0.0
0.1190222600917 0.2328539158108 0.0958067409326 0.0952836257818 0.0 0.5303328263036999 0.47966960937909997 1.4109567781809 1.6102139660887 0.0791978348971 1.0676670292111 0.6216255574872 0.37878505364039994 0.0648662786896 1.2511202573770002 0.9534564576585 0.1720192216263 0.1440641135868 3.6930584732593
0.1336557744483 0.1452164680902 0.0959065707206 0.0261885100861 0.0465966733514 0.1360150996813 0.24112303881140001 0.298926507019 0.32782824112310005 0.0204081632653 0.44721009791230004 0.2965671817866 0.4676182611785 0.0 0.26389052730920004 0.1649168337855 0.0959065707207 0.0989736935236 0.693051787189
0.32789199293188 0.7211706059017599 0.52265863639468 0.41138060295286005 0.17319173964366003 1.01298295339568 1.041054026007 5.14863394075856 2.6445768320817598 0.06611820140346 3.2975549917595997 1.99422773537656 1.99390423839644 0.1820108694983 2.59154289018274 2.54345066197608 1.0317645046967199 0.22424309445284 10.07164148218574
0.21754719348860002 0.3642503105956 0.21482654893279995 0.3796124841523 0.1140397267888 0.5873908064645 0.7165464870108001 3.7587190218776003 2.5251044680908 0.0185950413223 1.8977153756952 2.363272155777 1.8865411554958 0.4074930705387 2.2071092039642997 3.2982780564954997 0.22712438052329997 0.0 7.8158345127947
0.0 0.0 0.0 0.0 0.0 0.0 0.0 0.0 0.0 0.0 0.0 0.0 0.0 0.0 0.0 0.0 0.0 0.0 0.0
0.4559148741336 0.4218031525208 0.4295285831186 0.270358409321 0.10709901800300001 1.108173076922 0.5567765567775 2.7041832281194003 1.5770789494192998 0.0212765957446 1.6177446223982999 3.3206833060549 1.1222381342063 0.19230769230789999 1.9267107006478 1.3509615384636 0.5375457875465001 0.0212765957446 1.2583391785514002
1.1373673375148 1.304350384905 0.3741112100736 0.058665008291800005 0.1207254864915 0.5282605957554 0.75867572925 1.4592689805949002 1.6340876989369 0.0 1.0497092596108002 0.7034463007442 0.3814550664399 0.493670886077 1.8339121151309998 3.1734898443343997 0.2256079458042 0.1587001700359 0.6044959800164
0.11806221797130001 0.32982854656460003 0.31623697362340003 0.2152620031809 0.1574751806276 0.5261141516104 0.9558877074873 1.5873410348684 1.8019746044921 0.11924836504189999 1.131419538693 0.9224948026872001 0.9598626756747001 0.0225563909774 1.2756124890206 1.9626093276566998 0.2825054746816 0.1643354985537 4.1511730165891
0.0 0.0 0.0 0.0 0.0 0.0 0.0 0.0 0.0 0.0 0.0 0.0 0.0 0.0 0.0 0.0 0.0 0.0 0.0
0.6274071917259001 0.8297642049820999 0.2513314321231 0.2149879030941 0.1940357393528 0.8692462449423999 0.8559930143643999 2.6541531779656005 1.381338600094 0.2542457527751 1.7707880124805002 1.2769397554733 1.1330853148315 0.037037037037 1.2887106341953 1.6515453239903 0.5501972836203 0.0625427204373 4.0966506565201
0.0760690789476 0.4880583447782 0.10938818532018 0.33507231844898 0.09584104385118 0.64825341185366 0.52986070461758 1.8692783902045798 1.8342369819304603 0.07440719314908001 1.07852453274268 1.07843014309138 0.6390718574211199 0.0485957132298 0.9456937213753001 1.50108350173324 0.47124905554560004 0.0397289520097 1.1371568697546799
0.2660324057538 0.2589213235057 0.2550248400816 0.858979770757 0.0802675585284 0.1294606617527 0.4537454946912 1.1023151605694999 0.7677046465559 0.0 0.4336786050591 0.3301295580746 0.6091177712128001 0.0200668896321 1.0758190732857 1.6188914504644 0.27314348800239996 0.1857648472252 0.2809364548498
0.528571428571 0.04 0.262857142857 0.0 0.345714285714 0.0 0.0 0.06 0.0 0.04 0.06 0.12000000000000001 0.302857142857 0.0 0.06 0.04 0.02 0.04 0.08
0.17003874300479999 0.3050193715023 0.2952093967161 0.0384355205707 0.0285345304717 0.6085455999013 0.6136559867173 2.5335575917836 1.1778267019243 0.13894594428380003 1.5232937703704001 1.00675358219 1.0614427157006001 0.10794047106600001 0.9540483365108 1.5240182030637 0.27808990837 0.217602853453 4.417040772400401
0.06304675716434 0.202564102564 0.029411764705800002 0.06470588235290001 0.06892911010547 0.05882352941170001 0.2244343891401 0.43122171945654 0.33710407239777 0.01176470588234 0.29336349924557 0.3606334841625 0.02352941176468 0.0294117647059 0.48250377074070006 0.03529411764701 0.11432880844634 0.0470588235294 0.12187028657606999
0.1798284102759 0.23343830257730003 0.12926402564040002 0.1791971952217 0.036218587953700004 0.12926402564040002 0.3127670592518 0.5418785295906 0.4819851783431 0.05424110735550001 0.3466133422907 0.4193556288007 0.3092659850663 0.0175438596491 0.6155970300711 0.2822007151903 0.23600305110630002 0.128958915038 0.3663790509388
0.0266666666667 0.0399999999999 0.373333333333 0.09333333333339999 0.0133333333333 0.0266666666667 0.19333333333320002 0.3133333333336 0.1266666666665 0.0133333333333 0.68 0.23333333333370002 0.2600000000003 0.0 0.0399999999999 0.206666666667 0.1266666666666 0.04 0.1933333333333
0.0 0.0 0.0 0.0 0.0 0.0 0.0 0.0 0.0 0.0 0.0 0.0 0.0 0.0 0.0 0.0 0.0 0.0 0.0
0.0 0.1238095238095 0.0857142857142 0.0 0.0571428571428 0.0666666666667 0.0 0.6095238095227 0.0952380952381 0.171428571429 0.1142857142856 0.0571428571428 0.3142857142853 0.0 0.133333333333 0.0857142857142 0.0 0.0 0.0857142857142
0.08484992364480001 0.1569758928226 0.22871358867838001 0.07113864558849001 0.0721259691777 0.3524440933961 0.3563154161307 1.06803689642628 0.79982053848549 0.1086436297502 1.04697124622099 0.64135938134928 0.46877553491359 0.0132450331126 0.7742629621475 0.73008062772779 0.18876771239489 0.0455030976287 1.79196981040326
0.12456293706290002 0.3483391608394 0.08245920745910001 0.0791083916083 0.1279137529136 0.232226107226 0.1850961538466 0.7017045454554999 0.6882284382292001 0.0774329836829 0.8986013986013 0.45942599067600004 0.9541083916079001 0.0168269230769 0.9356060606059 0.5166083916094 0.4459498834495 0.1127622377622 1.0130390442905
0.6350190848941499 1.02234089461788 0.5840821885819699 0.33680436110738 0.10990161647009 0.96677104334721 1.3893177402359997 3.8982386974946803 2.3837428793616997 0.14646635331606 2.5670729586362997 1.82520832033926 2.11188943067886 0.18178092829127 2.62862021160636 1.8890423344394902 0.50364420430529 0.24267993412042999 4.57737681816532
0.18030410190949997 0.18441807612089 0.12151737305078 0.1636754217243 0.055014921360989996 0.16242100718309 0.23194091609170003 1.03890939827559 0.5622260915253 0.0338815402127 0.6565474979811899 0.5819023057220001 0.60863006674319 0.0467675987443 0.6588412494971 0.73611922707989 0.2525456710211 0.03337912627079 1.69095840948679
0.1333333333337 0.133333333333 0.0266666666667 0.0 0.0266666666667 0.0266666666667 0.26666666666669997 0.1066666666668 0.0533333333333 0.0533333333333 0.1599999999997 0.1066666666667 0.1066666666667 0.0 0.18666666666639997 0.0533333333334 0.0266666666667 0.1599999999997 0.373333333333
0.18303615728086 0.63574188743326 0.08056313569816 0.043165467625799994 0.17480716878396 0.5827722758269 0.23607284771106 1.54284998498446 1.3070319878398 0.0874999999999 1.10588786683876 1.4881421450861598 0.8031645101349 0.0581384892086 1.60020507187668 1.83280159901312 0.13811709253276 0.040250558174100004 1.0597517539519599
0.10272300469479001 0.43755868544629 0.17239436619708998 0.036056338028089996 0.00938967136149 0.22028169014108 0.19755868544590002 1.27323943662107 0.9040375586860001 0.0 0.8307981220657901 0.7072300469493 0.6084507042259799 0.0938967136149 0.6366197183102901 1.01014084507198 0.1066666666667 0.0666666666666 0.5862910798124901
0.18207357256197 0.33926643741060003 0.1065221979876 0.45935098141831 0.0572960307357 0.32243583014273997 0.35469981265767 1.08516979950542 1.21411213228534 0.09102176608744 0.9217526379212 0.8335323731089801 0.86054562000045 0.04585262573777 1.08127045014344 1.3151868988070499 0.19666477571008 0.0784493069726 1.45479675080094
0.0 0.0 0.0 0.0 0.0 0.0 0.0 0.0 0.0 0.0 0.0 0.0 0.0 0.0 0.0 0.0 0.0 0.0 0.0
0.47871102565046997 0.8457190785700999 0.20578069064577 0.23632168876100001 0.22007378861727003 0.42406404077687004 0.8949116726801999 2.1330856851348403 1.8203675477135 0.008547008547 1.15086184258947 1.83786439440207 1.57867721677947 0.0612813370473 1.60037187029267 2.17617192366817 0.5860305183794701 0.33291297401757003 2.40824569572107
0.3650564898394 0.6023760270370999 0.3271279050518 0.6305885441204999 0.058474749539999996 0.3957852803013 1.1962801664210998 2.0426782153266 1.6941834373198001 0.08323538839610001 1.1183058903264 1.0251730002656 0.9846601654782 0.0953312831983 1.2737233013853997 1.833284318888 0.9076136434509999 0.0651842826683 1.3009379109884
0.09520083463746 0.16927490871092 0.10151278038592002 0.06557120500772001 0.00704225352112 0.0733437663014 0.14157537819512 0.4723526343243 0.28049034950443996 0.00704225352112 0.10224308815852001 0.09374021909222001 0.13041210224296002 0.00704225352112 0.17485654668784 0.30892018779333996 0.37715179968631996 0.0148148148148 0.37741262389162
0.3633333333333 0.3666666666666 0.16 0.04 0.406666666667 0.0 0.04 0.08 0.12333333333329999 0.08 0.12333333333329999 0.3633333333333 0.28666666666699997 0.0 0.12 0.04 0.0 0.286666666667 0.12
0.1317988826815 0.4535220008798 0.6480872041304999 0.0743829578242 0.10028239916500001 0.5473077171242 0.9866809424973001 3.3301289840552 1.7971721576890003 0.100282399165 2.5641070060334 1.5057272927954 1.5250698226049 0.0948491620111 1.5603203885142998 2.3214122622892 0.5608991343855 0.1426789492451 3.5552903369074
0.19999999999989998 0.4333333333334 0.2333333333333 0.1333333333332 0.0833333333334 0.05 0.2833333333332 0.5666666666667 0.1833333333331 0.1333333333332 0.2166666666669 0.5833333333332 0.16666666666660002 0.0 0.6333333333332001 0.5333333333342001 0.13333333333320002 0.1166666666665 0.31666666666669996
0.18038679073148 0.2829179590101 0.06968558049008 0.0820312595025 0.0666240953596 0.11805266678835999 0.1919138843277 0.45790184272926 0.38741227269948 0.08641975308630001 0.1499811469925 0.20416104117268002 0.25282369397302 0.0 0.41167913397766 0.42432037949296 0.14528249102958 0.0803940886701 0.408011919966
0.12489762489789999 0.205569205569 0.08435708435700001 0.027027027027 0.0843570843571 0.22235872235850002 0.2293202293202 0.29320229320200003 0.1953316953315 0.0675675675676 0.17526617526600002 0.23587223587199999 0.060606060606 0.0 0.2596232596231 0.2829647829645 0.05733005733 0.043816543816500006 0.35053235053209997
0.076923076923 0.055702917771800003 0.0 0.0384615384615 0.0 0.0 0.0689655172415 0.2612732095493 0.1724137931034 0.0 0.076923076923 0.0862068965517 0.1923076923075 0.0 0.261273209549 0.3395225464193 0.0862068965518 0.0 0.28381962864730004
0.027027027027 0.108108108108 0.027027027027 0.0 0.135135135135 0.0 0.08108108108100001 0.108108108108 0.0 0.0810810810811 0.054054054054 0.1621621621622 0.108108108108 0.0 0.027027027027 0.054054054054 0.027027027027 0.0 0.0
0.1148883795941 0.34991640196779994 0.16187639330030001 0.1477831164362 0.0614124437653 0.36045020081330004 0.2453186218665 1.4218819106594 1.0976427253517 0.0243838763575 1.2090701910735 1.0411816640540001 0.7065639254111 0.0267379679144 0.9844774034023 1.0863899387525002 0.13691816439479998 0.0802139037433 1.7428927711424
0.059071729957789997 0.1181434599158 0.10970464135018 0.0506329113924 0.042194092827 0.12658227848120002 0.15189873417739 0.45569620253149 0.44725738396609005 0.00843881856539 0.30379746835448995 0.2616033755267 0.4303797468351 0.0 0.6075949367089001 0.32911392405120005 0.2447257383969 0.0168776371308 0.2362869198313
0.2146558623448 0.5458613326985 0.379192371132 0.28221754184889997 0.1844502829755 1.0329609731511 1.0736825545150999 4.006550038594 1.5503404462291999 0.1310280719782 1.5500560439691002 1.3981767051351999 1.2241253060605999 0.0612244897958 2.3139916567012 1.1120718646332999 0.6037476476136 0.2023396932734 3.1333271173479
0.09325695029047 0.30445356681970004 0.17156315011207002 0.15707150544027 0.028870840327769997 0.33347030320849996 0.17061975516867 0.9134741955127 1.14321870193517 0.0192307692307 0.7377205151352699 0.8324368705998401 0.70104547772847 0.087853016688 0.7956672191131999 0.9733107751887 0.39952139083594 0.0192307692307 1.11798422743
0.0281690140844 0.0422535211267 0.0422535211267 0.0 0.0422535211267 0.0563380281689 0.0845070422534 0.0845070422534 0.0563380281689 0.0281690140845 0.0845070422534 0.0704225352112 0.0 0.0 0.0704225352113 0.1267605633802 0.0422535211266 0.056338028169 0.0845070422535
0.1124544124656 0.4268884359371 0.3162147141139 0.0633842671194 0.1554614453984 0.6720590551558 0.5273206946861 1.6424578630821 1.5737134532282 0.1353597894951 2.5773539796289 1.7434787145953001 0.9233863565768 0.0487781036168 1.6679900932753 1.6432126749884 0.4205584253851 0.1208612440191 1.2290662772342
0.3258246178597 0.3523732904261 0.3916216526842001 0.215147684174 0.0722905413171 0.5807953108834 0.4170210320656 2.1051603263975998 0.9318469141478 0.0 1.7113550166634999 0.7685323526031 0.6146994598322999 0.0 1.1550971152733 1.4516147569236 0.1564188024365 0.1756119986212 0.5745891276866999
0.19873567517769997 0.53074146091146 0.18437118958319998 0.23993524474824 0.103764715948 0.4658358342102 0.5536257192387399 2.00163649447012 1.6747148581560403 0.10104508808590001 1.13681055761064 0.81187484453074 0.9964593933423201 0.0506617713314 1.33283937559822 1.11825687201292 0.3030628294195 0.11686078277702 2.0787672928462
0.0 0.0 0.0 0.0 0.0 0.0 0.0 0.0 0.0 0.0 0.0 0.0 0.0 0.0 0.0 0.0 0.0 0.0 0.0
0.18045323884984998 0.30032534017565 0.28193568883455 0.11233950394469999 0.0 0.36934508957 0.3243211118463 0.9198730627067999 0.64964262834735 0.0261486103233 0.5291146027700501 0.7412122756158499 0.5832790007231999 0.040102098695400004 0.77066615859145 0.6015747425900999 0.0903238281855 0.1577213340127 1.3216216842179498
0.08395898505384 0.21818172524485 0.11870549881162 0.22064158912985998 0.03592436974796 0.1694637331397 0.47965907480669 0.7039903275682101 0.34803889841904 0.0 0.43187044765045 0.6890267005366899 0.36776123991015 0.0463875205254 0.70226518495695 0.66527809210771 0.2235164742969 0.06031047455464 0.43501966354131
0.1645766514186 0.2525851341641 0.1297255376202 0.10338784022990001 0.0941777520723 0.2042036910453 0.2784408573884 0.5728701123439001 0.7608707082388 0.0 0.3130772736032 0.3882652435284 0.329508211087 0.0128205128205 0.6488818199342 0.7838784023002 0.6269257058725001 0.0377648667122 0.2980396796183
0.6617647058830001 0.176470588235 0.2647058823526 0.0441176470588 0.1323529411764 0.0441176470588 0.0882352941176 0.2647058823528 0.132352941176 0.0882352941176 0.0441176470588 0.3088235294118 0.0 0.0 0.35294117647 0.0882352941176 0.0 0.2647058823528 0.0441176470588
0.094342533859 0.2311772917635 0.3206142391816 0.1330680120495 0.1218008375988 0.3585915113523 0.4518209203796 1.66892679582 1.0979733535803 0.14434620753830002 1.9127758320897001 1.005846048347 1.4260402635245002 0.219869706841 1.247195758124 1.4520352183407002 0.23946266317249998 0.1052447894981 1.7688680169509001
0.1470483005372 0.1470483005366 0.0307692307692 0.0930232558139 0.12379248658320001 0.0232558139535 0.3474060822897 0.5177101967802 0.2243291592134 0.0232558139535 0.3474060822902 0.293381037567 0.1388193202147 0.0772808586762 0.5402504472278999 0.4164579606442 0.1230769230768 0.1162790697674 0.2694096601073
0.48651421042845 0.31964050442315 0.2189535102576 0.21773950686994997 0.0 0.05173160173155 0.2635422548465 0.76833239224555 0.63023715415065 0.03744588744585 0.4509787314145 0.944287596463 0.26354225484649996 0.07960662525875 1.0068417090150499 0.6990212685865 0.19492753623185 0.1565782044043 0.21007905138335
0.0425531914893 0.1194762684123 0.32896890343769997 0.0 0.0425531914894 0.0 0.1620294599016 0.3666121112928 0.10638297872329999 0.0212765957447 0.1194762684124 0.2471358428807 0.0212765957447 0.0 0.0212765957447 0.0981996726677 0.0425531914893 0.08510638297869999 0.1751227495907
0.0 0.0 0.0 0.0 0.0 0.0 0.0 0.0 0.0 0.0 0.0 0.0 0.0 0.0 0.0 0.0 0.0 0.0 0.0
0.125 0.0625 0.0625 0.0 0.0625 0.0 0.1875 0.0 0.0 0.1875 0.0625 0.0625 0.0625 0.0 0.0 0.0 0.0625 0.0625 0.0
0.17742803336000001 0.23804345746039998 0.28203054382 0.0706918230497 0.117567931127 0.43137546250819997 0.3606526836437 1.4585332797496 0.9961485338756001 0.0757393092687 1.6757057644235 1.1634939771239 0.9384345138184 0.0338983050847 1.3719498673404 1.2342105648266002 0.1723867383037 0.1694915254237 1.0322176857895
0.03582089552238 0.1253731343285 0.01791044776116 0.1253731343285 0.04477611940298 0.08059701492560001 0.1253731343284 0.39402985074625996 0.3582089552238 0.0179104477612 0.21492537313435997 0.134328358209 0.34925373134338 0.0 0.3492537313435 0.27761194029868 0.1074626865672 0.0268656716418 0.21492537313420002
0.40849856631380005 0.91495357390197 0.4806399303805399 0.33327959304685 0.18223711346030003 0.84712616249719 1.28315530485882 2.89227018345424 1.5929435545883202 0.16106506206492 1.4900471675369702 1.47269272159852 1.8273592011971402 0.1451853994889 2.1701235285497202 1.74150772722488 0.6567063257047699 0.1380409353472 2.26216794878556
0.17900448671199998 0.3200592545555 0.0944984382922 0.2827046226727 0.0137614678899 0.5491437260845999 0.4042702838502 0.771667593763 1.0816373382687 0.0275229357798 0.894195218609 0.7369809801661 1.0278854335251002 0.0371989678899 1.0150700248481 1.1128871171105 0.36204481283019996 0.13881679542890002 0.9506505017240001
0.0 0.0350877192982 0.0175438596491 0.0175438596491 0.0526315789473 0.0 0.10526315789480001 0.08771929824550001 0.140350877193 0.0175438596491 0.0350877192982 0.08771929824550001 0.1578947368421 0.0 0.0877192982456 0.0350877192982 0.0 0.0701754385964 0.0526315789473
0.2018327726381 0.11115094192189999 0.05279450719709 0.22756999929899 0.015625 0.36717995991318997 0.3655460588752 1.0893593711932699 0.63314939828657 0.015625 0.57480398645099 0.70492252093429 0.6167109305700901 0.050808627698299996 0.8042559556634999 0.63981925189658 0.08160963344538999 0.0 0.44723608401468
0.1268532246106 0.0807580878802 0.1100917431192 0.15191936262709999 0.0275229357798 0.2352371107375 0.2389758638747 1.5678688257018 0.7527407321767999 0.0197368421052 0.6974993369185 0.5270222250933 0.4506345169037 0.0 0.7696195278869999 0.7617161199938 0.1487238253275 0.033821349147399996 0.2992583701141
0.41444709618549996 0.41249387878279997 0.2847432835779 0.3599099725104 0.191864847234 0.8101925169415001 0.41895073514979997 1.4106482850647002 1.4037840698037 0.07430411778240001 0.8079843415774001 1.2443347984850999 1.3696727510102 0.076519177819 1.6926465364773 1.3003648717812 0.35360033772210003 0.1233477664886 1.2501906156031999
0.0 0.0 0.0 0.0 0.0 0.0 0.0 0.0 0.0 0.0 0.0 0.0 0.0 0.0 0.0 0.0 0.0 0.0 0.0
0.3901369985641 0.7923998498125 0.1882782782574 0.3355212429638 0.112800041681 0.501920998931 0.48249083591530006 1.6095000636873 1.5305201338476002 0.0849093774625 1.0910731082593 0.7976475928044 0.8780470626048 0.0489603481624 1.6077808168994003 0.8929160015299 0.6322136461158 0.11464386962039999 0.9082397328795999
0.11756793112720001 0.36301483379909993 0.15723331269720003 0.23914696944789998 0.029675638371300002 0.39593566622239995 0.23385477629600002 1.1148413005996 0.6148069461221001 0.0079365079365 0.9059286078104001 0.7575595652019 0.5386754995617 0.1563601009093 0.7791626328249999 0.7058603544161 0.2079800819089 0.0805230959984 0.593936178746
0.0567049808429 0.09003831417620001 0.1245210727968 0.0344827586207 0.0344827586206 0.0689655172413 0.1961685823756 0.5559386973182 0.2796934865902 0.0172413793103 0.11839080459750001 0.2118773946358 0.10842911877379999 0.0344827586207 0.2613026819922 0.26130268199210005 0.3130268199234 0.07892720306510001 0.1540229885056
0.0 0.0 0.0 0.0 0.0 0.0 0.0 0.0 0.0 0.0 0.0 0.0 0.0 0.0 0.0 0.0 0.0 0.0 0.0
0.0714485850379 0.570944070083 0.2557559889651 0.1260670589333 0.0232558139535 0.4589344228598 0.33932301220829997 2.2237725926194 1.5211689191132998 0.0686110754208 1.7038888003076003 1.3158219240402 1.3409379175875 0.089580421132 1.3437117522295001 0.9984981168409 0.42146299016800004 0.0232558139535 2.1035607245489
0.22386363636360002 0.1897727272727 0.0 0.015625 0.015625 0.078125 0.33835227272720003 0.2678977272726 0.23948863636380002 0.08068181818180001 0.1039772727272 0.19261363636370002 0.1639204545454 0.015625 0.36931818181840004 0.2417613636364 0.14573863636360002 0.1588068181819 0.1588068181819
0.0 0.0 0.0 0.0 0.0 0.0 0.0 0.0 0.0 0.0 0.0 0.0 0.0 0.0 0.0 0.0 0.0 0.0 0.0
0.0217391304348 0.0434782608696 0.0217391304348 0.0 0.0 0.0217391304348 0.108695652174 0.1956521739132 0.0652173913044 0.0 0.0652173913044 0.0217391304348 0.1739130434784 0.0434782608696 0.0652173913044 0.0434782608696 0.0217391304348 0.0 0.0869565217392
0.0 0.0 0.0 0.0 0.0 0.0 0.0 0.0 0.0 0.0 0.0 0.0 0.0 0.0 0.0 0.0 0.0 0.0 0.0
0.1943573667712 0.0 0.0 0.0344827586207 0.2852664576802 0.0 0.0344827586207 0.2852664576801 0.0344827586207 0.2507836990596 0.19435736677120002 0.1598746081505 0.1253918495298 0.0 0.1253918495298 0.0344827586207 0.0689655172414 0.0689655172414 0.10344827586210001
0.2653818953321 0.1138846497431 0.18014404823914001 0.0673620933521 0.0 0.54529423807037 0.72357719794467 0.99004317724991 0.8683326509336 0.0 1.63919079877837 1.1739466239857699 1.0354630387875101 0.0 1.12442306260754 1.25506216035057 0.18124674309517 0.0267857142857 0.8098619072432001
0.4452857072125 0.41960855723949997 0.1782593208453 0.17056336385829998 0.19010036051819998 0.129249907754 0.6792808161734 0.8892600029079 0.5478888830334 0.15896671634370002 0.6964313952889 0.7479246633226 0.6848347477733 0.0385852090032 1.147857255811 0.9061661898616999 0.32217595277 0.24631694628 0.4012440040065
0.4088959495658 0.6116041076217 0.2841642571712 0.3878742096963 0.1053877988964 1.1249806784101 0.8633482738782999 3.0709689844334007 1.7039613183944 0.0723302196414 1.6026665357097 1.4832152004051 1.794943581374 0.15582483923649998 1.5460848495503998 1.7587241709103 0.8386745420195001 0.1606455162295 2.0257049668505
0.11519911809279999 0.11519911809279999 0.0982499655505 0.1964999311009 0.0 0.48050158467660004 0.2961278765329 0.8987184787097001 0.5434752652616 0.0 0.46355243213459996 0.2819346837535 0.6147168251339 0.0325203252032 0.7617472784903001 0.7230260438196999 0.1978779109823 0.049469477745599996 1.1311836847171999
0.0888888888888 0.0444444444444 0.0 0.0444444444444 0.0 0.0444444444444 0.0444444444444 0.3555555555548 0.1333333333333 0.0888888888888 0.0444444444444 0.2666666666663 0.177777777778 0.0 0.26666666666629996 0.13333333333320002 0.0444444444444 0.0444444444444 0.1777777777774
0.24461485188749998 0.9299130550215001 0.0983606557376 0.2979523685552 0.1257035647279 0.5811244880037 0.4654050047267 1.2439682205877 1.0881963004278 0.0487804878049 0.7085892915559 1.2187782965597 0.6550126360928 0.0287081339712 1.1143427796348 1.2227747840871999 0.29795236855499996 0.0 0.6298227120623
0.10584114722297 0.16025038328269997 0.10996479161536998 0.09728363219517001 0.0144927536232 0.26451322361427 0.19352541243486998 0.8261822478597701 0.5601337749211 0.00847457627117 0.625873150996 0.2550356177846 0.7531841423912 0.06523786129527 0.73968735970991 0.84122275020787 0.09438924605481 0.0967627062175 0.18794522230410002
0.22109554027847 0.17205626988167 0.08440419531104 0.18580914380188 0.1601503759398 0.38488680981017 0.2862646871692 1.34320275265478 1.02128759117845 0.10661900653264 0.78899589551996 0.60584111708847 0.90443079593921 0.0 0.6890178051206499 0.7142987568102199 0.15610704614645 0.18827190928137 0.98726030153639
0.0 0.0 0.0 0.0 0.0 0.0 0.0 0.0 0.0 0.0 0.0 0.0 0.0 0.0 0.0 0.0 0.0 0.0 0.0
0.49090226786659996 0.5562175811172 0.3303554641454 0.2685024395805 0.0558787617611 0.6114216776057 0.48684936280450003 1.8383414275402998 1.5068675795298998 0.0494230425394 1.1767860293069 0.516244809851 1.5146906460628 0.0847457627118 1.912982492784 0.9067701915943 0.5482418589967 0.0664224664224 1.0783561377803
0.11721721721719999 0.2678444401847 0.0135135135135 0.155510829979 0.0106382978723 0.3314804165866 0.3912124890855 0.8884480224897 0.41685515302529996 0.0 0.2700913679636 0.6366792324249 0.45645645645629995 0.1037037037037 0.9227163333544 0.7389155112558 0.1379379379379 0.074074074074 0.0667050028752
0.1095596133189 0.2968970044151 0.34203962286620004 0.0777777777781 0.12067072443 0.0111111111111 0.45609857978330004 1.2962943071951003 0.9357262203129 0.0111111111111 0.2519811433342 0.5635457691846 0.2769244539918 0.0444444444445 0.6452142260413 0.2490332975293 1.0430361618352 0.0505847953216 0.2179496359946
0.571428571428 0.5 0.4285714285715 0.28571428571449997 0.285714285714 0.0 0.142857142857 0.35714285714249994 0.0714285714285 0.214285714286 0.0714285714285 0.5714285714289999 0.0714285714285 0.0 0.3571428571435 0.0 0.0 0.0714285714285 0.0
0.20772118495504002 0.15732262440831002 0.10013907386242 0.04922193281242001 0.041039671682600004 0.19656078615905997 0.16100202434611002 0.5471821462860801 0.45647002726261005 0.0465116279069 0.48222861341916 0.41299204048401 0.27860216789703 0.02771655646832 0.60840104984356 0.54230017131584 0.17996250980903003 0.01473349703881 0.48989229404533
0.3022025171623 0.19407894736877002 0.053101503759399996 0.12690013076157 0.14945652173913998 0.04840225563907 0.37316116377877 0.48267407649494004 0.26648823144777 0.026785714285670004 0.12781954887204 0.39385828702147 0.3097417456682 0.00892857142857 0.57385992154234 0.2100768224908 0.10904298790446999 0.0892857142856 0.15413533834587
0.0819672131147 0.11984171848490001 0.06811758055379999 0.10090446579979999 0.0 0.0853589598643 0.1526286037308 0.30695308083649997 0.46212549462999997 0.0 0.13369135104559998 0.26823063877889997 0.1879592990389 0.0 0.3018654607122 0.270774448841 0.15178066704339999 0.0336348219332 0.2741661955908
0.062499999999900004 0.12083333333320001 0.0416666666667 0.0208333333333 0.0 0.0208333333333 0.0208333333333 0.14583333333310003 0.2666666666667 0.0 0.22083333333330002 0.4416666666667 0.125 0.0 0.20833333333339998 0.08333333333330001 0.0999999999999 0.0 0.12083333333320001
0.666666666666 0.0 0.0 0.333333333333 0.0 0.0 0.0 0.111111111111 0.111111111111 0.0 0.0 0.0 0.555555555556 0.0 0.0 0.0 0.222222222222 0.0 0.0
0.0 0.0 0.0 0.0 0.0 0.0 0.0 0.0 0.0 0.0 0.0 0.0 0.0 0.0 0.0 0.0 0.0 0.0 0.0
0.0384615384615 0.2756410256412 0.1185897435896 0.11538461538450001 0.0416666666666 0.48397435897409996 0.125 0.9999999999996999 0.7147435897438001 0.0416666666666 1.5705128205130001 0.7243589743585 0.8269230769229 0.0384615384615 0.8301282051283 0.846153846153 0.26923076923050004 0.0384615384615 0.9006410256423001
0.1986531986532 0.3636363636362 0.060606060606 0.0757575757576 0.037037037037 0.1885521885521 0.19191919191950002 0.9326599326598999 0.3653198653198 0.0185185185185 0.2255892255891 0.41245791245810004 0.37037037037049997 0.106060606061 0.5134680134678 0.4764309764312 0.181818181818 0.107744107744 0.1734006734005
0.15493078937524002 0.46206038587528997 0.13334089485283998 0.1497312002681 0.04308202154099 0.35321778499755 0.6657933787335 1.98777087538484 0.9484511035041999 0.09399700827219 0.95210113405877 0.95699304290594 1.27016170963088 0.07752396733335 1.12675589825284 0.9425756776199 0.33224062461894 0.131653472896 1.2176190298778
0.21041575172 0.3467867076562 0.0867003367003 0.2339774557165 0.037037037037 0.3248865466255 0.1742351046699 1.1101083296727001 0.6287512809249 0.0 0.4771995315472 0.49741619089480005 0.7271629336857 0.0909090909092 1.0647416190899999 0.8391377543551999 0.2466256770604 0.0555555555555 0.848353096179
0.0666666666666 0.0333333333333 0.1 0.0 0.166666666667 0.0333333333333 0.0666666666666 0.36666666666659997 0.133333333333 0.166666666667 0.166666666667 0.0333333333333 0.16666666666660002 0.0 0.1333333333332 0.0 0.0333333333333 0.0 0.333333333333
0.2095397356266 0.18990503243020002 0.07099496691519999 0.275481764612 0.0 0.6415931993356 0.20052774305299997 0.8446561379858 0.6223277417441 0.013698630137 0.5306150966363 0.8001339537966 1.0118933082013999 0.021978021978 0.8505697399680001 0.7829187092444 0.0989090619525 0.1470319634702 0.6872251929134
0.08086143843962 0.2684712686743 0.135574705668 0.057652627745999996 0.00934579439252 0.29220779220800003 0.25224146028691996 0.59165580457722 0.4355504308777 0.0194805194805 0.51022179770654 0.47682812920534 0.46002575238660004 0.0584415584415 0.47556161838952 0.4558198810536401 0.29619730127629995 0.03817210826554 0.08569001092369999
0.1755602436013 0.35253618861839997 0.1131294898663 0.0860002988196 0.1451513625425 0.3358022875276 0.296007411651 1.0504593919662 0.720579848594 0.0 0.7881731446493001 0.6302905646246999 0.8908579643237 0.0103092783505 0.5340340596724 0.987131256248 0.16823760431989998 0.10282021151580001 0.6129193931078
0.0 0.0 0.0 0.0 0.0 0.0 0.0 0.0 0.0 0.0 0.0 0.0 0.0 0.0 0.0 0.0 0.0 0.0 0.0
0.35464206200952 0.18923935397452 0.04081055074429 0.22880430827446 0.05932906926281 0.30800092720616 0.28205128205109997 0.7242184783572901 0.40492042603083994 0.0208333333333 0.46947665407931 0.34162849353237 0.44674595088506 0.04365955359339 0.74172202276474 0.49856387480569997 0.37275442242400003 0.1004273504273 0.37217188624479
0.058275058275 0.24189087748389998 0.0526315789474 0.10120599739229999 0.06798245614029999 0.312495711247 0.5215531940552001 0.9620016468818 0.4406855039106 0.0 0.7051757712998 0.39141396813100005 0.766499223346 0.2395104895103 0.8793906435518001 0.7628509239798 0.30810974633450006 0.0169491525424 0.1713780569712
0.1714285714284 0.2168831168835 0.0428571428571 0.0580086580086 0.0857142857142 0.0151515151515 0.1865800865796 0.564935064935 0.2168831168835 0.0428571428571 0.3354978354976 0.21948051948010003 0.20692640692630002 0.0 0.36580086580040005 0.3558441558444 0.5571428571431 0.0857142857142 0.2722943722947
0.0 0.0 0.0 0.0 0.0 0.0 0.0 0.0 0.0 0.0 0.0 0.0 0.0 0.0 0.0 0.0 0.0 0.0 0.0
0.1247457627119 0.0 0.1538983050847 0.0169491525424 0.0 0.0738983050848 0.04 0.23864406779660002 0.09084745762719999 0.04 0.2094915254238 0.13084745762709998 0.1247457627119 0.0338983050847 0.3125423728812 0.0738983050848 0.16 0.0 0.175593220339
0.42790346908009996 0.47730015082950006 0.1561085972846 0.0910256410256 0.07692307692309999 0.13687782805419998 0.3110859728501 0.116515837104 0.0192307692308 0.1561085972845 0.0588235294117 0.48401206636449995 0.2138009049769 0.0588235294117 0.9231523378581 0.7380844645544 0.1498491704373 0.07692307692309999 0.3274509803917
0.0322580645161 0.0879545729129 0.0224719101123 0.0977407273166 0.0449438202246 0.08892110668110001 0.141718013773 0.39966171318099997 0.23450525552739998 0.0 0.1553703032496 0.3088075389633 0.26386371873869996 0.0215053763441 0.3771898030684999 0.35665096049260003 0.17590914582570003 0.0 0.1905279690708
0.0672696438665 0.3220202635127 0.2836348219332 0.0508762012436 0.0163934426229 0.0491803278688 0.7988868113229 0.3296082097663 0.11899378179739999 0.0172413793103 0.1500847936685 0.4207179197286 0.3367178327604 0.0336348219332 0.2699265121534 0.06811758055379999 0.1874809757792 0.28164543201250003 0.1975692481629
0.0263157894737 0.0 0.0 0.0526315789473 0.0 0.0 0.0263157894737 0.0526315789474 0.1052631578947 0.0 0.0263157894737 0.078947368421 0.0526315789474 0.0263157894737 0.1578947368427 0.1315789473687 0.1315789473683 0.0 0.131578947369
0.0 0.0 0.0 0.0 0.0 0.0 0.0 0.0 0.0 0.0 0.0 0.0 0.0 0.0 0.0 0.0 0.0 0.0 0.0
0.0 0.1961722488036 0.0 0.0 0.07081339712910001 0.1253588516745 0.0545454545454 0.6009569377988 0.14162679425820002 0.0 0.8095693779908 0.35406698564649997 0.5665071770336001 0.0181818181818 0.3177033492827 0.4430622009572 0.0526315789473 0.0181818181818 0.23062200956950002
0.08970099667783 0.1395348837212 0.0 0.02990033222593 0.0 0.189368770764 0.13953488372063 0.22923588039853 0.37873754152809996 0.02990033222593 0.31893687707630003 0.2292358803985 0.3289036544852 0.0199335548173 0.2691029900333 0.3887043189369 0.05980066445182999 0.0 0.15946843853842999
0.589763563765 0.5279785359225001 0.234442947096 0.0843530882262 0.0258198422582 0.4239845821642 0.44064935893224 1.73586873549284 0.6066840627055701 0.18094353793977003 0.70414723541617 1.17513200946177 0.60070377073391 0.0528194837614 1.3099270092961801 0.7396314521004701 0.23446427840594 0.1552752181243 1.17741128819844
0.0887057387057 0.1597236097235 0.0815434565434 0.0650849150849 0.0076923076923 0.1594905094905 0.22917360417349997 0.42535242535260004 0.8064102564100001 0.0178571428571 0.6027999777999 0.6231018981024001 0.4742202242203 0.16071428571409999 0.7679847929849 0.46363081363090003 0.220951270951 0.08015873015870001 0.5654040404046
0.0 0.0 0.0 0.0 0.0 0.0 0.0 0.0 0.0 0.0 0.0 0.0 0.0 0.0 0.0 0.0 0.0 0.0 0.0
0.0384615384615 0.1186931348221 0.0 0.051282051282 0.0 0.1381306865177 0.1315136476425 0.4433416046315 0.4309346567417 0.016129032258 0.3891645988419 0.28866832092670003 0.1542597187757 0.025641025641 0.26013234077749997 0.3147229114974 0.0384615384615 0.0128205128205 0.1476426799005
0.1392012198811 0.2026713539733 0.0921420975732 0.14304144656641 0.018041446566409998 0.15624681196911 0.27965765948791 0.45536583467971004 0.3638427554959999 0.0 0.35636266177921 0.5146252820594099 0.18169918818682002 0.0086956521739 0.32062548090631 0.52898179688271 0.03738317757 0.0454286875253 0.15598744672221
0.15435460270669998 0.1496415770609 0.0240963855422 0.17354338584700002 0.058559820678 0.0353942652329 0.25108021483270004 0.7131201726131999 0.3311177945087 0.0240963855421 0.3204553648453 0.1763358761376 0.3599481697731 0.047442458004100005 0.5432819048128 0.2997488830041 0.0505786587209 0.0371447028424 0.25005937729399996
0.0 0.0 0.0 0.0 0.0 0.0 0.0 0.0 0.0 0.0 0.0 0.0 0.0 0.0 0.0 0.0 0.0 0.0 0.0
0.1677817807513 0.42677439427890007 0.10372110484159999 0.08389089037559999 0.07733990147780001 0.0549406170367 0.4589940873692 1.2077605988887998 0.6498794139066 0.0 0.5179031345881 0.4025029039738 0.8247307575574001 0.0705656170367 1.2518413616471997 0.7807432783821 0.4460086327943 0.18098902340380002 1.2936325016896002
0.0175438596491 0.352747252747 0.11974166184679999 0.08681318681309999 0.0 0.09662618083669999 0.292114902641 0.44046655099259996 0.7997686523995999 0.0714285714285 0.28654328127990003 0.38874108347770003 0.5646038172354 0.0153846153846 0.6975708502033999 0.5064006169274 0.0714285714285 0.050472334682800005 0.1416040100249
0.1162234416771 0.0582524271844 0.15477698044149998 0.0484029829744 0.0 0.0484029829744 0.0388349514563 0.3869424511038 0.4170536091177 0.0 0.2999859293656 0.3196848177857 0.1359223300969 0.0 0.5130153369923999 0.3880681018712 0.6773603489532 0.0484029829744 0.3486703250312
0.0 0.0 0.0 0.0 0.0 0.0 0.0 0.0 0.0 0.0 0.0 0.0 0.0 0.0 0.0 0.0 0.0 0.0 0.0
0.0588235294118 0.17514018454180003 0.0867366054702 0.0 0.0191082802548 0.22049456725420002 0.3369795073376 0.9714010833743001 0.3162042534816 0.1355932203387 0.7251303414605 0.4089260879786 0.7121755751856 0.0 0.3192016307766 0.5608080217954001 0.1367553390784 0.0 0.816521772262
0.22870851659330002 0.4726109556186 0.0815673730508 0.16313474610150003 0.0655737704918 0.16313474610150003 0.2934826069577 0.44251632680249997 0.2614954018393 0.0 0.262588298014 0.2953751832599 0.0815673730508 0.0327868852459 1.3538851126217 0.2614954018393 0.0327868852459 0.09836065573769999 0.40892976142900006
0.0434782608695 0.33139335843859996 0.0749743238616 0.059226292365599995 0.0 0.0944881889764 0.41458404656049996 0.3389250256762 0.1889763779529 0.0 0.21294077370759995 0.1732283464573 0.2759328996914 0.0157480314961 0.220472440945 0.2362204724411 0.059226292365599995 0.0749743238617 0.18521054433419998
0.1 0.0 0.0 0.0 0.0 0.1 0.0 0.7999999999999999 0.2 0.0 0.4 0.1 0.0 0.0 0.30000000000000004 0.6 0.0 0.2 0.2
0.0 0.0 0.0 0.0 0.0 0.0 0.0 0.0 0.0 0.0 0.0 0.0 0.0 0.0 0.0 0.0 0.0 0.0 0.0
0.0 0.0 0.0 0.0 0.0 0.0 0.0 0.0 0.0 0.0 0.0 0.0 0.0 0.0 0.0 0.0 0.0 0.0 0.0
0.0491803278688 0.10730253353210001 0.0227272727273 0.0 0.0 0.1173621460505 0.0883010432192 0.195603576751 0.08830104321900001 0.0227272727273 0.3092399403874 0.2649031296573 0.2093889716842 0.0454545454545 0.1438152011922 0.23099850968700003 0.0163934426229 0.0163934426229 0.0719076005961
0.1253354380429 0.2865035516967 0.107813733228 0.0883977900553 0.0967640094711 0.055248618784500006 0.1455406471981 0.4099447513812 0.1832675611682 0.0285714285714 0.16574585635369998 0.2228887134965 0.24041041831090001 0.0331491712707 0.33338595106559993 0.20536700868199997 0.0662983425414 0.0617205998421 0.1436464088399
0.105263157895 0.5341546153438 0.1672087522179 0.09783076178700001 0.0507096392667 0.4080694586316 0.39337434298420004 1.3424073974526 1.4324258001024999 0.0112359550562 1.3669295281890999 1.3706868530635998 1.0649858775180998 0.1054545454545 0.9692414386326 1.1778684355261 0.4503202061093 0.0394736842105 0.9123595505613
0.1831278647067 0.648835774453 0.027027027027 0.0394736842105 0.0 0.1076774505068 0.2758628014788 0.7492231487897 0.6946894987691 0.06279306829760001 0.515830436907 0.3356081334832 0.3785088806813 0.0550458715595 0.8536879950929 0.45069158970620005 0.2800445302857 0.0 0.3418722440449
0.0 0.0 0.0 0.0 0.0 0.0 0.0 0.0 0.0 0.0 0.0 0.0 0.0 0.0 0.0 0.0 0.0 0.0 0.0
0.0 0.2509763336716 0.04196282121373 0.0161290322581 0.0 0.16341872998513 0.1751152073732 0.28602671248933 0.48662422869646 0.101694915254 0.66697258455116 0.2582012028429 0.28403499179909003 0.15092165898603 0.18069983597596 0.34855112083166 0.07258064516143001 0.0 0.51608997891132
0.0 0.025 0.025 0.0 0.0 0.05 0.0 0.1625 0.1125 0.0125 0.11249999999999999 0.0 0.1000000000003 0.0625 0.05 0.2500000000002 0.0 0.025 0.0125
0.0688434303697 0.1903511909022 0.044453186467299996 0.0121951219512 0.0121951219512 0.226149774694 0.2749302624994 0.8378585222806999 0.3738073099207 0.0322580645161 0.3936485229951 0.4650597239109 0.4459695300765 0.044453186467299996 0.4488591660107 0.6076031757392 0.0913525498891 0.0 0.4300121593592
0.0 0.0 0.1874999999999 0.0 0.0 0.0 0.0 0.0 0.1249999999998 0.0 0.125 0.0 0.0624999999999 0.437500000001 0.0 0.0624999999999 0.0 0.0 0.0
0.174772036474 0.1773049645388 0.0798771121351 0.031914893617 0.0 0.1011537078799 0.34482138771799997 0.39221165473720004 0.1437068993691 0.0161290322581 0.3203582050527 0.27600745171109997 0.243438899239 0.0450861195542 0.4852273098668999 0.6299637219328 0.159067882472 0.0 0.37895872144340004
0.0 0.1927319168698 0.1262955745714 0.042178542178500006 0.07921557921550001 0.10110110110100001 0.1069643311022 0.7797672280424001 0.3713980438115 0.064064064064 0.5011186735321 0.43660588488150004 0.47851142678690006 0.027027027027 0.8359284048934 0.4665449148206 0.2255641221157 0.0 0.1649831649831
0.0192307692308 0.0384615384616 0.0384615384615 0.0 0.0192307692308 0.0 0.0384615384615 0.0961538461538 0.0769230769232 0.0 0.0192307692308 0.1346153846154 0.0192307692308 0.0 0.1730769230773 0.0384615384616 0.2307692307692 0.0576923076923 0.0
0.0 0.0 0.0 0.0 0.0 0.0 0.0 0.0 0.0 0.0 0.0 0.0 0.0 0.0 0.0 0.0 0.0 0.0 0.0
0.093304843305 0.0754985754985 0.1579415954416 0.0185185185185 0.0 0.1387108262109 0.07692307692309999 0.6144943019940999 0.407763532764 0.0 0.37428774928770003 0.324074074074 0.22934472934470002 0.0747863247863 0.3637820512819 0.3041310541312 0.2430555555555 0.0192307692308 0.4841524216524001
