0.2449529302937 0.5685095499812 0.1602002503133 0.17206290471789998 0.0425531914894 0.0 0.4802742558634 0.9660989280084 0.1376448821897 0.0588235294117 0.24402786091290002 0.4865320781411 0.0882352941176 0.0 0.6476573978335 0.3954943679602 0.10638297872329999 0.15707133917389998 0.0434782608696
0.047058823529300006 0.070588235294 0.0117647058823 0.0 0.0 0.15294117647060002 0.035294117647 0.07058823529410001 0.16470588235289998 0.0235294117647 0.0235294117647 0.0941176470588 0.0235294117646 0.0235294117647 0.1411764705881 0.05882352941170001 0.0235294117646 0.0117647058823 0.0235294117646
0.1233766233766 0.09307359307350001 0.12121212121210001 0.0 0.0 0.1428571428571 0.030303030303 0.3874458874461 0.2207792207792 0.060606060606 0.077922077922 0.22943722943710002 0.0 0.0 0.2532467532466 0.0757575757575 0.077922077922 0.0151515151515 0.0909090909091
0.0 0.0 0.0 0.0 0.0 0.0 0.0 0.0 0.0 0.0 0.0 0.0 0.0 0.0 0.0 0.0 0.0 0.0 0.0
0.0 0.0 0.1 0.0 0.0 0.0 0.0 0.30000000000000004 0.0 0.1 0.0 0.0 0.0 0.0 0.4 0.0 0.0 0.0 0.1
0.0555555555555 0.125925925926 0.0166666666667 0.0185185185185 0.0 0.3000000000001 0.0888888888888 0.5240740740744999 0.17777777777769999 0.053703703703700006 0.3037037037036 0.19259259259250003 0.12037037037030002 0.037037037037 0.2796296296295 0.2555555555554 0.0 0.0185185185185 0.43148148148170007
0.1047120418848 0.041884816753899996 0.0209424083769 0.0314136125654 0.0104712041885 0.1047120418847 0.167539267016 0.2722513089012 0.1465968586388 0.0 0.1675392670157 0.1047120418848 0.1361256544505 0.0 0.261780104712 0.27225130890070004 0.041884816753899996 0.0104712041885 0.10471204188479999
0.4809785496432 0.9400376780651 0.4227694443161 0.0804964539006 0.0355623100304 0.6301161103298001 1.0659411190496002 4.1247754823411995 0.9818583078515 0.062355171687299996 1.1152667224634 1.1980757020594999 0.8391417442481001 0.0 1.5341028979712 1.0459955206139 0.1971142811323 0.2635743445227 0.9818381597686
0.0486041874376 0.1458125623129 0.116400797607 0.0441176470588 0.0 0.0486041874376 0.4995014955138 0.8973080757734 0.5333998005981 0.0 0.606929212363 0.45787637088730004 0.2814057826516 0.0294117647059 0.4521435692914 0.2666999002986 0.0486041874376 0.0 0.5231804586239
0.0 0.0 0.0 0.0 0.0 0.0 0.0 0.0 0.0 0.0 0.0 0.0 0.0 0.0 0.0 0.0 0.0 0.0 0.0
0.00826446280991 0.14588792582131 0.02479338842971 0.0 0.0 0.2450614795403 0.2953285627901 0.36822213263451004 0.25481253779461 0.0113636363636 0.19524793388442999 0.27053517436040003 0.46875629913291 0.00826446280991 0.7808405563405101 0.31266377746412 0.00826446280991 0.0 0.6016932070150101
0.050706033376 0.2836970474967 0.1277278562257 0.0 0.0263157894736 0.1238767650833 0.1970474967904 0.7477535301664 0.6270860077016001 0.0789473684209 0.1707317073174 0.2856225930681 0.2291399229778 0.0 0.1501925545568 0.45250320924230003 0.0 0.0243902439024 0.424261874198
0.0 0.14519792342639998 0.055645684620399996 0.0 0.0217391304348 0.2443218689164 0.13173264114209998 0.5429915639203 0.29996755353669996 0.0 0.44516547696310005 0.0773848150551 0.7694678780016001 0.0 0.37735236859189997 0.2430240103831 0.0217391304348 0.0 0.6242699545751
0.0 0.0 0.0 0.0 0.0 0.0 0.0 0.0 0.0 0.0 0.0 0.0 0.0 0.0 0.0 0.0 0.0 0.0 0.0
0.272073677956 0.3462726815665 0.15524475524460002 0.14705882353 0.0444444444444 0.080808080808 0.4636820695644 0.9047077105897001 0.375103980986 0.0 0.5096805155633001 0.4125234242886999 0.15808309337719997 0.0 0.7135335252978001 0.6085470085478 0.3252525252534 0.0 0.4829836829834
0.0281690140845 0.4155894269729 0.0410958904109 0.056338028169 0.0410958904109 0.2747443565503 0.7337449353668 0.7854524406716 0.2770596179816 0.0 0.17962569940169998 0.22303685124429998 0.5647308508598 0.0 0.3615666602351 0.3897356743196 0.43546208759390004 0.0 0.19255257572809997
0.1389305347321 0.3123438280859 0.1039480259868 0.0229885057471 0.0 0.0229885057471 0.3128435782101 0.5902048975494001 0.6951524237875001 0.0114942528735 0.0924537731133 0.4172913543222 0.1389305347325 0.0 0.7756121939030002 0.31284357821 0.6011994003007001 0.150424787606 0.3003498250867
0.0 0.0 0.0 0.0 0.0 0.0 0.0 0.0 0.0 0.0 0.0 0.0 0.0 0.0 0.0 0.0 0.0 0.0 0.0
0.103448275862 0.08131868131850001 0.0428571428571 0.0 0.0428571428571 0.3064607805985 0.133251231527 0.8147214854111 0.4934255399772 0.0 0.6452065176207 0.3024820007579 0.4175824175825 0.0 0.38806366047720003 0.3391625615758 0.0344827586207 0.0 0.8546798029556
0.2201754385962 0.5214912280718 0.0631578947369 0.073245614035 0.0210526315789 0.0210526315789 0.1894736842107 0.3245614035085 0.1982456140354 0.0105263157895 0.12499999999980001 0.24035087719300002 0.334210526316 0.0 0.16710526315770002 0.16666666666660002 0.125438596491 0.0105263157895 0.1877192982454
0.0775012025011 0.393278018278 0.074074074074 0.0412457912458 0.11375661375660001 0.1044372294371 0.3520322270324 0.5517075517074 0.12079124579110001 0.0 0.10942760942749999 0.10101010101 0.3263588263588 0.0340909090909 0.21260221260210002 0.0867003367003 0.0 0.0896464646464 0.2113395863395
0.07142857142850001 0.08928571428570001 0.0357142857143 0.0178571428571 0.0357142857143 0.0178571428571 0.0892857142856 0.17857142857140001 0.0357142857143 0.0535714285714 0.0 0.19642857142859999 0.0178571428571 0.0 0.0357142857142 0.0357142857142 0.0357142857143 0.0 0.0535714285714
0.0 0.0 0.0 0.0 0.0 0.0 0.0 0.0 0.0 0.0 0.0 0.0 0.0 0.0 0.0 0.0 0.0 0.0 0.0
0.0 0.0 0.0 0.0 0.666666666666 0.0 0.0 0.0 0.0 0.0 0.0 0.0 0.0 0.0 0.0 0.0 0.0 0.333333333333 0.0
0.0263157894737 0.2372311375455 0.08473796431369998 0.0149253731343 0.0 0.2088504844198 0.1520966595601 0.9417536378257998 0.39472936071529996 0.041241162607999995 0.3688026035238 0.23388695619640001 0.40611977705409996 0.0 0.5194291699396 0.8581042157623999 0.041241162607999995 0.0 1.4705345453185
0.13999999999999999 0.16 0.02 0.02 0.0 0.14000000000010002 0.04 0.48000000000000004 0.31999999999990003 0.02 0.0999999999999 0.0999999999999 0.2 0.0800000000001 0.4799999999999 0.21999999999990003 0.2199999999999 0.02 0.24000000000000002
0.265276499052 0.47568024278540005 0.4521888216321 0.12111317254170001 0.05382509476569999 0.3768229652585 0.7729019304812 1.7650510327583 0.7710804339803999 0.1132348342713 0.5150697219087 0.8717896621373 1.0559217655742001 0.0 1.0823103683894 0.5062599270129 0.16479840716760003 0.0507343234323 1.5859407968500001
0.02704326923069 0.3902502828048 0.08216911764699 0.02704326923069 0.0 0.18127866271228 0.41605876238160006 0.73492589733418 0.50318270759438 0.015625 0.52715505380878 0.38375282805379 0.45508916014399003 0.0705882352941 0.68728694050309 0.5124392350487 0.46176470588249996 0.0 0.5243468723247
0.0 0.0 0.0 0.0 0.0 0.0 0.0 0.0 0.0 0.0 0.0 0.0 0.0 0.0 0.0 0.0 0.0 0.0 0.0
0.4166666666673 0.0833333333333 0.1742424242424 0.166666666667 0.0 0.0 0.166666666667 0.3787878787881 0.257575757576 0.0 0.5227272727275 0.1818181818182 0.090909090909 0.0 0.1742424242423 0.0 0.25 0.0 0.136363636364
0.0147058823529 0.0 0.0294117647058 0.0 0.0 0.0294117647058 0.0882352941177 0.0588235294117 0.1470588235295 0.0 0.1323529411765 0.0441176470588 0.0441176470588 0.0147058823529 0.1617647058822 0.13235294117660001 0.0147058823529 0.0147058823529 0.0735294117647
0.0178571428571 0.2941537528497 0.1168909592822 0.0434782608695 0.0613354037266 0.5732757178414001 0.2178106112888 1.0325459564592 0.5840903862641 0.094466403162 0.2259698433612 0.26878672856929997 0.41709067904749997 0.0 0.48050118158770005 0.42420530355299996 0.0912698412697 0.0185185185185 1.0377533094921998
0.0 0.0 0.0714285714285 0.0 0.0 0.0 0.0 0.0 0.642857142858 0.0 0.0 0.0714285714285 0.0 0.0 0.0714285714285 0.0 0.0714285714285 0.0 0.0714285714285
0.1312417528996 0.67465783706342 0.23509011042426003 0.10156601833026 0.0 0.31845576690230004 0.92000361744786 1.42056534209502 0.9008822473353799 0.1415061040177 0.47827235818896 0.7632333072962001 0.4204447455902 0.0 1.07885194633546 0.5526785669534 0.5958234320401999 0.0 1.2667268470827198
0.2003105590068 0.26177495667719997 0.175626472478 0.09643392589409999 0.0172413793103 0.14263322884000001 0.3222317412726 0.37047060885140004 0.5148805467401 0.0 0.38075118284990006 0.2525604081074 0.4664177651434 0.0454545454545 0.5663418290857 0.9207636441529 0.43536673221789995 0.0 0.830740473918
0.07881773399 0.07881773399 0.039408866995 0.15763546798 0.0 0.039408866995 0.0788177339901 0.3546798029552 0.1379310344825 0.0 0.118226600985 0.216748768473 0.1970443349751 0.0 0.25615763546770004 0.23645320197050002 0.11822660098509999 0.0197044334975 1.8719211822675
0.0 0.0 0.0 0.0 0.0 0.0 0.0 0.0 0.0 0.0 0.0 0.0 0.0 0.0 0.0 0.0 0.0 0.0 0.0
0.14942178940954 0.02556299452224 0.060559951308639996 0.0 0.0 0.2096774193549 0.09007912355454001 0.64942178940974 0.5398660986002 0.0 0.24071819841793998 0.2732805842967 0.18015824710897999 0.0 0.20054777845428 0.19111381619004 0.0 0.0 1.1895922093727003
0.10000000000010001 0.1 0.02 0.0 0.0 0.0 0.06 0.06 0.06 0.06 0.04 0.02 0.13999999999999999 0.0 0.08 0.13999999999999999 0.06 0.0 0.06
0.48909923246182 0.18996473863732 0.032967032967 0.00884955752212 0.08292363159621999 0.1809783137216 0.4674129541392401 0.49396162670466 0.75870998879742 0.032967032967 0.19381503452285997 0.36922140461951997 0.2179325099677 0.00884955752212 0.91226439899124 0.7201710122057201 0.26788910859704 0.21479176346422 0.35723110059375995
0.342857142857 0.23125000000019996 0.0857142857142 0.0285714285714 0.0 0.0 0.2857142857144 0.8187500000006 0.2053571428574 0.0571428571428 0.1169642857142 0.2598214285716 0.27053571428559997 0.0 0.26517857142879997 0.33303571428559997 0.09107142857139999 0.0285714285714 0.5794642857143999
0.0 0.095238095238 0.0 0.047619047619 0.0 0.0 0.0238095238095 0.1904761904762 0.119047619048 0.0 0.0 0.07142857142850001 0.0714285714285 0.0 0.095238095238 0.07142857142850001 0.047619047619 0.0 0.166666666667
0.0 0.0 0.0 0.0 0.0 0.0 0.0 0.0 0.0 0.0 0.0 0.0 0.0 0.0 0.0 0.0 0.0 0.0 0.0
0.0 0.07049689440990001 0.1057453416147 0.0526397515527 0.0 0.0874223602483 0.3153726708072 1.0062111801239 0.22795031055870002 0.0173913043478 0.509937888198 0.4760869565226 0.2989130434781 0.0 0.4023291925458 0.4357142857138 0.0347826086956 0.0173913043478 1.9416149068399
0.18169848584632 0.09595128373932 0.05266622778134 0.0747202106649 0.05348913759052 0.0730743910467 0.13759052007911998 0.25576036866363994 0.1385780118499 0.04246214614874 0.09183673469372 0.12228439763006001 0.1283739302173 0.0102040816326 0.1793943383807 0.06632653061214001 0.01020408163264 0.02123107307442 0.26415404871654
0.3781916869852 0.7334458231766001 0.28015927982738 0.07518608488778 0.0192307692308 0.52775274629586 0.98675142774828 2.2325391167693796 0.79341627884578 0.0281690140845 1.3061750587921999 1.4937631806503 0.9534997979287401 0.0349213516971 1.70741265388656 0.9297992812545801 0.18911722961628 0.11792148991768 3.21254772840626
0.0502092050208 0.14343676096081 0.0417119565217 0.0 0.0 0.13088445970511 0.0980665590321 0.5737572766962201 0.45489244133111 0.0 0.42554404675301005 0.39494212752380997 0.28066502182992 0.0 0.36899104056739995 0.2335916181553 0.07936886028731 0.0376569037656 1.686281721847
0.125 0.0 0.0 0.0 0.25 0.0 0.0 0.0 0.0 0.125 0.25 0.0 0.0 0.0 0.0 0.0 0.0 0.0 0.25
0.0537634408602 0.1242424242424 0.06515804597699999 0.0 0.0 0.43396914079610005 0.15551075268820003 1.0184784440622 0.5797988927091999 0.0 0.681205337581 0.9137808844857 0.5249283715913999 0.033908045977 0.6318952876931 0.7328540550100001 0.0333333333333 0.030303030303 0.9868705126896
0.0674329501916 0.135632183908 0.1233716475095 0.0229885057471 0.0 0.1685823754789 0.1011494252873 0.3954022988507 0.3793103448275 0.0344827586207 0.19003831417599998 0.2704980842911 0.1593869731801 0.0229885057471 0.1578544061302 0.49118773946379995 0.0 0.0229885057471 0.2567049808433
0.07692307692309999 0.010989010989 0.010989010989 0.0 0.010989010989 0.032967032967 0.1064306064306 0.23260073260070002 0.1874236874236 0.032967032967 0.1770451770451 0.1064306064306 0.15099715099709998 0.0 0.2018722018725 0.065934065934 0.288766788767 0.0 0.3066748066751
0.0 0.0 0.0 0.0 0.0 0.0 0.0 0.0 0.0 0.0 0.0 0.0 0.0 0.0 0.0 0.0 0.0 0.0 0.0
0.20578231292500002 0.36677508998939995 0.15333079618772 0.1253092145948 0.0635792778649 0.22223015080142 0.3405215815929 0.7528661814375299 0.621385558886 0.122448979592 0.57127594627571 0.44343949701069996 0.62285730142822 0.0277777777778 0.8066308691309101 0.5009880992021101 0.53178468357081 0.0277777777778 1.49323890395282
0.1361861238055 0.20953658050020002 0.08159912376780001 0.1301108201853 0.0240963855422 0.2466272491314 0.35348647297889996 0.7956113564827 1.2832745616898 0.0 0.3576179511406 0.5985363639303 0.4587510938997 0.027027027027 0.9251147466436 0.9016334809553 0.196861836791 0.035841170323899996 1.2380876552051001
0.1333333333333 0.1138888888889 0.09444444444450001 0.0 0.0 0.0 0.0472222222222 0.43333333333400004 0.3111111111118 0.0333333333333 0.1138888888889 0.1222222222223 0.1166666666668 0.0 0.2861111111108 0.1111111111112 0.3972222222226 0.0138888888889 0.6722222222226
0.535714285715 0.428571428572 0.107142857143 0.214285714286 0.107142857143 0.107142857143 0.214285714286 0.214285714286 0.0 0.0 0.107142857143 0.0 0.214285714286 0.0 0.428571428571 0.0 0.107142857143 0.214285714286 0.0
0.0642601126472 0.09038563672267 0.275824859403 0.0320020481311 0.0320020481311 0.32139959677437 0.62571760285417 1.5947688516973697 0.56656596510851 0.1833949124326 0.86383445125664 0.26681266358957 0.5762924924449 0.015873015873 0.4499452532076 0.8416447759607001 0.0822447347374 0.0330578512396 3.0839731277924
0.34512195122 0.7520325203245001 0.1654471544715 0.0666666666667 0.0833333333334 0.0975609756097 0.3939024390241 0.6105691056907001 0.3117886178861 0.0666666666667 0.3260162601625 0.426016260163 0.5056910569114 0.0 0.5260162601619001 0.7186991869926 0.17967479674780001 0.1308943089431 0.2939024390243
0.21823956442886 0.26860254083505997 0.10344827586189999 0.07803992740459999 0.0344827586206 0.11343012704161999 0.38157894736872 0.50362976406564 0.372504537205 0.08620689655159999 0.16515426497251998 0.19918330308551999 0.45099818511796 0.0263157894737 0.59482758620646 0.6333938294020199 0.1656079854809 0.0344827586206 0.56987295825792
0.0434782608696 0.0 0.29296066252590003 0.0434782608696 0.0 0.09109730848860001 0.047619047619 0.047619047619 0.047619047619 0.0 0.1387163561076 0.0238095238095 0.0238095238095 0.0 0.40372670807509997 0.1149068322981 0.22153209109759997 0.0238095238095 0.4358178053825
0.0 0.090909090909 0.0454545454544 0.0 0.0 0.0 0.136363636364 0.1136363636362 0.13636363636350002 0.0 0.0909090909089 0.0227272727272 0.0 0.0 0.0454545454544 0.0227272727272 0.0454545454544 0.0 0.2500000000001
0.0625 0.0487804878048 0.0243902439024 0.0 0.11128048780479999 0.0 0.16006097560979998 0.3231707317072 0.0 0.1493902439024 0.1737804878048 0.27439024390239997 0.0 0.0 0.0487804878048 0.0625 0.0 0.0 0.560975609756
0.2039156652213 0.15250919012860004 0.10110271503580001 0.0733944954128 0.0366972477063 0.4299288138461 0.3767573720638 1.2568255002796 1.0584111081927001 0.0550458715595 1.2505158071227 0.6262498499900999 0.6190805201395 0.0366972477063 0.8193020573535 1.1792146676499 0.0514064750928 0.2317333479286 6.4412120475757
0.2288135593222 0.050847457627 0.0762711864405 0.0762711864406 0.0254237288135 0.33050847457550003 0.228813559323 0.8135593220351 0.381355932203 0.0254237288135 0.48305084745710003 0.1779661016947 0.45762711864469996 0.0254237288135 0.8644067796607 0.7118644067800001 0.050847457627 0.0762711864406 0.9152542372876
0.23768401471099998 0.6223761997917499 0.4095427201592399 0.11060068399779999 0.0 0.6979652171377699 1.04768125896534 3.28320723434128 1.23027439706568 0.14386973180074 1.49930282631122 1.35102336650394 0.9667146848557301 0.0 1.51953995467814 0.9589948877170101 0.5591659415323 0.13045977011528 8.23159711031766
0.22537994055 0.34085071980739 0.24310178882508002 0.19513543394118998 0.0 0.09277499143949999 0.423492383461 1.26276229131809 1.0100594730382801 0.0485829959514 0.84886246793429 1.59523951515999 0.97898154434228 0.0617283950617 1.12767282987498 2.16343340410259 0.66053294867609 0.0762527233115 4.6451561532076004
0.0 0.0833333333333 0.285714285714 0.285714285714 0.6547619047613 0.0 0.45238095238099996 0.285714285714 0.0 0.0833333333333 0.0833333333333 0.0 0.0 0.0 0.0 0.285714285714 0.166666666667 0.0833333333333 0.25
0.0699653433071 0.0664996740213 0.12370432527575 0.055581835383199996 0.0198675496689 0.40480383495155003 0.6631037174767 1.0405633134021999 0.6280912301135 0.0254237288135 1.19006990829005 0.5550430737619 0.7781254211846 0.02504889681915 0.774738683278 0.72236028861505 0.088671802411 0.0 2.768337373224
0.22128386238210002 0.37449863666389 0.13795285556078002 0.0204081632653 0.0 0.13874386964080002 0.16246033297040002 0.65019961473058 0.26893082814529 0.0204081632653 0.35557013503149 0.3273216263253 0.03716370269039 0.0 0.40574834585009 0.43514615148459 0.11639539536739 0.0408163265306 0.2869519900987
0.07416017172714001 0.11441876561039001 0.12280200214648002 0.0551493083766 0.05621758799514 0.12971321958413 0.22592860080444 0.5511495290545301 0.5431700319978401 0.11934639342779998 0.2905118714454 0.33212462259169995 0.34302057315945 0.022727272727250003 0.3170984923714 0.8176050474954999 0.06498701012093 0.02112986869684 0.7987396306665999
0.0 0.0 0.0 0.0 0.0 0.04 0.04 0.04 0.16 0.0 0.04 0.08 0.04 0.08 0.04 0.08 0.04 0.0 1.32
0.48950283177125997 0.55108798227367 0.33900829463627 0.10186606301371 0.0718125960061 0.27226117291136 0.59672297362826 1.36822282722437 1.0696627039295998 0.15658224951851 0.8849071095143399 1.8052963087028 0.56475023301017 0.0 0.9783977215988698 0.6869444101200199 0.5027726759151699 0.11592977716071 2.44427206906952
0.0865887062789 0.23559237854441 0.06601047498632 0.17874751670571 0.09831135994212001 0.11735295888251 0.32655469267360004 1.04340346758232 0.90023026909841 0.034365781710900004 0.56516615495753 0.53929173439261 0.47977996508333004 0.0265486725663 0.4451282282824 0.6657365601107099 0.3075793149117 0.03436578171092 0.8492459815783201
0.3534462440917 0.2425464496625 0.24735508622160002 0.4984582247651 0.0 0.0644959606144 0.3873227449498 0.8784910897834001 1.2604028910747 0.0606366124154 0.22771136396359998 0.6182911500136 0.3484641168998 0.0 0.7207782855222 0.9157981223733 1.099370850955 0.5683553088127999 0.5080754978853
0.40909090909080004 0.2045454545454 0.0681818181818 0.136363636364 0.0681818181818 0.0 0.272727272728 0.5454545454544 0.0681818181818 0.136363636364 0.0 0.477272727275 0.0681818181818 0.0 0.136363636364 0.0 0.0681818181818 0.136363636364 0.204545454545
0.1426455026454 0.07749999999986 0.43136243386256 0.00892857142856 0.0914285714285 0.45214285714341995 0.502010582012 1.9125132275142003 1.2945899470901998 0.114285714286 1.88207671957616 0.46607142857276 0.80892857142796 0.0 0.32392857142866 0.55750000000036 0.3420105820102 0.0228571428571 5.5692195767141
0.1224489795919 0.108843537415 0.095238095238 0.0544217687075 0.10884353741490001 0.0272108843538 0.2993197278914 0.3401360544222001 0.0408163265306 0.0272108843538 0.0816326530612 0.1768707482997 0.0952380952381 0.0 0.0816326530612 0.1768707482993 0.0 0.0952380952381 0.0680272108844
0.40145224352950004 0.1996479409622 0.1430764543592 0.0867266972461 0.261762664816 0.1952438178092 0.8321338501395001 1.2496030872863002 0.826346879707 0.30534351145079996 0.5938829742218 0.7066738883907 0.7030568202988 0.0625581828337 0.6296728220569001 0.5387637311489 0.1692710008292 0.39387451126420003 0.7009089216505999
0.0 0.0 0.0 0.0 0.0 0.0 0.0 0.0 0.0 0.0 0.0 0.0 0.0 0.0 0.0 0.0 0.0 0.0 0.0
0.30434782608699995 0.11089399120650001 0.0666829506595 0.0434782608696 0.0224719101123 0.157303370787 0.33634587200750005 0.08842208109420001 0.0898876404494 0.0 0.0674157303369 0.5820713238886 0.458720078163 0.0 0.17757694186599998 0.0224719101123 0.134831460674 0.0 0.337078651685
0.0 0.0434782608696 0.0434782608696 0.0434782608696 0.1304347826087 0.0 0.1304347826087 0.1304347826087 0.0 0.0 0.0434782608696 0.0 0.0 0.0 0.0434782608696 0.1739130434783 0.130434782609 0.0434782608696 0.0434782608696
0.1588561082116 0.2739658553144 0.0701384056466 0.0940055343983 0.0 0.4591324854792 0.48488848252840006 1.6095402268976002 1.707295657431 0.07791974351360001 1.5679865520559 0.8856046819940001 0.5290672988206 0.040476034787100004 1.4965138030147 1.2611037044370002 0.166906856092 0.1183957783008 4.9982027910788
0.469186893629 0.22203801064259998 0.15403046080160002 0.0217647752742 0.14007696501480002 0.24141795446429998 0.4301225254977 0.5997835159683 0.495424822014 0.0102040816326 0.5270732570487 0.9897146172966 0.5372773386808001 0.0 0.4828279382371001 0.29922142267300006 0.0999764067476 0.0754984074554 1.2043606069200998
0.24871521756776 0.4920745557636199 0.5159982325806901 0.26913363462986 0.18595157130402 0.91224760572198 1.0272317219084002 3.8409804205564506 2.08439508713822 0.05729728173129 2.53657559340786 1.81152289392639 1.5755828455730998 0.15975324643003 2.29228300485456 2.19391822337848 0.63996178783293 0.17905272438249997 7.97732435131163
0.2222979150605 0.48429907394729 0.1785606048325 0.2884239064328 0.1206504006738 0.55764618138559 0.5534838794511999 3.40890149638697 2.21290396396639 0.0165289256198 1.77207859815367 1.338262718917 1.4310637868991 0.2141508468317 1.8349262101364 2.1433283416065 0.25589483351579 0.0208333333333 6.94576498285109
0.529702970297 0.108910891089 0.049504950495 0.0 0.0792079207921 0.009900990099 0.04950495049499999 0.1881188118812 0.039603960396 0.509900990099 0.029702970296999996 0.0990099009902 0.0594059405941 0.0 0.039603960396 0.019801980198 0.019801980198 0.039603960396 0.1287128712874
0.47211028486029993 0.409113737488 0.2638267806983 0.2715297815861 0.1187748421788 1.2500766841291 0.5875698642252 2.4927976343819997 1.7465081101159001 0.0212765957446 1.4898478458359998 2.3361703155682 1.2095319264624 0.15937546406279998 1.8374840406494 1.5305621858953 0.4990231474614 0.056990881458899995 2.2474298772014003
0.4331578244998 0.5183931907666001 0.1730730014784 0.0437396351575 0.0551672019648 0.2913439133447 0.3534999805075 0.7040846850744 0.6898036940065 0.0 0.4836786531482 0.31629525668799996 0.1922428994268 0.164556962026 0.7973184109587 1.3295270183145 0.0901280217357 0.0678254298129 0.29616422108880003
0.16233323858162002 0.3238670250737 0.24668326733865 0.26564540670050996 0.12488615167295 0.52148619568681 0.80360158584361 1.85974394553668 1.9029109821701296 0.15291775124888 1.1943954736081401 0.7711896672585401 1.06856991101587 0.0601503759398 1.31759335189271 2.2464833375931 0.39409948096910996 0.1299132331325 5.453529618739131
0.0 0.0 0.0 0.0 0.0 0.0 0.0 0.0 0.0 0.0 0.0 0.0 0.0 0.0 0.0 0.0 0.0 0.0 0.0
0.5781060620629 0.78039784458875 0.25184753233695 0.11977494776019999 0.16225526739125 0.5582795625254999 0.8274485253968 1.8077024987370502 1.500728827188 0.1345280026945 1.1762949370206002 1.0683829659506001 0.74127730187565 0.0 1.0588339929896 1.205684035228 0.4733944065153 0.2001051579998 2.3549581317441497
0.22615131579 0.5922784119919 0.1062185661966 0.3273256791234 0.11334692977810001 0.7468836284942 0.9995600476716 1.8456978954075998 1.6084114094761 0.0868625740255 1.0145785646015 1.0280437604680002 0.6447803758762 0.038494703128800004 0.9699079026617001 1.5362542885476 0.7341791079499 0.0848417339645 1.2961831048498
0.13798412429833 0.15483964318697 0.11593006609767001 0.42176831608304 0.0401337792641 0.08326777480976 0.23482142162019998 0.6314959667029499 0.48823544937765995 0.00584795321637 0.25987569610226 0.18360222297016 0.34262735775707 0.01588139803237 0.56925002378417 0.82048870484974 0.23223971652105999 0.0686105789525 0.19309980637187
0.2 0.08 0.24 0.0 0.12 0.0 0.0 0.12 0.0 0.08 0.12 0.24000000000000002 0.32 0.0 0.12 0.08 0.04 0.08 0.16
0.061606160616 0.3003682976995 0.202209786196 0.030803080308 0.015401540154 0.9528100636158 0.864624288516 3.1717176065441 1.6366193141065999 0.18135552685689998 2.4122734012534996 1.3132108863055998 1.4306500215251 0.1411441144123 1.2316114220122998 1.6565887023494001 0.3652413067401 0.0820682068206 6.9496962739681996
0.0917905623788 0.5439560439566 0.1580478345183 0.3455074337426 0.0882352941176 0.3051066580477 0.4078862314158 0.7275371687131 0.2899159663866 0.0917905623788 0.46315449256630004 0.3965740142213 0.1506140917906 0.147058823529 0.6725921137705 0.3193277310927 0.1467356173241 0.24628312863559998 0.4078862314153
0.3546567855616 0.34739711264559997 0.19928690893560003 0.3103184766858 0.0449142401276 0.19928690893560003 0.6109363956357 0.9794071337087001 0.9375915856667 0.08055689682919999 0.6614874841670999 0.7694700452763001 0.48409436035229997 0.0438596491228 1.2107915380801 0.5272808067232 0.498703279939 0.1376545672119 0.6023058243937
0.0119047619048 0.0357142857143 0.0357142857143 0.0 0.0 0.0238095238095 0.0714285714286 0.2023809523811 0.107142857143 0.0 0.08333333333340001 0.0357142857144 0.0238095238096 0.0119047619048 0.08333333333340001 0.1190476190477 0.0357142857143 0.0 0.1190476190476
0.0461538461538 0.0923076923076 0.0461538461538 0.0923076923076 0.0 0.36923076923 0.276923076923 0.27692307692359996 0.4153846153856 0.0 0.1384615384614 0.27692307692359996 0.0 0.0461538461538 0.1846153846148 0.2769230769228 0.1846153846148 0.0 0.2769230769228
0.153846153846 0.0571428571428 0.0857142857142 0.0 0.1340659340659 0.0 0.4307692307691 0.296703296703 0.0285714285714 0.571428571429 0.1142857142856 0.1340659340659 0.4681318681316 0.0 0.2 0.0857142857142 0.0769230769231 0.0769230769231 0.0857142857142
0.1317344026642 0.2036330338502 0.2771122544126 0.0616321298868 0.0718986311858 0.4462852385764 0.44215844784430003 1.3614016381655 0.9128530038415001 0.0903847994639 1.2979723574758 0.8544498816809001 0.6053743683817999 0.0264900662251 0.9470972844952001 0.9820574936109999 0.1842143756848 0.0506836146122 2.0525669779403
0.39365384615379995 0.6028846153848999 0.12730769230760003 0.2136538461538 0.2473076923076 0.20192307692300002 0.3050961538466 1.076250000001 0.6730769230777001 0.0768269230769 0.8076923076923 0.7133653846154 1.0886538461534 0.0168269230769 1.2349999999999 0.6511538461549 0.370192307692 0.3073076923077 0.891826923078
0.87121797934394 1.0357858280216399 0.64937925635216 0.57740183882908 0.15284136283968003 0.6874322619016799 1.32460361937002 3.7989782844316498 2.08097015428306 0.1481597354524 2.56078990434355 2.02210039501409 2.4312807436118797 0.2086388033158 3.1151738414604395 2.0604667776482897 0.83654217772034 0.26700537630272997 4.17123165976487
0.35767936827992 0.5098377601709799 0.14891948198848 0.35478350376148005 0.07489226765428 0.47068136042768 0.51666269198748 1.93297371702724 1.3916090860921 0.0662558385995 1.08434534325696 1.3251060216027999 1.18026420013412 0.10679036437587999 1.54671474792284 1.23651954621052 0.5515469302041001 0.11531970012147999 3.0290980701747
0.0666666666667 0.5666666666667 0.0133333333333 0.0 0.5133333333333 0.0133333333333 0.1333333333333 0.0533333333332 0.0266666666667 0.0266666666667 0.08 0.053333333333299995 0.053333333333299995 0.0 0.0933333333333 0.0266666666666 0.0133333333333 0.08 0.186666666667
0.037500000000000006 0.1875877192982 0.08 0.0 0.0901315789473 0.255499325236 0.1167746288799 0.9462955465591002 0.4547739541161 0.025 0.4896693657222 0.5333502024292 0.5091363022944 0.0125 0.5973785425103 0.6684885290153999 0.08 0.04 0.8759143049928
0.09843729040909 0.41613011401759004 0.20382293762569 0.07177062374238999 0.00938967136149 0.10028169014068 0.3004158283031 0.8203822937624702 0.7311804158285999 0.0 0.5379409792082901 0.46723004694869996 0.47987927565377997 0.0938967136149 0.43233400402419003 0.6101408450710801 0.2138095238096 0.0266666666666 0.38629107981209
0.14088932734214998 0.36127936904121 0.14897472579851 0.32565671635495 0.0171673819742 0.307315535141 0.39181111023405 1.12718973495608 1.09985020863269 0.08239757330151 0.65977492970182 0.79425973126889 0.7496013312187499 0.06870650622315 1.2744855830272899 1.57012168388036 0.24062586728817997 0.03821332061671 1.60167936399709
0.0 0.0 0.0714285714284 0.0 0.0 0.0 0.0357142857142 0.0357142857142 0.3214285714295 0.0 0.0714285714284 0.1071428571427 0.0714285714284 0.107142857143 0.0714285714284 0.1071428571427 0.0 0.0 0.0
0.06553575727206 0.15023212627672 0.06320123014636 0.05085555113406 0.023487740293620003 0.1268898026558 0.20752040009246 0.57938227390398 0.4683438711297999 0.0 0.51966809627004 0.4521181215702 0.46575093464659995 0.0111420612813 0.5418176101555601 0.5749097286704999 0.0831508255835 0.1171075837742 1.49888628514346
0.22397200452250002 0.4576579067073 0.2464514717306 0.5356091497871001 0.042936004907 0.305370009715 0.8334813564462 1.8284189274776002 1.3252342219761999 0.07643266730770001 0.9847230357978 0.8249837035284001 0.8849045404722 0.074969713913 1.1535129191340001 1.4906620931435 0.5768019485014 0.0359935018784 1.0978848230594
0.1215440792905 0.2984412561877 0.24060175609460002 0.24658940433569998 0.0841130700285 0.08596765779860001 0.5703937168729 1.0481776960652 0.8889647650213 0.0561410420565 0.233629177291 0.3033214047298 0.38826327558720003 0.0281690140845 0.5503456376695 0.8198299353224001 0.7867734769143999 0.021393421393400003 0.22734021325569997
0.42 0.3 0.24 0.06 0.36 0.0 0.06 0.12 0.06 0.12 0.06 0.42 0.18 0.0 0.18 0.06 0.0 0.18 0.18
0.08545251396639 0.33809233224838997 0.45330799926299004 0.06070427896119 0.0834305359444 0.35324059180989 0.7229187795448 2.51536632083239 1.3234580391685 0.0834305359444 1.73400368346719 1.1479600957708 1.0920480078590802 0.0620893854748 1.25922745411117 1.72417312296789 0.44807035422720004 0.05408938547479 2.4589365829687804
0.3916666666662 0.3249999999998 0.15 0.2249999999999 0.2083333333331 0.1249999999999 0.49166666666649994 0.8749999999993999 0.24166666666640002 0.1166666666666 0.43333333333449997 0.4833333333327 0.30833333333310003 0.0 0.6083333333326 0.2500000000001 0.2249999999999 0.1833333333332 0.3583333333327
0.3116037219485 0.4008721036312 0.117234081372 0.15427111840889998 0.1653895274584 0.26824667031599997 0.3174165298304 0.8570552818822 0.6690348476551999 0.259259259259 0.2261010764458 0.37149790184259995 0.47137748586030004 0.0 0.6437073526731 0.6296113847841001 0.2118080642218 0.0918226600986 0.8336909323115
0.030303030303 0.151515151515 0.147950089126 0.0 0.030303030303 0.18181818181800002 0.1800356506237 0.21212121212100002 0.29946524064140007 0.0 0.47415329768299996 0.2406417112297 0.060606060606 0.0 0.151515151515 0.3012477718357 0.147950089126 0.030303030303 0.36007130124700004
0.0 0.0172413793103 0.0 0.0 0.0 0.0 0.0689655172415 0.0689655172413 0.1724137931034 0.0 0.0 0.0862068965517 0.0 0.0 0.0689655172415 0.22413793103430002 0.0862068965518 0.0 0.2068965517243
0.054054054054 0.216216216216 0.054054054054 0.0 0.270270270271 0.0 0.16216216216200002 0.216216216216 0.0 0.162162162162 0.108108108108 0.324324324324 0.216216216216 0.0 0.054054054054 0.108108108108 0.054054054054 0.0 0.0
0.0079365079365 0.1627506265665 0.08166248955710001 0.0408312447786 0.0079365079365 0.2534983291557 0.1383667502089 0.8336466165412001 0.4559314954054 0.0243838763575 0.8614766081862 0.5064223057653 0.35897034252259996 0.0 0.4497180451133 0.6051065162917 0.0567042606515 0.0 1.1546574770256
0.2165013114378 0.43300262287610003 0.30168776371280004 0.139240506329 0.1971148363553 0.3481012658232 0.5258296270948 1.3882996920962003 1.2299578059063 0.1583418861898 0.9165241190557001 0.8004903637807 1.2916524119055 0.0 1.7249401300045 0.9050632911406999 0.6729957805910001 0.10046755616370001 0.6497890295367
0.34801098577046996 0.5219092510875699 0.47810011236621996 0.24312627365877998 0.24047386234379997 1.2666831000163499 0.8256600765534501 4.0678948028067 2.09975251771096 0.14678122676439997 2.00241925853702 1.3407564797016 1.30699390039973 0.3678289129433 2.27026939046652 1.56571747215493 0.63671392246585 0.07612051048992 3.19478794376516
0.08979278836728999 0.23807402346117001 0.13552483564669002 0.14047413526188998 0.02711192850789 0.27039368819006004 0.15896199568457997 0.7105881888990401 0.87937571810512 0.00961538461537 0.51488079672059 0.59593602194978 0.49878974785048 0.0627005776636 0.61092731944164 0.68322149799273 0.40868238989805 0.00961538461537 0.95533357713032
0.0 0.0 0.0 0.142857142857 0.142857142857 0.0 0.142857142857 0.0 0.0 0.0 0.0 0.0 0.0 0.0 0.571428571429 0.0 0.0 0.0 0.0
0.0726030688407 0.18934483959600001 0.2568965322958 0.0633842671194 0.1253828290462 0.3762900442931 0.41572120926589995 1.1497313050489002 1.06202748982 0.11020255679069998 1.4765170728263 0.9108314876078999 0.5430983348502 0.0215053763441 0.9882266570259002 1.0240703079215001 0.24832071812380002 0.0263157894737 0.939530113712
0.22858004827 0.24627916331439997 0.22590794161561997 0.1418084128259 0.05252269854036 0.2719371336628 0.2747672681299 1.3363406504989201 0.5103005401682 0.0 0.7821371106766999 0.45066659004672 0.41521089529922 0.0 0.73867946213044 0.69934490288482 0.12159521894023999 0.13871968739211998 0.36520227560022
0.1436413009796 0.2959980988761 0.16168294268670003 0.1789585176088 0.0732388076364 0.45285256425559994 0.47768851031189996 1.7093287750548 1.154225838569 0.1363392057331 0.9033821290031001 0.5348866268028 0.7712624528730999 0.0506269645093 0.9797315384242998 0.9075092626776999 0.18940790165180002 0.07313438717000001 1.8061041751742999
0.0909090909091 0.0 0.0 0.0 0.0 0.0909090909091 0.0 0.0 0.0909090909091 0.0 0.0 0.181818181818 0.0909090909091 0.181818181818 0.0 0.0 0.0 0.0 0.2727272727271
0.3738821019466 0.4283623503922 0.34354502493878 0.12622980651180002 0.0166666666667 0.39302971505509 0.49976137603879 1.4503199892471699 0.78633687855197 0.02989264018019 0.79130251309469 0.7495338573609001 0.7950210606472701 0.0247022121384 1.0038024986864802 0.6789736920089999 0.21736907161289998 0.1644144707115 1.12685407421019
0.04110184219669 0.1610388681019 0.04850845447662 0.13739035760286 0.00735294117646 0.0660154572777 0.13827976446068999 0.34241397288836 0.19335909546344 0.0 0.27127931464545 0.24666216851699 0.24165286552605 0.0119047619047 0.30497454456249995 0.35000715614701 0.1033194299617 0.053167617411790005 0.28157138767926
0.19330231172317 0.2565373223266 0.19161102055824 0.09365196207300001 0.14324272218994 0.18164730006801 0.48887077834497 0.7156308603674102 0.9783374520208701 0.0 0.30951066477358 0.34710464973599997 0.41038347617254 0.025641025641 0.64174860227437 0.68651962072994 1.00402229349497 0.03024606971977 0.30199186778114
0.220588235294 0.0588235294118 0.08823529411770001 0.0147058823529 0.0441176470588 0.0147058823529 0.0294117647058 0.0882352941176 0.0441176470588 0.0294117647058 0.0147058823529 0.10294117647050001 0.0 0.0 0.1176470588236 0.0294117647058 0.0 0.0882352941176 0.0147058823529
0.12519908700662 0.33285796403230006 0.33756101789301995 0.18873659527222 0.157515123313 0.4454925875721 0.52177521788802 2.1714551755916998 1.3853977970419002 0.1729176361096 2.1028023690202002 1.1668367604210599 1.69628941581686 0.219869706841 1.5000042499423 1.78607620315524 0.31618387797412 0.15232572713620002 2.2207034879817202
0.0714285714286 0.0 0.0 0.142857142857 0.0 0.0 0.0 0.0 0.142857142857 0.0 0.0 0.0714285714286 0.0 0.0 0.0714285714286 0.357142857143 0.0714285714286 0.0 0.0714285714286
0.3505364201022 0.4234508032464 0.3674438945538 0.2624561286964 0.0 0.1766233766232 0.48608407789999997 1.3548144949671 0.9985119739603 0.1783040488922 0.628219350982 0.8612393574029 0.4860840779004 0.0575569358178 1.2299941320407999 0.9521728058812 0.3756180733162 0.4192291936534 0.391660854065
0.0172413793103 0.25 0.3879310344827 0.0 0.0 0.0689655172413 0.0689655172413 0.1724137931034 0.551724137931 0.0 0.0344827586206 0.051724137931 0.1034482758621 0.0 0.10344827586220001 0.08620689655159999 0.0 0.0 0.103448275862
0.02 0.1599999999999 0.0 0.0 0.0 0.0 0.02 0.08 0.02 0.0 0.0 0.10000000000010001 0.02 0.0 0.08 0.36 0.02 0.0 0.11999999999989999
0.0 0.2 0.0 0.0 0.0 0.0 0.0 0.2 0.4 0.0 0.0 0.0 0.0 0.0 0.0 0.0 0.0 0.0 0.2
0.0847457627118 0.1345294659953 0.16842777108 0.033685554216 0.0508474576271 0.3018934827324 0.1855896744912 0.8745479044045 0.5389688674552999 0.0504219558896 1.1245301751649 0.6232891284313999 0.5054960641089999 0.0169491525424 0.7912913977742 0.7230692858663 0.0845330118431 0.0847457627119 0.6224381249561
0.2369638295011 0.5654094392911 0.1558693021379 0.498742772624 0.387871453543 0.2689794271888 0.6568508807314 1.4606561785662002 1.0092779346512 0.1081215543901 0.7789901842136999 0.5226233696388001 1.0520640043029998 0.0 1.1808928331323 0.8110192281841999 0.3135941912054 0.2234435928465 0.7686298238526998
0.6647070734811 0.9807529386826 0.621221137205 0.553633957818 0.16084663454480003 1.173663637037 1.3573283907667004 4.2200454757356995 1.9667087143168998 0.1228158140001 1.5537985944238 1.8115646178949003 1.9727024922754002 0.1599490215841 2.2262125292287998 1.8145635195143999 0.7221726983825001 0.2251781350784 1.6921346180278
0.1388034816869 0.31503412892733 0.084448187036 0.26762924578833003 0.0137614678899 0.48884221854689996 0.39924515822203005 0.67619020682826 1.0213358307312301 0.0275229357798 0.7836424547904601 0.6666292213724001 0.8922070415654 0.0371989678899 0.9346680147979601 1.01238460454753 0.351994561574 0.13881679542890002 0.7496454765986
0.0 0.0350877192982 0.0175438596491 0.0175438596491 0.5526315789473 0.0 0.10526315789480001 0.08771929824550001 0.140350877193 0.1842105263161 0.0350877192982 0.2543859649125 0.1578947368421 0.0 0.2543859649126 0.0350877192982 0.0 0.0701754385964 0.0526315789473
0.17591813849170002 0.1982312613093 0.040588814979 0.1679282310062 0.020202020202 0.563836429901 0.36095607037620003 1.1324302741450998 0.924531267255 0.0656565656565 1.0107594022635 0.9693975074544 0.8340809270153999 0.0534763106251 0.9598848026087 0.7693376150055 0.0865658264732 0.0 0.6662185352264
0.1934837771567 0.1439196969134 0.11185603387428 0.14733220666379 0.01834862385318 0.2319421113838 0.24388605899038002 1.87449261927428 0.6933412868102 0.09665991902830001 0.84049137524668 0.5523683739696 0.49103429027899004 0.0 0.8492760130220901 0.7378957098842001 0.33564918837380003 0.0479058561897 0.39011685908608
0.44256897461629996 0.4931728625299 0.2755980812633 0.3570123611193 0.209524084842 0.6037537483969 0.4221473522101 1.4036601552197001 1.1699096943155 0.0744574802545 0.6907057154002 1.2347040723482 1.056202926937 0.1240955369148 1.4413279935551 1.3716803744255999 0.3610120046814 0.1161622835998 1.1523042973736
0.0909090909091 0.0 0.0909090909091 0.0 0.0 0.0 0.0 0.0909090909091 0.0 0.0 0.0 0.0909090909091 0.0909090909091 0.272727272727 0.0909090909091 0.181818181818 0.0 0.0 0.0
0.4213811098717 0.8573664795156999 0.19203859295110004 0.5412509596464 0.16841755073950002 0.4708429012639 0.5706789150556 1.6013803752881999 1.4202123708618 0.068951930654 1.4131381907287 0.9572052327869 1.2097914306113 0.0610493230173 2.051078119033 1.1894409462339 0.6838779277882001 0.1089241571836 1.0129734867705
0.09954264191540001 0.4840550061961 0.19817684473980002 0.3625100482469 0.059351276742600004 0.40490835060950003 0.29352415186770003 1.240984894363 0.6481796879549999 0.015873015873 0.7798367056422 0.7599907164097 0.4855172642223 0.0895357406043 1.0961941335729999 0.8755740717763001 0.2991718426498 0.0932495818272 0.7138240247856
0.0172413793103 0.0172413793103 0.034482758620670004 0.0172413793103 0.01724137931034 0.034482758620670004 0.0258620689655 0.17241379310368002 0.11206896551739999 0.00862068965517 0.02586206896551 0.09482758620694 0.04310344827581 0.0172413793103 0.08620689655174 0.08620689655161 0.11206896551717001 0.0172413793103 0.060344827586170005
0.0 0.0 0.0 0.0 0.0 0.0 0.0 0.0 0.0 0.0 0.0 0.0 0.0 0.0 0.0 0.0 0.0 0.0 0.0
0.15233025123749 0.41411991707439 0.22448098101410002 0.24951900625769002 0.00775193798449 0.3999034727287 0.4171895599878899 1.81945688445737 1.1198118096612 0.032078461604280004 1.6608747895772897 1.13954537581528 1.3067673838960001 0.0692937495839 1.27656047118838 1.01065559939829 0.43445050062009005 0.00775193798449 2.2574579099337
0.375 0.125 0.0 0.03125 0.03125 0.1562499999999 0.5312499999999 0.28124999999989997 0.40625 0.125 0.0625 0.31249999999989997 0.2187499999999 0.03125 0.375000000001 0.15625 0.2187499999999 0.28124999999989997 0.28125
0.16234520123850002 0.2404411764708 0.1044117647059 0.1044117647059 0.0682275541796 0.1138157894737 0.16954334365329998 0.5987616099076 0.4154024767799 0.0901315789474 0.1351393188853 0.15394736842099999 0.2662925696593 0.0294117647059 0.49953560371569994 0.2820433436535 0.1882352941176 0.0263157894737 0.3515866873064
0.0918367346939 0.0204081632653 0.0816326530612 0.0408163265306 0.0204081632653 0.0 0.0204081632653 0.204081632653 0.0204081632653 0.0 0.1632653061223 0.8979591836741999 0.1224489795918 0.0 0.1020408163265 0.0204081632653 0.1122448979592 0.0408163265306 0.0408163265306
0.20724637681129998 0.1101449275361 0.0 0.0333333333333 0.0666666666666 0.0333333333333 0.0 0.1434782608694 0.086956521739 0.0 0.0333333333333 0.18695652173900001 0.173913043478 0.0 0.31739130434740004 0.2666666666673 0.20724637681179997 0.0 0.1333333333332
0.0 0.0 0.0 0.0 0.0 0.0 0.0 0.0 0.0 0.0 0.0 0.0 0.0 0.0 0.0 0.0 0.0 0.0 0.0
0.1525813295614 0.10767792004757999 0.09592979974679999 0.0733734087694 0.0 0.1736628080101 0.29892336038089995 0.60691952653974 0.55757742127636 0.0 0.77635301124076 0.50360120598508 0.55610250874806 0.0 0.5540925333139999 0.6302203528624 0.18105132881698 0.0803571428571 0.6515763418452
0.227610563492 0.24880080122287995 0.10800695798848998 0.0713720942491 0.0192926045016 0.08101839649989 0.37615307574690005 0.38774972326215995 0.3067313267621 0.09836065573769999 0.39739602551307995 0.45717147224769994 0.42438458700109993 0.0192926045016 0.65589584102039 0.47071846502610004 0.17748141900778996 0.20636761372619 0.26619577249479
0.4470188744722 0.6488377325622 0.3487309505549 0.2757822857615 0.08244515975200001 1.2222538932041 0.7980219325514 3.4689050823514 2.1994308564799 0.08335437179140001 2.032381601448 1.3785586745404 2.1150679481777 0.1671441162406 1.583894963358 1.8229950456170003 0.665382446997 0.11624589930100002 2.5435481648344
0.0338983050848 0.0338983050848 0.0169491525424 0.0338983050847 0.0 0.2203389830507 0.0847457627119 0.5084745762709 0.1694915254237 0.0 0.20338983050889997 0.135593220339 0.3220338983049 0.0 0.3389830508478 0.18644067796609998 0.0677966101694 0.0169491525424 0.627118644067
0.0 0.0 0.0 0.0 0.0 0.0 0.0 0.0 0.0 0.0 0.0 0.0 0.0 0.0 0.0 0.0 0.0 0.0 0.0
0.15701308227799 0.3513426423202 0.1199999999999 0.17361302368979 0.0487804878049 0.3158775938895 0.42837149096999005 1.4308088482210901 1.9143478033057701 0.0487804878049 1.4520136657766 0.8390816207452901 1.44989380324398 0.0599550825114 1.12101185812049 1.1007982976127 0.18361302368988003 0.00999999999999 0.7946971880124
0.16337311570188 0.22388240907756 0.060509293375779996 0.0701711291246 0.00483091787439 0.06525833128629 0.28318609057018 0.7175818870234401 0.45360088317409003 0.0169491525423 0.40512794450239 0.19847703267037997 0.34211707705458994 0.02661098829108 0.66053413971012 0.82978849558388 0.18877849210990003 0.14159304528519 0.14762957504288
0.45096587550917 0.38610791223127006 0.13090957165514 0.28306091700817 0.23007518796980003 0.59882043360417 0.42155076234019995 1.24825602991147 1.2067881356697399 0.06150622457774001 0.90071152706504 1.0638885273560699 1.1513797770232101 0.0294117647059 1.2423821858528399 0.9288005842853 0.25731201353363997 0.33794019764927 1.0701323720559701
0.0 0.0 0.0 0.0 0.0 0.0 0.0 0.0 0.0 0.0 0.0 0.0 0.0 0.0 0.0 0.0 0.0 0.0 0.0
0.18431483664506004 0.36069602741913004 0.1090275273469 0.2898184877989 0.00840336134453 0.7172716905007299 0.46085047794800005 1.24534905920576 1.46916949253663 0.04031825496153 1.2095673465922299 0.37215354948293 1.2265008419532002 0.135593220339 1.6208103147496602 0.92157418322513 0.29334236399176 0.0 1.33523896395866
0.2719662152748 0.6566115591554 0.0600530856005 0.2409587410049 0.031914893617 0.6809092373228001 0.9727411385003 1.7693702568984002 0.7692195810145 0.0373258128733 0.8319455098688 1.4136055207926002 0.8567364644005999 0.3141029106963 1.5610131094728001 1.6264465677978 0.2816100993715 0.1588185176991 0.4646507786358
0.0204081632653 0.0408163265306 0.0816326530613 0.0 0.0204081632653 0.0 0.1428571428573 0.24489795918420004 0.3877551020411 0.0 0.0816326530612 0.2448979591839 0.061224489795900006 0.0 0.22448979591840001 0.0204081632653 0.38775510204130004 0.0 0.0408163265306
0.285714285714 0.25 0.2142857142863 0.1428571428573 0.142857142857 0.0 0.0714285714285 0.17857142857129998 0.0357142857143 0.107142857143 0.0357142857143 0.2857142857146 0.0357142857143 0.0 0.17857142857129998 0.0 0.0 0.0357142857143 0.0
0.3039222538556 0.2489566491 0.0955720296533 0.1089503742394 0.0348837209302 0.5480702473754 0.401615155341 1.5333748033294001 1.0681863012339 0.1395348837212 1.2748295769584002 1.1198047959188 1.1971898254075 0.15721243975619997 1.364019576323 1.2746416417772 0.34763038585719996 0.0852953921709 1.6963099470516
0.1907894736844 0.2565789473689 0.0798872180451 0.0667293233082 0.125 0.0573308270676 0.3063909774435 0.36466165413470003 0.11936090225549999 0.0535714285714 0.1635338345863 0.2133458646616 0.0845864661655 0.0178571428571 0.35996240601500007 0.14097744360890002 0.0310150375939 0.17857142857129998 0.18984962406010003
0.4137990449462 0.208585634815 0.15453158076089998 0.0491803278688 0.08108108108100001 0.0163934426229 0.2128439915323 0.44845665337429996 0.2592674641851 0.054054054054 0.3867720179191 0.2030965391619 0.1679220203808 0.0555555555555 0.4687392310345 0.4001624575392 0.1211293260472 0.2656426918719 0.0327868852459
0.0882352941176 0.1470588235294 0.6008403361349001 0.0588235294118 0.1176470588235 0.0294117647059 0.08823529411770001 0.0588235294118 0.0294117647059 0.0 0.6596638655467001 0.3739495798316 0.0294117647059 0.571428571429 0.0294117647059 0.0294117647059 0.0294117647059 0.0294117647059 0.0294117647059
0.0 0.0 0.0 0.0 0.0 0.0 0.0 0.0 0.0 0.0 0.0 0.0 0.0 0.0 0.0 0.0 0.0 0.0 0.0
0.176470588235 0.0 0.0588235294118 0.0 0.0588235294118 0.0 0.0588235294118 0.2352941176468 0.0588235294118 0.0 0.0 0.0 0.0588235294118 0.0 0.176470588235 0.0 0.0 0.0588235294118 0.0588235294118
0.0 0.0 0.0 0.0 0.0 0.0 0.0 0.0 0.0 0.0 0.0 0.0 0.0 0.0 0.0 0.0 0.0 0.0 0.0
0.2251683501683 0.4128787878781 0.0757575757575 0.094696969697 0.037037037037 0.2264309764304 0.2260101010103 1.1334175084168001 0.43350168350150003 0.0185185185185 0.2634680134679 0.5109427609435 0.4537037037035 0.132575757576 0.6233164983165 0.5862794612795 0.2272727272724 0.1115319865319 0.2074915824913
0.23080610158018 0.73194119932676 0.17393652750193 0.08031242517395 0.0704225352112 0.44948097101748 0.35805004321578 2.03967788005498 0.95028635100178 0.08476514651333 1.03874436086948 1.0575435138009999 1.2865707091186498 0.06935276819280001 1.24192277897451 1.06622177159671 0.6153381629843802 0.0575206966992 1.3971060571629899
0.32558068608807 0.40233250378177 0.10844556677886999 0.23564143854019998 0.0123456790123 0.37200507490337 0.1113794954374 1.5725430634851398 0.61918703947667 0.0 0.58643805201775 0.7407834382472699 0.8967025325734399 0.136363636364 1.19305982530727 1.20594227297144 0.4082369589617 0.037037037037 1.0359756990181
0.0666666666666 0.0333333333333 0.1 0.0 0.0 0.0333333333333 0.0666666666666 0.19999999999959997 0.133333333333 0.0 0.0 0.0333333333333 0.16666666666660002 0.0 0.1333333333332 0.0 0.0333333333333 0.0 0.0
0.312967032967 0.2599989964373 0.060364293241 0.34630036630030003 0.0 0.6292663957046001 0.3585337949719 1.4585644036332002 0.7525937076618 0.013698630137 0.5403602789902 1.0989347182492 1.0332836569832 0.065934065934 1.2863349892110998 0.6606779065682 0.388901098901 0.21369863013700002 0.5195870339709
0.037383177570119996 0.14324634866679997 0.1109859610793 0.031678601772 0.00934579439252 0.2040692640695 0.15681514746942002 0.52009548084342 0.2421305174576 0.0064935064935 0.34137557146914 0.22255370797423998 0.20145244163929998 0.0194805194805 0.24226969292381997 0.28975927499294 0.10929724481129999 0.02518509527854 0.08638265161639999
0.0269759450172 0.0372852233677 0.0429179740026 0.08020319737029999 0.0652173913043 0.24156581503039998 0.20428059166270002 0.7417301658446999 0.4137307634845 0.0 0.664881219184 0.3263484237261 0.7314208874944 0.0103092783505 0.2770730614072 0.5067832063349 0.070618556701 0.0326086956521 0.5260496040644
0.0 0.0 0.0 0.0 0.0 0.0 0.0 0.0 0.0 0.0 0.0 0.0 0.0 0.0 0.0 0.0 0.0 0.0 0.0
0.30861183396770003 0.8048508555646 0.1016746314759 0.2315899700002 0.1387116685129 0.8561926110685 0.6968153611985001 1.3465832956441002 1.1733583950773 0.0 1.1040041115788 0.8281101922122 0.9332660193137 0.1213388840171 1.4037956895613 1.2978702613553001 0.6003552493624 0.017094017094 1.0357769529965
0.130909090909 0.29962703962689996 0.13192982456139998 0.0288461538461 0.0814777327935 0.28340080971680004 0.7241559317884001 0.9816869095821998 0.7276009078646999 0.0 0.5607318120476 0.35225861857429996 0.8700975340452 0.4213286713293 0.9424861980121999 0.7845914611711 0.49026990553350003 0.0 0.18860139860129999
0.025 0.128409090909 0.037500000000000006 0.042803030303000006 0.0 0.042803030303000006 0.0928030303031 0.3852272727271 0.265909090909 0.0 0.242424242424 0.33181818181800005 0.267424242424 0.0 0.3905303030300001 0.554545454546 0.1125000000001 0.025 0.055303030303
0.2448979591836 0.1632653061224 0.12244897959180001 0.0 0.12244897959180001 0.0 0.2448979591842 0.2857142857148 0.0 0.12244897959180001 0.0 0.1632653061224 0.12244897959180001 0.0 0.1632653061224 0.0408163265306 0.0 0.1632653061224 0.0408163265306
0.14747303543919998 0.0967365967365 0.2136302398165 0.0653174509106 0.0113636363636 0.1251803563668 0.1195454545454 0.7395181936706001 0.3184115601912 0.04 0.3575101734424 0.2103929121726 0.26402315198930004 0.0338983050847 0.449197384536 0.2274530836394 0.16 0.0227272727273 0.3976211923667
0.0 0.0 0.0 0.0 0.0 0.0 0.0 0.0 0.0 0.0 0.0 0.0 0.0 0.0 0.0 0.0 0.0 0.0 0.0
0.0 0.0 0.0 0.0 0.0 0.0 0.0 0.0 0.0 0.0 0.0 0.0 0.0 0.0 0.0 0.0 0.0 0.0 0.0
0.0 0.0 0.0 0.0 0.0 0.0 0.0 0.0 0.0 0.0 0.0 0.0 0.0 0.0 0.0 0.0 0.0 0.0 0.0
0.3596491228073 0.1111111111112 0.0 0.2192982456139 0.0 0.0 0.0263157894737 0.0526315789474 0.2163742690059 0.0 0.0818713450293 0.078947368421 0.108187134503 0.0263157894737 0.2690058479537 0.1315789473687 0.1871345029239 0.0 0.131578947369
0.117647058824 0.0 0.0 0.0 0.0 0.0 0.0 0.705882352942 0.117647058824 0.117647058824 0.117647058824 0.0 0.117647058824 0.0 0.0 0.352941176472 0.0 0.117647058824 0.235294117647
0.0 0.09090909090900001 0.0 0.0 0.0181818181818 0.0727272727272 0.0545454545454 0.1272727272726 0.0363636363636 0.0 0.0727272727272 0.09090909090919999 0.14545454545460001 0.0181818181818 0.0545454545454 0.12727272727260003 0.0 0.0181818181818 0.0727272727272
0.30222490687682 0.244538407329 0.060606060606 0.01993355481722 0.0 0.24745796838810002 0.18393234672312 0.30433907178082 0.4040068458674 0.08053961542322001 0.2429276150205 0.2134299808716 0.3404812242022 0.0738950971508 0.3612201751735 0.4106513641396001 0.19138226114952 0.09090909090900001 0.22752441357092
0.2072007449913 0.38699893740110003 0.1309381976692 0.0778138528138 0.0258198422582 0.5607673402025 0.2868951426613 1.6935644565292998 0.7654272193199001 0.10775440313109999 0.6930049976768 0.9303930792296999 0.5843523115652001 0.0474982381959 1.1056253221543 0.8995705902800001 0.2636393287078 0.0285146547441 1.2042213404718
0.09725274725269999 0.0727272727272 0.0636863136863 0.0447552447552 0.0153846153846 0.2133366633366 0.1174825174825 0.3342657342657 0.717032967033 0.0 0.5323176823176 0.20634365634359997 0.5421078921083 0.142857142857 0.5722277722278 0.5084415584416 0.1202797202796 0.0357142857143 0.6637862137871999
0.0 0.0 0.0 0.0 0.0 0.0 0.0 0.0 0.0 0.0 0.0 0.0 0.0 0.0 0.0 0.0 0.0 0.0 0.0
0.0576923076922 0.1699751861044 0.0 0.08868778280530001 0.0 0.3477083637427 0.2127353670994 0.7255437162453999 0.6158517004823 0.016129032258 0.6318493650559 0.4992263903082 0.24619033717639996 0.0384615384615 0.4910524011093 0.47075609400109997 0.057692307692200004 0.0192307692307 0.31121734053370004
0.0347826086956 0.139130434783 0.20869565217359998 0.0347826086956 0.0347826086956 0.41739130434859995 0.0695652173912 0.382608695652 0.4173913043476 0.0 0.626086956522 0.24347826087 0.417391304349 0.0347826086956 0.2434782608698 0.556521739132 0.0 0.0695652173912 0.0695652173912
0.021505376344 0.042002688172 0.015625 0.010752688172 0.0 0.08400537634399999 0.0957661290323 0.22765456989240002 0.12214381720430001 0.03125 0.1641465053763 0.12214381720430001 0.2540322580645 0.0215053763441 0.2276545698924 0.2217741935483 0.057627688172 0.0 0.28040994623649995
0.0 0.0 0.0 0.0 0.0 0.0 0.0 0.0 0.0 0.0 0.0 0.0 0.0 0.0 0.0 0.0 0.0 0.0 0.0
0.1827071538856 0.41648623397500006 0.09022342555509999 0.0913535769428 0.048768472906400004 0.10031594027339999 0.40305562853149995 1.4207727843722002 0.995753204124 0.0 0.6120668023869 0.49022802080530004 0.8776961678753 0.09708318165259999 1.136800625314 0.5892867005832 0.47023246138749997 0.1626105325827 0.8145590868496
0.1681848852901 0.27896062271050004 0.030364372469600002 0.025641025641 0.0128205128205 0.0735492577597 0.21993083670700003 0.3537449392713 0.5550113263928 0.03125 0.6762639772508 0.2622300944669 0.5638254289568001 0.0714285714285 0.5437933776747 0.552462887989 0.2220695970695 0.06633771929820001 0.29213056680189997
0.08709722808487 0.0291262135922 0.1353595047133 0.08869424511037 0.0 0.03869424511037 0.0694174757281 0.53839876178365 0.60200506542827 0.0 0.50144224004531 0.33230617700896997 0.36796116504841 0.05 0.7159279583517101 0.5230195581818999 0.57056423244777 0.03869424511037 0.31129168425457
0.0 0.0 0.0 0.0 0.0 0.0 0.0 0.0 0.0 0.0 0.0 0.0 0.0 0.0 0.0 0.0 0.0 0.0 0.0
0.0588235294118 0.10097414762080001 0.0676283252154 0.0 0.0127388535032 0.15680029973800003 0.1440614462349 0.4224428624957 0.16560509554140002 0.0 0.39003372049460006 0.2244286249532 0.31360059947560004 0.0 0.20681903334590002 0.23229674035220002 0.1303859123268 0.0 0.3733608092915
0.0487804878049 0.1707317073172 0.0243902439024 0.0487804878049 0.0 0.0487804878049 0.0975609756099 0.0731707317073 0.0487804878048 0.0 0.0487804878049 0.0487804878049 0.0243902439024 0.0 0.1463414634148 0.0487804878048 0.0 0.0 0.1219512195122
0.0968115942029 0.5301335159197 0.104055688691 0.09376697478019999 0.0 0.1683989501312 0.4830354901304 0.6382426109784001 0.390131233596 0.0 0.2892662330252 0.3131758530188 0.3837544220017 0.0236220472441 0.5173753280841 0.4476640419953001 0.1337669747803 0.104055688691 0.2827433527334
0.181818181818 0.157894736842 0.1578947368424 0.0 0.1052631578948 0.1052631578948 0.5215311004794 0.2105263157898 0.6794258373204 0.0526315789474 0.1435406698564 0.0526315789474 0.0 0.0 0.2631578947368 0.2105263157898 0.0526315789474 0.0 0.105263157895
0.0 0.0 0.0 0.0 0.0 0.0 0.0 0.0 0.0 0.0 0.0 0.0 0.0 0.0 0.0 0.0 0.0 0.0 0.0
0.0 0.0 0.0 0.0 0.0 0.0 0.0 0.0 0.0 0.0 0.0 0.0 0.0 0.0 0.0 0.0 0.0 0.0 0.0
0.0491803278688 0.10730253353210001 0.0227272727273 0.0 0.0 0.1173621460505 0.0883010432192 0.195603576751 0.08830104321900001 0.0227272727273 0.3092399403874 0.2649031296573 0.2093889716842 0.0454545454545 0.1438152011922 0.23099850968700003 0.0163934426229 0.0163934426229 0.0719076005961
0.0776550030694 0.4261817065683 0.127532228361 0.1767955801104 0.07765500306940001 0.11049723756900001 0.2879066912217 0.5865561694291 0.30939226519330004 0.0 0.3870472682628 0.38704726826290003 0.337170042971 0.0662983425414 0.6913750767344 0.40914671577649997 0.1325966850828 0.09407612031920001 0.3150705954573
0.0625 0.3350627729094 0.1273145410342 0.1237260242878 0.07125960969839999 0.6037557717924 0.28468398503080006 1.6033237684355 1.295139292094 0.0449438202247 1.3832375275518 0.7488988047236 0.9861152476864 0.0654545454545 1.0437414057782 0.933365738999 0.2968108718763 0.059649122806999993 0.9310171496146
0.0531578947368 0.1331578947368 0.12 0.0394736842105 0.0 0.0526315789473 0.21315789473680002 0.27894736842100004 0.21210526315790001 0.0 0.4510526315792 0.41263157894729996 0.26526315789460003 0.0 0.38473684210520004 0.158947368421 0.0794736842105 0.0 0.1452631578948
0.0 0.0 0.0 0.0 0.0 0.0 0.0 0.0 0.0 0.0 0.0 0.0 0.0 0.0 0.0 0.0 0.0 0.0 0.0
0.0428571428571 0.34311489494650005 0.033078184800499996 0.0322580645161 0.0 0.125142544716 0.27880184331800006 0.5766539092402 0.3807545106617 0.0508474576271 0.5506521908926 0.33359368897909997 0.42012809497799997 0.0161290322581 0.40256189955480004 0.5348746387563 0.34516129032270004 0.0 0.5333906115755
0.0672877846791 0.07261904761900001 0.1554347826087 0.0 0.0 0.12142857142850001 0.1149068322981 0.28154761904750003 0.31850414078659994 0.0125 0.4096014492754 0.047619047619 0.2387163561079 0.0625 0.2321946169771 0.6061076604564 0.1304347826087 0.0488095238095 0.0797877846791
0.0982551950755 0.1903511909022 0.044453186467299996 0.2180774748932 0.041606886657 0.226149774694 0.39257732132269996 0.9849173458099 0.3738073099207 0.0322580645161 0.4230602877009 0.5827067827343 0.5636165889005 0.044453186467299996 0.5370944601282 0.637014940445 0.1207643145949 0.0588235294116 0.4300121593592
0.0 0.0 0.1874999999999 0.0 0.0 0.0 0.0 0.0 0.1249999999998 0.0 0.125 0.0 0.0624999999999 0.437500000001 0.0 0.0624999999999 0.0 0.0 0.0
0.2362435803377 0.0557593543654 0.0 0.0983125458547 0.0 0.2149669845926 0.18341892883299998 0.2604548789434 0.127659574468 0.0 0.1621423330888 0.2685253118116 0.2179016874541 0.0425531914893 0.49156272927469996 0.2898019075566 0.1276595744677 0.0689655172413 0.1540719002201
0.0 0.7083150344029 0.20028130897680002 0.1027846027845 0.1398216398215 0.1445793619706 0.2542997542995 1.4130414999970002 0.7014148535883 0.064064064064 0.6493173014908 0.5540698801564 0.49189110058630003 0.048766157461800005 1.0622697796611 1.5411894107552002 0.37353559092659994 0.0217391304348 0.52861952862
0.0384615384615 0.076923076923 0.076923076923 0.0 0.0384615384615 0.0 0.076923076923 0.1923076923075 0.153846153846 0.0 0.0384615384615 0.269230769231 0.0384615384615 0.0 0.3461538461535 0.076923076923 0.46153846153800004 0.11538461538450001 0.0
0.1428571428572 0.35714285714259997 0.142857142857 0.142857142857 0.1428571428572 0.0 0.2142857142858 0.142857142857 0.0 0.0714285714286 0.142857142857 0.2142857142856 0.0714285714286 0.0 0.0 0.142857142857 0.0 0.0714285714286 0.0
0.23183760683838 0.1303418803418 0.09401709401698 0.0555555555555 0.0 0.08440170940164 0.03846153846148 0.6463675213674599 0.51175213675268 0.0 0.17094017094019998 0.34722222222198 0.20726495726498 0.17628205128238 0.5673076923072401 0.38354700854688 0.16666666666649999 0.00961538461538 0.17841880341866
