0.0735294117647 0.514705882353 0.294117647059 0.0 0.0 0.0 0.294117647059 0.5882352941163999 0.0735294117647 0.147058823529 0.0735294117647 0.7352941176460001 0.220588235294 0.0 1.029411764705 0.8823529411764001 0.0 0.0735294117647 0.0
0.12398190045230001 0.2676055037398 0.1295041093359 0.1357927786503 0.1538461538462 0.26832579185509997 0.1914950595622 0.71580016622 0.28480007387559997 0.2542986425343 0.2590082186719 0.5242589343429 0.10045248868760001 0.0235294117647 0.4425893434296 0.3508172499768 0.0823991134914 0.1271493212669 0.5643457382949
0.1233766233766 0.09307359307350001 0.12121212121210001 0.0 0.0 0.1428571428571 0.030303030303 0.3874458874461 0.2207792207792 0.060606060606 0.077922077922 0.22943722943710002 0.0 0.0 0.2532467532466 0.0757575757575 0.077922077922 0.0151515151515 0.0909090909091
0.222222222222 0.111111111111 0.0 0.333333333333 0.0 0.0 0.222222222222 0.111111111111 0.0 0.111111111111 0.222222222222 0.0 0.555555555556 0.0 0.111111111111 0.0 0.0 0.0 0.0
0.0 0.0 0.0 0.0 0.333333333333 0.0 0.333333333333 0.0 0.0 0.333333333333 0.0 0.0 0.0 0.0 0.0 0.0 0.0 0.0 0.0
0.0555555555555 0.125925925926 0.0166666666667 0.0185185185185 0.0 0.3000000000001 0.0888888888888 0.5240740740744999 0.17777777777769999 0.053703703703700006 0.3037037037036 0.19259259259250003 0.12037037037030002 0.037037037037 0.2796296296295 0.2555555555554 0.0 0.0185185185185 0.43148148148170007
0.36942919167439997 0.04533265227934 0.1568126676031 0.015706806282740002 0.05401608989904 0.0767462648448 0.10815987741018 0.25807687396242 0.07329842931938 0.0487804878048 0.13255012131268 0.07674626484478 0.09245307112764 0.0 0.25284127186800004 0.1361256544503 0.02094240837694 0.02962584599664 0.052356020942440004
0.39027899697161 0.31516195434092 0.19959705007412998 0.00833333333332 0.0 0.26463379601674003 0.4942272089659 2.25646607568235 0.78934447770703 0.00990099009901 0.53638565194076 0.40599077949132995 0.34543839089613 0.0 0.9092099773064701 0.7695083119817498 0.099801980198 0.07175666020200999 1.1339643647908
0.0781666628023 0.1879883604998 0.08880915393349999 0.0441176470588 0.0 0.0316550348953 0.3256741403697 0.5539891952059 0.3658791068654 0.0 0.3928968907238 0.4555113728583 0.2557849706691 0.0294117647059 0.3926244522244 0.19456746040939998 0.33398061629130005 0.0 0.2689431704888
0.0 0.0 0.0 0.0 0.0 0.0 0.0 0.0 0.0 0.0 0.0 0.0 0.0 0.0 0.0 0.0 0.0 0.0 0.0
0.00826446280991 0.38504128117640996 0.17853488502801 0.0 0.0 0.4363484156013 0.3189333262028 0.64260181798991 0.36403203490621 0.0227272727273 0.37683420475683 0.28869776090230004 0.50276236275631 0.00826446280991 0.54771914813181 0.63684926097082 0.20826446280991 0.0 1.07412484042291
0.2071711985062 0.4145757964754 0.15477301902190002 0.0 0.0131578947368 0.0619383825416 0.09852374839530001 0.5556949469018 0.40445209476 0.0394736842104 0.0853658536585 0.1428112965342 0.1145699614889 0.0 0.2569144590966 0.2262516046211 0.0 0.0121951219512 0.21213093709940004
0.16 0.2881456846203 0.0632949383517 0.0 0.0217391304348 0.2774188838416 0.3743818948733 1.3266855937719 0.2682138221934 0.0 0.4338595068138 0.3250340687864 0.9367066839719 0.0775 0.8932478909799 0.4709717715770999 0.2142391304348 0.0375 0.8310609993525
0.0 0.0 0.0 0.0 0.0 0.1 0.0 0.05 0.5 0.0 0.0 0.05 0.2 0.0 0.0 0.0 0.0 0.0 0.1
0.3728715728713 0.6875161368305001 0.2280842445224 0.026685643124 0.111111111111 0.1178438000355 0.7375784033316001 1.2248996057208001 0.2800569293718 0.0 0.6780206095282 0.5133557462322 0.31402296333790003 0.0 1.4148639792475999 0.9693959009033 0.2311688311686 0.222222222222 0.870302300439
0.0281690140845 0.2512058653289 0.013698630137 0.056338028169 0.013698630137 0.1103607949064 0.4323750723519 0.37449353656170004 0.1674705768859 0.0 0.09743391858 0.1682423306964 0.2633609878449 0.0 0.25197761913940003 0.2801466332239 0.40806482732000005 0.0 0.0829635346323
0.1621863486856 0.4053670838998 0.1039480259868 0.08112804063080001 0.0232558139534 0.0462443197005 0.359355206117 0.6367165254563001 0.718408237741 0.0114942528735 0.1389654010203 0.5219425171131 0.17381425566269998 0.0 0.8686354497169001 0.4640063689077 0.6942226561146001 0.150424787606 0.4398847088078
0.0 0.0 0.0 0.0 0.0 0.0 0.0 0.0 0.0 0.0 0.0 0.0 0.0 0.0 0.0 0.0 0.0 0.0 0.0
0.0 0.042857142857 0.0428571428571 0.0 0.0428571428571 0.21428571428549997 0.0642857142856 0.44999999999970003 0.2785714285712 0.0 0.4071428571431 0.21428571428569998 0.3214285714285 0.0 0.14999999999980002 0.2357142857137 0.0 0.0 0.5357142857141
0.2201754385962 0.5214912280718 0.0631578947369 0.073245614035 0.0210526315789 0.0210526315789 0.1894736842107 0.3245614035085 0.1982456140354 0.0105263157895 0.12499999999980001 0.24035087719300002 0.334210526316 0.0 0.16710526315770002 0.16666666666660002 0.125438596491 0.0105263157895 0.1877192982454
0.0822665983955 0.3716504522956 0.090203106332 0.0185185185185 0.11375661375660001 0.0798771121351 0.38538999829299997 0.4798600443758 0.1314217443249 0.0 0.0991636798086 0.1039426523296 0.2354497354497 0.0 0.3474995733063 0.1152927120669 0.0806451612902 0.0555555555555 0.20950674176470002
0.0 0.0 0.0 0.0 0.0 0.0 0.0 0.0 0.0 0.0 0.0 0.0 0.0 0.0 0.0 0.0 0.0 0.0 0.0
0.333333333333 0.0416666666667 0.125 0.0833333333333 0.0833333333333 0.0 0.0 0.125 0.0 0.0 0.0 0.0 0.0416666666667 0.0 0.125 0.0 0.0 0.0416666666667 0.0
0.0 0.0 0.0999999999999 0.0 0.2 0.0 0.0 0.0 0.0 0.5 0.0999999999999 0.0999999999999 0.5 0.0 0.0 0.0 0.0 0.0 0.5
0.00877192982455 0.13759398496234998 0.06591478696735 0.0 0.0 0.15087719298250002 0.0952380952382 0.5110275689217 0.21378446115275 0.00877192982455 0.2636591478697 0.21679197995010002 0.22255639097745 0.0 0.34561403508765 0.3175438596495 0.00877192982455 0.0 0.4330827067673
0.28285714285749997 0.16 0.067619047619 0.0438095238095 0.0238095238095 0.1638095238096 0.278095238095 0.6466666666665 0.31999999999990003 0.0438095238095 0.0999999999999 0.2190476190474 0.2 0.0800000000001 0.4799999999999 0.24380952380940002 0.31523809523790003 0.067619047619 0.2638095238095
0.27188219010930004 0.64156719503599 0.24591387706389 0.02020408163259 0.041629972814499996 0.64411575334918 0.8800452429621 2.7163565040034 1.2129105735149799 0.1183161350843 0.69066552584688 0.6922937296879901 1.22773845845539 0.0 1.19739436623018 0.83122242580968 0.36014714486549004 0.09230198019798999 3.11529484333468
0.034855769230699996 0.2800480769229 0.09375 0.034855769230699996 0.0 0.0910213097712 0.23068857982639998 0.7553778496667 0.5559717542475 0.03125 0.3590199118214 0.14746352785129999 0.282386954262 0.0 0.6115548157575 0.3803968922507 0.2500000000005 0.0 0.8613587891603001
0.0 0.0 0.142857142857 0.0 0.0 0.0714285714285 0.0 0.0714285714285 0.142857142857 0.285714285715 0.0 0.0 0.0714285714285 0.0 0.0 0.142857142857 0.0 0.0 0.0714285714285
0.2083333333337 0.1369585687382 0.0586158192091 0.0833333333333 0.0243902439024 0.2558954572595 0.2877612420191 0.7301410132746001 0.475860089109 0.0365853658536 0.7356977171473 0.2456754398053 0.3452941987046 0.0169491525424 0.42250815304830003 0.30334389784579996 0.125 0.0 0.5076569748749
0.0 0.0 0.0 0.0 0.0 0.0 0.0 0.0 0.0 0.0 0.0 0.0 0.0 0.0 0.0 0.0 0.0 0.0 0.0
0.0791925465838 0.4276941255204 0.1842650103518 0.1521739130434 0.18788819875770002 0.7415814459299999 0.5059403559398 1.6978323608769001 0.9667680950297 0.10533596837930001 0.43369931195989997 0.6151462868855 0.8837055858803 0.0 1.3146109124369998 0.8183564422697 0.42770876466549995 0.1332528180354 1.3248478574567
0.0 0.0 0.0714285714285 0.0 0.0 0.0 0.0 0.0 0.642857142858 0.0 0.0 0.0714285714285 0.0 0.0 0.0714285714285 0.0 0.0714285714285 0.0 0.0714285714285
0.10182998819370001 0.42753837071982 0.08803128689496001 0.08094746162926 0.0 0.13592089728460002 0.67864521841786 0.70528335301112 0.5182260920899799 0.0590318772137 0.30453069657606 0.2984061393154 0.2791469893745 0.0 0.65495867768646 0.2612898465171 0.5163813459273999 0.0 0.88983175914992
0.1327639751553 0.241630970229 0.2268687085026 0.12205504390649999 0.0172413793103 0.17672413793089997 0.2618280145643 0.4090222745765 0.6442707217821 0.0 0.48327800385490005 0.577489826516 0.4773720282712 0.0 0.7369940029983999 0.8478528592847 0.35901156564619996 0.0 1.2855964874701
0.0591133004924 0.05911330049250001 0.0295566502462 0.118226600985 0.0 0.0295566502462 0.0591133004926 0.2660098522164 0.1034482758619 0.0 0.08866995073860001 0.162561576355 0.14778325123129998 0.0 0.1921182266007 0.1773399014776 0.08866995073879999 0.0147783251231 1.4039408866981
0.0 0.0 0.0 0.0 0.0 0.0 0.0 0.0 0.0 0.0 0.0 0.0 0.0 0.0 0.0 0.0 0.0 0.0 0.0
0.107526881721 0.06998516870589999 0.06238413051536 0.0 0.0 0.37120149602700003 0.173389111896 1.13951088971806 0.40156131611706003 0.051724137931 0.43502442327311996 0.23127549128651997 0.46409456562042 0.0 0.22613290129105998 0.2737341006921 0.06896551724156 0.0217391304347 2.9017507375280998
0.21978021978 0.153846153846 0.1758241758242 0.1318681318682 0.0 0.065934065934 0.1098901098902 0.351648351648 0.021978021978 0.0879120879122 0.087912087912 0.087912087912 0.0 0.0 0.131868131868 0.043956043956 0.10989010989 0.065934065934 0.153846153847
0.31612405948662003 0.15428436962342001 0.0837064170397 0.00884955752212 0.07057795258372 0.2083830077929 0.36579851919164 0.45407558681846005 0.50067173075942 0.0837064170397 0.23627874365326001 0.37736141275942003 0.2370615290968 0.00884955752212 0.6747118281054401 0.51015880219392 0.19924170661624 0.14614436148342 0.36401444071026
0.114285714286 0.09791666666669999 0.0285714285714 0.0095238095238 0.0 0.0 0.0952380952381 0.41875000000019996 0.11011904761909999 0.0190476190476 0.0598214285714 0.10744047619049998 0.1943452380952 0.0 0.1508928571429 0.2568452380952 0.0720238095238 0.0095238095238 0.2556547619049
0.0 0.0 0.0 0.0 0.0 0.0 0.0 0.0 0.0 0.0 0.0 0.0 0.0 0.0 0.0 0.0 0.0 0.0 0.0
0.0 0.0 0.0 0.0 0.25 0.0 0.0 0.125 0.0 0.0 0.0 0.125 0.0 0.0 0.125 0.0 0.0 0.0 0.375
0.0227272727273 0.1386787125917 0.19665443252380002 0.0526397515527 0.0 0.45105872388560003 0.3380999435345 1.3698475437607 0.5006775832857 0.0401185770751 0.8053924336528999 0.5215415019772001 0.458003952569 0.0 0.6068746470912001 0.6402597402591 0.057509881422900005 0.0173913043478 2.7825239977494
0.4891375905214 0.2216919025674 0.26333113890749993 0.1155365371955 0.13841342988799998 0.23633969716889996 0.300855826202 0.9239631336406 0.6606319947342 0.1155365371954 0.5559578670171 0.2888413429887 0.6096115865706 0.0510204081632 0.8647136273880001 0.3316326530614 0.0832784726793 0.1061553653719 0.6433508887435
0.5119301363361 0.7637995080286 0.4960808670815 0.0817431257956 0.0769230769231 0.5723073117449999 1.1930386313536998 2.0495136069257 0.9427776967389 0.029588383011200002 1.1141257767415 1.8427467547115 0.9406480212742001 0.0194174757281 1.8549451124163998 0.7538655897007001 0.24386372742470003 0.2239311053027 3.2887540927570997
0.03368555421601 0.20678808882910002 0.1121591746499 0.0169491525424 0.0 0.08452489236543001 0.23747652802900998 0.85489311581363 0.56341692284152 0.0 0.52074064024684 0.5015726091987001 0.32140366239793 0.133333333333 0.77617344437522 0.63209732273102 0.29363802957721996 0.04645060633999999 1.66469692251101
0.054054054054 0.0810810810811 0.054054054054 0.0 0.054054054054 0.0 0.0810810810811 0.162162162162 0.027027027027 0.054054054054 0.0810810810811 0.08108108108100001 0.10810810810810001 0.0 0.027027027027 0.027027027027 0.027027027027 0.0 0.0810810810811
0.0537634408602 0.0833333333334 0.1791666666667 0.05 0.0 0.5739247311828 0.21801075268820003 1.1790322580643 0.3388440860218 0.0 0.6044354838710999 0.651881720431 0.46505376344109994 0.0166666666667 0.5680107526881 0.6568548387093001 0.0333333333333 0.0 0.3276881720429
0.1182266009853 0.6636499026229 0.0344827586207 0.0229885057471 0.0 0.2202619620429 0.1042502004811 0.38144881047940005 0.1390002673083 0.0344827586207 0.1042502004813 0.35193034711890003 0.1847099705962 0.0229885057471 0.09222133119489999 0.2572268682935 0.0232558139535 0.0229885057471 0.2216366899608
0.1681318681317 0.1362637362637 0.121978021978 0.0 0.0362637362637 0.12307692307679999 0.29434269434250004 0.5128205128204 0.5907203907204 0.0802197802197 0.3429792429792 0.3086284086284 0.34220594220580003 0.0 0.42385022385080007 0.4175824175818 0.3426129426131 0.0 0.7583231583233001
0.0 0.0 0.0 0.0 0.0 0.0 0.0 0.0 0.0 0.0 0.0 0.0 0.0 0.0 0.0 0.0 0.0 0.0 0.0
0.341434226273 0.47094362110910004 0.2822657106002 0.2717272141463 0.09179056237880001 0.4259793414719 1.0802015729519998 1.0873289464836 0.833206569122 0.0 0.8560198125235001 0.5469204611703999 0.8554038554029 0.037037037037 0.9602865375438001 0.8289734368849001 0.1985939204247 0.0958605664488 2.7360266080227
0.2068965517236 0.08853681267460001 0.0 0.1379310344826 0.0 0.1500465983223 0.1696178937556 0.7082945013976 1.6178937558250002 0.0 0.3765144454799 0.3718546132332 0.1724137931036 0.027027027027 0.9767008387712001 1.081081081082 0.103448275862 0.0344827586206 0.7772600186399
0.12261904761900001 0.1817460317458 0.1158730158729 0.174603174604 0.015873015873 0.015873015873 0.097619047619 0.7630952380960999 0.50634920635 0.05 0.1519841269841 0.274603174604 0.14523809523800002 0.015873015873 0.467857142857 0.4424603174609 0.465873015874 0.015873015873 0.9765873015859999
0.0 0.0 0.0 0.0 0.0 0.0 0.0 0.0 0.0 0.0 0.0 0.0 0.0 0.0 0.0 0.0 0.0 0.0 0.0
0.1570660522267 0.0648404993064 0.4228110599093 0.0602918586789 0.0602918586789 0.1826167360146 0.4291008605133 0.9835391406809 0.31510521527720003 0.0820619509939 0.7624006382999999 0.2449480261882 0.48300970873750004 0.0119047619047 0.6674272590328001 1.4219237021447 0.0483870967742 0.0 2.6022735746343004
0.37134146341600005 0.6890243902436 0.2115853658535 0.0999999999999 0.125 0.0731707317072 0.407926829268 0.7329268292678 0.3213414634144 0.0999999999999 0.2695121951216 0.4195121951222 0.42926829268419997 0.0 0.5695121951218001 0.6390243902449 0.1597560975608 0.1231707317072 0.25792682926800004
0.175136116153 0.2168784029043 0.0344827586207 0.060798548094399996 0.0 0.1479128856623 0.21778584392030004 0.31397459165170005 0.4328493647921 0.0 0.18239564428299998 0.2767695099824 0.3992740471868 0.0263157894737 0.5862068965514 0.40925589836730003 0.1914700544464 0.0344827586207 0.2940108892919
0.0434782608696 0.0 0.29296066252590003 0.0434782608696 0.0 0.09109730848860001 0.047619047619 0.047619047619 0.047619047619 0.0 0.1387163561076 0.0238095238095 0.0238095238095 0.0 0.40372670807509997 0.1149068322981 0.22153209109759997 0.0238095238095 0.4358178053825
0.136363636363 0.272727272727 0.1363636363635 0.0 0.0454545454545 0.0 0.272727272727 0.3181818181815 0.272727272727 0.0 0.2272727272725 0.0454545454545 0.5454545454555 0.0 0.090909090909 0.0454545454545 0.090909090909 0.0 0.500000000001
0.0625 0.0 0.0 0.0 0.0625 0.0 0.0625 0.25 0.0 0.125 0.125 0.25 0.0 0.0 0.0 0.0625 0.0 0.0 0.0
0.2228186342316 0.1579413374945 0.0930640407575 0.0611620795107 0.0305810397553 0.3957286299685 0.3172574911507 1.2710150290802 1.1762004158587 0.0458715596329 1.3098523302841 0.6155296649142 0.6073477178531 0.0305810397553 0.8722687998247001 1.1237038290488002 0.064877296737 0.20852717421039998 6.3956718899294
0.4850868242559 0.1603178202294 0.158536931013 0.038135593220299996 0.027204618030000002 0.1652542372878 0.2448415622697 0.6475823366026 0.22913950456319998 0.0511734028683 0.2705109309749 0.5806218468332001 0.2577990665683 0.0127118644068 0.4611888970763 0.4088864954751 0.07837802089830001 0.1490608997978 0.5735691476289
0.2381426314426 0.65482732371917 0.2847958037612 0.04541515595664 0.0 0.81330492367144 1.0892386262311 3.44140016398208 0.9370901503383999 0.1553639846742 1.4857924449298898 1.44074732931767 1.3312589694343802 0.0 1.6216969321870398 1.0933519111848398 0.48719006689343997 0.1994252873566 6.68095829491304
0.0364372469634 0.0977657819763 0.0734742840005 0.0 0.0 0.0364372469634 0.1586944569404 0.31698905383060005 0.3295346628673 0.0242914979757 0.19533163392789998 0.4669365722003 0.3175888439047 0.0123456790123 0.243314839806 0.195331633928 0.061528465037099994 0.0 1.4339981006647
0.0 0.095890410959 0.0 0.013698630137 0.0684931506849 0.0 0.0684931506849 0.109589041096 0.027397260274 0.0 0.0684931506849 0.054794520548 0.041095890411 0.0 0.027397260274 0.027397260274 0.054794520548 0.013698630137 0.32876712328790003
0.0811858765397 0.25240510947 0.1331803671068 0.0132450331126 0.0132450331126 1.0360757773133 0.9300105596582 1.2505534180910998 0.8135232259674 0.0338983050847 1.3263767937341 0.8483438576378 1.1707887686887002 0.0339704217136 1.1535668524468 1.0471538271471001 0.0810115997883 0.0 1.7814651733871
0.3383997417815 0.4508148424607 0.23222508097470002 0.0306122448979 0.0 0.3170509329801 0.2795762123697 1.0481088396198 0.5655569449319999 0.0306122448979 0.6387323595292 0.5921656300222 0.16772265821870003 0.0 0.6461042189215 0.9002832467141 0.1343514149845 0.0612244897959 0.5664588969007001
0.064726209463 0.057814992025450006 0.1039340776182 0.0268474215842 0.059941520467800005 0.17663476874005 0.1824827219564 0.5677830940992501 0.5540935672511 0.10047846889949999 0.2751196172246 0.2981127060078 0.40483785220615 0.022727272727250003 0.28110047846880004 0.6609516214775999 0.05927698032945 0.0116959064327 1.0914407230198
0.0 0.0 0.0 0.0 0.0 0.0 0.0 0.0 0.0 0.0 0.0 0.0 0.0 0.0 0.0 0.0 0.0 0.0 0.0
0.28548841903945 0.5509605791701501 0.24003939387152 0.13196531012485 0.031874039938520005 0.39098628248906997 0.4726154628211501 1.13046928831944 0.9524330859521 0.12789790652150002 0.6744695655658001 1.32644267954262 0.72898172289916 0.0 0.58246103283131 0.78734863348004 0.22622578729225 0.0611031311 2.298237679039
0.1594500632111 0.3775735958105 0.20677720302219998 0.1898682270425 0.0912046234423 0.1413988392874 0.4493906663183 1.4744591338058 0.7487812652474999 0.0707964601769 0.6993411352124 0.5220339291439999 0.5735644740001999 0.150970809668 0.8230273816039 0.9447718064902 0.6786165793751 0.070796460177 1.6271773469647002
0.15043929137294 0.13654040040354 0.11630419127173999 0.2416822699115 0.0 0.02470113783664 0.17874117816539997 0.38268759902044003 0.62300158432984 0.03413510010078 0.13293965144732 0.3435834653606 0.15540832493148 0.0 0.31528157856844 0.45815929713404 0.48991790292334 0.0152671755725 0.20120985164894
0.1363636363633 0.0681818181819 0.0227272727273 0.0454545454545 0.0227272727273 0.0 0.090909090909 0.1818181818182 0.0227272727273 0.0454545454545 0.0 0.159090909092 0.0227272727273 0.0 0.0454545454545 0.0 0.0227272727273 0.0454545454545 0.0681818181818
0.14884139482614 0.06430603948888 0.33708974640386 0.040424634420659994 0.07823241606987999 0.19513937282242 0.1488479793685 1.69474987882614 0.62377022232074 0.1031358885017 1.083880559138 0.5911155541536401 0.4209124392984 0.0 0.50890740029478 1.7554500123463002 0.28449102398798 0.00761904761904 2.91308639011818
0.21200121839779998 0.3476495075645 0.18479033404390002 0.1439740075134 0.10884353741490001 0.05706163062240001 0.4187227129659 0.6386435171084 0.1602193116051 0.0272108843538 0.11148339932980002 0.26642298710560003 0.27434257284990005 0.0298507462686 0.43984160828479996 0.32612447964229996 0.0 0.1250888415067 0.1277287034216
0.4342394339973 0.1735177129701 0.1306452158899 0.08810531304470001 0.2247050659267 0.1249267954163 0.6604145156665999 0.7408168446705 0.9876119226141999 0.1221374045801 0.7648702628590001 0.7241329699895 0.5087837037288 0.0518525414261 0.69260083614 0.5562371997760001 0.1279523027706 0.170964438652 0.715485519879
0.05370843989770001 0.0196078431372 0.0747371412333 0.05370843989770001 0.01960784313721 0.09207161125313 0.11167945439041002 0.28729752770673 0.14066496163682002 0.0261437908497 0.13924410343842 0.12560386473441001 0.08127308894560001 0.035521454958810005 0.11025859619201002 0.17334470019891002 0.07615799943160001 0.02614379084961 0.35322534811
0.6086956521739999 0.0869565217391 0.0434782608696 0.0869565217391 0.0 0.0 0.0434782608696 0.0869565217392 0.0 0.0 0.0 0.130434782609 0.782608695652 0.0 0.1304347826087 0.0 0.0 0.0 0.0
0.0 0.0 0.0 0.0 0.0 0.0 0.0 0.0 0.0 0.0 0.0 0.0 0.0 0.0 0.0 0.0 0.0 0.0 0.0
0.07942805410601 0.16111161398454998 0.037750167970739996 0.05772662778894 0.0 0.2563758942142 0.25316810185453 0.8932419633151399 1.01718670270954 0.04700276719914 0.8590603001561801 0.48301681820892 0.30206716147472 0.022918982541 0.8635384028476 0.72170466723185 0.09149632348833 0.06992174974013 2.7832837011664298
0.1968856906927 0.2315677716172 0.1346584876724 0.027545122095 0.0377492037276 0.3570248908811 0.36622625929029995 0.5396366639137 0.6263418662256 0.0102040816326 0.7293853957762 0.37949746372570003 0.7395894774101001 0.0 0.5365695411111 0.44373009319300005 0.13465848767240002 0.0928394479178 1.4158900554435
0.20774005741407997 0.49171966538066003 0.50027029493681 0.32662892798837995 0.15116692331196 0.86312283885324 0.9647629635863 3.8461296420878703 1.8269937935901601 0.05458945197261 2.19887863097774 1.69712233427457 1.41657586043722 0.15270399914413002 2.205203366665 1.8100066540309199 0.70396088646253 0.1468078818526 6.4356158270245905
0.11589967910213 0.32367090306462 0.11451549986856 0.24724380560503 0.06693587422243 0.27305106835379 0.39215370247110004 1.92513789938647 1.38872875727412 0.00619834710743 0.8923623094352 1.04982876454946 0.7511430504097 0.23631384486940002 1.2814341840054 1.83642372827203 0.19278724668379 0.0208333333333 3.88533800199159
0.059405940594 0.38448844884399996 0.1823432343232 0.0 0.1584158415842 0.019801980198 0.09900990098999998 0.7929042904275 0.079207920792 0.1031353135312 0.309405940594 0.28135313531350004 0.20214521452130002 0.0 0.079207920792 0.039603960396 0.039603960396 0.1625412541252 1.0074257425762
0.16828353937758 0.16078582875456 0.0543870192308 0.0414806547619 0.06913919413918 0.6029184510343 0.2687493266537 1.39520038784948 1.0942432261368 0.0 0.83864351028906 1.1698297107309799 0.6668249030383 0.082045558608 1.06628083925916 0.7199586565400601 0.20555746337028 0.0595238095238 2.33614792070876
0.12060478199739999 0.19796061884659 0.08087201125179 0.0277777777778 0.01687763713078 0.22573839662458 0.13150492264409 0.39345991561148996 0.41983122362838 0.0 0.39099859353049005 0.16174402250349001 0.13396624472569 0.10970464135 0.46694796061876004 0.80098452883388 0.00843881856539 0.0253164556962 0.28727144866389
0.20921354921539997 0.35879824928119997 0.34491114008910007 0.4698402162058 0.1686287329576 0.4808620647156 0.7849171969643001 1.7147559014884002 1.8584921093603 0.1388052787165 1.0097930345464001 0.8848486160706999 1.1024136332391 0.0225563909774 1.4095870636727 2.7219546854484 0.5564111906058999 0.28397205184380003 3.4792388946017
0.0 0.0 0.0 0.0 0.0 0.0 0.0 0.0 0.0 0.0 0.0 0.0 0.0 0.0 0.0 0.0 0.0 0.0 0.0
0.5879205857423 0.6968598599849 0.2108670467709 0.1978173637577 0.1138597890863 0.7191135472419 0.9357951165853999 2.0411008524705 1.3030376453813999 0.23048659672900002 1.6726201738286 1.1143608892549999 1.1048212707306 0.0185185185185 1.3418602198371001 1.5234958218585999 0.4045583457251001 0.0991114149007 3.6837949415909996
0.00781249999999 0.32303556594748 0.05827370931528 0.27222380149270003 0.0639320029563 0.4191830719906 0.2379785319316 1.05107002772136 1.1696437647525002 0.0546932742054 0.61099027393519 0.6351796840614901 0.40207010365779 0.042498152254200006 0.5151921484496 1.1220511478125 0.2504995757028 0.0123456790123 0.7513269847999899
0.41242644010867 0.36628881031407 0.40245148052111 1.07209139950074 0.0936454849497 0.188992358373 0.6926582239076999 1.7935572064346101 1.0971259257224 0.00584795321637 0.70433457196754 0.4231060707474 0.80695829908201 0.02925932445377 1.44180254513401 2.2298467592052402 0.5696751810153 0.2895411890769 0.38039077627177
0.0 0.0 0.0 0.0 0.0 0.0 0.0 0.0 0.0 0.0 0.0 0.0 0.0 0.0 0.0 0.0 0.0 0.0 0.0
0.28779834505220003 0.3847687377437 0.5037677059641 0.0662594209731 0.0871191992586 0.9094163109578 1.0808415184567 4.0181757516419 1.9383054941916 0.266843010149 2.4647322706420995 1.6847461889064002 1.7565957245522 0.1676015551874 1.6731841956299998 2.5481510635552 0.4733542948191 0.36223307089510004 6.3261061414286
0.049170437405599995 0.2512820512821 0.05882352941170001 0.12941176470580001 0.060935143287999996 0.1176470588235 0.21809954751129998 0.4009049773751 0.2126696832577 0.0235294117646 0.2790346907993 0.2597285067872 0.0470588235292 0.0588235294118 0.4265460030174001 0.0705882352939 0.0748114630466 0.0941176470588 0.1668174962291
0.18143793868415 0.29009370254515 0.2218119091105 0.17123002960130002 0.0912644595133 0.2218119091105 0.3080189504475 0.63845023408125 0.40545210253420005 0.11886367294375 0.34983239910715 0.5151225690868999 0.4393158804468 0.00877192982455 0.6316118377317499 0.33088894953765 0.1658276125096 0.2390506581571 0.6711432550275
0.0771428571428 0.1514285714287 0.6847619047615001 0.186666666667 0.1766666666667 0.1509523809523 0.4795238095239 0.9147619047626 0.3176190476192 0.0266666666667 0.3266666666666 0.37142857142880004 0.40095238095240004 0.0238095238095 0.29666666666659997 0.534761904762 0.1247619047619 0.32999999999999996 0.4247619047619
0.0461538461538 0.0923076923076 0.0461538461538 0.0923076923076 0.0 0.36923076923 0.276923076923 0.27692307692359996 0.4153846153856 0.0 0.1384615384614 0.27692307692359996 0.0 0.0461538461538 0.1846153846148 0.2769230769228 0.1846153846148 0.0 0.2769230769228
0.0 0.0 0.0 0.0 0.0 0.0 0.0 0.0 0.0 0.0 0.0 0.0 0.0 0.0 0.0 0.0 0.0 0.0 0.0
0.14466873788009998 0.23459886136060004 0.33097939330430004 0.0777611621448 0.0899301234803 0.5211512288133 0.5229591561813 1.6035764251859002 1.0929405887937 0.1175457069015 1.5266025862499 0.9899552899324001 0.7109788481379999 0.0264900662251 1.120795475364 1.1364319551786999 0.2264394163663 0.0587481307412 2.4674468477598004
0.0480769230768 0.4326923076924 0.0961538461537 0.0480769230769 0.0961538461537 0.2884615384612 0.2644230769237 0.9375000000009 0.9615384615389 0.0240384615384 1.1538461538459 0.5048076923078 1.2980769230759 0.0240384615384 1.2499999999995999 0.673076923078 0.528846153845 0.0961538461539 1.27403846154
0.51153543914464 0.68570353935737 0.63346676651929 0.41161994302731 0.10339801827903 0.8714310241512301 1.1552139000052801 3.4340730795493504 2.60565952957833 0.13419836450345002 2.13376151970658 1.2063984110103498 1.66326879484479 0.17584338227097998 2.43327105215339 1.8894957955372802 0.61142237444228 0.23599470197589997 4.10424436394666
0.23863866490032 0.40336525555897995 0.17933122591506 0.2549208825738 0.08150215107858 0.24318204732158 0.42142384910989994 1.4997594453310399 0.8559259208847199 0.0450916512933 0.9956849829322401 1.0387379248891 0.8945476715001999 0.0578521063393 0.9964772788343401 1.0513172068455 0.42853401659580004 0.047203359893179996 2.2665043582047
0.1333333333337 0.133333333333 0.0266666666667 0.0 0.2993939393938 0.0266666666667 0.26666666666669997 0.288484848485 0.1442424242424 0.0533333333333 0.1599999999997 0.1066666666667 0.1066666666667 0.0 0.18666666666639997 0.2351515151514 0.0266666666667 0.1599999999997 0.6460606060599999
0.2813309352515 0.7539646177783998 0.2461071143083 0.08633093525169999 0.2476315789472 0.7202675106873 0.5196523267209001 2.0921588559118 1.3188127231013 0.0499999999999 1.4042057366246 1.8440436476729003 1.1072338242780002 0.0537769784172 2.0771807007836998 2.0701272180657 0.4189928057557 0.0687769784172 1.6394055120274
0.10272300469469 0.37089201877919 0.18572769953028997 0.06272300469479 0.00938967136149 0.11361502347398 0.2642253521126 1.03323943661857 0.7040375586855001 0.0 0.48413145539879 0.7605633802826 0.6751173708922801 0.0938967136149 0.60995305164309 0.73014084507078 0.2133333333329 0.0399999999999 0.54629107981189
0.1663238709548 0.3940751378884 0.2625655698607 0.44791344035569997 0.0838210430484 0.7151228062460001 0.642931698846 2.4377478187109003 2.2079550500889 0.22113244281260003 1.7047429141676 1.2731470798634 1.3411855142618 0.08606024175499999 1.9736084946666999 1.9184369801941998 0.2878185871930001 0.0417421713559 2.7936691377263
0.0 0.0 0.0714285714284 0.0 0.0 0.0 0.0357142857142 0.0357142857142 0.3214285714295 0.0 0.0714285714284 0.1071428571427 0.0714285714284 0.107142857143 0.0714285714284 0.1071428571427 0.0 0.0 0.0
0.13666798271007 0.748292532677 0.23808930975806997 0.098102367688 0.06524004899117 0.7480356065845699 0.6570256555746 1.8496182977675402 1.1013940472511 0.025641025641 0.7745364418413699 1.02182970726897 0.74460645337497 0.033426183844 0.98777137611837 1.25524912903007 0.61710018398217 0.00617283950617 1.8912008103920699
0.2543171268647 0.6162660085738 0.3327827420557 0.7244990432401 0.042936004907 0.5773081543689 1.0016684659543 2.2508023989571004 1.9277489086692 0.0811340242902 1.3010580018591 1.5693336469103 1.0945993372701999 0.1566023669745 1.3523703411539998 1.8543269655827002 0.6341321447127 0.0564016651436 1.1717126525131998
0.1797078768909 0.46357216075450003 0.33346392783 0.3598684570522 0.11912735152159999 0.1296817944704 0.7325337156326 1.4702842801443001 1.2011049461746999 0.07716930956359999 0.34079327037060003 0.41679744355830006 0.5445754037301 0.0352112676056 0.7988100579661 1.2541580485233998 1.0807861934613998 0.0357938357938 0.4265606589551
0.0 0.0 0.0 0.0 0.0 0.0 0.0 0.0 0.0 0.0 0.0 0.0 0.0 0.0 0.0 0.0 0.0 0.0 0.0
0.3236492591692 0.5960424095097 0.8678106995357999 0.108324390693 0.0666707594081 0.5766646508489 0.8986968869247001 3.9375781875590996 1.9299004290519002 0.06667075940810001 2.0177807675867 1.4765091528707999 1.6330336977068 0.16151955307260002 2.1499337213273 2.2597922837895 1.2813173787611 0.1932642339235 3.4548407788591
0.09166666666670001 0.15833333333326 0.0833333333334 0.0583333333333 0.04166666666669 0.02500000000003 0.125 0.24166666666669 0.07499999999993001 0.05 0.10000000000023002 0.21666666666659 0.07499999999996002 0.0 0.24166666666662 0.18333333333356 0.05833333333330001 0.05 0.12499999999986
0.3597883597887 0.3922398589074 0.13897707231030001 0.163668430335 0.0987654320988 0.3559082892426 0.3312169312173 0.8105820105824001 1.0130511463842 0.1728395061729 0.2818342151677 0.441622574956 0.40141093474449996 0.0 0.6663139329812999 0.4338624338622 0.13509700176359998 0.0571428571428 0.745679012346
0.5827190827215001 0.40008190008149996 0.4571228982985 0.162162162162 0.3394758394765 0.33415233415210005 0.7680782386678 0.5925470925465 0.2896372308134 0.405405405406 0.7378715614009999 0.47405694464479997 0.030303030303 0.0 0.7244062244065 0.4232788938668 0.2949607361365 0.0962325962325 0.8875078286841
0.0 0.0 0.0 0.0 0.0 0.0 0.0 0.0 0.0 0.0 0.0 0.0 0.0 0.0 0.0 0.0 0.0 0.0 0.0
0.0384615384615 0.4134615384615 0.076923076923 0.153846153846 0.24038461538460001 0.0384615384615 0.1634615384615 0.0384615384615 0.0 0.326923076923 0.0 0.0384615384615 0.0 0.0 0.0384615384615 0.0384615384615 0.125 0.1538461538462 0.115384615385
0.050717256599600004 0.1685379893584 0.07427436684392 0.0638751513363 0.0293268822681 0.1679896041349 0.12193697255620001 0.65446704997821 0.51524756633132 0.01451545530491 0.51696140976282 0.47361552276470004 0.33024461778361003 0.0106951871658 0.43664810421782 0.49169883264332 0.06905298004362 0.0320855614973 0.7781094894094299
0.3093283156577 0.47976774242590003 0.3312236286918 0.13150492264410002 0.2554833314327 0.1898734177216 0.3915117649292 1.0409016611552 0.7819971870606 0.17557114076090002 0.5645550613907 0.5845972554828001 0.8647888394721 0.0 1.1598909035634 0.5492264416317001 0.3948663853728 0.3015927319722 0.4933192686359
0.18341181276802998 0.45586449985366 0.28158483959051 0.24072531327455998 0.15068628064450001 1.19579974667554 0.7931920893588299 3.0774853056725697 1.67228986598397 0.0944936450651 1.46152289999393 1.06289866991067 1.20781422853094 0.1864230172509 1.8163178098347 1.08753119764531 0.44426027433914 0.13734500028579996 2.45035350332138
0.1176225077112 0.3068913568858 0.167145812796 0.2512998060231 0.037992495309499996 0.50368899457869 0.18679171502849 1.31507079371507 1.43219171343969 0.0576923076922 0.8886027482750899 0.9792604918605 0.91551931622949 0.0495426829268 0.8262398837725999 1.30109787897109 0.29430992026229996 0.0576923076922 2.31134726683228
0.0281690140844 0.0422535211267 0.0422535211267 0.0 0.0422535211267 0.0563380281689 0.0845070422534 0.0845070422534 0.0563380281689 0.0281690140845 0.0845070422534 0.0704225352112 0.0 0.0 0.0704225352113 0.1267605633802 0.0422535211266 0.056338028169 0.0845070422535
0.09078488702250001 0.3161348637311 0.34684021692960004 0.0633842671194 0.14308194409039998 0.6461210981945 0.5597276453077 1.5434561642604 1.383025076304 0.1456007868792 1.9037093495753001 1.2916842631507 0.8296630975211001 0.0396871945259 1.5293368742427003 1.3651805251373 0.3932925604407 0.0626794258373 1.346609759729
0.07451729686234 0.08336685438460001 0.09753189288596 0.0506119986208 0.01976784277668 0.1497672681302 0.0967992184807 0.49609240317198006 0.2624554648894 0.0 0.45194517871564 0.18150212619228 0.15403401907835998 0.0 0.28005401677952 0.38863349040338 0.03482358349612 0.03689231122866 0.14120503390406
0.1752247613783 0.6547610687545999 0.1985961248404 0.1669237760095 0.0660288668914 0.46095237139159995 0.5561044465785 1.8684048999454002 1.8149479325185 0.1716333233802 1.2314461476963001 0.8393720698364 1.1033591343712 0.0624264772138 1.2417553948370998 1.6045313818175 0.3491505097746 0.11588963960280001 2.3184916731646004
0.0 0.0 0.0 0.0 0.0 0.0 0.0 0.0 0.0 0.0 0.0 0.0 0.0 0.0 0.0 0.0 0.0 0.0 0.0
0.5123453547589001 0.7322482267654999 0.286289086879 0.4952439366425 0.0769230769231 0.736922889859 0.635568432008 2.0823222621396 1.5302220564120002 0.0682363724547 1.5650320572132 1.7936535259833 1.5110499695861 0.0769994327849 1.6294040415849 1.1364392985913998 0.5072892384185 0.5411757767413 3.082634964247
0.15062565172049 0.48050665521620006 0.1584524320675 0.3455836349141 0.07184873949580001 0.11013310433639999 0.4611789241248899 0.7816996871741 0.60498374532428 0.0 0.69368827823059 0.48937925535159 0.6052382997002901 0.0357142857142 0.86505857817528 1.08670183401799 0.393795620438 0.13713120284589 0.5282800711525
0.223795940901 0.4309966349436 0.2019362216731 0.154739996845 0.1713418160786 0.1923274094326 0.38724433461370006 0.8051356538198 1.0490299174522 0.0 0.49131789263369996 0.6792878174464999 0.5463812503293 0.0192307692308 0.9939994216314 1.4223999684531998 0.728153425522 0.048957621326 0.45372390767090004
0.30392156862729997 0.1421568627451 0.08823529411770001 0.0147058823529 0.29411764705869997 0.0147058823529 0.0294117647058 0.17156862745089999 0.0441176470588 0.0294117647058 0.0147058823529 0.10294117647050001 0.166666666667 0.0 0.2843137254906 0.0294117647058 0.0 0.2549019607842 0.0147058823529
0.1072518429625 0.13406235458355 0.22864122847865 0.12956087286610002 0.04874360167515 0.2943119198646 0.3001983786829 1.2966483799064 0.88733805197055 0.08068869241505 1.5388834463999999 0.7625064289386501 1.2448678700003502 0.195439739414 0.9432049178313 1.1840145967518998 0.1586368200631 0.09334206852624999 1.3716587886665499
0.16243291592179998 0.16243291592120002 0.0461538461538 0.0930232558139 0.1391771019678 0.0232558139535 0.43971377459789995 0.6254025044723999 0.25509838998269996 0.0232558139535 0.439713774598 0.3703041144895 0.184973166368 0.0926654740608 0.6940966010741 0.5549194991058 0.1846153846154 0.1162790697674 0.39248658318490004
0.3857613401095 0.31992283079269995 0.26357989836240003 0.2032843967625 0.0 0.12489177489170002 0.3670431018254 1.0493977037452 0.8017786561268999 0.0820346320346 0.5097214379829 0.8440617353671 0.36704310182559996 0.0649068322981 1.0620271033302 0.7736118953512 0.236956521739 0.276717485413 0.26725955204220003
0.0425531914893 0.0425531914893 0.1641337386017 0.142857142857 0.0425531914894 0.0 0.1565349544071 0.28419452887529995 0.10638297872329999 0.0212765957447 0.11398176291789999 0.6702127659582 0.0212765957447 0.0 0.0212765957447 0.0212765957447 0.0425531914893 0.08510638297869999 0.0212765957447
0.0 0.0 0.0 0.0 0.0 0.0 0.0 0.0 0.0 0.0 0.0 0.0 0.0 0.0 0.0 0.0 0.0 0.0 0.0
0.1330409356728 0.0277777777778 0.1052631578948 0.0277777777778 0.2690058479534 0.0 0.0555555555556 0.108187134503 0.08333333333340001 0.2383040935678 0.0277777777778 0.213450292398 0.1885964912282 0.0 0.16666666666680002 0.16374269005859998 0.0277777777778 0.108187134503 0.0555555555556
0.12886736615549998 0.21497068202979996 0.21254937452349998 0.0710813034761 0.0995426419154 0.3505886670208 0.30450277645519996 1.2097644769088998 0.8674595857767 0.0560716734037 1.3680060966073 1.0163480469136001 0.8022407506841 0.0225988700565 1.1219343894339 1.0674330200615 0.1388779136455 0.11299435028259999 0.8341680146518999
0.08987494957638001 0.165913674869 0.07196450181516 0.165913674869 0.11234368697058 0.1076240419526 0.21996772892299998 0.51565147236776 0.3852359822508 0.0314239612747 0.30951996772886003 0.17486889874949998 0.37628075837038 0.0 0.4573618394515999 0.30463896732568 0.1209762000807 0.0944332392093 0.2960064542152
0.29032631715459 0.44083971289178 0.21511821046721 0.22703105200350002 0.08813095799671 0.6575996762763799 0.64747839611622 2.3853149852734203 1.11284327323293 0.03151133195973 0.9503929361268899 0.72888009851624 1.03530695421071 0.13807718591213 1.04547636006185 0.70175111699688 0.32756893947127996 0.09676416618148 0.87958832914711
0.18966435822670002 0.23918460350589996 0.09809800147520001 0.2786203242795 0.0183486238532 0.5491671372919 0.33373936771010004 0.8578650434698 0.9706900529527 0.0366972477064 0.9889796338028 0.6744032966619 0.9647166502072999 0.033973623853200005 1.1284912587036 1.0159797129669 0.35157357688220003 0.11674110735550002 1.1530663790954
0.0 0.0 0.0 0.0 0.0 0.0 0.0 0.0 0.0 0.0 0.0 0.0 0.0 0.0 0.0 0.0 0.0 0.0 0.0
0.0243902439024 0.0487804878048 0.0121951219512 0.0487804878048 0.0 0.1097560975613 0.12195121951219999 0.1829268292681 0.2317073170731 0.0 0.2560975609755 0.25609756097490005 0.1585365853658 0.0121951219512 0.2317073170731 0.2073170731706 0.0121951219512 0.0 0.08536585365839999
0.08923276501100999 0.0819652341863 0.183486238532 0.06898841139541 0.045871559633 0.41084119395249996 0.13983004740170998 1.6731591868937397 1.11545249284251 0.00657894736841 0.99422610020274 0.38776004651771 0.62133180541512 0.0 0.6388889833451301 0.98190640705721 0.1566943913601 0.03474796145291 0.36903822743341
0.24903753782807997 0.33002979914919 0.17486886133840002 0.25888978576730004 0.1150531153717 0.5984666889680901 0.32246372741899 0.9447015476280999 0.99275412404769 0.0495360785215 0.5680164039191901 0.9183188893715699 0.97210765302499 0.0578856374463 1.2108813497172901 1.0331259713903802 0.26604424672359 0.07458339487490001 0.8632351874888999
0.0909090909091 0.0 0.0909090909091 0.0 0.0 0.0 0.0 0.0909090909091 0.0 0.0 0.0 0.0909090909091 0.0909090909091 0.272727272727 0.0909090909091 0.181818181818 0.0 0.0 0.0
0.3673005946333 0.52264575244061 0.19340897294550002 0.33670550510089997 0.1899229270836 0.43834045747181 0.34980954351210997 1.25551719056244 1.0429897568089002 0.068951930654 0.76815167799101 0.44203051707141006 0.7945214379121 0.026958413926409998 1.2793639376095198 0.5819929464310101 0.47552139389081 0.15704367411751 0.70882336983921
0.0650793650793 0.632018074184 0.2179751501921 0.4672424675483 0.059351276742600004 0.49344126551179995 0.2893251423341 1.8486210569649997 1.119291980429 0.015873015873 0.8346486423595001 0.9730506813199999 0.9145215020209999 0.15409922775840001 1.4989316558713999 1.0174306513474 0.3867630835257 0.0593512767425 0.9529844841943
0.0346326836581 0.15637181409290002 0.034482758620670004 0.08680659670169999 0.01724137931034 0.06926536731627 0.0780359820089 0.41589205397347995 0.45989505247459994 0.00862068965517 0.09542728635671001 0.23395802098954 0.14745127436261 0.0346326836581 0.34707646176934 0.45142428785600996 0.12946026986497 0.0694152923537 0.12991004497737002
0.0588235294118 0.1176470588236 0.0784313725491 0.0196078431373 0.1176470588236 0.0 0.0196078431373 0.11764705882359999 0.0196078431373 0.0196078431373 0.0196078431373 0.0980392156863 0.0784313725491 0.0 0.1372549019608 0.0196078431373 0.0588235294118 0.0196078431373 0.0
0.0481927710844 0.1414852781291 0.11186403070840001 0.13614457831309998 0.0 0.1625862566286 0.1868668042335 0.7641083671706601 0.43485544387474 0.00552486187844 0.7418247575929999 0.4388493199312 0.5497148816260999 0.023097916528 0.52155805542582 0.4144045796443 0.17410193259248 0.0 1.1448201646379799
0.0 0.0 0.0 0.0 0.0 0.0 0.0 0.0 0.0 0.0 0.0 0.0 0.0 0.0 0.0 0.0 0.0 0.0 0.0
0.1672794117648 0.3091911764705 0.1419117647059 0.1419117647059 0.0481617647059 0.13125 0.1606617647059 0.5382352941174999 0.39632352941149995 0.0562499999999 0.1338235294115 0.11249999999999999 0.20477941176439998 0.0294117647059 0.5205882352943 0.3294117647057 0.23823529411760003 0.0 0.3400735294117
0.0217391304348 0.0434782608696 0.0217391304348 0.0 0.0 0.0217391304348 0.108695652174 0.1956521739132 0.0652173913044 0.0 0.0652173913044 0.0217391304348 0.1739130434784 0.0434782608696 0.0652173913044 0.0434782608696 0.0217391304348 0.0 0.0869565217392
0.0 0.0 0.0 0.0 0.0 0.0 0.0 0.0 0.0 0.0 0.0 0.0 0.0 0.0 0.0 0.0 0.0 0.0 0.0
0.10344827586210001 0.0 0.0 0.0344827586207 0.103448275862 0.0 0.0344827586207 0.10344827586210001 0.0344827586207 0.0689655172414 0.10344827586210001 0.0689655172414 0.0344827586207 0.0 0.0344827586207 0.0344827586207 0.0689655172414 0.0689655172414 0.10344827586210001
0.0852192362093 0.0785100126554 0.0907280577681 0.0456152758133 0.0 0.1927994491178 0.2530801012434 0.45853495123969995 0.3955650264276 0.0 0.6785900394555 0.4364810541206 0.45803245738139997 0.0 0.5134184471082 0.5942455147764 0.1241252884687 0.0535714285714 0.5414836596446
0.388382267672 0.2809551420589 0.12408412840649999 0.1356807759211 0.0514469453376 0.16140424858969998 0.7298508249429 0.8700648358025002 0.7086605872126 0.09836065573769999 0.8957883084717001 0.8912550735338001 0.8584681882865001 0.0514469453376 1.4758315323377 1.1459596225802 0.4186389752777 0.2224447841442 0.49127615834679994
0.30656292975239996 0.511737926987 0.28493753637089997 0.4163707462799 0.16458801689480002 0.8299368768872999 0.6740636778761 2.1787508037657 1.4201338946600002 0.0637465286542 1.2282198947860001 1.28226629609 1.4853225099484 0.24036747282139997 1.3143220018133999 1.2927414238552002 0.6623662108385 0.170008354219 1.4735568975006
0.18968491814354 0.26249842072394 0.08695053052222 0.1739010610444 0.0 0.36164631248713 0.26390186891841 0.78933509308766 0.56118254700567 0.0 0.45684748073105996 0.47735312457603 0.5457940542270301 0.051211913988200006 0.8775077758610501 0.8042002456755499 0.3019339022127 0.03817004271732 0.7578807080756
0.333333333333 0.333333333333 0.0 0.0 0.0 0.0 0.166666666667 0.0 0.0 0.0 0.0 0.0 0.0 0.0 0.0 0.0 0.166666666667 0.0 0.0
0.06115567287382 0.18779384057332 0.1247358834243 0.038708133971189995 0.0 0.20121755136541 0.26083753134168997 1.0568369685838501 0.60586982679157 0.0 0.34965969497573 0.38742988334530004 0.24811497198021001 0.02519285226051 0.60600786438433 0.43020244173700994 0.04870813397129 0.03777777777779 0.32975097064235
0.08102022435107001 0.14509129615959998 0.06407107180857 0.10271841480386999 0.0193236714976 0.20171129124707 0.10644395316446999 0.5596904937360699 0.512241054615 0.00847457627117 0.5556374355206 0.20068779169759998 0.795996069761 0.04712191926627 0.64885777450211 0.6970031933187699 0.025423728813510002 0.053221976582300004 0.1752640628838
0.34269579328237 0.33454027876497 0.06289881896704 0.22345900850168 0.17518796992479999 0.42358768914336997 0.30240917552470004 1.6043454100564802 1.6150537903574502 0.12917539751004 0.84594329247566 1.1997440432842699 1.09373113407061 0.0882352941176 1.03441521705595 0.9165346596603201 0.24862724607695 0.23990835333267 1.11950742788989
0.0 0.0 0.0 0.0 0.0 0.0 0.0 0.0 0.0 0.0 0.0 0.0 0.0 0.0 0.0 0.0 0.0 0.0 0.0
0.29732817757459995 0.479771280293 0.22119408019151 0.20156700293721003 0.03634274222511 0.53560423864331 0.38638839411371 1.3592547170792 1.0943126223652 0.0597106272951 0.88153410809041 0.40245410082051003 1.09383534637551 0.0508474576271 1.5282572048487302 0.71277031400242 0.3820143212583 0.0332112332112 1.24360203104512
0.1694303460727 0.3658008903308 0.073566599114 0.19930645041689998 0.0106382978723 0.2066370928384 0.4370295403761 0.7466283660722001 0.44131508077020004 0.0373258128733 0.5207918029708001 0.6013748504045 0.4613410690056 0.19805352798069997 0.8504486442985 0.9820156120203001 0.26646161755639997 0.0600530856005 0.37178131342599996
0.0891514500536 0.3338584556623 0.282629192027 0.155555555556 0.1113736722758 0.0222222222222 0.3576858813703 1.1513963480111002 0.6257488960494 0.0222222222222 0.18145960138420003 0.3964255877784 0.2823666308626 0.088888888889 0.5318355412335001 0.3286251342639 0.7219477264605001 0.0616959064327 0.25491108724190004
0.41904761904699994 0.383333333333 0.3476190476193 0.1428571428573 0.20952380952369998 0.0 0.1380952380952 0.245238095238 0.0357142857143 0.107142857143 0.0357142857143 0.2857142857146 0.102380952381 0.0 0.3785714285713 0.0 0.0 0.1690476190477 0.0
0.4294536367017999 0.3178782912748 0.1894999233914 0.1403332199508 0.041039671682600004 0.6189629705552999 0.3656649913294 1.4687557073787 1.224497437842 0.0465116279069 1.2777861984669001 0.9256900907712999 1.0353037656566 0.1438340951697 1.4707594965967998 1.2501355152433002 0.3779467884872 0.0504116712407 1.6255349003489
0.3435354691082 0.3881578947381 0.1062030075187 0.1233654789147 0.1684782608696 0.0968045112781 0.4854527623409 0.5740438051649001 0.2721068976789 0.0535714285714 0.2556390977442 0.396412226218 0.22817914351110002 0.0178571428571 0.6259807126517 0.2897188623733 0.08765119320039999 0.17857142857129998 0.30827067669150005
0.1929429429428 0.1366366366366 0.08258258258250001 0.0 0.08108108108100001 0.0 0.13588588588580003 0.2995495495494 0.1103603603603 0.054054054054 0.16591591591580002 0.0277777777778 0.135135135135 0.0277777777778 0.1659159159159 0.21846846846829998 0.0277777777778 0.138138138138 0.0
0.21323529411769998 0.18872549019610002 0.2377450980392 0.1004901960785 0.1176470588235 0.0710784313726 0.6299019607844 0.6004901960787001 0.3627450980396 0.0 0.1299019607844 0.1715686274509 0.4044117647059 0.0 0.44607843137250003 0.1960784313726 0.0294117647059 0.0294117647059 0.0710784313726
0.0 0.0 0.0 0.0 0.0 0.0 0.0 0.0 0.0 0.0 0.0 0.0 0.0 0.0 0.0 0.0 0.0 0.0 0.0
0.176470588235 0.0 0.0588235294118 0.0 0.0588235294118 0.0 0.0588235294118 0.2352941176468 0.0588235294118 0.0 0.0 0.0 0.0588235294118 0.0 0.176470588235 0.0 0.0 0.0588235294118 0.0588235294118
0.0153846153846 0.1405677655677 0.051602564102500005 0.057142857142800006 0.0208333333333 0.2777014652013 0.0625 0.537912087912 0.4579212454214 0.0428113553113 0.8077838827843 0.4742673992681 0.4656593406593 0.026373626373600002 0.4161630036628 0.4983516483516999 0.1296703296703 0.0153846153846 0.5019688644697
0.14189976690007 0.08770396270387 0.09207459207457001 0.09586247086247 0.0 0.15326340326340002 0.14947552447554002 0.46998834498862 0.06818181818175001 0.0 0.03787878787876 0.17540792540777 0.1217948717948 0.0265151515152 0.10984848484834 0.10984848484850002 0.08391608391600001 0.04224941724937 0.03409090909084
0.126592819015 0.35226943702990005 0.2161355413551 0.0719342265308 0.0704225352112 0.38401431250249995 0.5514839671181 1.6584747403502003 0.9097810008270999 0.0690721223158 0.7552324926243001 0.9433448293918001 0.7805067673657 0.24769795242030002 0.8329583310693001 0.9320134219449 0.333913696591 0.0872806258949 0.6768711804389
0.3003210936621 0.5883450530637 0.1269640852974 0.2609232420826 0.0493827160493 0.397286878446 0.23344068706389998 1.3773017952307 0.9651251815173001 0.0 0.47371663494829996 0.7651656915655 0.9000342000729 0.136363636364 1.5330842575353003 1.2504977729989 0.5117796320696 0.09259259259250001 1.0376748494447001
0.0 0.0 0.0 0.0 0.0 0.0 0.0 0.0 0.0 0.0 0.0 0.0 0.0 0.0 0.0 0.0 0.0 0.0 0.0
0.0979455327282 0.1979455327281 0.0544672718586 0.2414237935977 0.0 0.5373148590542 0.1419015766842 1.180649784998 0.7467271858583999 0.0 0.546249402771 0.6126612517914 0.7526516961306999 0.021978021978 1.0536072623039 0.6117056856186001 0.0764452938366 0.0 1.1263258480663
0.07476635514010001 0.25982603066709997 0.16863858882549998 0.0633572035441 0.018691588785 0.30147186147189997 0.31363029493829997 0.7735242950197001 0.43092770158169996 0.012987012987 0.5094178096045 0.3651074159485 0.3362382166118 0.038961038961 0.44453938584790004 0.4728518833187 0.2185944896221 0.050370190557 0.146098636566
0.1303221483633 0.22396476004729998 0.10225992464889999 0.0417974002689 0.09960270829830001 0.23621636620269998 0.18213577603980002 0.5653662242639 0.3376605939357 0.0 0.3971793558301 0.19291996421090002 0.4533838442404 0.0103092783505 0.1884854054285 0.3348538235359 0.0444280805106 0.0919506462984 0.36716369952609995
0.0 0.0 0.0 0.0 0.0 0.0 0.0 0.0 0.0 0.0 0.0 0.0 0.0 0.0 0.0 0.0 0.0 0.0 0.0
0.3613083782784 0.4618312457722 0.0725828623178 0.4512367691175 0.1651754549104 1.0530252798468 0.4764957264956 1.2205918621482 1.1660543129913001 0.0208333333333 1.1058777192884 0.6580025781180999 1.0502621918195 0.2116752514101 1.4896546763257 1.1234018158691 0.5461662448421 0.1004273504273 1.2653969466886998
0.0128205128205 0.11951325510638 0.0 0.08197522816158001 0.022435897435880002 0.13233376792697998 0.15248804867438 0.45795306388536 0.1098978704911 0.0 0.41487396784006 0.24272055627986003 0.26971968709238003 0.0192307692308 0.40487831377674 0.3672859626249 0.08746197305509999 0.0169491525424 0.0874619730552
0.303571428572 0.431980519481 0.1696428571428 0.1249458874458 0.1142857142856 0.067803030303 0.4463744588738 1.1816558441568 0.844480519481 0.0571428571428 0.5281385281388 0.8032467532459999 0.43170995670999995 0.0 0.8512445887436 0.9259740259744 1.0803571428578 0.189285714286 0.448160173161
0.0 0.0 0.0 0.0 0.0 0.0 0.0 0.0 0.0 0.0 0.0 0.0 0.0 0.0 0.0 0.0 0.0 0.0 0.0
0.1702003081664 0.1940046136936 0.30989731471070003 0.088044723638 0.0227272727273 0.23916999367239997 0.28199246349560003 1.3782958667757 0.5677638917978001 0.0710880829015 0.7138455479129 0.4557414755264 0.5330999301332 0.0546236936857 0.6594540967357999 0.48516622542 0.16 0.0454545454545 0.5694299535539
0.1553544494721 0.2929864253398 0.1168929110106 0.0576923076923 0.07692307692309999 0.0976621417798 0.25226244343890003 0.0969079939668 0.0192307692308 0.1168929110105 0.0392156862745 0.2722473604823 0.1745852187029 0.0392156862745 0.3329562594273 0.48906485671129996 0.0969079939668 0.07692307692309999 0.19607843137199998
0.17903225806439999 0.2169868309777 0.0724719101123 0.3735471789294 0.1449438202246 0.1534372357133 0.4320405944178 0.9222423583428 0.4312794490753 0.0 0.584402561314 0.7459043131564 0.6509604929322999 0.0860215053763 0.7497704482302999 0.5501993475888001 0.43397366195459997 0.0 0.2727860335869
0.1328434143583 0.3321085358965 0.0664217071791 0.0836630864895 0.0491803278688 0.1475409836065 0.10090446579979999 0.48219332956499994 0.1845675522892 0.0172413793103 0.3468061051444 0.2362916902204 0.4451667608826 0.0664217071791 0.49943470887520003 0.10090446579969999 0.0664217071791 0.08366308648939999 0.5582249858688
0.33333333333360005 0.1111111111112 0.0 0.16666666666660002 0.0 0.0 0.0 0.0 0.1111111111112 0.0 0.0555555555556 0.0 0.0555555555556 0.0 0.111111111111 0.0 0.0555555555556 0.0 0.0
0.0 0.0 0.0 0.0 0.0 0.0 0.0 0.0 0.0 0.0 0.0 0.0 0.0 0.0 0.0 0.0 0.0 0.0 0.0
0.0 0.0350877192982 0.0 0.0 0.0175438596491 0.0175438596491 0.0 0.1578947368421 0.0350877192982 0.0 0.2456140350878 0.08771929824550001 0.1403508771932 0.0 0.0877192982457 0.10526315789480001 0.0175438596491 0.0 0.0526315789473
0.36041477902019997 0.4478505990148 0.030303030303 0.079734219269 0.0 0.56558944931 0.4175475687112 0.6870532568202 1.0857243531675 0.110037249572 0.8656498540215 0.6415987113653 0.9376824725670001 0.0834591764823 0.8085170643312999 1.1123024262565 0.2352260142955 0.045454545454500006 0.485855230042
0.3280645819951 0.39729763649518 0.1483584868267 0.0861624291201 0.02503113325029 0.40787151695379004 0.2782488029627 1.4600948911269 0.7276937238265799 0.109523579835 0.47187729480747 0.90208167931599 0.48738929377569 0.0479915433403 1.01728855019168 0.75383003051628 0.22436737485917999 0.0768287819314 1.04999866886839
0.1502442002441 0.1485347985347 0.0535714285714 0.08186813186809999 0.0230769230769 0.19725274725319997 0.234768009768 0.36800976801019997 0.7294871794866 0.0178571428571 0.6083943833942 0.5140109890115 0.6854090354093001 0.16071428571409999 0.5539987789987999 0.5447496947505001 0.2852869352866 0.08015873015870001 0.5626068376078
0.0384615384615 0.0192307692308 0.0 0.0 0.0384615384616 0.0192307692308 0.0192307692308 0.09615384615389999 0.0384615384616 0.0384615384615 0.0192307692308 0.096153846154 0.1153846153846 0.0192307692308 0.153846153846 0.19230769230769998 0.0 0.0192307692308 0.07692307692309999
0.0384615384615 0.10256410256410001 0.0 0.051282051282 0.0 0.0897435897436 0.11538461538450001 0.2820512820512 0.20512820512820001 0.0 0.1794871794871 0.25641025641070003 0.08974358974350002 0.025641025641 0.1794871794874 0.217948717949 0.0384615384615 0.0128205128205 0.11538461538450001
0.10215359609900002 0.2030069077617 0.0895570906135 0.0273872409589 0.0273872409589 0.12303941487219999 0.166924014628 0.432100772043 0.19780577001190003 0.0 0.34343762698130004 0.2104022754984 0.21649735879710003 0.0086956521739 0.2851686306379 0.2512799674931 0.07476635514 0.07346607070290001 0.1669240146288
0.0761067606044 0.07325268817189999 0.055346385542200005 0.0533058796614 0.0120481927711 0.23161175932260003 0.1723891103191 0.6446430023458001 0.4661221240487 0.1078729812867 0.3358372577473 0.2477165870068 0.5994885513223001 0.0335535691152 0.49442510949740004 0.5708193101851999 0.15910407243250002 0.0 0.6663566586187
0.0 0.0 0.0 0.0 0.0 0.0 0.0 0.0 0.0 0.0 0.0 0.0 0.0 0.0 0.0 0.0 0.0 0.0 0.0
0.0149253731343 0.1667273389153 0.08063341827446 0.00746268656716 0.0 0.031852930469560004 0.07662904987255999 0.38769566800145994 0.34437568256275997 0.0 0.24736075718972 0.13287222424466 0.32198762286098 0.031852930469560004 0.40316709137178003 0.1721878412813 0.1831088460141 0.0467783036039 0.3503822351659
0.025641025641 0.051282051282 0.0128205128205 0.025641025641 0.0128205128205 0.0384615384615 0.0384615384615 0.1410256410256 0.025641025641 0.0 0.102564102564 0.07692307692309999 0.1282051282051 0.0 0.076923076923 0.0897435897435 0.025641025641 0.0 0.1282051282055
0.0582524271844 0.0582524271844 0.0388349514563 0.0194174757281 0.0 0.0194174757281 0.0388349514563 0.0970873786405 0.3300970873787 0.0 0.09708737864059999 0.1747572815534 0.1359223300969 0.0 0.1941747572814 0.3300970873786 0.2135922330105 0.0194174757281 0.1747572815532
0.0 0.0 0.0 0.0 0.0 0.0 0.0 0.0 0.0 0.0 0.0 0.0 0.0 0.0 0.0 0.0 0.0 0.0 0.0
0.0 0.0127388535032 0.0676283252154 0.0 0.0127388535032 0.21562382914970002 0.114649681529 0.4518546272012 0.253840389659 0.0 0.41944548520040004 0.16560509554140002 0.3136005994755 0.0294117647059 0.14799550393410002 0.1440614462345 0.0127388535032 0.0 0.6380666916449
0.1967213114755 0.1967213114755 0.0491803278689 0.0983606557378 0.0983606557378 0.0983606557378 0.1475409836066 0.3442622950825 0.2459016393443 0.0 0.1475409836067 0.1967213114755 0.0491803278689 0.0491803278689 0.49180327868960005 0.2459016393448 0.0491803278689 0.1475409836066 0.1475409836066
0.0 0.0787401574803 0.0157480314961 0.00787401574803 0.0 0.04724409448823 0.055118110236230006 0.12598425196861998 0.09448818897653001 0.0 0.06299212598435999 0.0866141732286 0.09448818897632 0.00787401574803 0.11023622047256 0.11811023622063 0.00787401574803 0.01574803149606 0.07086614173229
0.281818181818 0.178947368421 0.3789473684211 0.0 0.1526315789474 0.0526315789474 0.44258373205810003 0.1052631578948 0.5215311004787 0.0263157894737 0.2172248803827 0.0263157894737 0.0 0.0 0.2315789473684 0.2052631578948 0.1263157894737 0.0 0.0526315789474
0.0 0.0 0.0 0.0 0.0 0.0 0.0 0.0 0.0 0.0 0.0 0.0 0.0 0.0 0.0 0.0 0.0 0.0 0.0
0.0 0.0 0.0 0.0 0.0 0.0 0.0 0.0 0.0 0.0 0.0 0.0 0.0 0.0 0.0 0.0 0.0 0.0 0.0
0.0 0.181818181818 0.0454545454545 0.0 0.0 0.136363636364 0.0454545454545 0.2272727272726 0.0454545454545 0.0454545454545 0.4545454545457 0.1363636363636 0.090909090909 0.0909090909091 0.090909090909 0.36363636363609997 0.0 0.0 0.0454545454545
0.0220994475138 0.2872928176794 0.0441988950276 0.1767955801104 0.0220994475138 0.11049723756900001 0.17679558011059998 0.41988950276229997 0.30939226519330004 0.0 0.3314917127072 0.3314917127073 0.3093922651932 0.0662983425414 0.5524861878454 0.3535911602209 0.1325966850828 0.0662983425414 0.2872928176795
0.0526315789474 0.21791839148460002 0.1332052040212 0.0937315198107 0.0468657599053 0.3617681845058 0.0863394441158 0.6133944411591 0.5476049674745 0.0337078651685 0.6914547604960001 0.4095209934945 0.3806918982847 0.0 0.5286812536956 0.3075103489057 0.0526315789473 0.0131578947368 0.4291839148434
0.0942389758179 0.159946885563 0.027027027027 0.0394736842105 0.0 0.1076774505068 0.18697391259 0.5270009265673 0.4724672765471001 0.0183486238532 0.4269415480182 0.2911636890388 0.3785088806813 0.0550458715595 0.4536879950929 0.4062471452618 0.057822308063700006 0.0 0.29742779960050003
0.0 0.0 0.0 0.0 0.0 0.0 0.0 0.0 0.0 0.0 0.0 0.0 0.0 0.0 0.0 0.0 0.0 0.0 0.0
0.0428571428571 0.1583478698568 0.13612477978242998 0.0716845878136 0.0555555555555 0.10094899632893001 0.1576548899129 0.37486179454483 0.36372942105586004 0.0508474576271 0.42968444895706 0.3004395671154 0.33948293368758997 0.00806451612903 0.51188089597136 0.44526890398915997 0.18369175627243 0.0 0.26887448254312
0.0 0.025 0.025 0.0 0.0 0.05 0.0 0.1625 0.1125 0.0125 0.11249999999999999 0.0 0.1000000000003 0.0625 0.05 0.2500000000002 0.0 0.025 0.0125
0.0294117647058 0.0357142857143 0.0357142857143 0.205882352942 0.0294117647058 0.1428571428573 0.1533613445376 0.21848739495779998 0.0714285714286 0.0 0.1365546218488 0.1533613445377 0.2962184873955 0.0 0.15966386554610001 0.0651260504201 0.0294117647058 0.0588235294116 0.1785714285716
0.0 0.0 0.0 0.0 0.0 0.0 0.0 0.0 0.0 0.0 0.0 0.0 0.0 0.0 0.0 0.0 0.0 0.0 0.0
0.10334346504559999 0.1293698612941 0.0737667033698 0.0496140086612 0.0353982300884 0.1481406442474 0.278871113803 0.7220683761873999 0.5092779065332 0.0161290322581 0.37893384769930005 0.2930744555038 0.2669323674227 0.0331813576495 0.41896098032659995 0.6460825588488001 0.3592364454731 0.0176991150442 0.5199195305461
0.0 0.037037037037 0.0 0.0 0.037037037037 0.074074074074 0.0 0.481481481481 0.111111111111 0.037037037037 0.259259259259 0.148148148148 0.259259259259 0.0 0.407407407407 0.074074074074 0.0 0.0 0.074074074074
0.0 0.0 0.0 0.0 0.0 0.0 0.0 0.0 0.0 0.0 0.0 0.0 0.0 0.0 0.0 0.0 0.0 0.0 0.0
0.0 0.0 0.0 0.0 0.0 0.0 0.0 0.0 0.0 0.0 0.0 0.0 0.0 0.0 0.0 0.0 0.0 0.0 0.0
0.00961538461538 0.083746898263 0.03846153846148 0.0 0.0 0.061104218362240004 0.03846153846148 0.49224565756916 0.06730769230768 0.0322580645161 0.212158808933 0.12499999999998 0.25744416873448 0.00961538461538 0.26085607940433997 0.13802729528548 0.0645161290322 0.00961538461538 0.09956575682376
