0.0294117647059 0.2058823529417 0.117647058824 0.0 0.0 0.0 0.117647058824 0.2352941176469 0.0294117647059 0.0588235294117 0.0294117647059 0.2941176470587 0.0882352941176 0.0 0.4117647058817 0.35294117647080003 0.0 0.0294117647059 0.0
0.2843891402712 0.3977375565608 0.162443438914 0.115384615385 0.23076923077 0.7848416289597 0.2757918552034 0.9361990950240001 0.7165158371055 0.4210407239823 0.3056561085972 0.7418552036204 0.1902714932126 0.0941176470588 0.6800904977378 0.5622171945708001 0.1325791855203 0.162443438914 0.8056561085971999
0.151515151515 0.09090909090900001 0.242424242424 0.0 0.0 0.0 0.060606060606 0.39393939394 0.060606060606 0.121212121212 0.060606060606 0.36363636363600005 0.0 0.0 0.030303030303 0.151515151515 0.060606060606 0.030303030303 0.181818181818
0.0 0.0 0.0 0.0 0.0 0.0 0.0 0.0 0.0 0.0 0.0 0.0 0.0 0.0 0.0 0.0 0.0 0.0 0.0
0.0 0.0 0.1 0.0 0.0833333333333 0.0 0.0 0.466666666667 0.0833333333333 0.1 0.0 0.166666666667 0.3333333333333 0.0 0.4833333333333 0.0 0.0 0.0 0.18333333333329999
0.0277777777778 0.0895306197287 0.0265676567657 0.00925925925925 0.0 0.2562706270628 0.13041804180415 0.41938027136100003 0.3004400440043 0.0450861752842 0.3107627429411 0.15619728639525 0.1612577924459 0.0185185185185 0.28412174550815006 0.34246424642445 0.0 0.00925925925925 0.41268793546070004
0.2365665472588 0.04725819785064 0.0104712041885 0.015706806282740002 0.08418297051533999 0.052356020942399994 0.26798015982348 0.24138881234522003 0.07329842931938 0.0526315789474 0.11008542298158 0.18393496831138 0.09437861669894 0.0 0.1835216313034 0.162441443924 0.04725819785063999 0.08418297051533999 0.052356020942440004
0.4204620505261 0.8442469381008001 0.5164536552778 0.0652482269503 0.053495440729400004 0.8710900675785 1.0630862684191 4.9778994329866 1.2384571503719999 0.050979566041699995 1.7450523690636 1.1988622283203 1.2028520957933 0.0 1.5540385077699002 0.9803026752038 0.2780864740966 0.2215999233473 1.7177869294180999
0.08439796888408 0.24749082184198 0.07809130747297999 0.11455108359130001 0.0144927536232 0.037886340977080005 0.27432817825690003 0.671610397198 0.49827824811446 0.0434782608695 0.74108326219698 0.6312703278774 0.5052640315798 0.1377708978327 0.77157379793238 0.41866176787655995 0.36652771184678 0.0 0.3632428420307
0.0 0.0 0.0 0.0 0.0 0.0 0.0 0.0 0.0 0.0 0.0 0.0 0.0 0.0 0.0 0.0 0.0 0.0 0.0
0.0495867768594 0.5325518637205001 0.1691684938436 0.0 0.0 0.8251813121947 0.4852841963221 1.3122786304611997 0.5960954629784 0.0227272727273 0.955346601452 0.3977483555399 0.4729296677347 0.0495867768594 0.8504806881428 1.0248355540579002 0.0495867768594 0.0 1.2066115702483
0.0121951219512 0.036585365853600005 0.0243902439024 0.0 0.0 0.0487804878048 0.0853658536585 0.0975609756096 0.1951219512195 0.0 0.0853658536585 0.0243902439024 0.0487804878048 0.0 0.0487804878048 0.1341463414633 0.0 0.0121951219512 0.14634146341520002
0.16 0.1575 0.0125 0.0 0.0 0.07750000000000001 0.1975 0.4475000000003 0.0925 0.0 0.10250000000000001 0.2525 0.365 0.052500000000000005 0.44499999999999995 0.2925 0.1175 0.0125 0.21500000000000002
0.0 0.0 0.0 0.0 0.0 0.1 0.0 0.05 0.5 0.0 0.0 0.05 0.2 0.0 0.0 0.0 0.0 0.0 0.1
0.2542285601109 0.35806819199210005 0.0819427148193 0.1744560838039 0.0592592592592 0.17739034177359997 0.4735819109712 0.8690664365923 0.3138614183736 0.0 0.41044367934070003 0.4002886778072 0.1297853637095 0.0 0.9551569956884001 0.6191780821918 0.1626262626262 0.0740740740741 0.486591946866
0.0140845070422 0.0845070422536 0.0 0.0281690140845 0.0 0.0140845070422 0.140845070422 0.0845070422535 0.0563380281689 0.0 0.0281690140844 0.0704225352112 0.056338028169 0.0 0.0985915492958 0.11267605633800001 0.19718309859150002 0.0 0.0140845070422
0.0689655172413 0.24137931034500001 0.1379310344826 0.0689655172413 0.0 0.0689655172413 0.0689655172413 0.3793103448268 0.172413793103 0.0344827586206 0.1034482758619 0.0344827586206 0.0689655172413 0.0 0.4137931034493 0.0689655172412 0.586206896552 0.103448275862 0.379310344828
0.25 0.0 0.375 0.0 0.0 0.0 0.125 0.125 0.0 0.0 0.0 0.0 0.0 0.0 0.0 0.0 0.0 0.125 0.0
0.0357142857143 0.15989010989018 0.05 0.0 0.0142857142857 0.2362637362635 0.092857142857 0.98516483516582 0.38406593406589995 0.17857142857129998 0.48461538461554 0.09065934065930001 0.45329670329733995 0.0 0.1846153846152 0.32857142857180005 0.0714285714285 0.0 1.2500000000004001
0.28377192982460003 0.3975877192992 0.0631578947369 0.0524122807017 0.0210526315789 0.0210526315789 0.29473684210570006 0.2412280701753 0.1149122807018 0.0105263157895 0.062499999999900004 0.2096491228071 0.3144736842104 0.0 0.5782894736858 0.1359649122805 0.0837719298244 0.0105263157895 0.10438596491220001
0.0412457912458 0.35269360269399996 0.074074074074 0.063973063973 0.0185185185185 0.1136363636364 0.2887205387215 0.40235690235730004 0.2230639730638 0.0 0.2003367003371 0.1464646464646 0.274410774411 0.0681818181818 0.25589225589229997 0.1548821548821 0.0 0.12373737373730001 0.1978114478116
0.0851063829787 0.0 0.0851063829787 0.0 0.0 0.127659574468 0.0 0.127659574468 0.38297872340399997 0.0 1.0 0.0851063829787 0.0425531914893 0.0 0.1276595744679 0.0851063829787 0.0425531914893 0.0 0.8085106382986
0.333333333333 0.0416666666667 0.125 0.0833333333333 0.0833333333333 0.0 0.0 0.125 0.0 0.0 0.0 0.0 0.0416666666667 0.0 0.125 0.0 0.0 0.0416666666667 0.0
0.0 0.0 0.0 0.0 0.0 0.0 0.0 0.0 0.0 0.0 0.0 0.0 0.0 0.0 0.0 0.0 0.0 0.0 0.0
0.0263157894737 0.2521565106798 0.1145887105823 0.0298507462686 0.0 0.2984027232257 0.2565742715001 1.2551864736462999 0.5290577189237999 0.0561665357423 0.5180563348674 0.2935884487336 0.5255227621283 0.0 0.6686829012822 1.096910185912 0.0561665357423 0.0 2.0227733512885
0.04666666666666 0.05333333333326 0.00666666666666 0.00666666666666 0.0 0.04666666666666 0.01333333333332 0.16000000000032 0.10666666666659999 0.00666666666666 0.0333333333333 0.0333333333333 0.06666666666668 0.0266666666667 0.15999999999991998 0.07333333333326 0.0733333333333 0.00666666666666 0.07999999999992
0.3061418836674 0.6447680864337 0.31089511533840003 0.0102040816326 0.06344047938109999 0.6460868708675 1.0764157071070999 2.2830930075506 0.8197891286709 0.1853502188867 0.6334302850119999 0.8345620510396 0.9503017448255001 0.0 0.9015858350182 0.5759520817124 0.0447984071676 0.0833333333333 1.6298516823556
0.034855769230699996 0.2800480769229 0.09375 0.034855769230699996 0.0 0.0910213097712 0.1962058212057 0.6519295738047 0.48700623700619994 0.03125 0.22108887733869997 0.11298076923059999 0.282386954262 0.0 0.4046582640331 0.10453482328469998 0.2500000000005 0.0 0.7234277546776
0.0 0.0 0.0 0.0 0.0 0.0 0.0 0.0 0.0 0.0 0.0 0.0 0.0 0.0 0.0 0.0 0.0 0.0 0.0
0.0 0.2139787707583 0.1911915767847 0.090909090909 0.0243902439024 0.3392287905929 0.23220568646360001 0.6821612152947 0.5389914022403 0.0365853658536 0.6940310504806999 0.3845643286942 0.4008497542602 0.0169491525424 1.0374071429478 0.47001056451250006 0.0555555555556 0.0 0.5909903082083
0.0294117647059 0.0 0.0588235294118 0.0 0.0 0.0588235294118 0.176470588235 0.1176470588235 0.2941176470584 0.0 0.2647058823526 0.0882352941176 0.0882352941176 0.0294117647059 0.32352941176460004 0.264705882354 0.0294117647059 0.0294117647059 0.14705882352990002
0.0 0.029388083735900003 0.07729468599030001 0.0217391304348 0.0217391304348 0.10547504025759999 0.0913848631239 0.27294685990350004 0.19484702093400003 0.0108695652174 0.0587761674718 0.061996779388100005 0.1457326892112 0.0 0.0696457326892 0.1674718196458 0.0555555555555 0.0185185185185 0.5966183574876
0.0 0.0 0.0 0.0 0.0 0.0 0.0 0.0 0.0 0.0 0.0 0.0 0.0 0.0 0.0 0.0 0.0 0.0 0.0
0.44504328552382 0.53072955127301 0.23339294395422 0.29935851176031003 0.0322580645161 0.44257028874372 0.7846543722333 1.67503156964583 0.7189902756702 0.22689285802601 0.89496362147051 0.8565893647281 0.7080827037881399 0.0 1.6371707304996101 0.73756973883102 0.3022874225946 0.0322580645161 2.4421566322231203
0.12189440993799999 0.3766563146997 0.2613871635609 0.08307453416140001 0.0 0.517857142857 0.4528467908901 0.7230331262936001 0.9039337474117 0.0 0.9475672877839 1.4892339544528002 0.32422360248469995 0.095238095238 1.0041925465836 1.2036749482398 0.34829192546599996 0.047619047619 1.0992753623186
0.0744965862932 0.14467202488955 0.0898798720939 0.07881773399 0.0 0.0197044334975 0.1446720248897 0.3176907786705 0.34966727162845 0.0 0.0591133004925 0.2838129807282 0.23887304468069998 0.0 0.40878057211994995 0.3287529167747 0.37490277417674994 0.00985221674875 1.07631146832755
0.0714285714286 0.0714285714286 0.2857142857146 0.0 0.0 0.0 0.2142857142856 0.0 0.0 0.142857142857 0.0 0.0 0.142857142857 0.0 0.0 0.0 0.0 0.0714285714286 0.0
0.31923311016370004 0.1737412638779 0.14302579385890002 0.0 0.0 0.2314165497896 0.1824103164485 1.3282286124135 1.2695837869262 0.155172413793 0.5854326336527 0.7233456461056 0.499378354036 0.0 0.5591444235284 0.6301678740668 0.2068965517245 0.0217391304347 2.9710835391806003
0.10000000000010001 0.1 0.02 0.0 0.0 0.0 0.06 0.06 0.06 0.06 0.04 0.02 0.13999999999999999 0.0 0.08 0.13999999999999999 0.06 0.0 0.06
0.1873966741223 0.07807084208250001 0.0727174060507 0.0176991150442 0.0423904730688 0.30144923360250003 0.30329694341499996 0.4181226836092 0.37537683555379997 0.0727174060507 0.2542696023521 0.3717354425317 0.2352138192847 0.0176991150442 0.4392350793534 0.27916986324049997 0.180195528278 0.0740008380125 0.2792430993018
0.114285714286 0.0666666666667 0.0285714285714 0.0095238095238 0.0 0.0 0.0952380952381 0.20000000000020002 0.0476190476191 0.0190476190476 0.0285714285714 0.0761904761905 0.0380952380952 0.0 0.0571428571429 0.0380952380952 0.0095238095238 0.0095238095238 0.1619047619049
0.0 0.0 0.0 0.0 0.0 0.0 0.0 0.0 0.0 0.0 0.0 0.0 0.0 0.0 0.0 0.0 0.0 0.0 0.0
0.0 0.0 0.0 0.0 0.0 0.0 0.0 0.0 0.0 0.0 0.0 0.0 0.0 0.0 0.0 0.0 0.0 0.0 0.0
0.030303030303 0.2506916996046 0.3608860342554 0.09728260869560001 0.0 0.6169137022402 0.5688899868244 2.9196310935436 0.7701581027661999 0.0476943346508 1.4395915678514002 1.1616930171302 0.8235342555991999 0.0 0.8982707509872 0.7977272727266002 0.06508563899860001 0.0173913043478 4.1342555994802
0.3838051349569 0.20720868992740002 0.1257406188281 0.1596445029629 0.11208031599729999 0.1869651086239 0.3159973666886 0.654377880185 0.3996050032916 0.09512837393019999 0.2755102040817 0.270078999342 0.3689927583939 0.0306122448979 0.5220539828838 0.19897959183659997 0.030612244898 0.0475641869651 0.6150427913107
0.14254564088025 0.45143612581084996 0.36324958570245 0.038041415251760004 0.0192307692308 0.44321469865184004 0.7125990619818501 1.6215960431809398 0.6002157876615201 0.0366306365324 1.068695131065 1.43592028928324 0.99464716475103 0.00970873786407 1.14581107263294 0.57408368974333 0.10973716972032 0.10475401418961999 3.12788296586626
0.10084391177919999 0.3373709748206001 0.1199705232129 0.0338983050847 0.0 0.1344763810561 0.23734163164480002 0.9870374595703999 0.7052766326570999 0.0 0.6133113696324999 0.5895377961682999 0.4926890784807 0.0666666666667 0.8800438143467 0.5366796372751 0.45803283557890007 0.1180058151903 2.5888171668365
0.054054054054 0.0810810810811 0.054054054054 0.0 0.054054054054 0.0 0.0810810810811 0.162162162162 0.027027027027 0.054054054054 0.0810810810811 0.08108108108100001 0.10810810810810001 0.0 0.027027027027 0.027027027027 0.027027027027 0.0 0.0810810810811
0.0537634408602 0.140909090909 0.0508620689655 0.0 0.0 0.3384231637845 0.11801075268809999 1.0124439613035 0.7255603869614999 0.0 0.7194955674658 1.149844102876 0.6344111302121 0.0508620689655 0.7719814945907 0.8247362389183001 0.05 0.030303030303 1.3283935011963
0.06819923371639999 0.1945201817694 0.1134099616857 0.0459770114942 0.0 0.3332887819662 0.17206629243500002 0.67685110933 0.3516439454692 0.0689655172413 0.21651073687959999 0.3541744631561 0.3218747215541 0.0459770114942 0.2056312928805 0.4420654014076 0.0232558139535 0.0459770114942 0.3196115120737
0.0389770723104 0.1883597883597 0.1 0.0 0.0389770723104 0.0818342151675 0.1987654320987 0.7821869488536001 0.5430335097004 0.0142857142857 0.2234567901233 0.1883597883597 0.31181657848309996 0.0 0.20529100529079997 0.4091710758372 0.0428571428571 0.0 0.6326278659608
0.0 0.0 0.0 0.0 0.0 0.0 0.0 0.0 0.0 0.0 0.0 0.0 0.0 0.0 0.0 0.0 0.0 0.0 0.0
0.34552154195060003 0.3726802298231 0.11345929203062001 0.1081606885177 0.0533751962323 0.17404420975832002 0.2969652701796 0.6263072245213299 0.4967162467164 0.0816326530613 0.46281033781021 0.5228990586134 0.50754173075552 0.0185185185185 0.7262737262740101 0.38652286866540997 0.42270494056261 0.0601851851851 1.22368108082352
0.0120481927711 0.2191499556308 0.1725082146768 0.047352199495700006 0.0240963855422 0.2658539993926 0.5146149996244 0.8119122969214 0.6057406013969999 0.0 0.2733964255397 0.5128519334188 0.38560584834059997 0.027027027027 0.7359820402694 0.36223954156120003 0.16509590157679999 0.0454545454545 1.8190698913560002
0.29047619047600004 0.2436507936506 0.1968253968252 0.0873015873018 0.0079365079365 0.0079365079365 0.1182539682539 0.985714285714 0.7253968253969 0.0666666666666 0.2912698412702 0.33174603174580003 0.28095238095209996 0.0079365079365 0.6436507936499 0.3809523809523 0.8023809523818 0.0357142857143 1.4952380952375999
0.0 0.0 0.0 0.0 0.0 0.0 0.0 0.0 0.0 0.0 0.0 0.0 0.0 0.0 0.0 0.0 0.0 0.0 0.0
0.0119047619047 0.33612349697921 0.06050767414381 0.0119047619047 0.1028138528138 0.19481283647192 0.37853570377810997 0.8800974694628 0.36275852714480006 0.09570232650541 0.71585512163581 0.15499402039562 0.44666211987493 0.0119047619047 0.47163222185251996 0.37344730879572 0.0165289256198 0.00826446280991 2.3655496460000998
0.12378048780510001 0.229674796748 0.0705284552846 0.03333333333333 0.04166666666673 0.0243902439024 0.1359756097562 0.2443089430893 0.1071138211382 0.03333333333333 0.08983739837386001 0.13983739837396 0.14308943089456 0.0 0.18983739837406 0.21300813008149 0.0532520325203 0.04105691056906 0.08597560975599
0.16651542649786 0.29077002851966 0.0648604269293 0.9959381211649999 0.0 0.11343012704161999 0.22230144326351997 0.40510759657774 0.41191340420010003 0.0 0.17829055397091997 0.16470054446482 0.37382248725246 0.0263157894737 0.7811986863704601 0.32304900181562 0.1483666061706 0.0172413793103 0.31617837697662
0.0869565217392 0.0579710144928 0.4265010351971 0.0144927536232 0.0579710144928 0.1097308488612 0.19668737060029998 0.3271221532087 0.1966873706003 0.0144927536232 0.2484472049688 0.25051759834389997 0.0766045548654 0.0 0.3291925465837 0.34575569358120006 0.1966873706004 0.1055900621117 0.9585921325045
0.136363636363 0.181818181818 0.0909090909089 0.0 0.0454545454545 0.0 0.136363636364 0.2045454545452 0.13636363636350002 0.0 0.1363636363634 0.0227272727272 0.5454545454555 0.0 0.0454545454544 0.0227272727272 0.0454545454544 0.0 0.2500000000001
0.0 0.0487804878048 0.0243902439024 0.0 0.0487804878048 0.0 0.0975609756098 0.0731707317072 0.0 0.0243902439024 0.0487804878048 0.0243902439024 0.0 0.0 0.0487804878048 0.0 0.0 0.0 0.560975609756
0.13738294856369 0.10953145615846 0.08167996375323 0.0122324159021 0.00611620795106 0.27578520932769 0.2655915015147 0.89068705157267 0.8050939499551499 0.00917431192659 0.64262286603542 0.32912092942502 0.38311367908564 0.00611620795106 0.5308546137769499 0.6626478316512899 0.02785149240533 0.2234688851187 3.60092847793043
0.4820682878917 0.24883321051236001 0.19933677229124003 0.025423728813579998 0.06644559076388 0.11016949152517999 0.5980103168759 0.61901252763332 0.1271186440678 0.00847457627118 0.276958978138 1.10280029476726 0.268484401867 0.00847457627118 0.4040776222054 0.29525915008606 0.07492016703505999 0.3152788012775 0.76885286170538
0.3669049086296 0.7216489708623999 0.3499640513369 0.10235027899919999 0.0240963855422 0.7863813939395 1.2904679020662 3.6796522633512003 2.0021689752775003 0.23180076628309998 1.3258621124887 2.0268202871692003 1.0967323395883 0.0 1.7805920979870002 1.2680470200274 0.7125679415707 0.3504916216597 5.883450683217701
0.12701436850029998 0.35951359078709 0.2829341161668 0.0049751243781 0.0 0.05853324470759 0.4468036275108 1.1666011715907 0.88551127386239 0.0323886639676 0.6995393578874001 2.2419363056149 0.9297763780923 0.0617283950617 0.7049752516382899 0.5409206865393901 0.74862152066049 0.0392156862745 2.6690112367552006
0.0 0.095890410959 0.0 0.013698630137 0.1861402095079 0.0588235294117 0.0684931506849 0.2860596293307 0.027397260274 0.411764705883 0.0684931506849 0.054794520548 0.041095890411 0.0 0.027397260274 0.027397260274 0.054794520548 0.013698630137 0.5640612409339
0.05095563257039 0.19915046856069002 0.0814206535108 0.00662251655629 0.00662251655629 0.72568580664227 0.3066419415193 0.53307430525886 0.47996196919215994 0.00847457627118 0.61992260747024 0.35550513581518 0.66822884161268 0.022166558007089998 0.68881784836386 0.41946542293908 0.06402638893159 0.0 0.7632568102233901
0.23227895809479998 0.33898210446960003 0.10773611770280002 0.0102040816326 0.0 0.2631703844328 0.173455428683 0.5142242943687001 0.5949077305331 0.0102040816326 0.6195315335448001 0.3186995728526 0.0526675786594 0.0 0.47954995951810003 0.7562187665763 0.1216951897037 0.0204081632653 0.3860660543293
0.13270349974414 0.26459420420719 0.29006409677678 0.15854112124220002 0.18294273419374002 0.28082964701623003 0.47652402876864 1.40612560561043 1.10670006921304 0.31000030092430003 0.7005916162614001 0.8885254732035001 0.8870024976675501 0.03787878787875 0.7477045529784001 1.4445322138967 0.18492853058873 0.08452168156234 2.4152893382683
0.0 0.0 0.0 0.0 0.0 0.02 0.02 0.02 0.08 0.0 0.02 0.04 0.02 0.04 0.02 0.04 0.02 0.0 0.66
0.24872861766096 0.34727281285916 0.15088907249418 0.0784825285487 0.031874039938520005 0.24454340510857997 0.29827102382196 0.6498635834852999 0.5269971199719 0.09966985810609999 0.4149310089441 0.89441608784592 0.46684743300242004 0.0 0.40965712178052005 0.46303036239824 0.07586033429656 0.0370253828403 1.5616402068969002
0.0520648967552 0.11620462344241 0.07545305798962001 0.07390438542331 0.05290319667682 0.07764588202184 0.20930421039092997 0.77610983370968 0.57856563309641 0.02603244837753 0.36595049854563 0.31745703036184003 0.26925097736873 0.0563994188349 0.4234712072646599 0.44211233430091007 0.17866775028600002 0.026032448377550005 0.8824701667742199
0.43878072093624 0.16707475154864002 0.30610294213913997 0.2947704031523 0.0 0.07778927107744 0.42162806227419997 0.81502625273394 0.94951095282384 0.04176868788708 0.17110759037872 0.4806410642504 0.32230631244008 0.0 0.77052099564154 0.66322522357454 1.39311013054374 1.1138098542688002 0.57282678433474
0.0 0.0 0.0 0.0 0.0 0.0 0.0 0.0 0.0 0.0 0.0 0.0 0.0 0.0 0.0 0.0 0.0 0.0 0.0
0.15145773444979999 0.1180662020903 0.4322719670202 0.0336051743532 0.10870970396980001 0.4102090592337 0.3913526256373 2.3881902058989 1.2111167862153 0.18327526132400002 1.9778828205416 0.7219587643010998 0.8043368816701 0.0 0.630567230926 1.3574593267309 0.3658408146133 0.0171428571428 5.6965565838786
0.1224489795919 0.108843537415 0.095238095238 0.0544217687075 0.10884353741490001 0.0272108843538 0.2993197278914 0.3401360544222001 0.0408163265306 0.0272108843538 0.0816326530612 0.1768707482997 0.0952380952381 0.0 0.0816326530612 0.1768707482993 0.0 0.0952380952381 0.0680272108844
0.3830199218015 0.2041163825932 0.11556761056840002 0.0821186168141 0.170159611381 0.1402261302278 0.7127426753112 0.8507946717211001 1.5304057141926 0.1221374045801 0.67152214756 0.8527360742023999 0.6065664088284 0.0762427853285 0.6569023882453999 0.5659932973372 0.15544675953339998 0.1831595606032 0.9201418391697
0.1945701357465 0.1357466063346 0.2141779788837 0.11764705882359999 0.0588235294117 0.058823529411600003 0.1176470588234 0.4705882352945 0.11764705882340001 0.0784313725491 0.6953242835609 0.3333333333334 0.23378582202089998 0.0196078431372 0.1568627450979 0.21568627450970002 0.0980392156862 0.1553544494718 0.5279034690801
0.0 0.0337078651686 0.0224719101123 0.0 0.0112359550562 0.0786516853936 0.15730337078630002 0.0224719101124 0.0449438202246 0.0 0.0337078651686 0.2584269662927 0.0337078651685 0.0 0.056179775280900006 0.0112359550562 0.0674157303371 0.0 0.16853932584250003
0.0 0.0 0.0 0.0 0.0 0.0 0.0 0.0 0.0 0.0 0.0 0.0 0.0 0.0 0.0 0.0 0.0 0.0 0.0
0.17714879113839999 0.16551754563030002 0.07502626283614999 0.04648379242489999 0.0 0.40435252078960005 0.5105374722627001 1.31352244098315 0.9993573850193 0.043802827277449996 1.2536270411682497 0.72721522276445 0.35359486045015 0.039266331001049995 0.9993745889952999 0.84802255620015 0.15108262278265 0.0830691582786 3.8089985799936503
0.1968856906927 0.2315677716172 0.1346584876724 0.027545122095 0.0377492037276 0.3570248908811 0.36622625929029995 0.5396366639137 0.6263418662256 0.0102040816326 0.7293853957762 0.37949746372570003 0.7395894774101001 0.0 0.5365695411111 0.44373009319300005 0.13465848767240002 0.0928394479178 1.4158900554435
0.25332657380782 0.46921789022007 0.45968342497629 0.21758590932012997 0.27246346227964 1.0467549942867 1.0648105530360998 3.86226904205044 2.53577822169947 0.03411019580237 2.8601985606538 1.527692997143 1.8375182515669701 0.17252983150657 2.43439209393421 2.4606402479039997 0.55523822491525 0.25218256802214 10.68360695687341
0.1442068087699 0.21613204574729 0.10566653397220001 0.12169018124450001 0.068589663147 0.41447915318569006 0.28659387875250003 2.2295593113271703 1.2548199133954898 0.0165289256198 1.3548754633152702 0.7783400986195 1.1537797153396 0.0590882200031 0.9671189654839001 1.0216448228424 0.11201057069328998 0.0 4.6948757285442895
0.0 0.0 0.0 0.0 0.0 0.0 0.0 0.0 0.0 0.0 0.0 0.0 0.0 0.0 0.0 0.0 0.0 0.0 0.0
0.37585404041500003 0.5018069163673999 0.4776020504071 0.5359911107923 0.2231266074349 1.0144939602657 0.5656738267032 2.8376476281662004 1.9550630581999 0.0425531914893 1.5163240449339 2.383949794031 1.1078364773616 0.1661066973566 1.9896968574234999 1.2339656236721 0.5031401593899 0.11398176291779999 3.4551861926712
0.2134317862168 0.25703234880419995 0.10618846694800001 0.0277777777778 0.0337552742616 0.2848101265824 0.2074542897324 0.536919831224 0.6729957805902 0.0 0.5597749648388 0.21237693389579998 0.184599156118 0.219409282701 0.7116736990154 1.3241912798877 0.0168776371308 0.0506329113923 0.38009845288340005
0.11816028923629998 0.1784867533465 0.2250754497253 0.23468605738790002 0.2109479697848 0.5015491352575 0.5209627993086 1.8279374689917003 1.6001365986421001 0.19182319901130002 0.8986514990857001 0.5948785637646 0.9922735680524999 0.0451127819549 0.9679125835948 1.3745724486636 0.2753759908932 0.1789035392083 4.0625533040949
0.0 0.0 0.0 0.0 0.0 0.0 0.0 0.0 0.0 0.0 0.0 0.0 0.0 0.0 0.0 0.0 0.0 0.0 0.0
0.48869819897055 0.5434835892537 0.10625628148275 0.1026386727292 0.19833030346625002 0.40769729878555006 0.341713987031 1.0485812106669499 1.03412671584915 0.08494824522015 0.51054217126755 0.6520340127594 0.4100046758658 0.0185185185185 0.6131579341554999 0.74702222919745 0.2511595263859 0.1375624375625 1.3035239908343002
0.24177631579 0.5657422956692 0.1374685661966 0.3984326209618 0.06456644197330001 0.9364532814025 0.9888893159643 2.2497433925920003 1.6332648334917 0.062472330123099995 1.2292772043774 1.1170212463965001 0.6195282651821 0.0262995811776 1.0285969270518 2.0685948138763 0.6610083762426 0.0848417339645 0.8860224575697999
0.3336848143671 0.3307396653472 0.2942784926074 0.7703216706572 0.0668896321069 0.18291369232239998 0.5573070742256 1.5867955924189 1.0499906290702001 0.0175438596491 0.6458478240938 0.3501377725903 0.6800559863146999 0.0342662676758 1.1458771616513 1.7123022349516002 0.669963296721 0.1790758840145 0.39200844921690003
0.1 0.04 0.12 0.0 0.06 0.0 0.0 0.06 0.0 0.04 0.06 0.12000000000000001 0.16 0.0 0.06 0.04 0.02 0.04 0.08
0.10948486152953998 0.26082938728632005 0.2800073796201 0.03921448045422 0.02271283028922 0.94368366029154 0.92135211036652 3.5196146198498006 1.61538404772256 0.25145235020370005 2.41782916179874 1.63804686058592 1.50662812865214 0.13505606461352 1.40014267265322 1.9947301314001202 0.4832347334128 0.09906893794980001 6.3615275813281995
0.060935143287999996 0.3512820512819 0.0882352941175 0.19411764705850001 0.07858220211150001 0.176470588235 0.2886877828052 0.5244343891395 0.2420814479635 0.035294117647 0.36726998491670004 0.3126696832577 0.070588235294 0.0882352941177 0.5500754147824 0.105882352941 0.086576168929 0.1411764705882 0.23740573152299999
0.32056837346735 0.30748500689295 0.2565945178061 0.2755778556881 0.1086557638611 0.2565945178061 0.3254102547953 0.88192849495095 0.5271912329688 0.11886367294375 0.55852805128115 0.6890356125646 0.5784463152289001 0.00877192982455 0.92726401164495 0.45262807997225 0.2701754385968 0.25644196250490003 0.8798389072019
0.0504761904762 0.1114285714285 0.1114285714285 0.09333333333339999 0.0133333333333 0.0742857142857 0.23619047619050001 0.5514285714288 0.2409523809524 0.0133333333333 0.24666666666659998 0.1380952380952 0.1409523809523 0.0238095238095 0.2066666666664 0.278095238095 0.09809523809529999 0.04 0.33142857142860005
0.1403846153846 0.12451923076919999 0.0153846153846 0.062019230769200004 0.0 0.123076923077 0.1548076923077 0.0923076923077 0.2322115384622 0.0 0.0461538461538 0.31105769230770003 0.125 0.0153846153846 0.2802884615384 0.0923076923076 0.0927884615384 0.0 0.0923076923076
0.153846153846 0.0571428571428 0.0857142857142 0.0 0.1340659340659 0.0 0.2307692307691 0.296703296703 0.0285714285714 0.171428571429 0.1142857142856 0.1340659340659 0.2681318681316 0.0 0.0 0.0857142857142 0.0769230769231 0.0769230769231 0.0857142857142
0.19640607874350002 0.3584621714017 0.5464479488705001 0.142277291177 0.1620560926581 0.8206151897596 0.8461619895311 2.5722755732678007 1.8132909286034 0.2261893366521 2.4411235013472 1.5319769229376 1.1333967671562 0.0264900662251 1.8155882388384001 1.7539298014504 0.39533957909289996 0.0910061952573 4.1269663270391
0.01923076923074 0.17307692307697 0.03846153846144 0.0192307692307 0.03846153846147 0.11538461538450001 0.10576923076936999 0.37500000000000994 0.3846153846155 0.00961538461537 0.4615384615383 0.201923076923 0.5192307692306 0.00961538461537 0.49999999999917 0.2692307692308 0.211538461538 0.0384615384615 0.5096153846152001
0.39806218180726 0.5585050562810701 0.21322466373417004 0.33939997106644 0.07142002945316 0.47940422763756996 0.76134869780307 2.30412411835171 1.12964058596457 0.059395596599330004 1.53744268817035 0.9962431829107 1.2667235187931098 0.040905675685640006 1.6361510966019501 1.13989610916352 0.5265643538320199 0.07851500150520999 2.46303324463811
0.351956370563 0.1975781337367 0.1882756255926 0.2679553367042 0.0703772029673 0.5112454370612 0.39438309507470004 2.0624166377229 1.3573885731935 0.0834478156768 1.2175295364449 1.0012241896312 1.2020172097518003 0.11538635291459999 1.4734777427802999 1.3235341384504 0.38858578325529997 0.1239156886602 3.6693051298160997
0.1333333333337 0.133333333333 0.0266666666667 0.0 0.0266666666667 0.0266666666667 0.26666666666669997 0.1066666666668 0.0533333333333 0.0533333333333 0.1599999999997 0.1066666666667 0.1066666666667 0.0 0.18666666666639997 0.0533333333334 0.0266666666667 0.1599999999997 0.373333333333
0.2481102704042 0.5547346551065 0.2137757380301 0.0647482014388 0.288171506352 0.8922086371104 0.5245218082127 2.3419409344782998 1.3654547072939 0.025 1.2556395274681 1.824082633379 1.324894747892 0.0340827338129 2.0118693661568 1.8795475751182 0.38010667328229997 0.1391689407094 1.6319413437563002
0.1121126760562 0.4084507042252 0.25145539906090003 0.0721126760563 0.018779342723 0.1605633802815 0.3017840375587 1.2398122065716999 1.1547417840371001 0.0 0.7282629107981 0.8544600938977001 0.7502347417844 0.18779342723 0.7132394366196999 1.086948356808 0.2133333333329 0.0399999999999 0.7059154929575
0.17053160437925002 0.31890504287980004 0.2547448736287 0.25447532740925 0.0979646247885 0.75091340012105 0.7721943370855999 2.2487847481708 2.17498694591425 0.238393833977 1.8373483061138498 1.1766577503890998 1.4251215934892998 0.06577481664385001 1.9049934454239001 1.54415645836845 0.25663748564555 0.0448577332697 2.46255767229875
0.0 0.0 0.0 0.0 0.0 0.0 0.0 0.0 0.0 0.0 0.0 0.0 0.0 0.0 0.0 0.0 0.0 0.0 0.0
0.49443553815207 1.04972365969 0.27532984699857 0.2160425670235 0.10320466835117 0.79382315237207 0.9999140333472 2.35323870836474 1.5351334344781 0.017094017094 0.99931424801487 1.60676028057207 1.4048415670989702 0.033426183844 1.8004186771379698 1.80553734210917 0.62282185249477 0.29133341536427 2.59760680749557
0.16476488805815998 0.50738933928836 0.28800662265268 0.6200214312997999 0.02801063177266 0.62554067597176 0.81989313209706 2.2427898302214797 1.7459735748119598 0.0811340242902 1.26413734200054 1.8104962549232602 1.0787313089911 0.1566023669745 1.36808126024346 1.66548171813416 0.4479577535103 0.04147629200926 1.04351155274888
0.0633802816902 0.2032404215503 0.1687186053382 0.2032404215501 0.07707081650740001 0.0422535211267 0.43622574608510006 0.7239732098891 0.6677336747759 0.049098788535400006 0.1684231261695 0.2318034078598 0.2948882103812 0.0211267605634 0.43474835024110003 0.6442430808624 0.5207327883385 0.013986013986 0.035112774549400004
0.0454545454545 0.0909090909091 0.1363636363636 0.0 0.0909090909091 0.0 0.0 0.2272727272726 0.0 0.0 0.0 0.0454545454545 0.227272727273 0.0 0.0454545454545 0.0 0.0 0.0909090909091 0.0
0.10386592178760001 0.258804707001 0.4545056460232 0.0439329608938 0.0558659217876 0.3911593961724 0.6198996790683 2.0098975395219 1.1309249970281998 0.0558659217876 1.7218975395229001 0.9213298466663999 1.0066064424105998 0.0738994413407 0.8663858314504 1.4875673362648998 0.349698324023 0.1217292285747 2.3261633186771
0.16666666666660002 0.2 0.1 0.2333333333329 0.0833333333334 0.05 0.34999999999959996 1.0666666666670999 0.6500000000005001 0.0666666666666 0.18333333333360002 0.2833333333334 0.2666666666663 0.0 0.5999999999994 0.33333333333329995 0.0999999999999 0.0833333333332 0.18333333333329999
0.3280058383503 0.4533941494862 0.1487331995376 0.32774554521739996 0.09995742869289997 0.25424314297859996 0.3947710271846 0.6969494617765001 0.7531265584136999 0.08641975308630001 0.31950495651620003 0.44130389831559996 0.4109189320681 0.0 0.6954886577865 0.5386060937786 0.2462348719818 0.16991789819390002 0.6346785866324001
0.2043407043415 0.1838656838655 0.3585537409065 0.054054054054 0.1232596232595 0.1719901719901 0.3944693356451 0.2682227682225 0.47823023558199995 0.135135135135 0.9995965216560001 0.4416642578401 0.28030303030299997 0.0 0.41697379197350004 0.31994026111609997 0.3044996868525 0.042178542178500006 0.8227224550751
0.0 0.0 0.0 0.0 0.0 0.0 0.0 0.0 0.0 0.0 0.0 0.0 0.0 0.0 0.0 0.0 0.0 0.0 0.0
0.115384615385 0.115384615385 0.23076923077 0.461538461539 0.346153846154 0.115384615385 0.115384615385 0.115384615385 0.0 0.23076923077 0.0 0.115384615385 0.0 0.0 0.115384615385 0.115384615385 0.0 0.461538461538 0.346153846154
0.1228248875306 0.3745091337973 0.1645915144365 0.1491406770043 0.0693489517018 0.35736958260179996 0.2652643194438 1.4265811587789001 1.1588373786514001 0.0290309106098 1.1034415361029 1.0541829171864 0.7300079521451999 0.0267379679144 0.9802480800939002 1.0796543497803999 0.15414874083589997 0.0802139037433 1.6738660376423002
0.1329113924051 0.2658227848108 0.2468354430379 0.113924050633 0.0949367088607 0.2848101265829 0.3417721518989 1.0253164556953 1.0063291139227 0.0189873417721 0.6835443037979 0.5886075949361 0.9683544303795999 0.0 1.3670886075966 0.7405063291159 0.550632911393 0.0379746835443 0.5316455696203
0.23589947449933002 0.45427556053035006 0.3786216030138 0.20760042623896 0.1824183620373 1.24617293342524 0.66444352879034 3.18654597135807 1.78472487943667 0.10714288622121 1.6147215364510097 1.13227758518446 1.13144131250074 0.26692188346400003 1.88517920054447 1.3097842211422899 0.50406837904084 0.07959231341232001 2.6281679427074702
0.1289868667915 0.5262664165099 0.1914868667915 0.24249530956839999 0.0375234521575 0.7028025328325 0.3142002814262 1.4786585365837002 1.3120895872413 0.0384615384615 1.0233348968099 1.2404432457793 1.079795966229 0.1615853658536 1.0707082551602998 1.4343339587252 0.4816486866785 0.0384615384615 2.496716697937
0.112676056338 0.169014084507 0.169014084507 0.0 0.229620145113 0.225352112676 0.39863422962000006 0.519846350832 0.46777635510000004 0.173282116944 0.459240290226 0.281690140845 0.666666666668 0.0 0.705932565087 0.6282543747329999 0.169014084507 0.225352112676 0.39863422962
0.08785539347728999 0.22616141460079 0.34615515249902 0.11601584606679999 0.06777044464559999 0.40318126405471 0.3394949013591 0.8697794784939199 0.5660349181779 0.09366199851578 0.8145920021282901 0.91710396535409 0.375512780273 0.0396871945259 0.879195990957 0.8217572022614 0.4378275522244 0.08899521531099999 0.50921728507589
0.1971037811744 0.2502011263071 0.2507757728994 0.131594069647 0.0926330306859 0.317434777612 0.2366394667281 1.1973336398111 0.9675899321931 0.0 1.0460866567065001 0.368233536375 0.5281002183664 0.0 0.7777266980806999 1.033099643718 0.1050453970806 0.0914837375014 0.4089185151133
0.16097672713919997 0.57647674177826 0.17590787794380003 0.13156496243343999 0.0541945473648 0.2839195734694 0.45317354724894 1.3179255405090202 1.22804209998874 0.1764705882358 0.86997559185254 0.75968922712524 0.70789794986612 0.047163243995800005 0.9184402423242201 1.32874273638042 0.3019598355294 0.09085483278072001 1.4166241340310002
0.0 0.0 0.0 0.0 0.0 0.0 0.0 0.0 0.0 0.0 0.0 0.0 0.0 0.0 0.0 0.0 0.0 0.0 0.0
0.15613488954995 0.36038429375024994 0.15334320541465002 0.1340786343795 0.0 0.2772301301005 0.4061191958551 1.1461074031649 0.85229553918115 0.0478877407581 0.81872403534225 0.84732870892475 0.6893954340319001 0.040102098695400004 0.75076932734635 0.5286196946903 0.2859760020983 0.12382302892799998 1.3816806377918502
0.12681612791099 0.3047363470935 0.1665901699213 0.5239739565607 0.0792016806723 0.2774034607548 0.59762488181859 0.9374878645135 0.7606149633280801 0.0 0.7440118559372899 0.86994527486229 0.50806839725579 0.0648604269292 0.89164507484318 1.0643653132027902 0.32770366641470006 0.11157097875618999 0.6433795592233
0.0933101985732 0.21250240987115 0.0835743204164 0.07407942934245 0.07716406400605 0.0676691729322 0.1315307499524 0.33453826874854997 0.4245228455762 0.0 0.23505880084789998 0.3478407557361 0.25096394833225 0.00641025641025 0.47011760169755 0.7407942934262499 0.2148640832855 0.0225563909774 0.21250240987045
0.220588235294 0.0588235294118 0.08823529411770001 0.0147058823529 0.0441176470588 0.0147058823529 0.0294117647058 0.0882352941176 0.0441176470588 0.0294117647058 0.0147058823529 0.10294117647050001 0.0 0.0 0.1176470588236 0.0294117647058 0.0 0.0882352941176 0.0147058823529
0.09932433113817 0.37344592560107 0.2669641146358 0.14293580281407 0.11691484411347 0.3441251384832 0.40305678931949995 1.9886240558307997 1.108415967107 0.12480223359697 1.5811030978484402 0.86932564213737 1.38312016388817 0.14657980456 1.1940246525490699 1.36475796216 0.2542164474224 0.16905011618904 2.0692129106078
0.116279069768 0.1162790697674 0.0 0.0930232558139 0.093023255814 0.0232558139535 0.1627906976743 0.3023255813958 0.16279069767499998 0.0232558139535 0.16279069767499998 0.1395348837209 0.046511627907 0.046511627907 0.2325581395355 0.139534883721 0.0 0.1162790697674 0.0232558139535
0.1298136645965 0.12215320910979 0.08612836438918 0.0790890269151 0.0 0.0428571428571 0.11469979296070001 0.32981366459627 0.3869565217391 0.0142857142857 0.19378881987597996 0.30227743271238994 0.11469979296069 0.0287784679089 0.4879917184264 0.27287784679089 0.1289855072463 0.035817805382989995 0.12898550724639002
0.0 0.0 0.0 0.0 0.0 0.0 0.0 0.0 0.0 0.0 0.0 0.0 0.0 0.0 0.0 0.0 0.0 0.0 0.0
0.0599999999999 0.48 0.0 0.0 0.0 0.0 0.0599999999999 0.23999999999979998 0.0599999999999 0.0 0.0 0.2999999999999 0.0599999999999 0.0 0.23999999999979998 1.0800000000009 0.0599999999999 0.0 0.35999999999989996
0.0277777777778 0.0277777777778 0.0 0.0277777777778 0.1111111111112 0.0 0.0555555555556 0.0555555555556 0.08333333333340001 0.0277777777778 0.0277777777778 0.0555555555556 0.08333333333340001 0.0 0.16666666666680002 0.1111111111112 0.0277777777778 0.0555555555556 0.0555555555556
0.0644336830777 0.08656483892281 0.08535418516961998 0.031356551319609995 0.0497713209577 0.11253282723401001 0.13551498655382 0.47099102506463 0.3667841861941 0.01966763586502 0.46642982654602 0.43286021592509993 0.34254296948413 0.0112994350282 0.45636468425711 0.42074579873331996 0.06525485640431 0.0564971751412 0.32503379812141
0.14392900363048 0.20645421540949999 0.12601855586926 0.2064542154095 0.17991125453798001 0.1346510689796 0.3145623235174 0.6372730939893598 0.4122630092778 0.044937474788199996 0.40411456232345994 0.21540943928999998 0.40330778539738 0.0 0.5654699475595999 0.33166599435268 0.1344897135942 0.16200080677689999 0.3770875352962
0.5551090532305001 1.00373164944922 0.4816231752136399 0.4835226097365 0.20042490392950002 1.04924509749054 1.32620924043272 3.86375409555974 1.9666283843433199 0.08771210936472001 1.6837688777281201 1.63462255706842 2.18340209997134 0.2160462297425 2.60406640861382 1.67522388105068 0.7457105759454201 0.1785057775618 2.06069327356236
0.12788938531169 0.0987667026485 0.044899814439099996 0.13187923638579002 0.0045871559633 0.26344991874508 0.13268499896289002 0.42838536295677 0.41755597660740007 0.0091743119266 0.55073191585599 0.37455039107878 0.5176850472383 0.01239965596329 0.50988684039677 0.46987800315567 0.24519305039657996 0.0579681715757 0.60243406039108
0.0 0.0350877192982 0.0175438596491 0.0175438596491 0.0526315789473 0.0 0.10526315789480001 0.08771929824550001 0.140350877193 0.0175438596491 0.0350877192982 0.08771929824550001 0.1578947368421 0.0 0.0877192982456 0.0350877192982 0.0 0.0701754385964 0.0526315789473
0.1515278945893 0.3322376587503 0.16740496351960002 0.1425852432014 0.1170770202019 0.6522673769663001 0.5076780066016 1.5827229348593 1.2499106988182 0.1069760101009 1.2563467228912002 1.2804362169725998 1.0601641048558998 0.0881561886738 1.2469217933683 1.0825265755327 0.1946832045219 0.0 0.7803773855759999
0.1315789473683 0.093915982617 0.1100917431192 0.19797199420560002 0.0275229357798 0.1788990825685 0.2906808305165 1.4929985514253001 0.7358763882181 0.0263157894737 0.6233703524858 0.6238532110091 0.405601158861 0.0 0.8918396909712001 0.7561564461615999 0.1327860936744 0.0263157894737 0.2542250120713
0.27628073699952 0.14548364957478002 0.21509400513716 0.22518957373442 0.11354384491998003 0.31942948810072 0.25307029456044 0.5179790982815 0.4540732056407 0.024768039260739998 0.19807070195962 0.6591262000053 0.52320475736356 0.028942818723200002 0.7103276429438601 0.485312985695 0.19294566059556 0.10112148467154 0.55603581183
0.0 0.0 0.0 0.0 0.0 0.0 0.0 0.0 0.0 0.0 0.0 0.0 0.0 0.0 0.0 0.0 0.0 0.0 0.0
0.4165495480934 0.43913384799057 0.22890052814755 0.17573637134695 0.10076635679401 0.38651956359921 0.27451593478256 0.9334301928859 0.73893703719361 0.0529944838455 0.68070606463662 0.32557027686921003 0.6587487323861501 0.01632011605411 1.01268332238768 0.51005323623153 0.23301162363792002 0.21080711497751 0.60461564814117
0.08151735270379999 0.5895571284365 0.2626081270176 0.39734237615985996 0.08902691511390001 0.3358294342164 0.3271763271794 1.6489814909454599 0.8199494811728799 0.0238095238095 0.83116765524556 0.74182491741358 0.74275868198736 0.1322004313939 0.8245864784330801 0.75620778624648 0.5363490048507 0.10597606765619999 0.75313082001998
0.1012993503247 0.32303848075920005 0.20114942528707 0.08680659670169999 0.01724137931034 0.06926536731627 0.5113693153429 1.04922538730728 0.6265617191416 0.00862068965517 0.29542728635651005 0.30062468765614003 0.21411794102921 0.0346326836581 0.61374312843624 0.7180909545229099 0.39612693653227 0.2027486256867 0.22991004497727
0.0588235294118 0.1176470588236 0.0784313725491 0.0196078431373 0.1176470588236 0.0 0.0196078431373 0.11764705882359999 0.0196078431373 0.0196078431373 0.0196078431373 0.0980392156863 0.0784313725491 0.0 0.1372549019608 0.0196078431373 0.0588235294118 0.0196078431373 0.0
0.160082189222 0.48199148901890004 0.26929374958389996 0.2239376109089 0.015503875969 0.3239573222865 0.3297639743093 1.4721871941061602 1.02652444546284 0.03653261381644 0.9553299411174001 0.9424077396560999 0.8780795029012001 0.11386096873679999 1.3455984028618202 0.9902521559957 0.7467179781709801 0.015503875969 1.67247496990568
0.28125 0.09375 0.0 0.0234375 0.0234375 0.1171875 0.3984375 0.2109375 0.3046875 0.09375 0.046875 0.2343750000001 0.1640625 0.0234375 0.281250000001 0.1171875 0.1640625 0.2109375000001 0.2109375
0.43944434734869003 0.603379981025 0.12573529411758 0.1579933586337 0.28209140617178996 0.07006578947369 0.28139106661329 0.68974832717488 0.420549535603 0.07138157894739999 0.22778637770889001 0.116447368421 0.46637558673658996 0.0882352941176 0.9374862678523701 0.2408668730652 0.31470588235239 0.0908319185059 0.37548374612939
0.0204081632653 0.0204081632653 0.0816326530612 0.0408163265306 0.0204081632653 0.0 0.0204081632653 0.204081632653 0.0204081632653 0.0 0.0204081632653 0.1836734693882 0.1224489795918 0.0 0.1020408163265 0.0204081632653 0.0408163265306 0.0408163265306 0.0408163265306
0.173913043478 0.0434782608695 0.0 0.0 0.0 0.0 0.0 0.0434782608695 0.086956521739 0.0 0.0 0.0869565217391 0.173913043478 0.0 0.21739130434749998 0.0 0.17391304347849998 0.0 0.0
0.10344827586210001 0.5 0.583333333333 0.0344827586207 0.103448275862 0.0 0.5344827586206999 0.6867816091951 0.0344827586207 0.6522988505744001 0.10344827586210001 0.0689655172414 0.0344827586207 0.0 0.0344827586207 0.0344827586207 0.3189655172414 0.0689655172414 0.10344827586210001
0.1030763790664 0.09777692994857999 0.08602880964779999 0.0634724186704 0.0 0.1340588476141 0.21971543958890002 0.49800863545064 0.44866653018726 0.0 0.6278381597557601 0.38478932479718003 0.45709260775735994 0.0 0.47488461252190006 0.5510124320704 0.16124934861898 0.0803571428571 0.6119723814492
0.289389067524 0.0578778135048 0.0289389067524 0.1157556270096 0.0578778135048 0.1446945337624 0.6366559485521 0.8681672025733999 0.7234726688102 0.0 0.8971061093259001 0.7813504823152 0.781350482315 0.0578778135048 1.4758842443715001 1.2154340836011 0.43408360128640006 0.0289389067524 0.4051446945335
0.29769974549352 0.3944044856313 0.30736462163376 0.15888447064951 0.02108369098711 0.8444714748692201 0.5908565010235001 2.36024076143527 1.24804537488931 0.03677522511146 1.2182627095276302 0.8361216106201301 1.20214077554031 0.25760976153393 0.9246679862955101 1.3646511394048502 0.44884301676240007 0.0716730851518 1.41620356343512
0.32492868439909994 0.414480923205 0.1942262642968 0.3884525285935 0.0 0.7322585090256999 0.561957677507 1.5453900402913001 1.1037114962604 0.0 0.8105113128027999 0.5987682505203 0.9030765971707999 0.0731707317072 1.5055664217171003 1.4808645898257 0.6363881296294 0.08447016673539999 1.6417776763149998
0.0444444444444 0.0222222222222 0.0 0.0222222222222 0.0 0.0222222222222 0.0222222222222 0.17777777777780002 0.06666666666660001 0.0444444444444 0.0222222222222 0.1333333333333 0.088888888889 0.0 0.1333333333333 0.06666666666660001 0.0222222222222 0.0222222222222 0.08888888888890001
0.14027197011019998 0.3801318284 0.19584699453529997 0.1261244019137 0.0 0.2704029607763 0.4557143337376 2.0396533168144004 1.6083689316964997 0.0 1.4796638178372001 0.7322416964281999 1.1731973749583 0.0551703935162 1.1277604059108999 1.0436774713024 0.16612440191359998 0.0399999999999 0.9656497001503999
0.0827919373645 0.1311011161085 0.2705314009659 0.1521739130435 0.0241545893719 0.6859903381639001 0.2283858070963 1.5382308845581 0.8812260536404 0.0 1.1445110777943999 0.4782608695648 1.4209561885704 0.1594202898549 1.1234382808591001 1.1840746293525 0.0689655172413 0.1141929035481 0.3115942028983
0.13370350784399998 0.174531383986 0.1034725894587 0.20460657195589999 0.0601503759398 0.3573211187669 0.4720135876457 1.5728003244494 1.1793285434636 0.1721927770243 0.8478785541334001 0.7345876589949 1.1347638000329 0.0 0.441159747597 1.1763703282532998 0.15287027722639998 0.0710587945272 1.011190058702
0.0 0.0 0.0 0.0 0.0 0.0 0.0 0.0 0.0 0.0 0.0 0.0 0.0 0.0 0.0 0.0 0.0 0.0 0.0
0.3047750521329 0.43997579909810003 0.29502700689132 0.098334057656 0.0644257703081 0.3459219411355 0.31516390997912 1.5720964091848404 0.9584131610054201 0.038784744667099996 0.62508664482692 0.42603642065212 0.8323077166541201 0.0169491525424 1.06820393520282 0.53510847189786 0.46695712617904 0.0442002442002 0.5522324357813
0.1840874273962 0.3844323199554 0.105507631055 0.0437956204379 0.0 0.46185701295150006 0.809846231989 1.2908402762410005 0.7020693553538 0.0600530856005 0.6235960579021 0.7059975259497999 0.5461304037948 0.1807695773633 1.3648815814272002 1.51638854072 0.3513070690692 0.2042730631536 0.46416721964240004
0.0569280343715 0.347189402076 0.2549051199427 0.233333333334 0.0902613677048 0.0333333333333 0.4134085213034 0.9436627282485 0.9070712495527 0.0333333333333 0.19525599713539998 0.6401539563192 0.3313104189039 0.133333333333 0.7358575008958 0.37008592910809995 0.9132116004304001 0.0464912280701 0.3208736126024
0.27619047619 0.25833333333299996 0.24047619047589996 0.07142857142850001 0.1380952380953 0.0 0.102380952381 0.1559523809524 0.0178571428571 0.0535714285714 0.0178571428571 0.1428571428572 0.08452380952380001 0.0 0.2892857142858 0.0 0.0 0.15119047619050002 0.0
0.0496894409937 0.1039459261965 0.0542564852027 0.0248447204968 0.0294117647059 0.2236024844716 0.1954694921442 0.5942637924742 0.5569967117291 0.0 0.7276214833756001 0.3942272561192 0.4890390938989 0.0248447204969 0.373949579832 0.36024844720450006 0.1457800511508 0.0124223602484 0.6393861892577
0.27774599542350004 0.2565789473689 0.0798872180451 0.1102075841778 0.1684782608696 0.0573308270676 0.3933474991826 0.4950964367437 0.20631742399459999 0.0535714285714 0.1635338345863 0.3437806472706 0.21502124877420004 0.0178571428571 0.5338754494936 0.18445570447850002 0.0744932984635 0.17857142857129998 0.18984962406010003
0.1639344262295 0.0327868852459 0.0327868852459 0.0983606557377 0.0 0.0327868852459 0.09836065573769999 0.1311475409836 0.1311475409836 0.0 0.1639344262295 0.2950819672131 0.0655737704918 0.0 0.32786885245950004 0.1967213114758 0.1311475409836 0.0327868852459 0.0655737704918
0.062499999999900004 0.0208333333333 0.4523809523807 0.0208333333333 0.0 0.0208333333333 0.5208333333333 0.39583333333310006 0.16666666666680002 0.0 0.3065476190473 0.18452380952369998 0.25 0.285714285714 0.20833333333339998 0.08333333333330001 0.0 0.0 0.0208333333333
0.0666666666667 0.133333333333 0.0666666666667 0.0 0.0 0.1333333333334 0.0 0.2666666666664 0.0666666666667 0.0 0.0 0.19999999999969997 0.0666666666667 0.0 0.2666666666664 0.2666666666667 0.0 0.0 0.46666666666670004
0.0 0.0666666666666 0.0 0.0 0.133333333333 0.0666666666666 0.0 0.0 0.0 0.266666666667 0.0666666666666 0.0 0.0666666666666 0.0 0.0666666666666 0.0 0.0 0.0 0.266666666667
0.0153846153846 0.1197344322345 0.0411858974359 0.057142857142800006 0.0104166666667 0.2047847985347 0.03125 0.4129120879121 0.3850045787549 0.0323946886447 0.5786172161172001 0.3701007326009 0.4031593406594 0.026373626373600002 0.34324633699629997 0.37335164835150003 0.1296703296703 0.0153846153846 0.44988553113640006
0.1721380471381 0.3143939393933 0.0454545454545 0.0568181818182 0.037037037037 0.1506734006732 0.1578282828284 0.7319023569015 0.297138047138 0.0185185185185 0.18771043771020002 0.31397306397270003 0.287037037037 0.0795454545457 0.4036195286191 0.36658249158230005 0.1363636363634 0.1039562289561 0.13930976430949998
0.1326380675912 0.3334050102139 0.1009568863562 0.0692757051212 0.11737089201869999 0.3885603698536 0.3498190158758 1.196215460704 0.6221553238002 0.0469483568075 0.5095509443424999 0.5610866215103 0.5904741425658999 0.0234741784037 0.7547933913908 0.5353187829272 0.2500089596102 0.1009568863562 0.3169910045515
0.08781535158341 0.5112184648425 0.0246913580247 0.24465915190541 0.0493827160493 0.24465915190532 0.24326355340850997 0.69747718733181 0.84594739667221 0.0 0.28448738593653 0.46462694578612 0.42673107890541 0.0 0.88942565754081 0.57348362855572 0.5519055287167101 0.111111111111 0.7491143317238
0.0666666666666 0.0333333333333 0.1 0.0 0.0 0.0333333333333 0.0666666666666 0.19999999999959997 0.133333333333 0.0 0.0 0.0333333333333 0.16666666666660002 0.0 0.1333333333332 0.0 0.0333333333333 0.0 0.0
0.1211339385253 0.087800605192 0.0327281414238 0.1428730689601 0.0 0.3351409460105 0.131756649148 0.4002150023894 0.30614747571269996 0.0 0.28393056219150004 0.4887482083135 0.4983038700433 0.021978021978 0.47607103041910004 0.3443143812711 0.07137283006850001 0.0666666666667 0.19081860168820003
0.07476635514010001 0.3514277622689 0.29989400008079997 0.08933122951809999 0.018691588785 0.6029437229446 0.3655783468863 1.2479831694785 0.731014281669 0.025974025974 0.9814524416393 0.5619905328314 0.5977100780846 0.077922077922 0.6273965287048 0.8522458227134999 0.23158150260910002 0.063357203544 0.1987393292066
0.0166666666667 0.2041666666667 0.0108695652174 0.027536231884100003 0.0217391304348 0.1835144927536 0.35434782608689996 0.48152173913060003 0.4335144927538 0.0 0.40706521739129997 0.5742753623189001 0.4440217391308 0.0375 0.6592391304348001 0.6677536231886 0.125 0.1233695652174 0.22789855072479998
0.0 0.0 0.0 0.0 0.0 0.0 0.0 0.0 0.0 0.0 0.0 0.0 0.0 0.0 0.0 0.0 0.0 0.0 0.0
0.5822772894916 0.8350877495183 0.0978256474944 0.4956698930211 0.1348626845314 0.9073002019570999 0.7095187917102 1.4984256749424 1.2844130004041001 0.0416666666667 1.2281119405085001 0.8058654258301 1.0536717986827 0.1208852869926 1.6794242122063001 1.5410520583911 0.5298282781721 0.17521367521370002 1.2788997242651
0.0128205128205 0.217948717949 0.0526315789474 0.076923076923 0.0775978407557 0.37246963562769997 0.3731443994599 0.9655870445336 0.4001349527668 0.0 0.6160593792174001 0.28272604588370004 0.7712550607301 0.076923076923 0.6207827260454 0.6059379217278 0.3488529014853 0.0 0.128205128205
0.08214285714280001 0.1400974025974 0.0517857142857 0.041937229437200005 0.0285714285714 0.0276515151515 0.1347943722944 0.39172077922070003 0.2775974025974 0.0142857142857 0.19264069264060002 0.2837662337662 0.1747835497835 0.0 0.31044372294370004 0.37012987013020004 0.2982142857147 0.0535714285714 0.12586580086580001
0.1224489795923 0.0816326530612 0.061224489795900006 0.0 0.061224489795900006 0.0 0.12244897959190001 0.14285714285720003 0.0 0.061224489795900006 0.0 0.0816326530612 0.061224489795900006 0.0 0.0816326530612 0.0204081632653 0.0 0.0816326530612 0.0204081632653
0.1247457627119 0.02590673575125 0.18498638798619998 0.0169491525424 0.0 0.13089312373759998 0.08145077720215001 0.46144199525785 0.15302362343034998 0.0555440414508 0.36493193993164996 0.2137490120312 0.2024659699657 0.0442609993852 0.40062527443554996 0.15161851233870002 0.16 0.0 0.22740669184159998
0.3494720965316 0.24200603318240002 0.0776772247361 0.0910256410256 0.07692307692309999 0.0584464555052 0.1934389140271 0.07730015082950001 0.0192307692308 0.077677224736 0.0196078431372 0.3271493212667 0.1353695324284 0.0196078431372 0.6094268476625 0.3067119155352 0.1106334841628 0.07692307692309999 0.1313725490194
0.11451612903220001 0.1084934154887 0.061235955056200005 0.2117735894653 0.12247191011240001 0.0767186178566 0.21602029720939997 0.5611211791713 0.26563972453780005 0.0 0.44220128065729997 0.39795215657870003 0.325480246466 0.0430107526881 0.3998852241152 0.27509967379489997 0.21698683097779997 0.0 0.16139301679360002
0.0327868852458 0.0819672131147 0.6163934426229 0.2163934426229 0.0163934426229 0.0491803278688 0.0163934426229 0.11475409836049999 0.0327868852458 0.0 0.0983606557375 0.0327868852458 0.1311475409835 0.0163934426229 0.3147540983605 0.0163934426229 0.0163934426229 0.0163934426229 0.1803278688526
0.0 0.0 0.0 0.0 0.0 0.0 0.0 0.0 0.0 0.0 0.0 0.0 0.0 0.0 0.0 0.0 0.0 0.0 0.0
0.0 0.0 0.0 0.0 0.0 0.0 0.0 0.0 0.0 0.0 0.0 0.0 0.0 0.0 0.0 0.0 0.0 0.0 0.0
0.0229885057471 0.0919540229884 0.0689655172413 0.0229885057471 0.0 0.0919540229884 0.0 0.20689655172440002 0.0919540229884 0.0 0.6206896551732 0.0919540229884 0.0919540229884 0.0229885057471 0.20689655172439997 0.22988505747149998 0.0229885057471 0.0 0.1149425287357
0.2707137823421 0.30831571529289997 0.030303030303 0.0498338870431 0.0 0.3762206785455 0.27801268498950005 0.4578173764209 0.7069868116382001 0.0801369173461 0.5467129769443 0.41236283096619997 0.6087788180808 0.06352562166510001 0.5394140742976 0.7235981073183 0.1754253498437 0.045454545454500006 0.32638679150329997
0.3085588938848 0.48328101968320003 0.1868903489328 0.038326931284600005 0.032669157326700005 0.5021812345275 0.2840355191664 1.7436470191502997 0.8086880295106001 0.0833494115375 0.5976371805623 0.8586326599278999 0.6778677942494 0.0474982381959 0.9822170643881 0.6022937787253 0.4003443659044 0.16167726677990002 1.2002040862616
0.11452991452979999 0.1904928404927 0.0458291708291 0.0958541458541 0.0230769230769 0.23146853146889998 0.290712065712 0.5638139638144001 0.8586080586072 0.0178571428571 0.7110417360415 0.6181568431573 0.6901542901544 0.0178571428571 0.7328199578198 0.7048396048404 0.3132589632586 0.0444444444444 0.7351842601853
0.0384615384615 0.0192307692308 0.0 0.0 0.0384615384616 0.0192307692308 0.0192307692308 0.09615384615389999 0.0384615384616 0.0384615384615 0.0192307692308 0.096153846154 0.1153846153846 0.0192307692308 0.153846153846 0.19230769230769998 0.0 0.0192307692308 0.07692307692309999
0.0192307692307 0.051282051282 0.0 0.025641025641 0.0 0.044871794871699996 0.057692307692250006 0.14102564102550003 0.10256410256394999 0.0 0.08974358974345 0.12820512820524999 0.04487179487170001 0.0128205128205 0.08974358974375002 0.10897435897445 0.01923076923075 0.00641025641025 0.057692307692200004
0.1662738724094 0.3566842746861 0.2125965054858 0.0541243396992 0.0541243396992 0.3410808614392 0.276472978464 0.7916294189340001 0.45323039414849997 0.0 0.7499390491674001 0.4069077610736 0.4812677773263 0.0260869565217 0.5190572937822 0.5856156034142 0.1121495327102 0.136286062576 0.2764729784649
0.07706093189949999 0.3197804659507 0.015625 0.010752688172 0.0 0.11178315412169999 0.23465501792100002 0.4220990143366 0.3721438172044 0.03125 0.44192428315449994 0.20547715053750001 0.30958781362 0.0492831541218 0.5609879032256 0.3884408602146 0.1131832437274 0.0277777777777 0.3081877240142
0.0 0.0 0.0 0.0 0.0 0.0 0.0 0.0 0.0 0.0 0.0 0.0 0.0 0.0 0.0 0.0 0.0 0.0 0.0
0.0447761194029 0.2562795777211 0.1111837914088 0.0223880597015 0.0 0.0624033036039 0.2279816618128 0.8296266381512001 0.7991331452498001 0.0 0.39871336912989996 0.29915020931909997 0.6850939661447 0.0780283036039 0.6965439570434 0.38394157262449996 0.45176556243289995 0.0915544230068 0.5614363396438999
0.088141025641 0.1294070512821 0.0128205128205 0.025641025641 0.0128205128205 0.0384615384615 0.0853365384615 0.20352564102560003 0.1662660256411 0.015625 0.149439102564 0.10817307692309999 0.2219551282051 0.0 0.186298076923 0.27724358974359997 0.088141025641 0.015625 0.1750801282055
0.02912621359217 0.0291262135922 0.0194174757281 0.03470873786407 0.0 0.00970873786407 0.0444174757281 0.14854368932035 0.34004854368927 0.0 0.17354368932031 0.13737864077667 0.21796116504841 0.025 0.24708737864071 0.3150485436893 0.10679611650507 0.00970873786407 0.11237864077657
0.0 0.0 0.0 0.0 0.0 0.0 0.0 0.0 0.0 0.0 0.0 0.0 0.0 0.0 0.0 0.0 0.0 0.0 0.0
0.0 0.0382165605095 0.1440614462344 0.0 0.0382165605095 0.47040089921410005 0.343949044587 0.8849756463083001 0.5850505807421 0.0 1.0818658673661 0.496815286625 0.8231547396027 0.0294117647059 0.3263394529788 0.37336080929140003 0.0382165605095 0.0 1.3259647808158
0.1631347461016 0.4070371851269 0.0651739304279 0.1303478608557 0.032786885246 0.1303478608557 0.2443022790889 0.26109556177540005 0.17952818872460002 0.0 0.1467413034787 0.1631347461016 0.0651739304279 0.016393442623 0.4566173530595 0.17952818872469997 0.016393442623 0.049180327868899996 0.2930827668936
0.086956521739 0.5053064019161 0.1507106492472 0.1027045532351 0.0322580645161 0.1267462534925 0.9124802597452 0.5226557409635 0.1889763779529 0.0645161290322 0.3321553599627 0.3022606045218 0.4274055504626 0.0157480314961 0.2849885699772 0.3975107950222 0.1027045532351 0.18296871376340001 0.26094686971979997
0.0333333333333 0.157894736842 0.1578947368424 0.0 0.1052631578948 0.1385964912281 0.1578947368424 0.4771929824564 0.38245614035100006 0.0526315789474 0.1859649122807 0.0859649122807 0.0 0.0 0.36315789473680005 0.4105263157897 0.0526315789474 0.0666666666667 0.1719298245616
0.0 0.0 0.0 0.0 0.0 0.0 0.2 0.4666666666662 0.0 0.0666666666666 0.133333333333 0.4000000000002 0.0 0.0 0.0666666666666 0.2666666666662 0.133333333333 0.0 0.266666666667
0.0 0.0 0.0 0.0 0.571428571428 0.0 0.0 0.0 0.0 0.0 0.0 0.0 0.0 0.0 0.142857142857 0.0 0.0 0.142857142857 0.142857142857
0.0491803278688 0.2891207153509 0.0681818181818 0.0 0.0 0.2537257824137 0.1337555886737 0.422876304024 0.1337555886735 0.0681818181818 0.7637853949331 0.4012667660213 0.3002980625932 0.136363636364 0.23472429210119997 0.5946348733243 0.0163934426229 0.0163934426229 0.1173621460506
0.2029904411123 0.712685258265 0.235345961589 0.2651933701661 0.17441901254050002 0.1657458563535 0.4334473384193 0.9965009208103001 0.4926598263619 0.0285714285714 0.5527931246165 0.6099359817589 0.5775804612823 0.0994475138121 1.0247610277995 0.6145137244589 0.19889502762420003 0.1557967201613 0.4587170042976
0.0526315789474 0.3030967570444 0.0748538011696 0.1849016480595 0.0 0.2742955874534 0.1275784157363 1.1317783094109 0.8440457203612 0.0 0.8208133971299001 1.0360845295047998 1.0258639021795 0.0227272727273 0.4855130249866 0.7583864965448001 0.13944710260499998 0.0666666666666 0.6513157894737
0.162162162162 0.0 0.054054054054 0.0 0.0 0.0 0.054054054054 0.162162162162 0.540540540541 0.0 0.108108108108 0.0 0.216216216216 0.0 0.32432432432400005 0.324324324324 0.0 0.0 0.054054054054
0.0 0.0 0.0 0.0 0.0 0.0 0.0 0.0 0.0 0.0 0.0 0.0 0.0 0.0 0.0 0.0 0.0 0.0 0.0
0.0857142857142 0.3879247051478 0.1170038272279 0.0645161290322 0.0 0.35198000468650004 0.15760368663639998 0.9058501913618 1.1682886823413998 0.254237288135 1.8131687885655 0.9214246660932 1.1453409357192 0.0322580645161 0.9068187143647999 1.3748340232757 0.29032258064609995 0.0 1.0227134265418
0.0434782608696 0.05 0.18043478260860002 0.0 0.0 0.0999999999999 0.0434782608696 0.3249999999996 0.311956521739 0.025 0.3554347826085 0.0 0.24347826087059998 0.125 0.18695652173900001 0.7608695652188 0.1304347826087 0.0499999999999 0.0684782608696
0.058090742197699996 0.1795985027302 0.0337004982953 0.0121951219512 0.0121951219512 0.1831390220059 0.2319195098108 0.6658155115268999 0.2877858045447 0.0215053763441 0.29687432944680003 0.4112962830507 0.32768996018429997 0.0337004982953 0.3520849724624 0.46781822950209995 0.0913525498891 0.0 0.3332379658111
0.0 0.0 0.0 0.0 0.0 0.0 0.0 0.0 0.0 0.0 0.0 0.0 0.0 0.0 0.0 0.0 0.0 0.0 0.0
0.031914893617 0.0106382978723 0.0 0.031914893617 0.0 0.22127659574470002 0.27446808510640003 0.395744680851 0.063829787234 0.0 0.0638297872339 0.2170212765958 0.07446808510639999 0.0212765957447 0.2595744680853 0.127659574468 0.063829787234 0.1 0.042553191489299994
0.0 0.24242424242399999 0.060606060606 0.030303030303 0.030303030303 0.0 0.09090909090900001 0.242424242424 0.151515151515 0.0 0.060606060606 0.060606060606 0.030303030303 0.0 0.212121212121 0.484848484848 0.121212121212 0.0 0.181818181818
0.0384615384614 0.0384615384615 0.0 0.0 0.057692307692200004 0.0192307692307 0.0192307692307 0.11538461538460001 0.0576923076922 0.0 0.0384615384614 0.1153846153844 0.0 0.0 0.1346153846157 0.057692307692200004 0.23076923076990002 0.0 0.0769230769231
0.0714285714286 0.1785714285715 0.0714285714286 0.0714285714286 0.0714285714286 0.0 0.1071428571429 0.0714285714286 0.0 0.0357142857143 0.0714285714286 0.1071428571429 0.0357142857143 0.0 0.0 0.0714285714286 0.0 0.0357142857143 0.0
0.08368945868958 0.1207839353 0.05698005697998 0.0185185185185 0.0 0.07962273688074001 0.03846153846148 0.64039380571716 0.21545584045588 0.0322580645161 0.2306773274515 0.19907407407398003 0.29448120577148 0.06517094017088 0.42752274607084 0.23061988787798002 0.12007168458770001 0.00961538461538 0.13660279386076002
