0.1423654568209 0.5816645807257 0.12265331664580001 0.127659574468 0.063829787234 0.0 0.5375469336668001 0.6921151439305 0.0466207759699 0.0294117647059 0.2061952440549 0.3704630788479 0.0441176470588 0.0 0.4292866082599 0.24030037546879998 0.159574468085 0.20619524405490003 0.0
0.25656108597300004 0.7211838581585 0.11692677070820001 0.38697017268460004 0.0 0.4588235294111 0.41828423677119997 0.8098808754275999 0.6573829531823999 0.1859728506791 0.3492381568017 1.1041739772827999 0.185972850679 0.0705882352941 0.8725090036019001 0.414304183212 0.22678917720959998 0.381447963801 0.38299011912420006
0.0 0.0 0.0 0.0 0.0 0.0 0.0 0.0 0.0 0.0 0.0 0.0 0.0 0.0 0.0 0.0 0.0 0.0 0.0
0.0 0.0 0.0 0.0 0.0 0.0 0.0 0.0 0.0 0.0 0.0 0.0 0.0 0.0 0.0 0.0 0.0 0.0 0.0
0.0 0.0 0.0 0.0 0.0 0.0 0.0 0.0 0.0 0.0 0.0 0.0 0.0 0.0 0.0 0.0 0.0 0.0 0.0
0.0833333333333 0.2118261826184 0.0562706270627 0.0277777777778 0.0 0.5417491749174 0.3938943894387 1.1238173817382 0.9462046204622999 0.1118261826182 0.8411991199119999 0.2784928492848 0.37651265126489997 0.0555555555555 0.6216721672173999 1.1587458745864998 0.0 0.0277777777778 1.1433443344338001
0.6059957389332 0.09259085012999999 0.1672838717915 0.0314136125654 0.1381990604144 0.1291022857871 0.37614003723410006 0.499465686308 0.1465968586388 0.10141206675219999 0.24263554429420003 0.2606812331562 0.1868316878266 0.0 0.4363629031714 0.29856709837440004 0.0682006062276 0.113808816512 0.10471204188479999
0.39808683362319996 0.56989254389772 0.33764207403041996 0.04024822695032 0.0106382978723 0.36397959016832 0.5629999529238999 1.37604553207092 0.57218336485972 0.041078575942699994 0.51514192576284 0.70113114445992 0.31215106375732 0.0 0.5639203321327599 0.47467261555424 0.17328449389859998 0.1704618198463 0.8164416122461
0.13315286698019999 0.33542085237360003 0.1374886967004 0.0441176470588 0.0289855072463 0.0401296111664 0.4823552598027 1.0273001353215998 0.7282036600003 0.086956521739 0.9405938739241 0.6600979837705 0.7269708400917 0.0294117647059 0.9677159959285999 0.38735764395329997 0.6447807739584 0.0 0.5989603652803
0.0 0.0 0.0 0.0 0.25 0.0 0.25 0.8571428571428 0.0 0.142857142857 0.2142857142856 0.0 0.0 0.0 0.0 0.1428571428572 0.0 0.0 0.142857142857
0.0165289256198 0.19421487603289997 0.049586776859399995 0.0 0.0 0.3925619834715 0.2004132231398 0.5413223140496001 0.2169421487604 0.0227272727273 0.3904958677691 0.1508264462808 0.1570247933883 0.0165289256198 0.29338842975199997 0.33264462809920003 0.0165289256198 0.0 1.0082644628108
0.0 0.0 0.0 0.0 0.0 0.060606060606 0.060606060606 0.21212121212100002 0.12121212121210001 0.0 0.151515151515 0.030303030303 0.030303030303 0.0 0.030303030303 0.242424242424 0.0 0.0 0.060606060606
0.08 0.16401524983770002 0.0491645035691 0.0 0.0434782608695 0.24763627514610004 0.306338416613 0.8564682024666 0.27930077871549996 0.0 0.375816028553 0.21264276443859997 0.6645327709285 0.0325 0.5919435431539 0.41466742375140003 0.1209782608696 0.0125 0.5480175210907
0.0 0.0 0.0 0.0 0.0 0.0 0.0 0.0 0.0 0.0 0.0 0.0 0.0 0.0 0.0 0.0 0.0 0.0 0.0
0.2215488215489 0.4704665197807 0.2067056231438 0.013698630137 0.0814814814814 0.13111941331110002 0.524569190322 1.313906894728 0.27341912273400004 0.0 0.9254398569475 0.35710458998109995 0.33620078551529997 0.0 0.8801616445441001 0.6907856222924 0.3070707070716 0.0740740740741 1.1922470223841999
0.0281690140845 0.5368015481849 0.0410958904109 0.11694408877500001 0.0410958904109 0.4565625383683 0.8549570565788001 0.7854524406716 0.39827173919360004 0.0 0.48265600243170004 0.5866732148813 0.5647308508598 0.0 0.6039909026590999 0.6927659773496 0.4960681481999 0.0 0.3137646969401
0.069500133654 0.2665062817423 0.045977011494099995 0.13926757551410002 0.046511627907 0.0695001336541 0.116011761561 0.2194600374229 0.1039828922747 0.0114942528735 0.1275060144344 0.2207965784555 0.0927559476075 0.0 0.32397754611060003 0.3253140871425 0.38144881047900003 0.0344827586206 0.4055065490514
0.25 0.0 0.375 0.0 0.0 0.0 0.125 0.125 0.0 0.0 0.0 0.0 0.0 0.0 0.0 0.0 0.0 0.125 0.0
0.103448275862 0.0571428571428 0.0571428571428 0.0 0.0571428571428 0.3201970443349 0.1546798029555 0.7724137931046999 0.5093596059122 0.0 0.6463054187185999 0.3546798029553 0.42857142857339997 0.0 0.30344827586179995 0.41773399014699997 0.0344827586207 0.0 0.7832512315261999
0.0 0.0 0.0 0.0 0.0 0.0 0.0 0.0 0.0 0.0 0.0 0.0 0.0 0.0 0.0 0.0 0.0 0.0 0.0
0.17667845893640002 1.1012855125769998 0.3285543608121 0.1195286195285 0.16931216931210002 0.2257715402876 1.0462730220803 1.2059923350251 0.5044259802326 0.0 0.4171825784731 0.4099055066794 0.6950456950463001 0.0681818181818 0.9773464289605 0.40398609753479997 0.1612903225805 0.29040404040379997 0.6988355133521
0.0851063829787 0.0 0.0851063829787 0.0 0.0 0.127659574468 0.0 0.127659574468 0.38297872340399997 0.0 0.0 0.0851063829787 0.0425531914893 0.0 0.1276595744679 0.0851063829787 0.0425531914893 0.0 0.8085106382986
0.0 0.0 0.0 0.0 0.0 0.0 0.0 0.0 0.0 0.0 0.0 0.0 0.0 0.0 0.0 0.0 0.0 0.0 0.0
0.0 0.0 0.0 0.0 0.0 0.0 0.0 0.0 0.0 0.0 0.0 0.0 0.0 0.0 0.0 0.0 0.0 0.0 0.0
0.0 0.0149253731343 0.0298507462686 0.0149253731343 0.0 0.08955223880580002 0.104477611941 0.3134328358215 0.1343283582089 0.0149253731343 0.1492537313431 0.0597014925372 0.11940298507460001 0.0 0.1492537313434 0.2388059701484 0.0149253731343 0.0 0.55223880597
0.04666666666666 0.05333333333326 0.00666666666666 0.00666666666666 0.0 0.04666666666666 0.01333333333332 0.16000000000032 0.10666666666659999 0.00666666666666 0.0333333333333 0.0333333333333 0.06666666666668 0.0266666666667 0.15999999999991998 0.07333333333326 0.0733333333333 0.00666666666666 0.07999999999992
0.31721414473967 0.6541534939570299 0.50348252792576 0.11111317254169001 0.044209710150369994 0.65844615642382 1.0697522789773999 2.38124659462067 0.83005502374655 0.16611944965597 0.66344425166899 1.06393418428209 1.28694501213066 0.0 1.2762558206266799 0.7747740284228801 0.10479840716759001 0.11313531353129 1.98092042942868
0.042668269230699996 0.3816105769229 0.140625 0.042668269230699996 0.0 0.0661057692307 0.2796750663129 0.7302511604781999 0.5593501326256 0.0468749999999 0.2977868037134 0.19433852785119998 0.2133413461537 0.0 0.5332186671088001 0.34196783819660004 0.2500000000005 0.0 0.8795175729442
0.1666666666667 0.375 0.208333333334 0.0 0.125 0.0 0.125 0.1666666666667 0.0 0.0 0.0416666666667 0.125 0.125 0.0 0.0416666666667 0.0416666666667 0.1666666666667 0.125 0.1666666666667
0.0 0.20496288911030003 0.09272183449650001 0.0 0.0243902439024 0.3575903725137 0.34002112902480003 1.1457275868866 0.6208418106113 0.0365853658536 1.0593517550334 0.3214481217594 0.6583550162518 0.0338983050847 0.8205224435102 0.4977606475964 0.0 0.0 0.7858224783651
0.0441176470588 0.0 0.0882352941176 0.0 0.0 0.0882352941176 0.264705882353 0.1764705882352 0.44117647058820003 0.0 0.39705882352940003 0.132352941176 0.1323529411764 0.0441176470588 0.4852941176456 0.397058823529 0.0441176470588 0.0441176470588 0.2205882352938
0.0 0.058776167471800006 0.2101449275362 0.0434782608695 0.0434782608695 0.2665056360708 0.40499194847000003 0.8236714975842001 0.6674718196456 0.0217391304348 0.2286634460547 0.3462157809986 0.29146537842239995 0.0 0.3059581320454 0.6682769726244999 0.2777777777775 0.0925925925925 1.2487922705304
0.0 0.0 0.0714285714285 0.0 0.0 0.0 0.0 0.0 0.642857142858 0.0 0.0 0.0714285714285 0.0 0.0 0.0714285714285 0.0 0.0714285714285 0.0 0.0714285714285
0.6785659457349 0.5613237030345 0.18347628307520003 0.12883707201880001 0.0 0.23513785679550003 0.9263358018285001 1.2869899590979998 0.6949354121814999 0.0850059031877 0.5245937217858 0.6226994930208 0.5607374963901001 0.0 1.8496533019469998 0.4638776998401001 0.5993645392047999 0.0 1.5984658108570002
0.18944099378940002 0.3513457556933 0.21014492753619998 0.0574534161491 0.0 0.3928571428569 0.5132505175984 0.6390269151135002 0.7290890269150001 0.0 0.7995859213245 1.0733954451353 0.2223602484472 0.095238095238 0.8335403726706 0.8674948240161 0.3791925465836 0.047619047619 0.598964803312
0.039408866995 0.03940886699495 0.0197044334975 0.07881773399 0.0 0.0197044334975 0.0394088669951 0.1773399014777 0.06896551724125 0.0 0.0591133004925 0.108374384237 0.0985221674875 0.0 0.12807881773395002 0.1182266009853 0.059113300492549994 0.00985221674875 0.93596059113475
0.171428571429 0.2000000000002 0.0285714285714 0.0 0.0571428571428 0.0 0.0571428571428 0.1142857142857 0.0285714285714 0.0857142857142 0.0 0.0 0.0857142857142 0.0 0.1142857142856 0.0571428571428 0.0 0.0 0.0
0.5105498072631 0.1548820842164 0.20176156596060002 0.0 0.0 0.3013090229083 0.21091858209599998 1.5310395623864002 1.991232928883 0.103448275862 0.6753228680848 1.0386313234134001 0.5477741956764 0.0 0.75584620958 0.7821396666245 0.1379310344833 0.0217391304347 3.0354737421272997
0.20989010989009999 0.1769230769231 0.10791208791210001 0.0659340659341 0.0 0.032967032967 0.1149450549451 0.235824175824 0.070989010989 0.1039560439561 0.08395604395600001 0.063956043956 0.13999999999999999 0.0 0.145934065934 0.16197802197800001 0.11494505494500001 0.032967032967 0.1369230769234
0.11832186168462001 0.18168906369482 0.1234567901235 0.00884955752212 0.09526931060852 0.2138096798863 0.26133508139404 0.41134054408316 0.28089151097931997 0.1234567901235 0.23478640882746 0.35660439200342 0.20124549328070002 0.00884955752212 0.40948322954154 0.38643067846591994 0.12367529771663999 0.07057795258382 0.38992679995685997
0.114285714286 0.0666666666667 0.0285714285714 0.0095238095238 0.0 0.0 0.0952380952381 0.20000000000020002 0.0476190476191 0.0190476190476 0.0285714285714 0.0761904761905 0.0380952380952 0.0 0.0571428571429 0.0380952380952 0.0095238095238 0.0095238095238 0.1619047619049
0.0 0.095238095238 0.0 0.047619047619 0.0 0.0 0.0238095238095 0.1904761904762 0.119047619048 0.0 0.0 0.07142857142850001 0.0714285714285 0.0 0.095238095238 0.07142857142850001 0.047619047619 0.0 0.166666666667
0.0 0.0 0.0 0.0 0.766666666666 0.0 0.166666666667 0.1 0.0 0.266666666667 0.1 0.0 0.0 0.0 0.2 0.1 0.0 0.30000000000000004 0.0
0.00757575757575 0.10191981931105 0.1490918501784 0.0613354037265 0.0 0.22602578580845 0.37947016751275003 1.2361189535092 0.35798983625009995 0.02931488801045 0.68233578016175 0.5477602108038 0.3954216073781 0.0 0.5487718802923 0.6038961038955001 0.051054018445249996 0.0217391304347 2.6001788067031
0.9526003949971 0.4483212639895 0.3396971691902 0.2988808426596 0.27847267939369996 0.2922975641862 0.5503620803165 1.1198156682009 0.5865701119159 0.20210664911070003 0.46412113232359997 0.5536537195518999 0.5457537853855 0.0408163265306 0.7498354180393 0.2653061224488 0.0730743910467 0.14944042132969998 1.0888742593833
0.2144390699992 0.50743706060579 0.13486172140497 0.03849408316327 0.0192307692308 0.5296311711906501 0.42771700456478 1.75436486522605 0.65947883956327 0.0443825745169 1.30662734068109 0.8579052150699 0.88778253346912 0.02716941371259 1.0340887230753302 0.55931378196875 0.09868885724038 0.10229648991768 3.7960904854020496
0.1004184100417 0.29796953641451 0.0417119565217 0.0 0.0 0.23953160056990996 0.2231711615425 0.9624602055677202 1.11458560730131 0.0 0.6220572964034101 0.8498933130194102 0.36853113061652 0.133333333333 0.8572755593960001 0.8716669319628001 0.15035909738631 0.0753138075313 3.0917210523940994
0.125 0.0 0.0 0.0 0.25 0.0 0.0 0.0 0.0 0.125 0.25 0.0 0.0 0.0 0.0 0.0 0.0 0.0 0.25
0.10752688172 0.0333333333334 0.02528735632186 0.0 0.0 0.23980348535406001 0.1360215053764 0.6770300333696001 0.37969966629609997 0.0 0.45341119762728 0.7773266592513601 0.6145902855030201 0.02528735632186 0.41360771227262005 0.47434186132668 0.0333333333333 0.0 0.6093993325911
0.14044882320750002 0.6737274220027001 0.07892720306510001 0.0229885057471 0.0 0.1130268199234 0.067816091954 0.2954022988508 0.2126436781609 0.0344827586207 0.1122605363986 0.38319649698970004 0.13716475095789998 0.0229885057471 0.1134099616858 0.3753147235905 0.0 0.0229885057471 0.193212917351
0.1106973273639 0.2194546194546 0.16098901098899998 0.0 0.0447632614298 0.1310269976935 0.30581332248 0.8379799213135999 0.7303690137026 0.0543956043955 0.38877357210630004 0.3148962148961 0.4211911545241 0.0 0.3616605616606 0.5562338895667 0.3530525030526 0.0 1.0087030253701
0.0 0.0 0.0 0.0 0.0 0.0 0.0 0.0 0.0 0.0 0.0 0.0 0.0 0.0 0.0 0.0 0.0 0.0 0.0
0.3202269170583 0.2657087304974 0.08349931237242002 0.1159215393369 0.0 0.16278987053632002 0.41417401716700003 0.3636986057757301 0.2910205339781 0.0 0.21315858111630998 0.3955636173948 0.42276936026882006 0.0185185185185 0.44814340588951007 0.33279390145541 0.14475150566681 0.0601851851851 0.94707639778022
0.1361861238055 0.17063404159770001 0.12705366922230002 0.1301108201853 0.0240963855422 0.1958491983534 0.30926042875279997 0.4540880149597 1.2542000326152 0.0 0.2527858463086 0.6321153975093 0.4739026090512 0.0 0.5262613477896 0.8508554301773 0.21201335194249998 0.0509926854754 1.1995946167116
0.2285714285713 0.17738095238090001 0.1261904761905 0.349206349207 0.031746031746 0.031746031746 0.1424603174602 0.9095238095239999 0.7238095238098 0.0333333333333 0.36785714285689997 0.4714285714293 0.3071428571428 0.031746031746 0.5718253968248 0.7460317460321999 0.4289682539686 0.0456349206349 1.2753968253966
0.357142857143 0.2857142857142 0.0714285714286 0.142857142857 0.0714285714286 0.0714285714286 0.1428571428572 0.1428571428572 0.0 0.0 0.0714285714286 0.0 0.142857142857 0.0 0.2857142857146 0.0 0.0714285714286 0.1428571428572 0.0
0.1570660522267 0.370625623273 0.5219846136282 0.0602918586789 0.15120094958799998 0.3479059922127 0.8836463150580001 1.8099854216738 0.7365928185833 0.2142933559524 1.1177725391277 0.3110637286674 0.6482989649356 0.0119047619047 0.8905677549004 1.6781220492519 0.1145027992535 0.0330578512396 3.9411165498406002
0.27378048780590003 0.3963414634145 0.1871951219511 0.0999999999999 0.125 0.0243902439024 0.28597560975610004 0.6109756097557999 0.2237804878048 0.0999999999999 0.1231707317072 0.2731707317073 0.2097560975612 0.0 0.42317073170720004 0.3463414634147 0.08658536585360001 0.07439024390240001 0.135975609756
0.19237749546333 0.20825771324873 0.06034482758611 0.06079854809434 0.01724137931034 0.11343012704161999 0.27813067150661996 0.38294010889297997 0.32078039927408003 0.043103448275840006 0.14791288566226 0.18194192377511997 0.36479128856612997 0.0263157894737 0.56896551724093 0.47822141560822007 0.15698729582577 0.025862068965469998 0.37159709618829
0.04347826086959 0.02898550724638 0.21325051759859 0.00724637681159 0.0289855072464 0.054865424430590004 0.09834368530019 0.16356107660448 0.09834368530018 0.00724637681159 0.12422360248439002 0.125258799172 0.0383022774327 0.0 0.16459627329189 0.17287784679076998 0.0983436853002 0.05279503105589 0.4792960662529
0.0 0.181818181818 0.090909090909 0.0 0.0 0.0 0.272727272727 0.22727272727249997 0.272727272727 0.0 0.181818181818 0.0454545454545 0.0 0.0 0.090909090909 0.0454545454545 0.090909090909 0.0 0.500000000001
0.0833333333333 0.0 0.0 0.0 0.24999999999989997 0.0 0.0833333333333 0.25 0.0 0.0833333333333 0.0 0.0 0.0 0.0 0.0 0.0833333333333 0.0833333333333 0.0833333333333 0.0
0.10682216115266 0.07591256477192 0.045002968391160005 0.0244648318043 0.0122324159021 0.1841028470945 0.1479253816609 0.60798457876116 0.57433874003942 0.0183486238532 0.60446744954582 0.281770948665 0.28379618308562 0.0122324159021 0.41472767208342 0.5159803548911599 0.03090959638086 0.10426358710519999 2.95471667891076
0.29212724146479996 0.10034389584860001 0.10703758290330001 0.06355932203379999 0.0356791943011 0.2754237288129 0.3211127487107 0.7649226234347 0.3177966101699 0.0211864406779 0.4315278801277 0.4091746499623 0.41034143945 0.0211864406779 0.749324490298 0.6077130926058999 0.056865634979000004 0.13602309014980002 0.8786538933922
0.298615927615 0.7277091946055699 0.3040500089104 0.0486590038314 0.0120481927711 0.61749376169777 1.1087361273902 2.99027936440484 1.16634785371814 0.23180076628309998 1.2085057816770999 1.7635735802937 0.97904799497597 0.0 1.5048227339542 0.94805165652837 0.437933299379 0.32639523611759996 5.3259295158455
0.037037037037 0.11525704809269999 0.0953565505803 0.1124930901049 0.0 0.0398009950248 0.1276027271051 0.5702045328908 0.3889810208214 0.0 0.6545973834525001 0.4828634604759 0.4425096738525 0.0308641975308 0.3917449788094 0.9732817394503999 0.127602727105 0.0185185185185 2.3912843191475
0.0 0.095890410959 0.0 0.013698630137 0.1861402095079 0.0588235294117 0.0684931506849 0.2860596293307 0.027397260274 0.411764705883 0.0684931506849 0.054794520548 0.041095890411 0.0 0.027397260274 0.027397260274 0.054794520548 0.013698630137 0.5640612409339
0.04059293826989 0.09988676526118999 0.11451681832220001 0.04233680227059 0.00662251655629 0.5373909709001901 0.0924064097725 0.33197141190498 0.47927494562207995 0.0 0.8139429797800999 0.16294895613250002 0.44306166502727995 0.01698521085679 0.68841284646108 0.3050490839846 0.10851673632608999 0.0 1.71608294255139
0.2260718240785 0.1330485682644 0.18446448346760003 0.0204081632653 0.0 0.37130200917580003 0.22607182407850002 0.8300901756058 0.7744027843687 0.0204081632653 0.6503717766186 0.5133681379532 0.0310077519379 0.0 0.5965828191743 0.8462268628383 0.051415915203200005 0.0408163265306 0.4839424141753
0.11787658110390001 0.38762631277985 0.1702348209 0.2717530819615 0.1282434072602 0.21808702717335 0.361991012408 0.93238000662095 0.7765063745698 0.1667792121814 0.6175324245439 0.6438645642124 0.55283099114295 0.00757575757575 0.6869095122022999 1.094628007984 0.23588075391425 0.1199977932251 1.5093023582386
0.0 0.0 0.0 0.0 0.0 0.0 0.0 0.0 0.0 0.0 0.0 0.0 0.0 0.0 0.0 0.0 0.0 0.0 0.0
0.1623063810864 0.51295206823111 0.30164042974841 0.14990314769170998 0.016129032258 0.3058134470663 0.6138877625395001 1.61461306348701 1.4166368993203 0.08648047559981 1.05516735339314 2.0386828507364 0.6781194004556099 0.0 0.7977121669435099 0.76034125073892 0.81930490308121 0.10041362612221 2.56989574149732
0.1407184997898 0.4066070676059 0.1163987718979 0.1510384684846 0.0883014267652 0.06549425079743 0.26197700319052997 0.63701312383396 0.8860649569574 0.06143067846603 0.6444780567089 0.44185479501492997 0.3279453374267 0.079646017699 0.49269761001745993 0.8977198844142001 0.5332821624234 0.061430678465930005 0.7059012100411
0.37206211619321 0.15987325363677 0.28663925732886997 0.16646917104230002 0.0 0.05797860500437001 0.36348578686253996 0.5792688515573101 0.7228470794659101 0.039968313409140005 0.18097364251741 0.46932816571259994 0.23748903408254002 0.0 0.6142681314085101 0.50336833697741 1.24999017977485 0.575988896599 0.42000117842667
0.0 0.0 0.5 0.0 0.0 0.0 0.0 0.0 0.0 0.0 0.0 0.0 0.0 0.0 0.0 0.0 0.0 0.5 0.0
0.1087064116986 0.0976887340301 0.3369377303447 0.05146231721030001 0.0848304937493 0.37721254355379996 0.1772811325415 1.9934463679839998 0.8338493968746999 0.10871080139369999 1.8106902795679 0.5553792056483 0.6417062196493 0.0 0.4967751287189 1.1832607204588002 0.1651026548511 0.0152380952381 5.961721766475501
0.06122448979583 0.05442176870753 0.047619047619100005 0.02721088435373 0.054421768707560006 0.01360544217686 0.14965986394570002 0.17006802721109002 0.02040816326533 0.01360544217686 0.04081632653063 0.0884353741498 0.04761904761909 0.0 0.04081632653063 0.08843537414963 0.0 0.047619047619100005 0.0340136054422
0.1830199218021 0.1677527462296 0.061022156023 0.0457549804505 0.06106870229 0.122044312046 0.5491063116746 0.7780673989939 1.494042077829 0.1221374045801 0.28970396574159996 0.6709178923842001 0.5338391361012 0.0762427853285 0.36599329733700003 0.3659932973372 0.1372649413516 0.1831595606032 0.7928691118971001
0.4196340743663 0.23378582202089998 0.6009071633116999 0.3427109974434 0.1568627450983 0.4017902813297 0.45865302642870004 1.7157715260031998 0.5166240409218 0.30915032679800003 1.130675235537 0.9178743961367 0.5531947450117 0.110258596192 0.6342426825808 0.7780619494184 0.3483944302362 0.48607340372019997 1.8853345574593001
0.30434782608699995 0.07718612603819999 0.0442110405471 0.0434782608696 0.0112359550562 0.0786516853936 0.1790425012211 0.065950170982 0.0449438202246 0.0 0.0337078651686 0.323644357597 0.4250122129945 0.0 0.12139716658529999 0.0112359550562 0.0674157303371 0.0 0.16853932584250003
0.0 0.0 0.0 0.0 0.0 0.0 0.0 0.0 0.0 0.0 0.0 0.0 0.0 0.0 0.0 0.0 0.0 0.0 0.0
0.1312972627544 0.174473608241 0.07383797479045 0.06138129526385 0.0 0.4055700770137 0.4337319183335 1.1957063153874001 1.1364788011293 0.0533383998215 1.03039864401155 0.5980371902899 0.32385839112915 0.044628261295949996 0.98757951307325 0.79452032596455 0.14096754030494998 0.0979666611176 3.3162278200804005
0.1968856906927 0.2315677716172 0.1346584876724 0.027545122095 0.0377492037276 0.3570248908811 0.36622625929029995 0.5396366639137 0.6263418662256 0.0102040816326 0.7293853957762 0.37949746372570003 0.7395894774101001 0.0 0.5365695411111 0.44373009319300005 0.13465848767240002 0.0928394479178 1.4158900554435
0.23753704056464 0.42853490360122 0.4222627055303 0.2334059657564 0.11561707350550002 0.6423094574167799 0.8611243294720201 3.14165224526686 1.50598220562376 0.058230488597129995 1.84020747722867 1.51692787812802 1.1854715287992401 0.13802285352195 1.8154633703422198 1.8111821948100102 0.56805004519468 0.15009570589033 5.327922530752231
0.139456087198 0.33238465225939995 0.14250325432799998 0.29621209229760004 0.0619789892616 0.4305251481279 0.42340077854870006 2.5548334578238 1.5287784083907 0.0185950413223 1.5786857568360002 1.3530070697258 1.3900790017442 0.2524304437112 1.4808544707281999 2.3027360902415 0.2362081542301 0.0208333333333 5.456497769898601
0.029702970297 0.1922442244222 0.0911716171616 0.0 0.0792079207921 0.009900990099 0.04950495049499999 0.39645214521419997 0.039603960396 0.0515676567656 0.154702970297 0.1406765676568 0.1010726072607 0.0 0.039603960396 0.019801980198 0.019801980198 0.0812706270626 0.5037128712886001
0.37471352340099995 0.3179942010556 0.2461065364155 0.2426426355115 0.1402949886989 1.0075692536625 0.5197458791207 2.4786795651173 1.8144015226797 0.0212765957446 1.4965364035336002 2.6257142126460002 1.1205783356719 0.1650354853478 1.8048585944200999 1.2436469780233999 0.40759500915829994 0.0688956433636 2.9037146364311
0.2443190167309 0.22490133719560002 0.1082614354389 0.0288142620232 0.0486806473959 0.26117828578630004 0.2617660641936 0.54624818943318 0.6792146860630001 0.0 0.5083653462651201 0.20159749774322 0.18024592228722 0.219409282701 0.7125028864116599 1.3644068686109598 0.031803010265100004 0.06555828452660001 0.31272697692996004
0.1327283298914 0.3264257708506 0.3090957772239 0.18590006077549998 0.19434717927099998 0.6235141267869 0.9019904672941 2.0390046626673 2.0857379538086 0.1633647009877 1.1583917588264998 0.9396555259318999 1.0429793839754 0.0451127819549 1.3733332498865 1.9860913645314 0.3084646413731 0.11464605756000001 5.0692162064095
0.0 0.0 0.0555555555556 0.0 0.0 0.0 0.0 0.0 0.444444444444 0.0 0.0 0.0555555555556 0.0 0.0555555555556 0.0555555555556 0.22222222222260002 0.0 0.0 0.111111111111
0.5759950702234 0.6051002150614001 0.1193425750587 0.16786816594409998 0.1644816747534 0.6601826555157 0.5062254494912 1.5114285645448 1.2707196789 0.18700871544699998 1.1327911542415001 0.8297076879997 0.8140192404788 0.0185185185185 1.0067571619094 1.2981608098793 0.2259525343002 0.09760765550219999 2.8081324722282
0.0760690789476 0.30422817314309997 0.08469682729547999 0.20612019559458 0.02267031214398 0.41504052416886006 0.39541324903188 1.4412446654225801 1.07053628936876 0.037821827295480004 0.8087262792045801 0.43826151918288003 0.31439555510272 0.030303030303 0.45367324561419997 1.31634998773144 0.18865345181159998 0.015037593985 0.38075819465598004
0.2650742354146 0.27787737356520004 0.2226481390017 0.6077408998028 0.0535117056856 0.15648254643159998 0.4428478736542 1.2962802824847 0.8977680099834 0.0175438596491 0.5347331051273 0.2902618106455 0.5639732509834 0.0309217860705 0.9277390313137999 1.3599627213643999 0.5856044305982 0.12384323148349999 0.3451857067416
0.0 0.0 0.0 0.0 0.0 0.0 0.0 0.0 0.0 0.0 0.0 0.0 0.0 0.0 0.0 0.0 0.0 0.0 0.0
0.2921987850962 0.4043602621133 0.5213168521830001 0.0684596409951 0.049757770808099996 0.9572320958807998 1.0740624124523999 4.2238558514236 1.903845191974 0.2599689782641 2.5442201859897002 1.8507001756080999 1.8277768894911999 0.1753023252644 1.5543480310774997 2.7090254118593 0.49586754948850004 0.3248716424446 6.762829947585001
0.056496444731599996 0.2439560439561 0.06981254040070001 0.15138978668380002 0.035294117647 0.1286360698125 0.19612152553339998 0.35694893341920003 0.201680672269 0.056496444731599996 0.1984486102133 0.2377504848092 0.0800258564962 0.0588235294118 0.3020038784745 0.21344537815130002 0.1114414996769 0.1051066580478 0.1961215255332
0.7034821797230001 0.38605098706060004 0.3610948991942 0.5627632103795 0.1521340247306 0.3610948991942 0.4653797437351 1.5958873050184 0.9631180064238001 0.1276356027683 1.1504426203126 1.2115375195056999 0.9613601214841 0.0175438596491 1.8155172534457003 0.8183794148314 0.60122044241 0.2999202233744 1.4454376867601
0.0504761904762 0.1114285714285 0.4447619047615 0.09333333333339999 0.0133333333333 0.0742857142857 0.23619047619050001 0.7180952380958001 0.2409523809524 0.0133333333333 0.24666666666659998 0.30476190476220005 0.3076190476193 0.0238095238095 0.2066666666664 0.444761904762 0.09809523809529999 0.04 0.33142857142860005
0.0153846153846 0.0307692307692 0.0153846153846 0.0307692307692 0.0 0.123076923077 0.0923076923077 0.0923076923077 0.1384615384622 0.0 0.0461538461538 0.09230769230769999 0.0 0.0153846153846 0.0615384615384 0.0923076923076 0.0615384615384 0.0 0.0923076923076
0.0222222222222 0.0444444444444 0.0 0.0444444444444 0.0888888888888 0.0 0.13333333333320002 0.0444444444444 0.0222222222222 0.0444444444444 0.0888888888888 0.0666666666666 0.0222222222222 0.0 0.0888888888888 0.0444444444444 0.0 0.0888888888888 0.155555555556
0.1640094244235 0.2541668858956 0.3090707937953 0.1005127109591 0.09015746147209999 0.5332703485329 0.5033412900308 1.5088871801352999 1.1388485207886 0.1358045371877 1.5405021372476 0.9755402862897 0.667095246457 0.0397350993377 1.1069015503688 1.109620652209 0.2707278524143 0.0800576799828 2.4717503424733
0.1584615384614 0.4461538461537 0.0969230769229 0.09846153846149999 0.1369230769229 0.2307692307691 0.2515384615389 0.8900000000003001 0.7692307692301001 0.0392307692307 0.9230769230769 0.5238461538462 1.0984615384603 0.0192307692307 1.1199999999997998 0.5984615384619001 0.423076923076 0.1569230769231 1.019230769232
0.5599566564042799 0.88648260158338 0.40698192235778 0.39975254907047997 0.15412265596008 0.76711468443858 1.1039247037962001 3.8232621086757597 1.71910003497628 0.11499679212300001 2.7548069617518 1.6405133518834598 2.3643640557416 0.0681113710836 2.45475073777396 1.9566245146870798 0.6608940585974801 0.1411955938941 5.0230446452071
0.16458566627170002 0.2369428173205 0.19535451814739999 0.1340189190253 0.053938846803 0.3038857808698 0.3844327101653 1.3859536513905 0.8484786354785 0.0505711033481 1.0355257760368999 0.9216991565638 0.8003569540234 0.0472033598932 0.8745572130807999 0.9763683814776 0.263417907886 0.0581622640028 2.2645463382201
0.0666666666667 0.0666666666667 0.0133333333333 0.0 0.2860606060604 0.0133333333333 0.1333333333333 0.2351515151514 0.1175757575758 0.0266666666667 0.08 0.053333333333299995 0.053333333333299995 0.0 0.0933333333333 0.2084848484846 0.0133333333333 0.08 0.459393939394
0.2179068469361 0.4031125770885 0.1691838253533 0.043165467625799994 0.21829854809436 0.539171480071 0.36116568590736003 1.4807743881677 0.8936533406249999 0.025 0.8279634636558001 1.1494120389864002 0.8013873218061001 0.0268884892086 1.3362428702850202 1.24891565736736 0.3067377821879 0.10611262713960001 0.8449075894946599
0.0721126760563 0.275117370892 0.1981220657277 0.0454460093896 0.018779342723 0.1472300469482 0.19511737089199999 0.9198122065726999 1.0747417840372 0.0 0.6749295774647 0.5611267605638 0.4835680751173 0.18779342723 0.4999061032865 0.9669483568082999 0.1066666666667 0.0266666666666 0.5459154929577
0.2366764315998 0.3949723413038 0.2332747015639 0.40135425317269996 0.0896149278615 0.6878278981712 0.7269985788087 2.3117659924142 2.1933804392800997 0.2055315521463 1.6776348970866 1.2504304563913 1.5386120116695998 0.07629902657660001 2.0698849353579 1.7279346670409 0.38322579277710006 0.1092552201819 2.6853258765948
0.0 0.0 0.0 0.0 0.0 0.0 0.0 0.0 0.0 0.0 0.0 0.0 0.0 0.0 0.0 0.0 0.0 0.0 0.0
0.6274250479235901 0.78236511132968 0.14264135139238998 0.19127434579719 0.20873286741698 0.5213532225023 0.9348328014228899 1.6838282654452699 1.0288088467565002 0.0 1.08786488888486 1.2685486206302 0.967350185784 0.016713091922 1.5270251344462897 1.2127170015674 0.35732420550470007 0.3630593995128 3.07813561175909
0.0865094083248 0.38694249046573 0.19865984229046 0.5761880817531 0.0205479452055 0.3246960678838 0.5361328573226001 1.9344115462976899 1.05405003473133 0.08533675250203 0.85700994425196 1.0366931311435 0.93733405560116 0.0477588295593 1.25586653685059 1.2594912818353599 0.3178080062423 0.00680272108843 1.07776046665493
0.1744913928013 0.42546264377270004 0.257607494227 0.2699070882167 0.07707081650740001 0.13114241001549998 0.45844796830730006 1.1684176543341 0.8455114525533001 0.049098788535400006 0.27953423728050003 0.2984700745264 0.4059993214922 0.0211267605634 0.6125261280193 1.0442430808619 0.8540661216717 0.036208236208200004 0.5906683301047999
0.1400000000001 0.1 0.08 0.02 0.12000000000000001 0.0 0.02 0.04 0.02 0.04 0.02 0.13999999999999999 0.06 0.0 0.06 0.02 0.0 0.06 0.06
0.1166927374301 0.3455771301086 0.46823785794649997 0.0573353797041 0.0556817484191 0.37028248537339997 0.6122640967732 2.335519247421 1.200162396501 0.0556817484191 1.5848379287422 0.9641422967853 1.0374628485739001 0.0815195530726 1.1499548657695 1.521765629592 0.5354597581198 0.1213493403066 2.3860729509431
0.3166666666668 0.2833333333331 0.1333333333333 0.24999999999970002 0.16666666666649999 0.0999999999999 0.4666666666664 1.0499999999993 0.4666666666667 0.0999999999999 0.3500000000005 0.41666666666679997 0.3166666666663 0.0 0.6499999999999 0.30000000000009996 0.1833333333331 0.14999999999980002 0.3000000000001
0.5060299215476 0.6575339050063 0.1925354254088 0.2419181414581 0.22339293316300002 0.4291072188781 0.5090348476554001 1.3143659916077002 1.1617180563162 0.3456790123454 0.384407346591 0.6011269233112 0.7095706379610001 0.0 1.0432682600499001 0.9645228972811001 0.3225092744636 0.1491625615762 1.2441166453813
0.0 0.0 0.0 0.0 0.0 0.0 0.0 0.0 0.125 0.0 0.125 0.125 0.25 0.0 0.125 0.0 0.0 0.0 0.25
0.0 0.051724137931 0.0 0.0 0.0 0.0 0.206896551724 0.206896551724 0.51724137931 0.0 0.0 0.258620689655 0.0 0.0 0.206896551724 0.6724137931030001 0.258620689655 0.0 0.620689655172
0.027027027027 0.108108108108 0.027027027027 0.0 0.135135135135 0.0 0.08108108108100001 0.108108108108 0.0 0.0810810810811 0.054054054054 0.1621621621622 0.108108108108 0.0 0.027027027027 0.054054054054 0.027027027027 0.0 0.0
0.0800441388677 0.3917480867941 0.18513753188669999 0.1326757178149 0.047958577370400005 0.48564146551699994 0.3014309392018001 1.7439186200802002 1.1653107814099 0.0421888053467 1.6091409450541003 1.1692265422929 0.814654729515 0.0160427807487 1.0689759157262002 1.2950357176367 0.14837896881239998 0.048128342246 2.2543613936805
0.2702987797925 0.4711531151412 0.3301687763713 0.1417018284108 0.2315733454974 0.2848101265829 0.4776580377847 1.2715627019415001 1.0618846694783 0.168011365796 0.7785142737678 0.7252442315726 1.1320180940432 0.0 1.5183648838728998 0.7682841068937001 0.5645218002819 0.2031398487093 0.6010900140647999
0.1950264586263 0.44571915966610004 0.6565661516902 0.2601551364859 0.2716783047213 1.1071010088938 0.7307822661423 3.3574612297502 1.7184876821966002 0.2854043683288 1.5870765110565 1.0215993797129 1.1550001072604998 0.044699661241 1.4541300329091 0.9987832406765 0.7145791836415001 0.1664266329389 2.8293234840584
0.1324510287148 0.46764595986869995 0.1962751812572 0.2590926797468 0.039282363977399995 0.6565041478524 0.27898304091070003 1.4940445431979001 1.4665575710727001 0.0480769230769 1.0274246152251 1.2113190944311 1.0789266961077 0.124237804878 1.0366981548327 1.4744232359223002 0.4256126876167 0.0480769230769 2.5343673482416
0.0 0.0 0.0 0.0 0.030303030303 0.0 0.030303030303 0.09090909090900001 0.121212121212 0.030303030303 0.060606060606 0.0 0.333333333334 0.0 0.212121212121 0.060606060606 0.0 0.0 0.030303030303
0.0233313045242 0.13941798539260003 0.093252688172 0.010752688172 0.11507861635220001 0.21160478799 0.2507734834646 0.6333203996752 0.6768545851082 0.0359099208764 0.9267582166763 0.6585514303099 0.3101585007101 0.0215053763441 0.7993748732004 0.5229742341250999 0.0760866808683 0.02 0.47429422803820004
0.20082461785970002 0.22737329042620003 0.22441386047579998 0.1291087231351 0.0593035283301 0.29021089529940003 0.24494310998750002 1.215549936788 0.6282754855764999 0.0 0.8785628088729001 0.40814274221330005 0.4166475117806 0.0 0.7037984139746001 0.8022641075738 0.1044707504884 0.11067693368590001 0.3554332835306
0.10537887815106001 0.36291352930098003 0.09929806242 0.11899488292866 0.033014433445720005 0.44367415523952003 0.33135171567506 1.43166437890566 1.33386990534514 0.12134965661380001 0.91775353070078 0.47298552730383997 0.92477601388622 0.0489797360688 0.86960866188444 1.1398291426852398 0.22787474727312 0.05794481980134 1.95873822236786
0.0 0.0 0.0 0.0 0.0 0.0 0.0 0.0 0.0 0.0 0.0 0.0 0.0 0.0 0.0 0.0 0.0 0.0 0.0
0.3631503074846 0.533818006946 0.17286571353608 0.2305936999531 0.0166666666667 0.65441261862659 0.48519068213019 2.0525143541272697 1.3146943428724698 0.049334138942990005 1.42092929840919 1.3658723415067 1.36124868004827 0.0368973340896 1.32478744384828 0.9800377321266999 0.38591240526779996 0.142711287578 2.10836294584119
0.1852102884949 0.3922202457624 0.2129212873166 0.3300861698819 0.07184873949580001 0.2573770006363 0.7333194440644 1.2066754162018 0.5802752966281 0.0 0.7234486847846 1.0253482364503 0.6589101082166 0.0463875205254 1.1164159547538 1.0571691551016 0.39682200088680003 0.10411069537289999 0.9014537554255001
0.16766128608217 0.22448604027559999 0.15314948209694 0.08724170566280001 0.11119144013874001 0.18164730006801 0.37989641937097 0.60665650139381 0.8244912981749701 0.0 0.27745938272248 0.3150533676849 0.33987065566044 0.0192307692308 0.57764603817207 0.62241705662784 0.8117146011881701 0.03024606971977 0.26994058573014
0.30392156862729997 0.1421568627451 0.08823529411770001 0.0147058823529 0.29411764705869997 0.0147058823529 0.0294117647058 0.17156862745089999 0.0441176470588 0.0294117647058 0.0147058823529 0.10294117647050001 0.166666666667 0.0 0.2843137254906 0.0294117647058 0.0 0.2549019607842 0.0147058823529
0.1412137836447 0.12266170311774999 0.20095393206145 0.1862041096224 0.04711493718005 0.33303984717470003 0.3372976414987 1.4612120692602 1.11692831427245 0.07417403443455 1.4747654968038 0.75074575690135 1.3332443486564498 0.171009771987 1.1403418970885 1.3599789375731999 0.25901398447269997 0.10625137762965 1.38384805662455
0.1470483005372 0.1470483005366 0.0307692307692 0.0930232558139 0.12379248658320001 0.0232558139535 0.3474060822897 0.5177101967802 0.2243291592134 0.0232558139535 0.3474060822902 0.293381037567 0.1388193202147 0.0772808586762 0.5402504472278999 0.4164579606442 0.1230769230768 0.1162790697674 0.2694096601073
0.5293713532856 0.39106907585179995 0.2760963674005 0.2605966497271 0.0 0.09458874458870001 0.3492565405608 1.0111895351029 0.9302371541512 0.051731601731600005 0.5795501599861 1.0871447393204 0.3492565405608 0.09389233954449999 1.3354131375861003 0.8704498400152 0.2949275362318 0.18514963297580003 0.3100790513835
0.0425531914893 0.1675531914893 0.2712765957447 0.0 0.0425531914894 0.0 0.0851063829786 0.33776595744679994 0.10638297872329999 0.0212765957447 0.29255319148939996 0.17021276595770002 0.0212765957447 0.0 0.0212765957447 0.1462765957447 0.0425531914893 0.08510638297869999 0.1462765957447
0.02 0.1599999999999 0.0 0.0 0.0 0.0 0.02 0.08 0.02 0.0 0.0 0.10000000000010001 0.02 0.0 0.08 0.36 0.02 0.0 0.11999999999989999
0.17063492063479999 0.2277777777778 0.0 0.0277777777778 0.3968253968252 0.0 0.0555555555556 0.39841269841259996 0.4833333333334 0.0277777777778 0.0277777777778 0.0555555555556 0.08333333333340001 0.0 0.45238095238079995 0.1111111111112 0.0277777777778 0.1984126984126 0.2555555555556
0.0564971751412 0.0966598113609 0.11925868141719999 0.0238517362834 0.0338983050847 0.22218282391350003 0.1293052502185 0.6276623407319001 0.3816277805353 0.0364040375386 0.8222111906957 0.4406306881308 0.356523178025 0.0112994350282 0.5623951020031 0.5197030943427 0.0577500413681 0.0564971751412 0.4456421530398
0.3338039532072 0.8223678902786 0.1979830576849 0.622367890278 0.6922549415085 0.2422751109324 0.9345300524416 1.6529245663571002 0.7974989915283 0.1763614360627 0.7636345300526 0.6402783380392 0.9795885437678 0.0 1.1228317870108 0.6863049616788 0.2554659136745 0.3064340459866 0.7730939895105999
0.43567516540100004 0.6957974710815 0.5054947100745 0.4435213638368001 0.1662598830311 0.8160149689267999 1.0351445705939002 2.7239556991685 1.1884348005984 0.0919210825896 1.1393528854038 1.1711173875648 1.4015136642538002 0.05664689715020001 1.7701441619482001 1.1455262739655 0.557225585369 0.21008958853100002 1.4461638405173
0.1494633532016 0.23415947787779998 0.0880477502189 0.26354494739510004 0.0183486238532 0.48886562975440007 0.32871424208200006 0.7623876565354 0.9103885454149999 0.0366972477064 0.878426869984 0.6040515378678 0.8290382582474 0.033973623853200005 1.0480892486537 0.9154772004042 0.3415233256259 0.11674110735550002 0.9520613539693
0.0 0.2850877192982 0.2675438596491 0.0175438596491 0.1776315789473 0.0 0.10526315789480001 0.08771929824550001 0.140350877193 0.0175438596491 0.4100877192982 0.08771929824550001 0.1578947368421 0.0 0.0877192982456 0.0350877192982 0.0 0.0701754385964 0.0526315789473
0.31463765068690003 0.1915793766086 0.06993910137960001 0.4688047553966 0.1276830808079 0.6764738559905 0.5926691616543 2.2495311610629 1.0922719361405 0.1428345959594 1.0856854924339001 0.8996739764141 1.131591089617 0.0759610667226 1.629519410887 1.4752053626031998 0.16279111287370002 0.0 1.6131478127591001
0.0 0.0688073394495 0.183486238532 0.0229357798165 0.045871559633 0.2981651376145 0.045871559633 0.7339449541286 0.9633027522940001 0.0 0.6880733944949999 0.2064220183485 0.41284403669760006 0.0 0.3899082568811 0.7339449541290001 0.045871559633 0.0 0.160550458716
0.1785868584032 0.51824346846954 0.09745331803054 0.23055487779369999 0.11054530507846 0.7014665364868999 0.3577927192839 1.3647587201546199 1.4938264905812 0.03711371827314 1.18256326759922 1.0478891379751 1.35809239632102 0.0495613754242 1.5710101465910602 1.3334981933398 0.29273271284524 0.035622944830120004 1.0386878125168
0.0909090909091 0.0 0.0909090909091 0.0 0.0 0.0 0.0 0.0909090909091 0.0 0.0 0.0 0.0909090909091 0.0909090909091 0.272727272727 0.0909090909091 0.181818181818 0.0 0.0 0.0
0.09740181308690002 0.5417498686559999 0.13822512121915 0.09871616932695 0.02359103459475 0.2902055310289 0.20157555472615 1.0659273043887 0.82291722931585 0.0478723404255 0.7456076685759501 0.4653216618168 0.52009568664835 0.0432785299806 1.1931956488386002 0.674278254676 0.27355729900755 0.061996547756 0.6944867359338001
0.015873015873 0.3040314889723 0.11158929512205999 0.2456096223939 0.029675638371300002 0.26756209646426 0.1571652812921 0.87219783546104 0.52369407385478 0.0079365079365 0.3959516729659 0.5047566528425 0.44420758437990004 0.0327673754364 0.8406729778481599 0.54207877150748 0.17878300161698 0.029675638371300002 0.49577146928988003
0.1185407296351 0.3402798600696 0.2356321839077 0.1040479760121 0.0344827586206 0.10374812593690001 0.5372313843084 1.2216391804108 0.7386306846589 0.0172413793103 0.3212893553219 0.39545227386279996 0.257221389305 0.0518740629685 0.6999500249879 0.8042978510746 0.5081959020494 0.21999000499709997 0.2902548725634
0.0588235294118 0.1176470588236 0.0784313725491 0.0196078431373 0.1176470588236 0.0 0.0196078431373 0.11764705882359999 0.0196078431373 0.0196078431373 0.0196078431373 0.0980392156863 0.0784313725491 0.0 0.1372549019608 0.0196078431373 0.0588235294118 0.0196078431373 0.0
0.0636966470534 0.49239109850659996 0.2779782111873 0.1516484542821 0.015503875969 0.4579008311285 0.3494005315881 2.1633074763397997 1.4837012188548 0.0531071994518 1.7795993946219 1.2706022857966999 1.3722040674579001 0.089580421132 1.3207143362083 0.964389589709 0.42042939843669996 0.015503875969 2.2583410863049997
0.22386363636360002 0.1897727272727 0.0 0.015625 0.015625 0.078125 0.33835227272720003 0.2678977272726 0.23948863636380002 0.08068181818180001 0.1039772727272 0.19261363636370002 0.1639204545454 0.015625 0.36931818181840004 0.2417613636364 0.14573863636360002 0.1588068181819 0.1588068181819
0.13602941176480002 0.2404411764708 0.1044117647059 0.1044117647059 0.0419117647059 0.0875 0.11691176470589999 0.3882352941179 0.2838235294116 0.0375 0.1088235294116 0.07500000000000001 0.1610294117646 0.0294117647059 0.4205882352946 0.2294117647061 0.1882352941176 0.0 0.2463235294117
0.0842945874002 0.1277728482698 0.2067435669922 0.0816326530612 0.0408163265306 0.0434782608696 0.2582076308786 0.7994676131326 0.1712511091394 0.0 0.1712511091394 0.41082519964499997 0.5927240461401 0.0869565217391 0.33451641526200004 0.1277728482698 0.1251109139308 0.0816326530612 0.2555456965394
0.0 0.0 0.0 0.0 0.0 0.0 0.0 0.0 0.0 0.0 0.0 0.0 0.0 0.0 0.0 0.0 0.0 0.0 0.0
0.10344827586210001 0.0 0.0 0.0344827586207 0.103448275862 0.0 0.0344827586207 0.10344827586210001 0.0344827586207 0.0689655172414 0.10344827586210001 0.0689655172414 0.0344827586207 0.0 0.0344827586207 0.0344827586207 0.0689655172414 0.0689655172414 0.10344827586210001
0.1030763790664 0.1052957269411 0.1085852006253 0.0634724186704 0.0 0.2017280205464 0.2798658155291 0.565677808383 0.49377931214209997 0.0 0.7857328965982999 0.49005248269199997 0.5473181716672 0.0 0.6027041613943 0.7013883719191999 0.1687681456115 0.0803571428571 0.7021979453592999
0.2510945733759 0.27913098621 0.116217256642 0.1027229758977 0.1643768878494 0.0485477834589 0.31435540370189996 0.45422758500630006 0.1935585894261 0.1097863884748 0.24853724105230002 0.3022971265554 0.2556006536291 0.0128617363344 0.40994148964160004 0.3331863785712 0.1128564651309 0.13509455420779998 0.1556059248325
0.3799155208561 0.6489336390424 0.37726421608824 0.22644826599510004 0.0828206962327 1.08482982639862 1.1994318130859 2.99285302338156 1.8058656384763998 0.07969368004704 1.45737070660352 1.60268694576992 1.9055477849608 0.16558843527722 1.5395592583683 1.7513779480709402 0.8193319915258 0.100948509485 1.7795321003384
0.2886238736347 0.3370471323127 0.1445500895687 0.3378806669426 0.0 0.78523732805853 0.45433868854061 1.51732186448054 1.0883976496652301 0.0 0.8634893437598999 0.8812390278411101 1.11173039155591 0.0918623204922 1.50104367223663 1.33210433827601 0.4347711627886 0.07137935786130001 1.7589830919799
0.0444444444444 0.0222222222222 0.0 0.0222222222222 0.0 0.0222222222222 0.0222222222222 0.17777777777780002 0.06666666666660001 0.0444444444444 0.0222222222222 0.1333333333333 0.088888888889 0.0 0.1333333333333 0.06666666666660001 0.0222222222222 0.0222222222222 0.08888888888890001
0.12789678504142 0.1923379878268 0.1266666666665 0.1361967557472 0.0487804878049 0.21891440670082002 0.4001613552409 1.4591036111031799 1.3785153650673 0.0487804878049 1.28312065402672 0.6164920298850199 1.1025891780459198 0.02997754125572 0.8381482054831999 0.90954549026972 0.16619675574732 0.03 0.88657623628312
0.1192285213325 0.17007597895940002 0.1064030131826 0.06473634651589999 0.0 0.12806026365349998 0.232336515358 0.7771770894227 0.2945970517563 0.0169491525423 0.2684671082537 0.2528248587574 0.2303396324435 0.0447269303201 0.47550165595140004 0.422283914541 0.1198129748682 0.1161682576791 0.1603107344632
0.2349330160408 0.2645588167463 0.07929226158989999 0.2520269706017 0.19022556390960002 0.5655533916313 0.38842192830390004 1.8949551051154 1.4087587865278 0.1681252311102 0.9954062950406 0.8846448827327 1.2012760958799 0.0 0.8474874656866 1.0101946516278 0.2248808398066 0.21150622457770002 1.1777524730694
0.0 0.0 0.29411764705980004 0.0 0.0 0.117647058824 0.0588235294118 0.0588235294118 0.1176470588236 0.0 0.0 0.0 0.117647058824 0.176470588235 0.0 0.0588235294118 0.0 0.0 0.0
0.2798534798533 0.4156288156284 0.2979242979242 0.0786324786324 0.056166056166 0.12454212454199999 0.29328449328420003 1.3653235653232003 0.6793650793643999 0.021978021978 0.3474969474966 0.3738705738702 0.6617826617820001 0.0 0.7377289377285 0.3250305250302 0.49621489621439996 0.0442002442002 0.4009768009764
0.2046978963036 0.6373140124693 0.1317051955737 0.28717737771929996 0.0212765957447 0.39378181673150003 0.8008396602717001 1.3637610453501001 0.7802136607671001 0.0705872594558 1.0421863486981 0.8450301697316001 0.6801749493348 0.328467153286 1.4967499760571001 1.6616755505182002 0.4126732904109 0.1046781685467 0.7370098730372
0.0 0.0777777777778 0.0222222222222 0.0777777777781 0.0111111111111 0.0111111111111 0.0444444444444 0.0999999999999 0.0777777777777 0.0111111111111 0.0111111111111 0.0777777777778 0.06666666666660001 0.0444444444445 0.1111111111112 0.0999999999999 0.0666666666667 0.0111111111111 0.07777777777780001
0.0 0.0 0.0 0.0 0.0 0.0 0.0 0.0 0.0 0.0 0.0 0.0 0.0 0.0 0.0 0.0 0.0 0.0 0.0
0.0729452549472 0.1272017401499 0.0542564852027 0.036472627473500004 0.041039671682600004 0.2701141123785 0.2652369340047 0.8617056529394 0.6849036884732 0.0465116279069 0.9136679950035 0.5919016747240999 0.6750856055267 0.0597284414271 0.5948798123901 0.5346670518554001 0.2039195860345 0.0356781742018 0.9300838636763
0.194078947369 0.32565789473796997 0.07941729323300001 0.05310150375937 0.06250000000004 0.08787593984957 0.29135338345906997 0.30075187969913997 0.15836466165407 0.026785714285670004 0.21992481202994 0.18562030075187 0.062030075187999995 0.00892857142857 0.31813909774434 0.2283834586465 0.03524436090227 0.0892857142856 0.27255639097726997
0.1360212671687 0.252646937497 0.1210066765464 0.1267665347653 0.08108108108100001 0.11984171848490001 0.31246084976980004 0.6438589522247999 0.6874283837256 0.054054054054 0.1865804470381 0.3285754663654 0.40068064107080004 0.0 0.39785800498050006 0.4921164805277001 0.1948841153192 0.06928253861540001 0.39485585076389995
0.0882352941176 0.1470588235294 0.0294117647059 0.0588235294118 0.1176470588235 0.0294117647059 0.08823529411770001 0.0588235294118 0.0294117647059 0.0 0.08823529411770001 0.0882352941176 0.0294117647059 0.0 0.0294117647059 0.0294117647059 0.0294117647059 0.0294117647059 0.0294117647059
0.0 0.0 0.0 0.0 0.0 0.0 0.0 0.0 0.0 0.0 0.0 0.0 0.0 0.0 0.0 0.0 0.0 0.0 0.0
0.0 0.0 0.0 0.0 0.0 0.0 0.0 0.0 0.0 0.0 0.0 0.0 0.0 0.0 0.0 0.0 0.0 0.0 0.0
0.0076923076923 0.0604395604396 0.0153846153846 0.0340659340659 0.0 0.09340659340650001 0.0 0.1879120879121 0.2274725274728 0.021978021978 0.2186813186812 0.2043956043957 0.2252747252749 0.0186813186813 0.1626373626373 0.1791208791208 0.07582417582420001 0.0076923076923 0.25934065934120004
0.5653004403014 0.8528554778553 0.1223776223776 0.1337412587413 0.148148148148 0.377169127169 0.4398795648796 1.3900220150212 0.5749158249156999 0.0740740740741 0.4099326599324 0.4464516964513 0.4366096866097 0.0795454545457 0.6258417508413 0.47769360269350003 0.1748251748249 0.4201955451951 0.25042087542069996
0.09239707064416999 0.32978385401702 0.09062897981654999 0.08131004256346999 0.056752278376130005 0.28013054908521007 0.47438324721987 1.34749005282497 0.65626420609473 0.03698662563616 0.57820498753297 0.5824951697721901 0.8146291634981699 0.04580423718789 0.73090620607207 0.61605787567066 0.23555782545438003 0.1018334616093 0.84838416692616
0.32640805018387 0.5131437648177699 0.10844556677886999 0.1845947396671 0.0123456790123 0.32095837603067 0.1125067096081 1.4204579949085399 0.73082566460847 0.0 0.41252500853935 0.8162123904380699 0.8082467604600401 0.136363636364 1.24967040890437 1.28077152501214 0.5760308397988001 0.0555555555555 0.9349373293147
0.0 0.0 0.0 0.0 0.0 0.0 0.0 0.0 0.0 0.0 0.0 0.0 0.0 0.0 0.0 0.0 0.0 0.0 0.0
0.0217391304348 0.0950930853618 0.1253194105554 0.0326086956522 0.0 0.11718284693270001 0.0950930853618 0.5464370112782 0.6004342062295001 0.0410958904109 0.4411756229705 0.2747603220041 0.7509366174195 0.0322580645161 0.2771426924629 0.9774539376349 0.0108695652174 0.0410958904109 0.5193039251478
0.0 0.1507359307359 0.2235497835497 0.038961038961 0.0 0.5055411255416 0.077922077922 0.8450216450222001 0.4767965367968 0.0194805194805 0.7947186147183001 0.3353246753246 0.4255411255414 0.0584415584415 0.2942857142856 0.6224242424244001 0.0194805194805 0.0194805194805 0.0922943722943
0.1588935769347 0.3358695219518 0.12399905508360001 0.08020319737029999 0.16689049297730002 0.37348344694790003 0.3503552377377 1.2069811310959002 0.6582610080147 0.0 0.8077383620409999 0.49623259361030003 1.0473797034536 0.0103092783505 0.40577319010729995 0.8465515461029001 0.11823760432 0.11368977673309999 0.6991512771659
0.0 0.0 0.0 0.0 0.0 0.0 0.0 0.0526315789474 0.105263157895 0.0 0.0526315789474 0.105263157895 0.0526315789474 0.263157894737 0.1578947368424 0.1578947368424 0.0 0.0 0.0526315789474
0.14785523006962 0.32481098924022 0.045017344686100004 0.29267844002966004 0.06353586320462 0.64488668954366 0.17960426179609998 0.7597199362366199 0.9403450313360601 0.0 0.53936550176222 0.5152162601810799 0.61441660942766 0.0838482499555 1.00029315807546 0.9070980494375201 0.23170048004451999 0.0 0.7096079049721999
0.21827505827500002 0.5167887479757 0.159298245614 0.106258148631 0.039136302294199996 0.0986756330199 0.5668617555505001 1.1989290697416 0.7890449128645 0.0 0.796972816063 0.7510576013351999 0.5039112181305999 0.181818181818 1.1940125470724001 0.9757779122456001 0.578648642467 0.0338983050847 0.2906349018215
0.16428571428560002 0.189285714286 0.1035714285714 0.0535714285714 0.0571428571428 0.025 0.2392857142856 0.510714285714 0.464285714286 0.0285714285714 0.142857142857 0.3857142857142 0.1071428571428 0.0 0.31785714285700006 0.2857142857142 0.5964285714284 0.1071428571428 0.22142857142880001
0.1224489795923 0.0816326530612 0.061224489795900006 0.0 0.061224489795900006 0.0 0.12244897959190001 0.14285714285720003 0.0 0.061224489795900006 0.0 0.0816326530612 0.061224489795900006 0.0 0.0816326530612 0.0204081632653 0.0 0.0816326530612 0.0204081632653
0.1302003081664 0.19453603391410001 0.22643245487270003 0.062403697997000004 0.0227272727273 0.2618775796958 0.3248940179003 1.3961994140069 0.5495521208397 0.062176165803 0.8821622743652 0.5415445843341 0.6228993189997001 0.07534908228670001 0.5730557972803001 0.5493245886461999 0.0 0.0454545454545 0.47921074271270003
0.1161387631976 0.1753393665159 0.0776772247361 0.0576923076923 0.07692307692309999 0.0584464555052 0.1934389140271 0.07730015082950001 0.0192307692308 0.077677224736 0.0196078431372 0.19381598793369997 0.1353695324284 0.0196078431372 0.1760935143289 0.2733785822019 0.07730015082950001 0.07692307692309999 0.0980392156861
0.117647058823 0.1764705882347 0.2352941176467 0.0 0.0588235294117 0.0 0.2941176470587 0.3529411764704 0.0 0.117647058823 0.0 0.0588235294117 0.0588235294117 0.0 0.1176470588234 0.23529411764640001 0.0 0.1176470588234 0.0588235294117
0.0 0.0 0.0 0.0 0.0 0.0 0.0 0.0 0.0 0.0 0.0 0.0 0.0 0.0 0.0 0.0 0.0 0.0 0.0
0.0 0.0 0.0 0.0 0.0 0.0 0.0 0.0 0.0 0.0 0.0 0.0 0.0 0.0 0.0 0.0 0.0 0.0 0.0
0.0588235294118 0.285714285714 0.0 0.285714285714 0.285714285714 0.0 0.571428571429 0.35294117647 0.0588235294118 0.3445378151258 0.0588235294118 0.0 0.0588235294118 0.0 0.0 0.17647058823540002 0.0 0.3445378151258 0.117647058824
0.0229885057471 0.0919540229884 0.0689655172413 0.0229885057471 0.0 0.0919540229884 0.0 0.20689655172440002 0.0919540229884 0.0 0.6206896551732 0.0919540229884 0.0919540229884 0.0229885057471 0.20689655172439997 0.22988505747149998 0.0229885057471 0.0 0.1149425287357
0.3919259035546 0.3840732910504 0.060606060606 0.0498338870431 0.0 0.4368267391515 0.323467230444 0.5335749521784 0.7827443873957001 0.11043994764909999 0.5618644920958 0.44266586126920004 0.6693848786868 0.0938286519681 0.6303231652066 0.7993556830758001 0.2511829256012 0.09090909090900001 0.3869928521093
0.3745762099021 0.42055345044858006 0.1388274155342 0.0861624291201 0.02503113325029 0.50677172825269 0.35767332010880004 1.7454196260341999 1.08637970679848 0.109523579835 0.82711162992687 1.12113692937499 0.68896983617429 0.07656860285940001 1.14951520229818 1.25703828603948 0.22436737485917999 0.060435339308499994 0.7439381998748901
0.0664835164835 0.0573426573426 0.0636863136863 0.0293706293706 0.0076923076923 0.1594905094905 0.0867132867133 0.265034965035 0.6016483516483 0.0 0.4246253746254 0.190959040959 0.3805694305695 0.142857142857 0.5183816183816999 0.3699800199802 0.0741258741258 0.0357142857143 0.5253246753253
0.0 0.0 0.0 0.0 0.0 0.0 0.0 0.0 0.0 0.0 0.0 0.0 0.0 0.0 0.0 0.0 0.0 0.0 0.0
0.0384615384615 0.1186931348221 0.0 0.0630467571643 0.0 0.30283656887099997 0.1550430594072 0.5845180752196 0.513287597918 0.016129032258 0.5421057753125 0.37102126210310005 0.20131854230489998 0.025641025641 0.4013088113656 0.3617817350266 0.0384615384615 0.0128205128205 0.2535250328415
0.2825782202355 0.4469016659904 0.16042259244200002 0.2954286875253 0.0454286875253 0.2367330353516 0.6340816741162001 0.6959772450210999 0.3488825680609 0.0 0.5934173100371 0.7210381958562 0.3769199512396 0.0173913043478 0.5831877285648 1.0714851686322 0.1121495327102 0.1188947582282 0.25908167411710004
0.091836345611 0.2121415770608 0.03125 0.0533058796614 0.0 0.24550064821150003 0.2177371692215 0.4768049836037 0.5067847746512 0.0837765957446 0.40243699001 0.2532386753602 0.4706398230761 0.035394265233 0.5888026195375999 0.5577671013495 0.17483365743919999 0.0138888888889 0.5838600053390001
0.0 0.0 0.0 0.0 0.0 0.0 0.0 0.0 0.0 0.0 0.0 0.0 0.0 0.0 0.0 0.0 0.0 0.0 0.0
0.0298507462686 0.12403499742650001 0.0461753731343 0.0149253731343 0.0 0.080658131755 0.1982276119402 0.9554007977351001 0.7489384971711001 0.0 0.4051241636642 0.3166012609366 0.4724813432839 0.0774253731342 0.5810923829138 0.3087364899639 0.26865671641809996 0.0447761194029 0.32689462171879996
0.043184885290100006 0.1227106227105 0.054173896279100006 0.0494505494505 0.0128205128205 0.0735492577597 0.17379988432600002 0.30017351069980003 0.32138037401180003 0.0238095238095 0.2491806439173 0.24734914208590003 0.3763254289573 0.0 0.3488529014844 0.2965105070367 0.0494505494505 0.0350877192982 0.22219009061140002
0.0579710144927 0.0 0.1159420289852 0.053985507246299996 0.0 0.0289855072463 0.025 0.3898550724633 0.26195652173899997 0.0 0.327898550725 0.1949275362323 0.15000000000000002 0.025 0.468840579711 0.2079710144926 0.46376811594269995 0.0289855072463 0.198913043478
0.375 0.0 0.125 0.0 0.0 0.0 0.125 0.0 0.125 0.0 0.0 0.0 0.0 0.0 0.0 0.0 0.0 0.25 0.0
0.0 0.226066353404 0.2152195776065 0.0 0.0191082802548 0.1910828025483 0.42799593174850004 1.0384892924309 0.3501025585661 0.2033898305081 0.8563157326551001 0.5062131740887 0.8415768450602 0.0 0.3407160349323 0.6313857622576999 0.1243714381496 0.0 1.0279663857903
0.1143542582968 0.2363054778091 0.0407836865254 0.0815673730509 0.032786885246 0.0815673730509 0.1467413034788 0.18792483006809999 0.1307477009196 0.0 0.0979608156739 0.1143542582968 0.0407836865254 0.016393442623 0.3102758896446 0.13074770091969998 0.016393442623 0.049180327868899996 0.17113154738109998
0.0 0.1574803149601 0.0637541275082 0.0157480314961 0.0322580645161 0.1267462534925 0.3037846075692 0.3487426974855 0.1889763779529 0.0645161290322 0.1582423164847 0.3022606045218 0.2534925069846 0.0157480314961 0.2849885699772 0.3975107950222 0.0157480314961 0.0960121920244 0.1739903479808
0.0 0.0 0.0 0.0 0.0 0.0 0.0 0.0 0.0 0.0 0.0 0.0 0.0 0.0 0.0 0.0 0.0 0.0 0.0
0.0 0.0 0.0 0.0 0.0 0.0 0.1 0.2333333333332 0.0 0.0333333333333 0.0666666666666 0.1999999999996 0.0 0.0 0.0333333333333 0.1333333333332 0.0666666666666 0.0 0.133333333333
0.0 0.0 0.0 0.0 0.0 0.0 0.0 0.0 0.0 0.0 0.0 0.0 0.0 0.0 0.0 0.0 0.0 0.0 0.0
0.0 0.0238095238095 0.0 0.0 0.0 0.07142857142850001 0.0238095238095 0.21428571428549997 0.142857142857 0.0 0.190476190476 0.1428571428575 0.047619047619 0.0 0.0238095238095 0.047619047619 0.0 0.0 0.07142857142850001
0.17536613172005 0.3535692361657 0.18009734280450002 0.0441988950276 0.14679470314825 0.0276243093922 0.2124528632815 0.47163904235724996 0.1059194948697 0.0285714285714 0.1384284837323 0.1955713408751 0.19084012979025 0.0165745856353 0.33415329299290003 0.17252477418220002 0.03314917127065 0.0729237919845 0.0996009821977
0.2526315789474 1.038301435408 0.06578947368419999 0.037679425837299996 0.0131578947368 0.1261961722487 0.1294497607655 1.1094976076557 0.44416267942589993 0.0 0.8066028708133001 0.5330143540666 0.3101913875598 0.0427272727273 0.3233492822966 0.2734449760765 0.1635406698564 0.0131578947368 0.3171052631579
0.0 0.29357798165239996 0.0 0.0 0.0 0.110091743119 0.29357798165239996 0.7339449541308001 0.22018348623810002 0.0366972477064 0.4036697247698 0.4770642201834 0.3302752293571 0.110091743119 0.2935779816515 0.33027522935709996 0.0366972477064 0.0 0.3302752293574
0.0 0.0 0.0 0.0 0.0 0.0 0.0 0.0 0.0 0.0 0.0 0.0 0.0 0.0 0.0 0.0 0.0 0.0 0.0
0.0873015873015 0.6485168406713 0.19669825648490002 0.1039426523297 0.0555555555555 0.28743133119830006 0.5872503840244 1.0054301509195 0.7628589653469 0.0508474576271 0.7652707264792 0.5667478108434 0.6341065896014 0.1670506912441 0.8487984586958 0.8244803735238999 0.5955197132617001 0.0 0.8121924548933
0.0 0.025 0.025 0.0 0.0 0.05 0.0 0.1625 0.1125 0.0125 0.11249999999999999 0.0 0.1000000000003 0.0625 0.05 0.2500000000002 0.0 0.025 0.0125
0.0839234198792 0.2542116682172 0.0351429320744 0.0243902439024 0.0243902439024 0.1645185132201 0.26207948882980003 0.579138354433 0.2993252747776 0.010752688172 0.2488806237034 0.4794840617028 0.2459957561451 0.0351429320744 0.4138473642797 0.38900889302159997 0.1645232815964 0.0 0.28524426006709996
0.0 0.0 0.0 0.0 0.0 0.0 0.0 0.0 0.0 0.0 0.0 0.0 0.0 0.0 0.0 0.0 0.0 0.0 0.0
0.4110156168117 0.25076343394844 0.05646860514112 0.13907699699382 0.01769911504424 0.31926085804482 0.52253092460152 0.66993744432874 0.4337986748076 0.0 0.3743075606933 0.57265151887542 0.33387841141404 0.0876393110435 1.0049087944937198 0.8719494719107199 0.4106212622498 0.07781507476341999 0.44567692483200005
0.0 0.1212121212121 0.05733005733 0.042178542178500006 0.042178542178500006 0.027027027027 0.0724815724815 0.22932022932 0.1568386568385 0.027027027027 0.138411138411 0.21949221949210002 0.1502866502865 0.027027027027 0.18714168714159998 0.3235053235052 0.08763308763300001 0.0 0.0909090909091
0.05769230769219999 0.2587412587411 0.0384615384615 0.136363636364 0.07692307692299999 0.0192307692307 0.1486013986012 0.3479020979019001 0.22552447552439997 0.0454545454545 0.05769230769219999 0.2954545454543 0.2010489510488 0.227272727273 0.6258741258755001 0.4143356643358 0.5524475524481001 0.1031468531468 0.1678321678321
0.0 0.2 0.0 0.0 0.0 0.0 0.0 0.0 0.0 0.2 0.0 0.0 0.0 0.0 0.0 0.0 0.0 0.6000000000000001 0.0
0.08368945868958 0.1207839353 0.05698005697998 0.0185185185185 0.0 0.07962273688074001 0.03846153846148 0.64039380571716 0.21545584045588 0.0322580645161 0.2306773274515 0.19907407407398003 0.29448120577148 0.06517094017088 0.42752274607084 0.23061988787798002 0.12007168458770001 0.00961538461538 0.13660279386076002
