0.0425531914894 0.1595744680852 0.0212765957447 0.0425531914894 0.0212765957446 0.0 0.15957446808499998 0.1914893617024 0.0106382978723 0.0 0.06382978723409999 0.07446808510639999 0.0 0.0 0.0744680851063 0.0212765957446 0.0531914893617 0.063829787234 0.0
0.0192307692308 0.0 0.0384615384616 0.0 0.076923076923 0.0576923076924 0.0192307692308 0.19230769230779998 0.0192307692308 0.0961538461538 0.0576923076924 0.0576923076923 0.0192307692308 0.0 0.0384615384616 0.0961538461538 0.0 0.0 0.2115384615383
0.0952380952381 0.0952380952381 0.0 0.0 0.0 0.2857142857141 0.0 0.3809523809522 0.380952380952 0.0 0.0952380952381 0.0952380952381 0.0 0.0 0.4761904761903 0.0 0.0952380952381 0.0 0.0
0.0 0.0571428571428 0.0285714285714 0.0 0.0 0.114285714286 0.171428571429 0.0571428571428 0.0285714285714 0.0 0.0571428571428 0.0571428571428 0.0 0.0 0.1714285714284 0.1714285714285 0.0571428571428 0.0 0.0285714285714
0.0 0.142857142857 0.428571428571 0.0 0.0 0.0 0.142857142857 0.0 0.0 0.0 0.0 0.0 0.0 0.0 0.0 0.0 0.0 0.285714285714 0.0
0.0277777777778 0.0660982764943 0.019801980198 0.00925925925925 0.0 0.1625412541254 0.16639163916375 0.40172350568419996 0.4119911991206 0.0383204987165 0.3196736340299 0.06609827649425 0.1373303997066 0.0185185185185 0.20342867620184998 0.5071507150710499 0.0 0.00925925925925 0.43463513018
0.20942408377 0.0837696335077 0.0418848167539 0.0628272251308 0.0209424083769 0.2094240837697 0.33507853403079996 0.5445026178015999 0.2931937172775 0.0 0.33507853403159993 0.2094240837696 0.2722513089009 0.0 0.5235602094248 0.544502617802 0.0837696335077 0.0209424083769 0.2094240837695
0.28024258111291 0.5202383763535 0.32396747252781 0.025 0.0 0.29428118415762 0.5860836549108001 1.63132641122453 0.48464070633861 0.00990099009901 0.6948982630987199 0.72029939107191 0.39033377564651 0.0 0.62798956884381 0.42780652468980995 0.17465272646660002 0.14992253187501 0.6584158415841
0.1099724083562 0.2777025123519 0.097359085534 0.0263157894737 0.0144927536232 0.0169491525424 0.3133622388649 0.6777431616959 0.5690426989483 0.0434782608695 0.6182772615943 0.3656949609546 0.5693740271744 0.078947368421 0.6467505931283999 0.4656719002699 0.6479161048081 0.0 0.460949721393
0.0 0.0 0.0 0.0 0.0 0.0 0.0 0.0 0.0 0.0 0.0 0.0 0.0 0.0 0.0 0.0 0.0 0.0 0.0
0.00826446280991 0.27176214838531 0.04520155169501 0.0 0.0 0.41195817169890003 0.1547056839263 0.52715466351841 0.22419463653231 0.0227272727273 0.82127864920083 0.3022478964035 0.30764041153691 0.00826446280991 0.34175708851021 0.36367852926391997 0.00826446280991 0.0 1.18089990817341
0.2081339712918 0.4832535885166 0.16985645933000001 0.0 0.0263157894736 0.0263157894736 0.0263157894736 0.7344497607652 0.3277511961717 0.0789473684209 0.0 0.2368421052633 0.1315789473682 0.0 0.23444976076539997 0.18421052631579998 0.0 0.0 0.13157894736859999
0.0 0.1717391304348 0.0717391304347 0.535714285715 0.1506211180125 0.2804347826086 0.6453416149064 2.1624223602504 0.20217391304369997 0.0 0.5310559006211 0.5437888198762 0.9099378881991 0.0499999999999 1.2531055900625 0.26739130434819997 0.1934782608696 0.1571428571429 0.8739130434792
0.0 0.0 0.0 0.0 0.0 0.1 0.0 0.05 0.5 0.0 0.0 0.05 0.2 0.0 0.0 0.0 0.0 0.0 0.1
0.1111111111112 0.2222924716073 0.1060063224446 0.013698630137 0.0444444444444 0.1129375951293 0.2582133239666 0.9028216836431001 0.2188736681886 0.0 0.6736916051991 0.164149397026 0.2257112750263 0.0 0.42929399367689997 0.3489052804119 0.28888888888979997 0.0 0.878960309097
0.0140845070422 0.2720070422536 0.0298507462686 0.2072734916965 0.0 0.043935253310800004 0.4178973092279 0.32891002732790003 0.4527932520492 0.0 0.09066901408440001 0.1627732814798 0.1160395207062 0.0 0.4568005045197 0.4167805339498 0.5880413075464 0.0298507462686 0.3722934622668
0.0459770114942 0.16091954022979998 0.0919540229884 0.0459770114942 0.0 0.0459770114942 0.0459770114942 0.2528735632186 0.114942528736 0.0229885057471 0.0689655172413 0.0229885057471 0.0459770114942 0.0 0.2758620689655 0.0459770114942 0.390804597701 0.0689655172413 0.252873563219
0.0 0.0 0.0 0.0 0.0 0.0 0.0 0.0 0.0 0.0 0.0 0.0 0.0 0.0 0.0 0.0 0.0 0.0 0.0
0.0238095238095 0.08571428571418001 0.038095238095200004 0.0 0.0142857142857 0.1428571428569 0.06904761904750001 0.5785714285716199 0.2357142857141 0.1190476190477 0.27857142857123995 0.07142857142850001 0.27380952380954005 0.0 0.0499999999999 0.24523809523830004 0.047619047619 0.0 0.7261904761908
0.136842105263 0.0631578947368 0.0631578947369 0.0315789473684 0.0210526315789 0.0210526315789 0.1894736842107 0.1578947368421 0.0315789473684 0.0105263157895 0.0 0.0736842105266 0.0842105263158 0.0 0.0421052631579 0.0 0.0421052631578 0.0105263157895 0.021052631579
0.016129032258 0.0806451612903 0.016129032258 0.0 0.0 0.0322580645161 0.1129032258064 0.064516129032 0.1129032258064 0.0 0.08064516129009999 0.0483870967741 0.0 0.0 0.22580645161329999 0.0967741935484 0.0806451612902 0.0 0.032258064516
0.0425531914893 0.0 0.0425531914893 0.0 0.0 0.063829787234 0.0 0.063829787234 0.19148936170199998 0.0 0.0 0.0425531914893 0.0212765957447 0.0 0.06382978723409999 0.0425531914893 0.0212765957447 0.0 0.40425531914940005
0.0 0.0 0.0 0.0 0.0 0.0 0.0 0.0 0.0 0.0 0.0 0.0 0.0 0.0 0.0 0.0 0.0 0.0 0.0
0.0 0.0 0.0999999999999 0.0 0.2 0.0 0.0 0.0 0.0 0.0 0.0999999999999 0.0999999999999 0.0 0.0 0.0 0.0 0.0 0.0 0.5
0.00877192982455 0.15998204466385 0.11069090637035 0.0223880597015 0.0 0.2852055511913 0.2519545131492 0.981176822653 0.41527699846564997 0.03115998952605 0.48753974488459995 0.3063442187559 0.40166086858885 0.0 0.56949463210165 0.6757528148731998 0.03115998952605 0.0 1.2614409157223
0.42571428571399994 0.16 0.11523809523810001 0.067619047619 0.047619047619 0.1876190476191 0.5161904761912001 0.8133333333330999 0.31999999999990003 0.067619047619 0.0999999999999 0.338095238095 0.2 0.0800000000001 0.4799999999999 0.2676190476189 0.4104761904759 0.11523809523810001 0.28761904761900003
0.050923778602300004 0.28301912353139996 0.1713172541743 0.0302040816326 0.0102040816326 0.32236092824220003 0.3903177678698 1.4416918001974 0.7840403637919 0.0208333333334 0.29125116414810004 0.394557644635 0.7209324565607 0.0 0.7430926368081 0.7266184654137 0.15795202291430002 0.0408333333333 1.41984976318
0.0192307692307 0.0769230769229 0.0 0.0192307692307 0.0 0.0597713097712 0.10568857982640001 0.4272528496668 0.3059717542476 0.0 0.2652699118214 0.0537135278514 0.204261954262 0.0 0.4709298157575 0.34914689225070006 0.2500000000005 0.0 0.39260878916029995
0.0 0.0 0.0 0.0 0.0 0.0 0.0 0.0 0.0 0.0 0.0 0.0 0.0 0.0 0.0 0.0 0.0 0.0 0.0
0.0 0.05320150659138 0.09180790960447999 0.0 0.0487804878048 0.3536929860824 0.144354875752 0.36696752560734 0.40859400119368 0.0731707317072 0.49776078269328 0.29370492857447994 0.2314546874283 0.00847457627118 0.34529879197106006 0.25885352073865997 0.0555555555556 0.0 0.76832713242548
0.30944272445869997 0.33684210526299996 0.0715170278636 0.0 0.0421052631578 0.23993808049549997 0.3408668730654 1.1114551083603 0.2733746130029 0.0842105263157 0.2586687306505 0.1704334365323 0.21253869969009997 0.0147058823529 0.8354489164091 0.25866873065060003 0.09891640866849999 0.18312693498489999 0.15773993808040002
0.0613354037266 0.2752399774137 0.1048136645961 0.1739130434781 0.1917701863352 0.5650338791642999 0.3582439299832 1.3603896103900999 0.5121682665161 0.0798418972331 0.2901185770747 0.43841050254079994 0.8472473179004001 0.0 0.9395115753814001 0.6551524562384999 0.2531055900623 0.0869565217391 0.806747600227
0.0 0.0 0.0 0.0 0.0 0.0 0.0 0.0 0.0 0.0 0.0 0.0 0.0 0.0 0.0 0.0 0.0 0.0 0.0
0.11919230502110001 0.39122669601210003 0.1374314188484 0.0939656641389 0.0 0.2738432938138 0.6083022840215 1.0644381804852 0.6602709201597 0.12497717839780001 0.4764796989764 0.5965550657516999 0.45884584983250004 0.0 0.8498256250622 0.5291048812807 0.3885781372272 0.0 1.2269628009684999
0.267857142857 0.2818828680899 0.15613026819909998 0.0708128078817 0.0172413793103 0.09934318555 0.4870005473459 0.3929939792008 0.4465654077718 0.0 0.436918445539 0.1819239189928 0.2986453201972 0.031746031746 0.5909277504104 0.41160372194850003 0.4458128078823 0.015873015873 0.3667214012045
0.1645383646807 0.2093973475808 0.1602172169838 0.15763546798 0.0126582278481 0.0520670948431 0.2473720311252 0.5709800472366 0.5578732951989 0.0 0.1435430566812 0.4301620485085 0.42600280710500005 0.0 0.6634416683347 0.5609035683928001 0.5352818974543 0.0323626613456 2.0755631987008
0.0714285714286 0.0714285714286 0.2857142857146 0.0 0.0 0.0 0.2142857142856 0.0 0.0 0.142857142857 0.0 0.0 0.142857142857 0.0 0.0 0.0 0.0 0.0714285714286 0.0
0.2977277338196 0.0821580232402 0.11503172637636 0.0 0.0 0.1397849462366 0.09930670696289999 0.7862334809477599 1.1389716736280602 0.051724137931 0.33950720926812 0.5995043409519201 0.20723410358102 0.0 0.41894033202576 0.41650051419800005 0.06896551724156 0.0 1.2384095535911
0.20989010989009999 0.1769230769231 0.10791208791210001 0.0659340659341 0.0 0.032967032967 0.1149450549451 0.235824175824 0.070989010989 0.1039560439561 0.08395604395600001 0.063956043956 0.13999999999999999 0.0 0.145934065934 0.16197802197800001 0.11494505494500001 0.032967032967 0.1369230769234
0.2862977730233 0.1384425691209 0.1454348121015 0.0176991150442 0.0670818310936 0.37280997162990004 0.4296027363881 0.6061568716429 0.48526694544380006 0.1454348121015 0.3846453993943 0.5487806195777001 0.3642329483037 0.0176991150442 0.7014790082649001 0.4521450362157 0.23649725124639998 0.1303025609809 0.46999062338340003
0.228571428571 0.5645833333333 0.2571428571428 0.0190476190476 0.0 0.0 0.19047619047609998 0.6187500000005 0.1577380952381 0.0380952380952 0.4883928571428 0.1836309523809 0.23244047619039998 0.0 0.2080357142857 0.2949404761904 0.0815476190476 0.0190476190476 0.41755952380969996
0.0 0.0 0.0 0.0 0.0 0.0 0.0 0.0 0.0 0.0 0.0 0.0 0.0 0.0 0.0 0.0 0.0 0.0 0.0
0.0 0.0 0.0 0.0 0.916666666666 0.0 0.166666666667 0.125 0.0 0.166666666667 0.0 0.125 0.0 0.0 0.125 0.0 0.0 0.0 0.375
0.00757575757575 0.11977696216815001 0.1758775644642 0.0702639751551 0.0 0.23495435723705002 0.42411302465595 1.5218332392231002 0.39370412196439997 0.02931488801045 0.78947863730475 0.6727602108045 0.45792160737809995 0.0 0.5934147374352 0.6217532467527 0.051054018445249996 0.0217391304347 2.8144645209889
0.40750493746032 0.16046741277152 0.18169848584633996 0.0747202106649 0.11800526662272 0.0730743910467 0.13759052007911998 0.35253456221193996 0.170836076366 0.07472021066484 0.18861092824202003 0.18680052666226 0.1606319947334 0.0102040816326 0.21165240289679998 0.06632653061214001 0.04246214614874 0.08574720210662 0.29641211323264
0.2357833984048 0.3559476020952 0.052452894245400006 0.0519388611417 0.0 0.3347662504192 0.5543858978009 1.4732722709827002 0.41938247489800007 0.029588383011200002 0.6650106034268999 0.6290848696556 0.5790841922468 0.0232558139535 0.8599502862245999 0.36227538944989995 0.12222033610590001 0.0 2.2516004759377
0.0502092050208 0.1139530653086 0.0782608695652 0.0 0.0 0.10140076405290001 0.1033654720756 0.8626159723485 0.4307076587223 0.0 0.5283973076227 0.2926323449151 0.2443878479168 0.0 0.4491540840457 0.19024922685099996 0.1159177733308 0.0376569037656 2.4010915044552
0.0 0.0 0.0 0.0 0.0 0.0 0.0 0.0 0.0 0.0 0.0 0.0 0.0 0.0 0.0 0.0 0.0 0.0 0.0
0.0 0.0333333333334 0.0166666666667 0.0 0.0 0.3571428571427 0.05 0.3499999999998 0.28095238095270003 0.0 0.4071428571428 0.1833333333335 0.15 0.0166666666667 0.488095238095 0.23333333333309997 0.08095238095230001 0.0 0.3523809523806
0.25867542419239997 1.3141215106731 0.1134099616857 0.0459770114942 0.0 0.1704980842912 0.10229885057459999 0.4908045977015 0.2586206896552 0.0689655172413 0.1467432950191 0.6886152162021 0.25210727969360003 0.0459770114942 0.18237547892699998 0.5395183360696 0.0 0.0459770114942 0.2753147235907
0.06274435010865 0.21743570813344998 0.0700000000002 0.06 0.06600016406215001 0.0809171075837 0.1426385300028 0.76690742791585 0.5110516385712 0.05365448504985 0.15498420901514998 0.18069152208685002 0.40521061482335 0.0 0.2989245724134 0.40458553791905 0.08142857142855 0.043255813953500005 0.3995697469346
0.0 0.0 0.0 0.0 0.0 0.0 0.0 0.0 0.0 0.0 0.0 0.0 0.0 0.0 0.0 0.0 0.0 0.0 0.0
0.63875315384496 0.5977003844210601 0.21143434775206002 0.1689179086059 0.0533751962323 0.33800778921476005 0.6857089274087 0.96418423405318 0.5795990655147001 0.0816326530613 0.57894231485802 0.86368959306524 0.45808886880286 0.00925925925926 1.00892417441736 0.60977060423716 0.5400699047585 0.09259259259246 1.5193490279000001
0.1241379310344 0.1295348640176 0.045454545454500006 0.0827586206896 0.0 0.1122228811883 0.17916631364910002 0.4726425485045 1.1966166793748 0.0 0.4426981840774 0.5476827925095 0.11859979101359999 0.0801801801802 0.7340139512552 0.8041769041765999 0.0772204806687 0.035841170323899996 0.8170521618802
0.14523809523800002 0.16349206349200002 0.0984126984127 0.349206349207 0.031746031746 0.031746031746 0.1285714285713 0.8261904761907001 0.6126984126987001 0.0333333333333 0.27063492063469996 0.41587301587369996 0.2238095238094 0.031746031746 0.5023809523803 0.7182539682544 0.3317460317464 0.031746031746 1.0531746031737
0.0 0.0 0.0 0.0 0.0 0.0 0.0 0.0 0.0 0.0 0.0 0.0 0.0 0.0 0.0 0.0 0.0 0.0 0.0
0.015873015873 0.08500972402111 0.07241243604870999 0.015873015873 0.015873015873 0.25568508181022 0.36614410400781 1.1434277206588 0.3446264434789 0.12305631017001 0.84682151231051 0.20438529794222 0.60766535612113 0.015873015873 0.53868275492242 0.36941601107502 0.0165289256198 0.00826446280991 2.954381795513
0.12378048780510001 0.229674796748 0.0705284552846 0.03333333333333 0.04166666666673 0.0243902439024 0.1359756097562 0.2443089430893 0.1071138211382 0.03333333333333 0.08983739837386001 0.13983739837396 0.14308943089456 0.0 0.18983739837406 0.21300813008149 0.0532520325203 0.04105691056906 0.08597560975599
0.0258620689655 0.3497536945816 0.09934318555 1.004105090312 0.0 0.103448275862 0.17692939244650002 0.29802955665 0.634236453202 0.0 0.202791461412 0.336206896552 0.45730706075550004 0.0 0.36740558292250003 0.258620689655 0.129310344828 0.051724137931 0.504926108374
0.04347826086959 0.02898550724638 0.21325051759859 0.00724637681159 0.0289855072464 0.054865424430590004 0.09834368530019 0.16356107660448 0.09834368530018 0.00724637681159 0.12422360248439002 0.125258799172 0.0383022774327 0.0 0.16459627329189 0.17287784679076998 0.0983436853002 0.05279503105589 0.4792960662529
0.0 0.0 0.0 0.0 0.0 0.0 0.0 0.0 0.0 0.0 0.0 0.0 0.0 0.0 0.0 0.0 0.0 0.0 0.0
0.0 0.0 0.0 0.0 0.0 0.0 0.0 0.0 0.0 0.0 0.0 0.0 0.0 0.0 0.0 0.0 0.0 0.0 0.0
0.14000303283010002 0.0864483028785 0.0328935729269 0.0489296636085 0.0244648318042 0.19273637121820003 0.10628806834 0.6747289407842 0.6886041398123 0.0366972477063 0.9201986503915 0.3939014835596 0.3449718199506 0.0244648318042 0.5431546490758 0.6562286754107 0.05355472995169999 0.0413223140495 3.9904086739021003
0.03813559322036 0.00847457627118 0.01271186440677 0.01271186440677 0.00423728813559 0.05508474576269 0.0381355932204 0.13559322033913998 0.063559322034 0.00423728813559 0.0805084745763 0.02966101694916 0.07627118644078 0.00423728813559 0.14406779661018 0.11864406779678 0.00847457627118 0.0127118644068 0.15254237288137001
0.2702869928339 0.7399853802371 0.41369464637490005 0.1291557570337 0.0240963855422 0.7265958048875001 0.9783902405930999 3.5663926390106 2.1682078012645998 0.1507662835249 1.7449205939083001 1.7021317461457999 1.1539926153419 0.0 1.7634323088797998 1.9037367810176002 0.6992986044642001 0.1924456446479 8.6724697742922
0.0485829959514 0.14785944322469 0.10552053050077999 0.00995024875619 0.0 0.0684834934638 0.224982450173 0.63676668389979 0.49600997859678 0.0323886639676 0.50852276330119 0.52142123391209 0.50581773991028 0.0123456790123 0.42564207005178 0.26971679315219 0.09542779430168999 0.0 2.8905614378216002
0.0 0.17922374429229998 0.0 0.013698630137 0.1518264840182 0.0 0.2351598173519 0.109589041096 0.027397260274 0.0833333333333 0.15182648401819998 0.054794520548 0.041095890411 0.0 0.027397260274 0.027397260274 0.22146118721500002 0.09703196347029999 0.5787671232879
0.059602649006600006 0.0198675496689 0.1064017660043 0.0198675496689 0.0198675496689 0.05376585475358 0.3042354173682 0.66335914992448 0.29632207131358 0.00847457627118 0.79829760167664 0.29171250046748 0.4366221424024 0.0198675496689 0.32880981778687995 0.77419837617378 0.0198675496689 0.0 1.7788603285045
0.3383997417815 0.4508148424607 0.23222508097470002 0.0306122448979 0.0 0.3170509329801 0.2795762123697 1.0481088396198 0.5655569449319999 0.0306122448979 0.6387323595292 0.5921656300222 0.16772265821870003 0.0 0.6461042189215 0.9002832467141 0.1343514149845 0.0612244897959 0.5664588969007001
0.1604837852202 0.18326953748 0.1542371079213 0.13715045188730002 0.07994152046780001 0.2978468899522 0.2933918128656 0.8944497607667999 0.9328814460379999 0.1204784688995 0.3957256778307 0.5290217969169 0.5302923976607 0.0378787878788 0.5526156299840002 1.2670122275382 0.164731525784 0.0516959064327 1.2168952684743
0.0 0.0 0.0 0.0 0.0 0.0 0.0 0.0 0.0 0.0 0.0 0.0 0.0 0.0 0.0 0.0 0.0 0.0 0.0
0.07351960275696 0.28239329587347 0.12835037985818998 0.06731798605961999 0.016129032258 0.16946668413398 0.26200421123756 0.69668107003497 0.6040337907093001 0.04324023779991 0.5246903006802499 1.1306440601874002 0.34798607304187995 0.0 0.35434734178248 0.35049813091022 0.28751504696047 0.03493963748861 1.6262431182254198
0.0178571428571 0.0739795918366 0.0102040816326 0.0994897959183 0.0102040816326 0.0306122448978 0.12244897959180001 0.38010204081630006 0.13010204081639998 0.0 0.1760204081632 0.2117346938773 0.2066326530611 0.0 0.1045918367347 0.15306122448960002 0.0918367346937 0.0 0.1811224489794
0.21715789611485 0.1437418983153 0.1357678760818 0.36998350202255004 0.0 0.04451180390975 0.23688345357665 0.61844500019645 0.8496654576881999 0.035935474578650005 0.12307359930850001 0.35489636389850004 0.24022560328900003 0.0 0.47153444280195 0.6180161837298999 0.63303785369185 0.55308813324025 0.35403545755684995
0.5454545454549999 0.272727272727 0.590909090909 0.181818181818 0.090909090909 0.0 0.363636363636 0.727272727272 0.090909090909 0.181818181818 0.0 0.636363636366 0.090909090909 0.0 0.181818181818 0.0 0.090909090909 0.681818181818 0.272727272727
0.13727784027 0.10840301974439999 0.4333663017739 0.0336051743532 0.1229257318445 0.5224506387936 0.2629954182565 2.3339225584626 1.0493255873512 0.1563298490132 2.2094998033834004 0.7279982532688 0.9571824101246 0.0 0.5670132239576 1.3939750061738 0.1841502738987 0.0247619047619 6.7748170045791
0.4707044107977 0.2176870748298 0.1904761904759 0.1411016019309 0.2499451393457 0.0544217687074 0.6631555848152 0.8738204959401 0.2106649111261 0.0544217687074 0.1632653061222 0.38599956111550005 0.222734254992 0.0 0.22778143515440002 0.3859995611146 0.1612903225811 0.19047619047640002 0.136054421769
0.27687581455955 0.18742404495514997 0.07912526869879999 0.06240077182165 0.0850798056905 0.1127959919432 0.5911274352175 0.6814948968363 1.7469101741666 0.06106870229005 0.50649278109715 0.81051437856475 0.53803930197515 0.08080431949354999 0.5205243648548 0.4750698194008 0.14174777001065 0.1129212437163 0.9295831147076
0.11764705882359999 0.0588235294117 0.1372549019608 0.11764705882359999 0.0588235294117 0.058823529411600003 0.1176470588234 0.4705882352945 0.11764705882340001 0.0784313725491 0.1568627450979 0.3333333333334 0.156862745098 0.0196078431372 0.1568627450979 0.21568627450970002 0.0980392156862 0.07843137254890001 0.4509803921572
0.0 0.10112359550550001 0.067415730337 0.0 0.0337078651685 0.235955056181 0.471910112359 0.067415730337 0.134831460674 0.0 0.10112359550550001 0.775280898877 0.10112359550550001 0.0 0.1685393258425 0.0337078651685 0.202247191011 0.0 0.5056179775275
0.0 0.102564102564 0.0 0.0 0.307692307692 0.0 0.153846153846 0.051282051282 0.0 0.102564102564 0.153846153846 0.5641025641040001 0.205128205128 0.0 0.0 0.051282051282 0.0 0.153846153846 0.153846153846
0.0305676855896 0.1951016776526 0.023133568259169998 0.07943383635557 0.0 0.22260205813803 0.1405692075347 0.8158094992803 1.27140967254727 0.06066708032347 0.77437746584357 0.42123933174890005 0.33260358008326 0.0187667560321 0.9685425617846 0.79527494526767 0.07376751700456999 0.07943383635577 2.69669972019687
0.4283705670985 0.18122168411200001 0.1234182159037 0.0115606936416 0.11966880174960001 0.2312138728317 0.3586939540692 0.5283549445398 0.4239962505855 0.0 0.40462427745690005 0.8876738009701 0.40462427745609997 0.0 0.4318075300740001 0.28901734104040006 0.0693641618497 0.0346820809248 1.0717075456958
0.04988794333749 0.33690772276964 0.2240696349523 0.15639938745214998 0.14788952575946 0.6573725885363999 0.43125546980943996 2.4071367211143797 1.80287892121239 0.03142126415782 2.1377400466296104 1.00891436502224 1.30988164486849 0.08989152498611 1.44992222645127 1.23915488237885 0.47569690077936 0.08423050881076999 7.9593487209600795
0.17023717753349998 0.5275530186182 0.2057826702254 0.2610494516478 0.08594324232270001 0.475900126056 0.5617591566407 3.0434981140166 2.0087046347235997 0.0165289256198 1.7049094438925003 1.6731639395972002 1.4725542801661 0.13228113862330002 1.758204711247 1.7732060203138 0.31614374005060003 0.0416666666666 5.7709135420478
0.029702970297 0.108910891089 0.049504950495 0.0 0.0792079207921 0.009900990099 0.04950495049499999 0.1881188118812 0.039603960396 0.009900990099 0.029702970296999996 0.0990099009902 0.0594059405941 0.0 0.039603960396 0.019801980198 0.019801980198 0.039603960396 0.1287128712874
0.1445455586082 0.17190361721599 0.0811298076923 0.03757440476189 0.0883699633699 0.6861516241118 0.32283586511519 2.0282132083620694 1.5227288030605899 0.0 1.16065873464799 2.145190287651 0.82107169791058 0.1319253663003 1.6724507110548 0.8637887847456 0.22418727106239 0.0595238095238 2.83775048481129
0.41444675357390004 0.2813779205236 0.1483090874739 0.0298507462686 0.0889224762264 0.3261540399274 0.4300018892875 0.7707664210593999 1.0651804269776999 0.0 0.7101202846537 0.266767428679 0.25184205554469996 0.383966244726 1.0804206814024 2.1894325839157 0.0593866112475 0.1184583412052 0.3845960073057
0.110868079289 0.2032452673185 0.21197063805750002 0.31157538114110006 0.216654283931 0.4548723587622 0.602532021754 1.7807245386215003 1.7051026776419 0.2024785283367 0.9327766055453001 0.7044845314868 0.8416178786877999 0.0451127819549 1.1227673927913 1.0245772534103001 0.2189426134505 0.3769621682663 3.9327349995588
0.0 0.0 0.0 0.0 0.0 0.0 0.0 0.0 0.0 0.0 0.0 0.0 0.0 0.0 0.0 0.0 0.0 0.0 0.0
0.47788758122720004 0.6562427025458999 0.24562764314690003 0.14913935025220001 0.037607407698 0.5495450786912 1.1574966613906 1.6383810902979 1.2185977923779 0.1816779429116 1.468216308701 1.0328949049585001 1.0152493784552001 0.0 1.3756223247076 1.3666156143819 0.4092797804831 0.1562910773435 2.863627360432
0.120888157895 0.604194133792 0.11923933360330001 0.3598778034598 0.0697308681904 0.5875294246379 0.7147575429288999 1.8868204521476 1.6051579156373 0.0878387765422 1.1188268258889 0.8606786448786999 0.5705734452296 0.06670362158160001 0.8164664852065 1.9747384022563002 0.500312022563 0.0424208669822 0.8932452765803001
0.17811790356253 0.22172927529447 0.14268591894047 0.66925995487904 0.0668896321069 0.11671259086326 0.30840001693790003 0.78534212055015 0.69559330890956 0.00584795321637 0.32676532820976 0.28393667113116 0.51654040123567 0.022570361243070002 0.85018647863307 1.1950706446494401 0.24561764294246 0.0819885053739 0.28674529132216997
0.1 0.04 0.12 0.0 0.06 0.0 0.0 0.06 0.0 0.04 0.06 0.12000000000000001 0.16 0.0 0.06 0.04 0.02 0.04 0.08
0.1441622423111 0.32251590376430006 0.305157534387 0.0410252205344 0.0267237903914 0.8890586201484 0.8476480194607 3.4109841543182005 1.5559912264526 0.22678665382059998 2.2121006634826 1.4916875414259 1.4136781255775 0.1325323712494 1.3574901092593998 1.9302485155361002 0.4449704473556 0.166102672379 6.0811361881496
0.0800258564964 0.44395604395590005 0.12863606981249998 0.2808015513901 0.07058823529410001 0.2462831286364 0.3372979961214 0.6040077569486 0.2605042016808 0.0800258564964 0.3749191984484 0.3436328377504 0.1270846800258 0.117647058824 0.5490627020047 0.28403361344559996 0.13497091144169998 0.19922430510709999 0.3372979961213
0.11026319288440001 0.22474265040340002 0.1118727212926 0.1270232821783 0.0275229357798 0.11187272129260001 0.3040714070779 0.4201393991558 0.4211156131258 0.05424110735550001 0.24226551620360004 0.33239910706160003 0.23970076767500004 0.0175438596491 0.4677709431145 0.221331149973 0.18382913806280002 0.12026326286410001 0.2620312248517
0.0416666666666 0.0 0.0416666666666 0.0416666666666 0.0416666666666 0.0416666666666 0.0416666666666 0.0 0.0 0.0 0.16666666666660002 0.29166666666700003 0.0 0.0 0.0416666666666 0.0 0.25 0.0 0.0
0.1403846153846 0.12451923076919999 0.0153846153846 0.062019230769200004 0.0 0.123076923077 0.1548076923077 0.0923076923077 0.2322115384622 0.0 0.0461538461538 0.31105769230770003 0.125 0.0153846153846 0.2802884615384 0.0923076923076 0.0927884615384 0.0 0.0923076923076
0.2 0.0 0.0 0.0 0.2 0.0 0.0 0.0 0.0 0.0 0.0 0.0 0.6 0.0 0.0 0.0 0.0 0.0 0.0
0.0695414951659 0.15353690054529998 0.2748157365744 0.0645161290322 0.0839954053793 0.37661529625629997 0.412223604862 1.2595003350254 0.8627835742315001 0.114578347851 1.1459749210297 0.7081937398305 0.5529817172388 0.0 0.8728343064987001 0.8133435436002001 0.1807695989276 0.0322580645161 2.0215372834309
0.4359965034967 0.6257867132871 0.1519930069929 0.2396328671332 0.3283566433569 0.3505244755243 0.27798076923139997 1.1201136363643 0.9108391608399999 0.22345279720310002 1.311188811189 0.892508741259 1.3646328671327002 0.0216346153846 1.4268181818179 0.8021328671335 0.703234265734 0.302902097902 1.5102709790234998
0.6732623283675501 0.79669000432898 0.47638797786521003 0.48307737519662 0.07822645277423 0.73163388642253 1.11828793881838 3.4717999935840598 2.3005323301647405 0.13682244230795 2.5426069513574 1.5375059981465498 2.0840982380021997 0.49620049647848 2.5739882638853104 1.8035632113484898 0.7054347242742999 0.1317506470546 3.85813073961997
0.3084961582587 0.4341802991799801 0.16737234258487999 0.25582127877238003 0.05426130044808 0.40809742274328 0.48517293543788 1.66857306261788 1.24693348235158 0.0552969344899 0.9957511010766 1.2685973409218 1.0153849483089 0.09035200821158 1.2857790411384 1.2021606469837 0.410299646733 0.09340189190248001 2.55406815784118
0.1333333333337 0.633333333333 0.0266666666667 0.0 0.5266666666667 0.0266666666667 0.26666666666669997 0.1066666666668 0.0533333333333 0.0533333333333 0.1599999999997 0.1066666666667 0.1066666666667 0.0 0.18666666666639997 0.0533333333334 0.0266666666667 0.1599999999997 0.373333333333
0.02803274621675 0.11096429571391 0.05744921304326 0.010791366906460001 0.06079854809436 0.43681182933052 0.14931731844726 1.2612198779300101 0.52867993473425 0.0 0.42209031601997005 0.5883373602667099 0.66297681943855 0.00359712230215 0.97249494554798 0.7964314908535699 0.04961548002966 0.05532126023315 0.80507007489072
0.1054460093895 0.4084507042249 0.2381220657276 0.058779342723000005 0.018779342723 0.19389671361490002 0.2617840375587 1.2664788732397 1.2080751173704 0.0 0.8349295774648 0.7877934272304 0.6835680751170999 0.18779342723 0.6865727699538 1.1602816901414001 0.1599999999999 0.0466666666666 0.6925821596244001
0.29396162019484 0.43357630827329996 0.19740300350989998 0.50911109171854 0.1050004370731 0.6111201802457 0.70702216920474 1.9753176048028598 2.03086667503878 0.17767509819260002 1.6148589673859002 1.28041068237108 1.5427656131708398 0.062475382395439996 1.9096220979213803 1.6579048842082402 0.39760786863848 0.163129737773 2.3301705778795796
0.0 0.0 0.0714285714284 0.0 0.0 0.0 0.0357142857142 0.0357142857142 0.3214285714295 0.0 0.0714285714284 0.1071428571427 0.0714285714284 0.107142857143 0.0714285714284 0.1071428571427 0.0 0.0 0.0
0.2872024987586 0.7527261881133 0.2199468414764 0.1542076931662 0.15865449538499998 0.7645255851913999 0.9014248540947001 1.9247815175384004 1.2091759121775003 0.008547008547 1.226893544922 1.1761505797098 1.0329032795823 0.0278551532033 1.4109286374634 1.4792528151775 0.42143176994239995 0.3281756785826 3.5152159469672997
0.20023148145609998 0.5396035361446301 0.26613460470315997 0.6832770582776999 0.0491719484767 0.39808071849119997 0.9282034912172001 2.5537266197436903 1.50969636233773 0.10104355878462999 1.28119906932696 1.4002822968604998 1.27180062316366 0.0614574596962 1.6914460703199898 1.94254726562756 0.6593414586227 0.02172809422273 1.44102828252633
0.0633802816902 0.13331035162010002 0.14773958435919998 0.1333103516203 0.049098788535400006 0.0422535211267 0.4082537181131 0.6260711119869 0.5768245838668 0.035112774549400004 0.1264650842115 0.18984536590169998 0.23195114744400003 0.0211267605634 0.3018812173742 0.3855018221212 0.49276076036649996 0.006993006993 0.028119767556400003
0.0 0.0 0.0 0.0 0.0 0.0 0.0 0.0 0.0 0.0 0.0 0.0 0.0 0.0 0.0 0.0 0.0 0.0 0.0
0.09103910614519001 0.39321535614008996 0.49606920216279005 0.06349757505059 0.0890171281232 0.41308844632159003 0.8157513006423 2.81041564925159 1.4817250069562 0.0890171281232 2.02905301188819 1.2645356336282 1.21926184358878 0.0662793296089 1.37612986704327 1.8946830480839902 0.46064018662920003 0.09019422322588999 2.85638695739478
0.15 0.08333333333340001 0.0333333333333 0.08333333333330001 0.0833333333334 0.05 0.18333333333340002 0.3166666666668 0.08333333333330001 0.0333333333333 0.166666666667 0.1333333333335 0.1166666666667 0.0 0.1833333333335 0.0333333333334 0.08333333333330001 0.0666666666666 0.11666666666679999
0.40289180806459995 0.48706744511417 0.15621845162060002 0.18090980964534 0.10738612175397 0.36452897889777 0.38294106914830006 0.9140302864443502 1.0906373532806999 0.1728395061729 0.32493766344346997 0.48472602323177 0.4617557623307 0.0 0.7870035881536999 0.580414158 0.18682113969467 0.0916256157635 0.82326521924247
0.0151515151515 0.0757575757575 0.0151515151515 0.0 0.0151515151515 0.0909090909091 0.0606060606061 0.10606060606050001 0.090909090909 0.0 0.060606060606 0.0909090909091 0.030303030303 0.0 0.0757575757575 0.12121212121210001 0.0151515151515 0.0151515151515 0.1212121212121
0.0 0.0172413793103 0.0 0.0 0.0 0.0 0.0689655172415 0.0689655172413 0.1724137931034 0.0 0.0 0.0862068965517 0.0 0.0 0.0689655172415 0.22413793103430002 0.0862068965518 0.0 0.2068965517243
0.0 0.0 0.0 0.0 0.2 0.0 0.0 0.0 0.0 0.4 0.0 0.0 0.4 0.0 0.0 0.0 0.0 0.0 0.0
0.050717256599600004 0.2836695683054 0.14006384052819998 0.09676988817840002 0.0293268822681 0.3818053936089 0.2206211830827 1.3452565236618 0.8441949347519999 0.030962823725999997 1.3228824623949 0.8847997332924 0.6098498809415 0.0106951871658 0.8149375779029999 1.0015672536962 0.1019477168858 0.0320855614973 1.7978463315157
0.2162447257385 0.3630450070331 0.3301687763713 0.1417018284108 0.1504922644163 0.2848101265829 0.3695499296767 1.1364275668065 1.0618846694783 0.032876230661 0.6974331926868 0.6441631504916 1.0239099859352 0.0 1.4643108298189 0.7682841068937001 0.5645218002819 0.1490857946553 0.6010900140647999
0.2993887973539 0.7555384964108299 0.4782300698821101 0.2583648968772 0.17762326066859999 1.1924444561524101 0.861277093006 3.2316787810474095 1.7085600903613098 0.1570620483217 1.65213231307233 1.32888109215411 1.3932700489780099 0.2750190494559 2.3041562245513396 1.4543332496196197 0.53771977897541 0.18230953546140002 2.75201071764372
0.1526155954963 0.4161105234702 0.24407969005469998 0.28024470579550004 0.057741680655599995 0.5236673013327 0.2604662052525 1.4699568656018003 1.6346895225140001 0.0384615384615 1.1549961150174 1.1958589106902 1.0294744300344 0.1132060333761 1.2030929128028 1.3915368046161003 0.7521677816723 0.0384615384615 2.0431718446916998
0.0281690140844 0.292253521127 0.20892018779330002 0.0 0.3755868544607 0.0563380281689 0.0845070422534 0.0845070422534 0.0563380281689 0.0281690140845 0.0845070422534 0.1537558685445 0.0 0.0 0.0704225352113 0.2934272300472 0.0422535211266 0.056338028169 0.0845070422535
0.05780630406312 0.35555576291161 0.20739364094834 0.00537634408602 0.17650679022651 0.47982598269481 0.37615282424741003 1.1805670119478402 1.25531866727164 0.07338992453902 1.9170942432827498 1.3368547615893198 0.68220275518981 0.0380254154447 1.5001149723092102 1.04348304899833 0.27229491339363 0.0945454545454 0.9474911823117601
0.15667739340300002 0.2009251810139 0.2555166072865 0.1150729801172 0.0728651879094 0.4063038731186 0.2080220664296 1.1103321457305 0.9437708309388 0.0 1.3100505688996003 0.3912768647285 0.44224801747 0.0 0.7022181358462 1.1899206987698998 0.0702218135846 0.0545914262729 0.3699862084826
0.16562214986836002 0.33245667650908 0.1370339114766 0.20174557730686002 0.07075028250232 0.33640473660072 0.39887398365706 1.42036277944226 1.11933106806894 0.09089280382190001 0.77207782913958 0.61597949339924 0.75592245579832 0.0337513096729 1.0337691829075402 0.8504890411627399 0.21992531714192 0.09568066885794 1.3489307326642601
0.0 0.0 0.0 0.0 0.0 0.0 0.0 0.0 0.0 0.0 0.0 0.0 0.0 0.0 0.0 0.0 0.0 0.0 0.0
0.2237677388334 0.4288120373056 0.13639121242747998 0.2199990100905 0.0384615384615 0.21705119955879 0.38566256796789 1.0345457373779698 0.6263351410985699 0.031041456016190003 0.80712805899879 0.5529665481136 0.73772829799127 0.0186046511628 0.6532995821163801 0.48857431749220004 0.3184526292714 0.2282647584972 0.8529135172205901
0.241727493917 0.4848228342432 0.2918638132319 0.4029899299264 0.1436974789918 0.323714484535 0.9851657300236 1.4821185861713 0.8622663412211 0.0 1.014634356133 1.3330278046277 0.8032516404500999 0.0463875205254 1.4702649396034 1.5124841278057 0.5244549518784001 0.1552147866443 0.921913180072
0.07383844225937 0.1242529400424 0.09196067090804 0.0353769037979 0.07914015808744 0.02255639097741 0.22546751494147 0.29313668787341 0.39791787160187 0.0 0.13177173703478 0.16936572199719999 0.20117601696534002 0.0128205128205 0.26354347406967 0.35376903797924 0.39213418160757 0.00751879699247 0.12425294004224
0.0833333333333 0.0833333333333 0.0 0.0 0.24999999999989997 0.0 0.0 0.0833333333333 0.0 0.0 0.0 0.0 0.166666666667 0.0 0.166666666667 0.0 0.0 0.1666666666666 0.0
0.1398251328647 0.2225221033037 0.39653327128939997 0.1699052190735 0.0909725453698 0.4277460752865 0.5330043349416 1.9831304645974999 1.3693529426165 0.1353187529081 2.3949793049431998 1.1621806960404002 1.8406100756771002 0.293159609121 1.5565367000553 1.7534655041508 0.2924665082901 0.1330582155712 2.1052325439016
0.0307692307692 0.0307692307692 0.0307692307692 0.0 0.0307692307692 0.0 0.18461538461539997 0.21538461538439999 0.0615384615384 0.0 0.1846153846152 0.1538461538461 0.0923076923077 0.0307692307692 0.30769230769239997 0.2769230769232 0.1230769230768 0.0 0.2461538461538
0.28229813664634995 0.18788819875805002 0.1155279503105 0.13012422360235 0.0 0.02142857142855 0.1298136645961 0.38229813664585 0.4108695652173501 0.00714285714285 0.2599378881993 0.5496894409946 0.1298136645962 0.050621118012349996 0.64254658385015 0.39006211180139994 0.13695652173904999 0.0360248447205 0.13695652173905
0.0851063829787 0.0851063829787 0.0425531914893 0.0 0.0851063829786 0.0 0.1702127659574 0.425531914894 0.21276595744670002 0.0425531914893 0.0851063829786 0.3404255319163 0.0425531914893 0.0 0.0425531914893 0.0425531914893 0.0851063829787 0.1702127659573 0.0425531914893
0.1033333333333 0.2433333333332 0.0833333333333 0.166666666667 0.0 0.166666666667 0.02 0.3299999999999 0.2700000000003 0.0 0.25 0.18333333333340002 0.1033333333333 0.0 0.413333333334 0.36 0.02 0.166666666667 0.11999999999989999
0.25 0.125 0.125 0.0 0.125 0.0 0.375 0.0 0.0 0.375 0.125 0.125 0.125 0.0 0.0 0.0 0.125 0.125 0.0
0.12886736615549998 0.21497068202979996 0.21254937452349998 0.0710813034761 0.0995426419154 0.3505886670208 0.30450277645519996 1.2097644769088998 0.8674595857767 0.0560716734037 1.3680060966073 1.0163480469136001 0.8022407506841 0.0225988700565 1.1219343894339 1.0674330200615 0.1388779136455 0.11299435028259999 0.8341680146518999
0.1923625117653 0.5912868091975 0.0898749495764 0.45795347586350005 0.4237864730398 0.18822105687829999 0.6120075299184 1.2430146564465003 0.7434449374743 0.1160010757024 0.5577786741963 0.47586392362479996 0.8588678230469999 0.0 0.8732822374609999 0.6155842409581 0.2284388866475 0.1546322441843 0.5775984940151999
0.6359004001791999 0.8522747348889 0.4886509707593001 0.5488039795369999 0.190249074638 1.0316901525067 1.3919032734147 3.6181727666809 1.8896921467757 0.08915561360209999 1.2662478497496 1.5169372214381 1.7622243957198 0.177886241315 2.1658138700115 1.5842281679048 0.9820124290087001 0.1389740630812 1.6691826487874
0.1448761972383 0.2020493861346 0.0788734382923 0.22226054372530002 0.0137614678899 0.44758122608469997 0.29201699437550005 0.661470225342 0.777361022479 0.0275229357798 0.8004452186080001 0.5535928222713999 0.7877538545777001 0.0293864678899 0.8921259459006999 0.8007983013208999 0.30941323388279995 0.1075667954289 0.8511439227766002
0.0 0.0701754385964 0.0350877192982 0.0350877192982 0.1052631578947 0.0 0.21052631578949998 0.1754385964912 0.2807017543865 0.0350877192982 0.0701754385965 0.1754385964912 0.31578947368460003 0.0 0.1754385964914 0.0701754385964 0.0 0.140350877193 0.1052631578947
0.1271376506869 0.1776697889285 0.07699997652449 0.07817975539659 0.076231060606 0.6557362545659899 0.2098734794222 1.68223939090227 0.9869927094461701 0.157039141414 0.93665419586179 0.6677828313560901 0.92633152677579 0.0447110667227 1.0211043173285 0.86065566480588 0.10581510277278999 0.0 1.20884608647998
0.06578947368419999 0.0538387252535 0.07339449541278001 0.10127957508449001 0.01834862385318 0.11926605504580001 0.14992757122158 0.81989377112508 0.4642684693386 0.0131578947368 0.38049251569298004 0.3325688073389 0.24408498309999 0.0 0.48491067117378994 0.4514727184945 0.0709802028006 0.0131578947368 0.14316755190718
0.17749513749572002 0.45066890442504 0.09034451637782001 0.20907511036332002 0.09695454268671999 0.51802676565162 0.29381794459144 1.05624607395188 1.0390603147854 0.0496127597577 0.7070252867071001 0.868143387018 0.8945036496307399 0.0868284561695 1.1500697696363 1.1931393928154002 0.25562794541492 0.02843746194132 0.834922580579
0.0 0.0 0.0 0.0 0.0 0.0 0.0 0.0 0.0 0.0 0.0 0.0 0.0 0.0 0.0 0.0 0.0 0.0 0.0
0.14974340175950002 0.28152622657640003 0.10913094569569999 0.2327075098818 0.1083475077835 0.3594320679867 0.23337655749390002 0.8000924956346 0.7330537326952 0.031914893617 0.7239016609651 0.3834557829499 0.5785210848904 0.03832205029 0.8510065781216001 0.4710813523011 0.27537509167019997 0.0708088954057 0.5682021642826001
0.0497713209578 0.27658670322629997 0.07515919669585999 0.15773742323596 0.0079365079365 0.25421363560515997 0.1277833453093 0.6811678260491 0.40934566406926 0.0079365079365 0.47103357319696 0.45917342834487995 0.34358156746735996 0.05579611530379999 0.6404424168407399 0.43464171977016 0.12443517552998 0.0248856604789 0.39837221204665996
0.0568549058803 0.21192736964840003 0.09003831417617 0.08680659670169999 0.01724137931034 0.06926536731627 0.2224804264535 0.6270031650844801 0.5154506080301 0.00862068965517 0.16209395302331 0.25618024321174 0.16967349658480999 0.0346326836581 0.43596535065814 0.5403131767448099 0.21834915875407002 0.11385973679809999 0.16324337831067
0.0 0.0 0.0 0.0 0.0 0.0 0.0 0.0 0.0 0.0 0.0 0.0 0.0 0.0 0.0 0.0 0.0 0.0 0.0
0.0636966470534 0.4286096374876 0.2169591811069 0.0849817876155 0.015503875969 0.3775447844749 0.2633968483475 1.7447071080159 1.2565680082956001 0.0503447685126 1.3776963866436 1.0655685227517 1.1006264124549 0.0840555592535 1.0933355762331 0.7840949304096 0.37046009211389996 0.015503875969 1.6063459972919998
0.22386363636360002 0.1897727272727 0.0 0.015625 0.015625 0.078125 0.33835227272720003 0.2678977272726 0.23948863636380002 0.08068181818180001 0.1039772727272 0.19261363636370002 0.1639204545454 0.015625 0.36931818181840004 0.2417613636364 0.14573863636360002 0.1588068181819 0.1588068181819
0.35488552381949995 0.5349976280845 0.1419117647059 0.174169829222 0.2357678767601 0.15756578947369998 0.31006753720159996 0.8132777389393999 0.5279024767798 0.1088815789473 0.1601393188852 0.191447368421 0.4068167632074 0.0294117647059 0.6963097972637 0.3820433436531 0.23823529411760003 0.0908319185059 0.44533668730639997
0.0 0.0 0.0 0.0 0.0 0.0 0.0 0.0 0.0 0.0 0.0 0.0 0.0 0.0 0.0 0.0 0.0 0.0 0.0
0.173913043478 0.0434782608695 0.0 0.0 0.0 0.0 0.0 0.0434782608695 0.086956521739 0.0 0.0 0.0869565217391 0.173913043478 0.0 0.21739130434749998 0.0 0.17391304347849998 0.0 0.0
0.285714285714 0.0 0.0 0.0 0.142857142857 0.0 0.142857142857 0.0 0.0 0.0 0.0 0.142857142857 0.142857142857 0.0 0.0 0.0 0.0 0.142857142857 0.0
0.0 0.0300751879699 0.0902255639097 0.0 0.0 0.27067669172950004 0.240601503759 0.2706766917295 0.1804511278194 0.0 0.6315789473683 0.4210526315799 0.3609022556398 0.0 0.5112781954892 0.6015037593988 0.0300751879699 0.0 0.360902255639
0.4761749592279 0.3241470633804 0.1387252952272 0.1927551302385 0.20939296501979998 0.16108797638529998 0.8095322525757 1.1294687425633 0.7562595540560999 0.1097863884748 0.9462864371946 0.9100141683559999 0.8633176954296999 0.0578778135048 1.5578514574861002 1.2785239991499 0.45047704390930005 0.15760259279299998 0.4707184650252
0.50457082396332 0.6967861285383601 0.36961966948780006 0.34917650548199997 0.0974512909598 1.2922534665106 0.9975748464066999 3.71183460018618 2.34987089017042 0.0723302196414 2.1356281834013204 1.69859819755986 2.2698828866256804 0.2275594658491 1.6937451863952602 2.17077419544392 0.9236604081347 0.1710016912198 2.2676813440160597
0.4709924278766 0.6596026024421 0.1626016260162 0.37398373983690003 0.0 0.7617202340240001 0.49376436713079996 1.3615805177427 1.3297746507946002 0.0 1.1429449515584 1.7549272103114002 1.4828989313747 0.2015804270188 2.1482988522176 2.0060150580565 0.40941633296920005 0.0650406504064 1.1748574202155
0.46666666666640005 0.6222222222217 0.0 0.0666666666667 0.222222222222 0.0666666666667 0.2333333333337 0.5333333333334 0.4222222222217 0.35555555555539997 0.0666666666667 0.39999999999970004 0.711111111111 0.0 0.8444444444436999 0.42222222222210004 0.2333333333337 0.0666666666667 0.2666666666667
0.07153119613393 0.28213977566842 0.0983606557376 0.0530983778736 0.0243902439024 0.32876131843931 0.1600422032145 0.5792869455093601 0.4155390475385 0.0243902439024 0.20526334920573003 0.51751165562581 0.25910879667243003 0.00478468899521 0.33566382059644 0.38969579632240997 0.05309837787371 0.0 0.19733350678875
0.07135838860227 0.12576762466199998 0.16552034717087 0.11117252108407001 0.0144927536232 0.37562433472507 0.15233767297117 0.97273397199827 0.5122410546146999 0.00847457627117 0.619647097356 0.33836895111770005 0.8298124948818999 0.09301563907297 0.68508965856051 0.59313845901897 0.025423728813510002 0.0761688364857 0.2296118889707
0.056848228450469995 0.16348645825587 0.08090957165514001 0.12216414420618 0.0 0.27752162264897 0.24412506391799996 0.48772130710508 0.43080533715615 0.01639344262294 0.5270507099756601 0.30257286581477 0.61748561039551 0.0 0.4553408708495501 0.5046435704580199 0.08170935837865001 0.00819672131147 0.62302511680059
0.0 0.0 0.0 0.0 0.0 0.0 0.0 0.0 0.0 0.0 0.0 0.0 0.0 0.0 0.0 0.0 0.0 0.0 0.0
0.13288682001686003 0.34398860934123 0.323238607768 0.1272989542011 0.03038138332253 0.38596205771263004 0.2864912393983 1.00341645160456 0.76942681425033 0.05165797906723 0.67304562813773 0.24295176196903 0.7082908394297001 0.0508474576271 1.04193685019246 0.5765220121721301 0.25832322998255997 0.021978021978 0.9713552818270601
0.1266255749223 0.460612150244 0.058138596459800004 0.1758141897138 0.0212765957447 0.4310375528924 0.6550893423789 1.2258009219876 0.5735715508393 0.033261446582599996 0.7139083361131 0.7533742581241 0.5336486951449 0.22177164999569998 1.1664484292093 1.1329564974669 0.20423636421199998 0.09400779899560001 0.4184200489722
0.06283566058 0.1256713211599 0.172395273899 0.0 0.06283566058 0.0 0.2030075187975 0.6750805585392 0.3780880773362 0.0 0.1197636949515 0.2013963480128 0.109559613319 0.0 0.24382384532770002 0.0891514500536 0.4570354457583 0.0263157894737 0.0730397422126
0.0 0.0 0.0 0.0 0.0 0.0 0.0 0.0 0.0 0.0 0.0 0.0 0.0 0.0 0.0 0.0 0.0 0.0 0.0
0.3039222538556 0.2489566491 0.0955720296533 0.07406665330920001 0.0348837209302 0.4434190845848 0.33184771348060005 1.0798864312356 0.7891165337923001 0.1395348837212 0.9608760885868001 1.0151536331282 0.8483526161047 0.0525612769652 1.0151823670212001 1.2048741999168 0.2778629439968 0.0504116712407 1.0335192493772
0.2500000000005 0.24999999999979997 0.107142857143 0.1071428571428 0.2500000000006 0.0357142857143 0.4285714285713 0.5714285714286 0.1071428571428 0.1071428571428 0.1428571428571 0.32142857142930004 0.142857142857 0.0357142857143 0.5357142857141 0.0714285714285 0.0357142857143 0.3571428571425 0.1428571428573
0.0 0.0517241379311 0.02586206896551 0.025862068965469998 0.0 0.0344827586207 0.05172413793097 0.12068965517229999 0.1982758620692 0.0 0.025862068965469998 0.060344827586199995 0.07758620689654 0.0 0.06896551724134001 0.08620689655167 0.043103448275799996 0.00862068965517 0.12068965517244
0.15073529411750003 0.16789215686270004 0.2377450980396 0.0796568627451 0.1176470588235 0.050245098039200006 0.109068627451 0.37132352941190006 0.3627450980397 0.0 0.10906862745100002 0.1299019607843 0.1544117647059 0.0 0.2377450980393 0.11274509803919999 0.0294117647059 0.5294117647059 0.050245098039200006
0.0 0.0 0.0 0.0 0.0 0.0 0.0 0.0 0.0 0.0 0.0 0.0 0.0 0.0 0.0 0.0 0.0 0.0 0.0
0.0 0.0 0.0 0.0 0.0 0.0 0.0 0.0 0.0 0.0 0.0 0.0 0.0 0.0 0.0 0.0 0.0 0.0 0.0
0.0076923076923 0.0801282051282 0.0362179487179 0.0230769230769 0.0208333333333 0.1842948717948 0.0625 0.3500000000001 0.23044871794870003 0.0208333333333 0.5891025641029 0.2698717948725 0.24038461538460001 0.0076923076923 0.2535256410256 0.31923076923090005 0.0538461538462 0.0076923076923 0.24262820512840003
0.1325757575756 0.24621212121140001 0.0757575757575 0.094696969697 0.0 0.1893939393934 0.1704545454548 1.0037878787873 0.340909090909 0.0 0.1893939393939 0.492424242425 0.4166666666665 0.132575757576 0.5492424242425001 0.5492424242425001 0.2272727272724 0.0189393939394 0.1704545454543
0.15113896740949 0.50518106127346 0.15235280861413 0.12813641083373 0.08022645677983 0.47038203694222996 0.505064806312 1.70303756251643 0.97973401218986 0.05477965834223 0.8160860246961 0.9996659375770001 0.97161077243733 0.1057673340191 0.9799639784638602 1.03362246921606 0.42820034544890007 0.1166923906008 0.8183569663243901
0.14207925498531 0.36893354669580003 0.0587822671156 0.20762211486840998 0.0493827160493 0.25307666032282 0.20622651637151 0.7979503093567101 0.70110820010911 0.0 0.31857829502733 0.42539845397162 0.6559630538275101 0.0454545454546 1.01262605229351 0.6941297448920201 0.22698970380121 0.074074074074 0.7616244907858001
0.0 0.0 0.0 0.0 0.0 0.0 0.0 0.0 0.0 0.0 0.0 0.0 0.0 0.0 0.0 0.0 0.0 0.0 0.0
0.054467271858599994 0.1014992353289 0.06012540169779999 0.1095397356267 0.0 0.2655062428141 0.1121219459517 0.6794387466816999 0.4687045533383 0.013698630137 0.3661223430135 0.4131774320578 0.5597193951573 0.021978021978 0.5534682906931 0.5742230570704001 0.0547061634018 0.013698630137 0.5778049030584
0.07476635514010001 0.2540251648664 0.18301088319779998 0.0503701905571 0.018691588785 0.3107359307363 0.2876562689643 0.9362948577904999 0.3608844115387 0.0064935064935 0.533400493587 0.38666585750689997 0.3055022858763 0.0194805194805 0.4131108144193 0.4431549136222 0.2121009831286 0.0438766840635 0.1597782902456
0.0325233186058 0.1364752086402 0.020618556701 0.0618556701031 0.0238095238095 0.1356161021109 0.141998036328 0.3229013254789 0.36327933235129994 0.0 0.4837997054487 0.19513991163470001 0.2546637211587 0.020618556701 0.1475208640156 0.2665684830631 0.0650466372116 0.0 0.3275650466379
0.0 0.0 0.0 0.0 0.0 0.0 0.0 0.0 0.0 0.0 0.0 0.0 0.0 0.0 0.0 0.0 0.0 0.0 0.0
0.4156873415523 0.6552452569762 0.0712425911101 0.28972094866119996 0.1267981466657 0.9171152514161001 0.7097529563285999 1.4290326547763 1.157242530797 0.0208333333333 1.2799590173149 0.8636867488302999 0.8942215754447999 0.1654520346345 1.3840833288751 1.1196442805185 0.4905230898615 0.1004273504273 0.9093315624775999
0.051282051282 0.3502824858755 0.0 0.2069752281615 0.0705128205128 0.3246414602346 0.3736418948285001 0.9771838331160001 0.2541286397218 0.0 1.2321816601479 0.5888744024334001 0.5485658409392 0.0384615384615 0.6837244676226 0.8384398087792001 0.183615819209 0.0169491525424 0.2605388961319
0.1142857142856 0.1597402597405 0.0285714285714 0.043722943722900004 0.0571428571428 0.0151515151515 0.1294372294371 0.42207792207750006 0.1597402597405 0.0285714285714 0.26406926406910003 0.17662337662330002 0.1783549783549 0.0 0.2943722943722 0.31298701298730003 0.37142857142839997 0.0571428571428 0.1865800865803
0.0 0.0 0.0 0.0 0.0 0.0 0.0 0.0 0.0 0.0 0.0 0.0 0.0 0.0 0.0 0.0 0.0 0.0 0.0
0.1922187981513 0.1744568039903 0.220792793606 0.0822666034529 0.0113636363636 0.2900631174098 0.2038977861522 1.4065560438516 0.5157875152274 0.0466321243523 0.9533229423897001 0.42994503301209996 0.5419295364629001 0.09888469307100001 0.7059884620806001 0.45451201048559997 0.0 0.0227272727273 0.6486548272135
0.3102564102571 0.1243589743588 0.0384615384616 0.0910256410256 0.07692307692309999 0.0192307692308 0.1346153846154 0.0576923076923 0.0192307692308 0.0384615384615 0.0 0.24871794871779998 0.09615384615389999 0.0 0.45256410256440005 0.0910256410256 0.0910256410256 0.07692307692309999 0.0333333333333
0.24354838709620003 0.325480246466 0.08370786516850001 0.5353207683947 0.16741573033700002 0.23015585357 0.6480608916271999 1.2833635375135 0.5969191736145 0.0 0.7266038419712999 1.0938564697344 0.9764407393964001 0.129032258064 1.0996556723454 0.8252990213836999 0.6509604929325 0.0 0.38417905038020006
0.16563029960429998 0.567921902857 0.08281514980209999 0.10005652911249999 0.0655737704918 0.1967213114758 0.3480671391918 0.6738705048483999 0.21735443753519998 0.0172413793103 0.44516676088139995 0.2690785754664 0.7301604557109 0.08281514980209999 0.6141888072355 0.11729790842269998 0.2366613036481 0.3308257598814 0.7385528547221
0.0263157894737 0.0 0.0 0.0526315789473 0.0 0.0 0.0263157894737 0.0526315789474 0.1052631578947 0.0 0.0263157894737 0.078947368421 0.0526315789474 0.0263157894737 0.1578947368427 0.1315789473687 0.1315789473683 0.0 0.131578947369
0.0 0.0 0.0 0.0 0.0 0.0 0.0 0.0 0.0 0.0 0.0 0.0 0.0 0.0 0.0 0.0 0.0 0.0 0.0
0.0114942528736 0.20706154099969998 0.0344827586207 0.0114942528736 0.053269537480000004 0.15379200351970002 0.0545454545454 0.5465104768186 0.15251608645429998 0.0 0.8743001704891 0.3123246988945 0.4721333113353 0.029676071055400002 0.3334323268988 0.45274157179769997 0.046581972171800004 0.0181818181818 0.23546169498970002
0.3919259035546 0.3840732910504 0.060606060606 0.0498338870431 0.0 0.4368267391515 0.323467230444 0.5335749521784 0.7827443873957001 0.11043994764909999 0.5618644920958 0.44266586126920004 0.6693848786868 0.0938286519681 0.6303231652066 0.7993556830758001 0.2511829256012 0.09090909090900001 0.3869928521093
0.8061131056958 0.8699847722259001 0.3997715605505 0.09647430034740001 0.045579078455800004 0.9312308950428999 0.54555781793184 3.07097320502174 1.3165288799304702 0.20834079821367002 1.16110941144007 1.69209768867087 1.25374398190421 0.09450317124730001 2.21348863178148 1.16771187179687 0.54247590148614 0.268638357717 2.3156765705423403
0.0615384615384 0.12942057942049998 0.0598151848151 0.0874625374625 0.0153846153846 0.21258741258730002 0.1990259740259 0.5035964035963 0.7637362637357 0.0178571428571 0.6193556443554 0.4727022977023999 0.562337662338 0.0178571428571 0.7509240759236 0.6420579420578 0.1699800199798 0.0 0.7143606393618
0.0 0.0 0.0 0.0 0.0 0.0 0.0 0.0 0.0 0.0 0.0 0.0 0.0 0.0 0.0 0.0 0.0 0.0 0.0
0.0384615384615 0.1551956815115 0.0 0.0775978407557 0.0 0.2213225371126 0.1680161943318 0.3346828609986 0.33670715249690003 0.0 0.3110661268561 0.30904183535810004 0.1950067476385 0.025641025641 0.31106612685580004 0.217948717949 0.0647773279352 0.09176788124150001 0.1417004048582
0.2214080074695 0.38573145322440006 0.224252379676 0.0454286875253 0.0454286875253 0.36439260981960003 0.2590816741162 1.2704453301271001 0.9871804404008999 0.0 0.9125662462071 0.9205062809622 0.4407497384736 0.0173913043478 0.7135068775008 0.5103149558652 0.1121495327102 0.1188947582282 0.4505710358191
0.1423064099356 0.1496415770609 0.0 0.17354338584700002 0.0465116279069 0.0353942652329 0.22698382929060001 0.44805993164890007 0.24678044511119998 0.0 0.24816620821889998 0.14019129782439999 0.20332166374920002 0.035394265233 0.4709927481864 0.20336334083510002 0.0385304659498 0.0371447028424 0.15367383512539998
0.0 0.0 0.0 0.0 0.0 0.0 0.0 0.0 0.0 0.0 0.0 0.0 0.0 0.0 0.0 0.0 0.0 0.0 0.0
0.1379310344827 0.2476751171455 0.0678353658536 0.0689655172413 0.048768472906400004 0.0434451219512 0.246339210621 0.7522190015618 0.4100609756107 0.0 0.24845383275239996 0.20767526733129998 0.4970991529498 0.0746951219511 0.9558948095652 0.33092334494770004 0.0672473867595 0.0954463534783 0.4993249128914
0.0 0.1384615384615 0.0307692307692 0.0153846153846 0.0 0.0615384615385 0.0615384615385 0.1384615384614 0.1230769230768 0.0 0.0923076923076 0.1230769230769 0.0307692307692 0.0153846153846 0.09230769230769999 0.0615384615384 0.0 0.0153846153846 0.0
0.14520894892339997 0.0582524271844 0.2127479949343 0.0878957365976 0.0 0.0628957365976 0.0638349514563 0.6318699873355 0.6355318699877 0.0 0.5264352047270999 0.4421485859009 0.2859223300969 0.025 0.8224356268474 0.5670536091175999 0.9092444069245 0.0628957365976 0.46062684677019994
0.0 0.0 0.0 0.0 0.0 0.0 0.0 0.0 0.0 0.0 0.0 0.0 0.0 0.0 0.0 0.0 0.0 0.0 0.0
0.0 0.00636942675159 0.04852004496069 0.0 0.00636942675159 0.15192956163369 0.0573248407645 0.34357437242386996 0.17103784188839002 0.0 0.25384038965917 0.08280254777077999 0.18621206444358002 0.0294117647059 0.10340951667296 0.08673660547029 0.00636942675159 0.0 0.46609216935207
0.0655737704919 0.0655737704919 0.016393442623 0.032786885246 0.032786885246 0.032786885246 0.049180327868899996 0.1147540983608 0.08196721311479999 0.0 0.049180327869 0.0655737704919 0.016393442623 0.016393442623 0.16393442622979998 0.08196721311489999 0.016393442623 0.049180327868899996 0.049180327868899996
0.0533333333334 0.35622047244120003 0.0605774278215 0.0502887139107 0.0 0.1683989501312 0.1786876640424 0.5512860892394 0.390131233596 0.0 0.2023097112862 0.3131758530188 0.29679790026270003 0.0236220472441 0.5173753280841 0.4476640419953001 0.09028871391080001 0.060577427821499996 0.2392650918639
0.2151515151513 0.078947368421 1.2456140350881002 0.0 0.0526315789474 0.0859649122807 0.44258373205810003 0.5385964912283999 0.5881977671452999 0.0263157894737 0.25055821371599996 0.059649122806999993 0.0 0.0 0.39824561403540004 0.3052631578947 0.1929824561407 0.0666666666667 0.452631578947
0.0 0.0 0.0 0.0 0.0 0.0 0.0 0.0 0.0 0.0 0.0 0.0 0.0 0.0 0.0 0.0 0.0 0.0 0.0
0.0 0.0 0.0 0.0 0.0 0.0 0.0 0.0 0.0 0.0 0.0 0.0 0.0 0.0 0.0 0.0 0.0 0.0 0.0
0.0 0.181818181818 0.0454545454545 0.0 0.0 0.136363636364 0.0454545454545 0.2272727272726 0.0454545454545 0.0454545454545 0.4545454545457 0.1363636363636 0.090909090909 0.0909090909091 0.090909090909 0.36363636363609997 0.0 0.0 0.0454545454545
0.24197141103230002 0.636104533894 0.2855301236515 0.13259668508289998 0.21339998246070002 0.0828729281767 0.4119617644483 0.8482504604047001 0.2606156274665 0.0285714285714 0.3597298956413 0.4168727527842 0.3733140401647 0.049723756906 0.7492852758044999 0.4048759098484 0.09944751381200001 0.133850741033 0.2710251688154
0.1151315789474 0.3725271565451 0.08621460017089999 0.10251244706070001 0.0112359550562 0.22598878345839998 0.3216883024163 0.9612211933053 1.0139586897267001 0.0112359550562 0.9419207869301001 0.8644859267969001 1.0683190063761 0.0427272727273 0.6110529750493 1.3943385516673001 0.3334321453399 0.0333333333333 0.48867534003549995
0.1352046783625 0.6485991737766901 0.06 0.078947368421 0.0 0.1327860936745 0.28859917377549005 0.66360319759688 0.52147862009769 0.053618756370990006 0.67191158323889 0.44897365738519 0.3730951231288 0.0275229357798 0.88286817962388 0.32490798862619 0.33034390256969 0.0 0.35753956757389
0.0 0.0 0.0 0.0 0.0 0.0 0.0 0.0 0.0 0.0 0.0 0.0 0.0 0.0 0.0 0.0 0.0 0.0 0.0
0.0428571428571 0.31903069593140004 0.1089393110989 0.0483870967742 0.0 0.2849293134424 0.1110599078342 0.6929469655548999 0.9957080371802001 0.254237288135 1.6207724752013999 0.7612864172457001 0.9075529172857 0.0241935483871 0.651058345701 1.0868155900966 0.2177419354841 0.0 0.8724830117950999
0.0 0.25080645161320003 0.08951612903219999 0.0 0.0645161290322 0.1145161290322 0.2258064516127 0.5495967741937 0.2092741935483 0.0125 0.1770161290322 0.1935483870966 0.1000000000003 0.0625 0.3080645161294 0.3145161290324 0.1935483870971 0.12177419354829999 0.0125
0.036585365853600005 0.22952169781470003 0.0836236933798 0.0121951219512 0.0121951219512 0.38283180234419995 0.217326575863 0.4645866328792 0.2585999366485 0.0 0.3176116566362 0.375197972759 0.44827367754180003 0.0121951219512 0.3013937282228 0.2596769084574 0.0913525498891 0.0 0.49683243585709996
0.0 0.0 0.0 0.0 0.0 0.0 0.0 0.0 0.0 0.0 0.0 0.0 0.0 0.0 0.0 0.0 0.0 0.0 0.0
0.063829787234 0.03897571078894 0.04110762203822 0.07267934475611999 0.01769911504424 0.19716600783322 0.25122116816432 0.7375120255061401 0.4415644262099 0.0161290322581 0.5159602856598 0.42485415566832 0.35527483644974 0.0425531914893 0.46648227777872 0.67173861547992 0.25155337977750003 0.00884955752212 0.3848494603414
0.0 0.0185185185185 0.054054054054 0.054054054054 0.07257257257250001 0.091091091091 0.054054054054 0.4569569569569 0.21771771771750004 0.07257257257250001 0.34584584584570005 0.452452452452 0.39989989989950003 0.054054054054 0.3658658658657001 0.19919919919899998 0.054054054054 0.0 0.037037037037
0.0 0.181818181818 0.0 0.136363636364 0.0 0.0 0.090909090909 0.1363636363635 0.090909090909 0.0454545454545 0.0 0.0454545454545 0.181818181818 0.227272727273 0.3181818181825 0.318181818182 0.090909090909 0.0454545454545 0.090909090909
0.0714285714286 0.1785714285715 0.0714285714286 0.0714285714286 0.0714285714286 0.0 0.1071428571429 0.0714285714286 0.0 0.0357142857143 0.0714285714286 0.1071428571429 0.0357142857143 0.0 0.0 0.0714285714286 0.0 0.0357142857143 0.0
0.0 0.0 0.0 0.0 0.0 0.0 0.0 0.0 0.0 0.0 0.0 0.0 0.0 0.0 0.0 0.0 0.0 0.0 0.0
