0.1598465473149 0.24936061381129998 0.117647058824 0.0869565217391 0.0 0.0 0.1611253196936 0.583120204604 0.116368286445 0.0588235294117 0.116368286445 0.3375959079283 0.0882352941176 0.0 0.4987212276208 0.35294117647080003 0.0 0.0294117647059 0.0434782608696
0.13257918552029999 0.1411764705882 0.10045248868770001 0.0 0.1538461538462 0.4212669683259 0.10904977375559999 0.5257918552039 0.36787330316760003 0.23936651583750002 0.1624434389139 0.3036199095023 0.0855203619909 0.0470588235294 0.35927601809919996 0.3099547511312001 0.0470588235294 0.0235294117647 0.47013574660600005
0.151515151515 0.09090909090900001 0.242424242424 0.0 0.0 0.0 0.227272727273 0.39393939394 0.060606060606 0.121212121212 0.227272727273 0.530303030303 0.0 0.0 0.030303030303 0.31818181818200003 0.227272727273 0.030303030303 0.348484848485
0.0 0.0571428571428 0.0285714285714 0.0 0.0 0.114285714286 0.171428571429 0.0571428571428 0.0285714285714 0.0 0.0571428571428 0.0571428571428 0.0 0.0 0.1714285714284 0.1714285714285 0.0571428571428 0.0 0.0285714285714
0.0 0.0 0.0 0.0 0.0 0.0 0.0 0.0 0.0 0.0 0.0 0.0 0.0 0.0 0.0 0.0 0.0 0.0 0.0
0.0833333333333 0.158690869087 0.019801980198 0.0277777777778 0.0 0.329207920792 0.2219471947194 0.8091309130915001 0.5231023102315999 0.0753575357535 0.5233773377338999 0.1586908690868 0.17436743674369998 0.0555555555555 0.3330583058314 0.7293729372930999 0.0 0.0277777777778 0.7494499449951
0.2365665472588 0.04725819785064 0.0104712041885 0.015706806282740002 0.08418297051533999 0.052356020942399994 0.26798015982348 0.24138881234522003 0.07329842931938 0.0526315789474 0.11008542298158 0.18393496831138 0.09437861669894 0.0 0.1835216313034 0.162441443924 0.04725819785063999 0.08418297051533999 0.052356020942440004
0.45657686712971 0.38655572577670005 0.26243312299911004 0.0804964539006 0.0212765957447 0.30612886066852 0.6263541111406001 1.76341649273143 0.72730028080661 0.05245418158831 0.58739164724142 0.56424455884971 0.41515647068110995 0.0 0.5814123485625099 0.65728201955571 0.24238692779999998 0.11149763508211 1.1576356997400001
0.0804099329917 0.2210339605417 0.1249507292076 0.0263157894737 0.0 0.0338983050847 0.4871895940089 0.905120013278 0.6496068709416001 0.0 0.6294110325083001 0.3535672053601 0.4355745493016 0.078947368421 0.5033711594708 0.4943260792898 0.36253967595440006 0.0 0.613737734166
0.0 0.1 0.05 0.0 0.0 0.05 0.0 0.1 0.1 0.1 0.0 0.0 0.2 0.0 0.05 0.05 0.15 0.05 0.0
0.0165289256198 0.1958778472081 0.049586776859399995 0.0 0.0 0.30331586373709996 0.2638832896587 0.476466438218 0.48679120214570004 0.0113636363636 0.31095041322320005 0.2142965127997 0.3836152760761 0.0165289256198 0.7415804816032 0.37172445071550003 0.0165289256198 0.0 1.1409610345316
0.1818181818182 0.2727272727271 0.0909090909091 0.0 0.0 0.0 0.0 0.181818181818 0.0909090909091 0.0 0.0 0.0 0.0 0.0 0.1818181818182 0.0 0.0 0.0 0.0
0.0625 0.0483695652174 0.054619565217399996 0.125 0.0217391304348 0.10271739130440001 0.3119565217391 0.5347826086966001 0.18233695652169998 0.0 0.2432065217391 0.0763586956521 0.2853260869566 0.0125 0.29619565217390004 0.2149456521741 0.12173913043479999 0.0125 0.2932065217391
0.0 0.0 0.0 0.0 0.0 0.2 0.0 0.1 1.0 0.0 0.0 0.1 0.400000000001 0.0 0.0 0.0 0.0 0.0 0.2
0.5021560139199001 0.39325196246989996 0.1209037537803 0.3604759462939 0.0222222222222 0.21635138073459997 0.5675892108602999 1.1208418942493 0.7917071021009999 0.0 0.6934841682631 0.5806072698899 0.3150412842593 0.0 1.2230176753129 0.7028721658857 0.7470418470421999 0.0 0.64243610271
0.0281690140845 0.2512058653289 0.0435493764056 0.23544250578099998 0.013698630137 0.140211541175 0.5219273111578 0.4938965216361 0.3764258007662 0.0 0.09743391858 0.198093076965 0.3230624803821 0.0 0.6101865743632999 0.4592511108357 0.7364230362749 0.0298507462686 0.4411724898569
0.051974012993500004 0.1384307846077 0.0604697651173 0.0229885057471 0.0 0.0229885057471 0.09545227386310001 0.2423788105946 0.216891554223 0.0114942528735 0.0489755122438 0.11294352823590001 0.051974012993500004 0.0 0.29735132433750006 0.09545227386300001 0.2968515742134 0.063468265867 0.16991504247859998
0.190476190476 0.1428571428571 0.380952380952 0.0 0.666666666667 0.047619047619 0.0 0.047619047619 0.1428571428571 0.0 0.0 0.0 0.047619047619 0.0 0.1428571428571 0.095238095238 0.0 0.0952380952381 0.0
0.105263157895 0.0812030075188 0.0285714285714 0.0 0.0285714285714 0.3007518796991 0.2533834586471 0.4578947368424 0.2909774436092 0.0 0.271428571429 0.14285714285700002 0.2669172932331 0.0 0.1526315789473 0.2624060150377 0.0 0.0 0.35714285714259997
0.3153508771934 0.3554824561409 0.1263157894736 0.08399122807010001 0.0421052631578 0.0421052631578 0.3789473684208 0.39912280701720004 0.1464912280701 0.0210526315789 0.062499999999900004 0.2307017543862 0.29342105263179996 0.0 0.14671052631550002 0.0833333333332 0.12587719298220001 0.0210526315789 0.125438596491
0.2266869928159 1.3116456422912 0.3864994026285 0.138047138047 0.28306878306850003 0.2411325233906 1.205856568761 1.5568201213371 0.41004127294419995 0.0 0.3550559357012 0.4170739654612 0.9304954304958 0.0681818181818 0.8732330990402001 0.3257304225045 0.0806451612902 0.3459595959593 0.843826126085
0.227963525836 0.17857142857129998 0.1565349544072 0.0357142857143 0.0714285714285 0.1633738601823 0.1785714285716 0.4848024316118 0.4544072948325 0.1071428571428 0.0 0.47796352583550006 0.0782674772036 0.0 0.1990881458965 0.1565349544073 0.11398176291779999 0.0 0.9156534954414002
0.0 0.1730769230768 0.0 0.0192307692308 0.0 0.0769230769231 0.0192307692308 0.0192307692308 0.07692307692309999 0.0 0.0576923076923 0.0 0.0192307692308 0.0 0.3269230769236 0.0576923076924 0.0 0.0192307692308 0.1346153846154
0.0 0.0 0.0999999999999 0.0 0.2 0.0 0.0 0.0 0.0 0.0 0.0999999999999 0.0999999999999 0.0 0.0 0.0 0.0 0.0 0.0 0.5
0.0 0.0298507462686 0.0597014925372 0.0298507462686 0.0 0.1791044776117 0.208955223881 0.626865671642 0.26865671641739997 0.0298507462686 0.29850746268670003 0.1194029850744 0.2388059701488 0.0 0.298507462686 0.477611940298 0.0298507462686 0.0 1.1044776119400002
0.5219047619048 0.1066666666666 0.1561904761903 0.0847619047618 0.0714285714285 0.1647619047618 0.7409523809526 0.8200000000002 0.2133333333333 0.0847619047618 0.0666666666666 0.4238095238096 0.1333333333333 0.0533333333334 0.3199999999996 0.2180952380951 0.4323809523811 0.1561904761903 0.23142857142849999
0.24597883243297 0.57925868814954 0.34116341846387 0.060408163265300005 0.05441379178307 0.5831789307222399 0.910183755798 2.15392228055887 0.9879526094239699 0.12445278298917 0.53122451949211 0.8750535411159 0.90943937891327 0.0 1.2572300915238 0.5684754495855999 0.305206570433 0.0915676567657 1.420889538585
0.0 0.141176470588 0.0235294117647 0.0 0.0 0.1111287758346 0.2362315662522 0.4573433474044 0.284704785922 0.0 0.4813332602375 0.2462474645028 0.24928457869680004 0.0470588235294 0.5908393180197999 0.6122690641968 0.141176470588 0.0 0.37767666246349996
0.0833333333333 0.2500000000003 0.416666666667 0.0 0.0 0.0 0.2500000000003 0.3333333333336 0.0 0.0 0.0833333333333 0.25 0.0 0.0 0.0833333333333 0.0833333333333 0.0833333333333 0.0 0.0833333333333
0.0 0.18424725822538002 0.23396477234998 0.0 0.0 0.2619585687382 0.1677966101694 0.67151877700274 0.34356929212368 0.0 0.53151656142748 0.50063143901678 0.3637199512573 0.00847457627118 0.5231084524210601 0.61550902847056 0.1111111111112 0.0 0.48287360141827995
0.0441176470588 0.0 0.0882352941176 0.0 0.0 0.0882352941176 0.264705882353 0.1764705882352 0.44117647058820003 0.0 0.39705882352940003 0.132352941176 0.1323529411764 0.0441176470588 0.4852941176456 0.397058823529 0.0441176470588 0.0441176470588 0.2205882352938
0.0 0.1493485580443 0.09903381642510001 0.0434782608695 0.0434782608695 0.3560679256332 0.1639145073927 0.6721563460691 0.33279168496550005 0.0581027667984 0.1532425706338 0.1782023129848 0.3089737959307 0.0 0.19316351925030004 0.334270238618 0.0555555555555 0.0185185185185 0.83970136144
0.0 0.0 0.0 0.0 0.0 0.0 0.0 0.0 0.0 0.0 0.0 0.0 0.0 0.0 0.0 0.0 0.0 0.0 0.0
0.5575505974467201 0.22273328689051 0.09005833738452 0.018573741160410003 0.0 0.10779636042872001 0.3747026879879 0.69213425248013 0.29876609415159994 0.04950157621191 0.11166421923611 0.27373589804029996 0.20896988724254 0.0 1.28328199752491 0.17875221145782 0.1554235223951 0.0 0.37635532996042
0.2003105590068 0.1645962732918 0.1583850931677 0.0791925465838 0.0 0.0 0.2360248447208 0.27329192546590003 0.4177018633546 0.0 0.1801242236024 0.1444099378881 0.2375776397516 0.0 0.4456521739132 0.4254658385093 0.3726708074531 0.0 0.664596273291
0.0372482931466 0.07233601244477 0.04493993604694 0.039408866995 0.0 0.00985221674875 0.07233601244480001 0.15884538933514 0.17483363581377 0.0 0.02955665024623 0.141906490364 0.11943652234015001 0.0 0.20439028605985998 0.16437645838744 0.18745138708836998 0.00492610837437 0.53815573416377
0.171428571429 0.2000000000002 0.0285714285714 0.0 0.0571428571428 0.0 0.0571428571428 0.1142857142857 0.0285714285714 0.0857142857142 0.0 0.0 0.0857142857142 0.0 0.1142857142856 0.0571428571428 0.5 0.5 0.0
0.34073848650780003 0.1791176079639 0.1537784820309 0.0 0.0 0.3013090229083 0.2092920368781 1.5164006554245002 1.3394762600442 0.155172413793 0.6499487626847 0.7609800547076 0.5531417948956 0.0 0.5914024880444 0.6624259385829 0.2068965517245 0.0217391304347 3.3581803133705996
0.41978021978 0.35384615384600004 0.21582417582420002 0.1318681318682 0.0 0.065934065934 0.2298901098902 0.471648351648 0.141978021978 0.2079120879122 0.16791208791200002 0.127912087912 0.27999999999999997 0.0 0.291868131868 0.32395604395600003 0.22989010989000003 0.065934065934 0.273846153847
0.14314888651162 0.16798671665912002 0.196174196174 0.00884955752212 0.08292363159612 0.2851704179136 0.31356680029254 0.52530065804346 0.24263347272142 0.196174196174 0.36516220586986 0.49661253201142 0.3302646222998 0.00884955752212 0.52357901030474 0.37422066625592 0.14293998364794 0.08984263851512 0.50660024996356
0.571428571428 0.733333333333 0.342857142857 0.047619047619 0.0 0.0 0.47619047619 1.000000000001 0.238095238095 0.095238095238 0.542857142857 0.380952380952 0.190476190476 0.0 0.28571428571400004 0.190476190476 0.047619047619 0.047619047619 0.809523809525
0.0 0.095238095238 0.0 0.047619047619 0.0 0.0 0.0238095238095 0.1904761904762 0.119047619048 0.0 0.0 0.07142857142850001 0.0714285714285 0.0 0.095238095238 0.07142857142850001 0.047619047619 0.0 0.166666666667
0.0 0.0 0.0 0.0 0.0 0.0 0.0 0.0 0.0 0.0 0.0 0.0 0.0 0.0 0.0 0.0 0.0 0.0 0.0
0.0151515151515 0.0898644833427 0.12722096743815003 0.026552795031000005 0.0 0.27767268962950004 0.1609589685676 0.92254846602625 0.29237718802894996 0.01949934123845 0.48516845473335 0.33682476943385 0.27453886692984997 0.0 0.30391022021415 0.27207792207770004 0.0238471673254 0.00434782608695 1.36743835874315
0.1020408163264 0.0765306122448 0.1020408163264 0.0510204081632 0.0255102040816 0.2040816326528 0.20408163265360002 0.7142857142858 0.61224489796 0.0510204081632 0.4591836734688 0.12755102040799998 0.5612244897964 0.0510204081632 0.8163265306138001 0.3316326530614 0.0510204081632 0.0255102040816 0.4336734693884
0.30272114498758 0.55771278407998 0.3966093691229 0.02653003930378 0.0384615384615 0.37888262330988 0.6189037262254999 1.03531270718292 0.8144989863247399 0.00775193798449 0.63403418972793 1.15162213881079 0.50529177377502 0.0291262135922 0.9854247574924699 0.7163589030909301 0.1617932750227 0.1914255041075 1.44753838739649
0.03347280334721 0.1784143623796 0.1095108695652 0.0 0.0 0.1700461615424 0.1887472712387 0.9538816627252199 0.5094210478442 0.0 0.7552540021829299 0.5736208386403 0.49634914498792004 0.0 0.57389257776961 0.30047412224841996 0.13461547207560998 0.0251046025104 1.9971950609418099
0.0 0.0 0.0 0.0 0.0 0.0 0.0 0.0 0.0 0.0 0.0 0.0 0.0 0.0 0.0 0.0 0.0 0.0 0.0
0.161290322581 0.0 0.0172413793103 0.0 0.0 0.3044917633346 0.129032258065 0.5250278086764999 0.2973409608557 0.0 0.5886964351932 0.9944382647407001 0.7141268075637 0.0172413793103 0.5222999099525001 0.39599555061189995 0.047619047619 0.0 1.2851581121869
0.08965517241379999 0.1689655172413 0.1678160919539 0.0229885057471 0.0 0.2241379310344 0.1344827586206 0.49540229885060005 0.5459770114951 0.0344827586207 0.2678160919541 0.3482758620692 0.1816091954023 0.0229885057471 0.20229885057459998 0.702298850575 0.0 0.0229885057471 0.3678160919546
0.29740062406699996 0.3842897842897 0.172967032967 0.12 0.059598426265000004 0.2483896350561 0.4716374983038 1.1027051960389 1.0583909917242 0.1131868131867 0.5106417039747 0.5135775335771999 0.5978944512273 0.0 0.8227594627598 0.9452448785774 0.4736019536021 0.04 1.0677140143805
0.0 0.0 0.0 0.0 0.0 0.0 0.0 0.0 0.0 0.0 0.0 0.0 0.0 0.0 0.0 0.0 0.0 0.0 0.0
0.25810089293976 0.25375109141676 0.17531710365178 0.1543029717222 0.0588235294118 0.21951913501198 0.6531772084276 0.42815478730951 0.2101976336132 0.0 0.24902958053343 0.26535480460494004 0.20286195286168 0.00925925925926 0.47995436971156996 0.40938607979807007 0.09190200123291 0.06808278867106 0.81282480982142
0.2309929372658 0.2656611720629 0.11774370208110001 0.20937961952050002 0.0481927710844 0.2172287604891 0.29238540514760003 0.5337647154923 1.7773874531444003 0.0 0.34313092568580006 0.7576331424699001 0.6120539605389 0.0 0.7207446099929 1.3410343275861 0.33462668930430006 0.0496342737721 1.1484055343634
0.1309523809523 0.0456349206349 0.043650793650800004 0.174603174604 0.015873015873 0.015873015873 0.0615079365079 0.3214285714284 0.3174603174601 0.0 0.2242063492063 0.2301587301596 0.17857142857140001 0.015873015873 0.21230158730159998 0.3452380952388 0.1130952380952 0.0297619047619 0.5238095238099
0.4 0.0 0.0 0.0 0.4 0.0 0.0 0.0 0.0 0.0 0.0 0.2 0.0 0.0 0.0 0.0 0.0 0.0 0.0
0.0721966205837 0.10881924783061 0.22525421792331002 0.0399385560676 0.0399385560676 0.31917714530212 0.51002531240511 1.5015946433410001 0.46418609529669996 0.13892932604301 1.10923830698521 0.31600844182351995 0.77433202278743 0.0238095238095 0.66669094744672 0.89143342018882 0.032657957877900004 0.00826446280991 3.7575051954066
0.0750000000002 0.08333333333350001 0.0583333333334 0.03333333333333 0.04166666666673 0.0 0.0750000000001 0.1833333333333 0.0583333333334 0.03333333333333 0.01666666666666 0.06666666666666 0.03333333333336 0.0 0.11666666666686001 0.06666666666669 0.0166666666667 0.01666666666666 0.024999999999990002
0.12205081669687 0.23774954627997 0.07758620689651001 0.06488203266784 0.01724137931034 0.1084392014518 0.2554446460979 0.32940108892874 0.43194192377567997 0.043103448275840006 0.16016333938284 0.2676950998189 0.40653357531727 0.0131578947368 0.36206896551737 0.4460072595276 0.14745916515417 0.04310344827587 0.46597096188696996
0.0 0.0 0.0 0.0 0.0 0.0 0.0 0.0 0.0 0.0 0.0 0.0 0.0 0.0 0.0 0.0 0.0 0.0 0.0
0.0 0.181818181818 0.090909090909 0.0 0.0 0.0 0.272727272727 0.22727272727249997 0.272727272727 0.0 0.181818181818 0.0454545454545 0.0 0.0 0.090909090909 0.0454545454545 0.090909090909 0.0 0.500000000001
0.0833333333333 0.0975609756097 0.0487804878048 0.0 0.3475609756095 0.0 0.2784552845533 0.396341463414 0.0 0.1321138211381 0.0975609756097 0.0487804878048 0.0 0.0 0.0975609756097 0.0833333333333 0.0833333333333 0.0833333333333 1.12195121951
0.1361032849466 0.10122573547370001 0.0663481860007 0.0733944954128 0.0366972477063 0.3174007639311 0.2757776774659 0.8498417555461001 0.654820719052 0.0550458715595 0.9511890050866001 0.485644519138 0.45198512306230004 0.0366972477063 0.5645814618742 0.9045717909607002 0.034877549473 0.1357342236328 4.8680633419706005
0.3554409236063 0.1498403340702 0.13780397936629998 0.050847457627099996 0.0459346597888 0.2203389830504 0.4134119380991 0.7162859248344 0.2542372881354 0.0169491525424 0.38000491279739995 0.6403831982316 0.3630557602561 0.0169491525424 0.6342422009340001 0.5035617784336 0.0628838123312 0.1957749938591 0.8420535494967
0.29280136318850003 0.8969361210540701 0.5712176122789 0.05374848929004 0.0 0.79721510776424 1.3013642832316998 3.72181731015358 1.1879686324775 0.1763409961685 1.80096656292539 1.7472221001926698 1.5939155014378796 0.0 1.91012700892134 1.51121306076024 0.7261133752348401 0.2163793103458 8.494653164559939
0.07565293323789998 0.20442204315380003 0.1256968313941 0.0348258706467 0.0 0.10608898825680001 0.23339719596820002 1.2552064635145002 0.5638099097266001 0.0242914979757 1.1131174326023 0.36450754088549997 0.6439960236923 0.0 0.7193551177196 0.2576886939436 0.3519174785752 0.0196078431372 4.906418135564699
0.0 0.2751141552513 0.0 0.027397260274 0.3379666935262 0.0588235294117 0.3036529680368 0.39564867042640006 0.054794520548 0.4950980392163 0.22031963470319998 0.109589041096 0.0821917808219 0.0 0.054794520548 0.054794520548 0.2762557077629 0.11073059360729999 1.1428283642218
0.062176165803 0.3324243250624 0.19584087397 0.0357142857143 0.0 1.508144653093 0.9961476537571 1.2717080529534 1.0791417397212 0.0338983050847 1.9534243290035003 1.0382243810989 1.4392467812977 0.0310880829015 1.6303501584704 1.5776193269454 0.1469335137183 0.0 1.6679173714069
0.4163479345227 0.4997952669439 0.30691346305920003 0.0408163265306 0.0 0.4325264989716 0.3575244051111 1.4105223484751002 0.8650390388704999 0.0408163265306 0.8586550899444 0.7786742604029 0.060419516643800006 0.0 0.9093079092110999 1.0953265026947 0.1600593725861 0.0816326530611 0.6856230864444
0.0757575757576 0.045454545454500006 0.030303030303 0.030303030303 0.0 0.12121212121210001 0.0909090909091 0.166666666667 0.37878787878770004 0.0 0.060606060606 0.0909090909091 0.045454545454500006 0.0151515151515 0.1515151515151 0.6060606060607 0.045454545454500006 0.0 0.0454545454545
0.0 0.0 0.0 0.0 0.0 0.0 0.0 0.0 0.0 0.0 0.0 0.0 0.0 0.0 0.0 0.0 0.0 0.0 0.0
0.3069810448454 0.3763990264514 0.18001528608641998 0.11731748000499999 0.031874039938520005 0.29308709442892 0.36623218887049996 0.69840727280574 0.6143757607493001 0.1385048095624 0.521727125449 1.2827656024091199 0.66102219028476 0.0 0.56499692760586 0.5795352167671399 0.1146952857528 0.0370253828403 2.1150382651491
0.0886536030341 0.21557251219079998 0.09592591494380001 0.13211428409679998 0.045602311721 0.0632367330763 0.2380215591718 0.6952519549625 0.3817200569313 0.0353982300885 0.33914284905580006 0.30406067459309993 0.3194314907309 0.068022718267 0.38606059911749996 0.4782494426905 0.3750225754024 0.0353982300884 0.7031142598358
0.10352153247885001 0.1437418983153 0.0675860579 0.34725622929525 0.0 0.021784531182450002 0.14597436266754998 0.43662681837825 0.7360290940517 0.035935474578650005 0.12307359930850001 0.3321690911712 0.17204378510720003 0.0 0.28971626098265 0.5498343655481 0.29212876278235 0.00763358778625 0.19494454846595
0.1363636363633 0.0681818181819 0.5227272727273 0.0454545454545 0.0227272727273 0.0 0.090909090909 0.1818181818182 0.0227272727273 0.0454545454545 0.0 0.159090909092 0.0227272727273 0.0 0.0454545454545 0.0 0.0227272727273 0.5454545454545 0.0681818181818
0.04 0.07571428571410001 0.19571428571430002 0.0357142857142 0.0533333333333 0.32476190476210004 0.12 1.3266666666664002 0.6052380952384999 0.0666666666667 1.4690476190475001 0.3023809523808 0.5023809523812 0.0 0.280476190476 0.35571428571490005 0.0266666666666 0.0133333333333 5.2061904761866
0.08955223880589999 0.2388059701495 0.08955223880589999 0.08955223880589999 0.0 0.0298507462686 0.1194029850745 0.29850746268620004 0.1194029850745 0.0 0.0298507462686 0.08955223880589999 0.17910447761179998 0.0298507462686 0.35820895522359997 0.149253731343 0.0 0.0298507462686 0.0597014925372
0.0975609756097 0.0975609756097 0.0243902439024 0.0243902439024 0.0 0.0487804878048 0.2682926829278 0.2926829268288 1.1219512195127999 0.0 0.1951219512193 0.4390243902435 0.26829268292659997 0.0487804878048 0.2195121951222 0.2195121951219 0.0731707317073 0.0243902439024 0.5365853658540001
0.14663256607 0.0588235294117 0.19522591645360002 0.14663256607 0.0588235294117 0.2037510656434 0.2625745950558 0.7314578005118002 0.3205456095486 0.0784313725491 0.33077578857629997 0.3623188405798 0.2148337595908 0.0775788576299 0.2728047740834 0.41858482523479995 0.18499573742540001 0.07843137254890001 0.8567774936065999
0.0 0.0 0.0 0.0 0.0 0.0 0.0 0.0 0.0 0.0 0.0 0.0 0.0 0.0 0.0 0.0 0.0 0.0 0.0
0.0 0.0434782608696 0.0434782608696 0.0434782608696 0.1304347826087 0.0 0.1304347826087 0.1304347826087 0.0 0.0 0.0434782608696 0.0 0.0 0.0 0.0434782608696 0.1739130434783 0.130434782609 0.0434782608696 0.0434782608696
0.15584726807981 0.34725722902602 0.06207202427561 0.12226296130551 0.0 0.4777603961279999 0.47054286331860007 1.82686758818891 2.15147495914651 0.09813427497850999 1.85666616315512 1.03343418243272 0.66440721087822 0.036323808278200004 1.8438760405538999 1.57048184273362 0.1753789229706 0.1344580832569 5.9727541812873
0.2437948152231 0.10865968008820001 0.0882515168228 0.0204081632653 0.0948703805846 0.0204081632653 0.2239382239386 0.2509652509652 0.1698841698843 0.0204081632653 0.2448979591841 0.5554329840056 0.2653061224503 0.0 0.1560948703804 0.0204081632653 0.061224489795900006 0.0816326530612 0.37341423055760004
0.38406099265410004 0.8716515309214 0.7141832943930001 0.3815791480731 0.2653528241484 1.1620451180529001 1.4223603124767 5.054275184510501 3.0611285903937 0.0808308330828 3.8999810946399 2.4794866628387 2.2989839545560002 0.2023253464928 3.1908297673642 3.2226841527763006 1.0953091235352 0.2338510392858 10.9790810297998
0.11817644000635 0.3276562783568 0.2118860141573 0.19335241621755 0.0512360839712 0.40100338579495 0.5630009973880999 2.62921050716655 1.7624703960719 0.0165289256198 1.51607288647795 2.2567578985313 1.6451391908718 0.1149275594476 1.5408144835304998 1.6014376539472002 0.22732798315914998 0.0208333333333 4.80216756595515
0.0 0.0 0.0 0.0 0.0 0.0 0.0 0.0 0.0 0.0 0.0 0.0 0.0 0.0 0.0 0.0 0.0 0.0 0.0
0.1872707578328 0.1774836699205 0.18000076718480001 0.2210652545591 0.1187748421788 0.629933103049 0.2522658101701 1.5265814181652 1.1498020290349 0.0212765957446 0.9372718323219 1.686254775028 0.6867278724095001 0.0989869505494 1.2471124190279 0.7662040777858001 0.2105940934068 0.056990881458899995 1.8454028501745
0.4022705939858 0.5505242023753 0.17100003298760003 0.0427031509121 0.0402418288305 0.31497575414080003 0.29918820604670004 0.6947563268652801 0.6835847885338 0.0 0.53508827172202 0.32707469284061996 0.19659613325772002 0.164556962026 0.7964892235625599 1.28931142959226 0.0752026486014 0.0529000566786 0.36353569704236
0.18404562230778 0.32502604911608 0.3863451399927 0.5241434304165 0.2478937403959 0.5397264021083 0.9072707797536801 1.8579611812563799 1.9496268184932997 0.1937447664732 1.23006474443676 0.9600920557568801 1.2918073815817999 0.015037593985 1.4257357143084 2.3345709129605803 0.46403320856867997 0.4571859604051 3.7056884976865803
0.0 0.0 0.0 0.0 0.0 0.0 0.0 0.0 0.0 0.0 0.0 0.0 0.0 0.0 0.0 0.0 0.0 0.0 0.0
0.4772466733991 0.50510769508172 0.11852275566680001 0.12661469199859998 0.0972927374739 0.5699838835392099 0.3850706139143 1.4460750314859097 1.0802633357163 0.13548697111261 1.3601644411316198 0.7069784458397099 0.6716517559577 0.0 0.80815236158691 1.062843137322 0.1917284972935 0.08974709501011001 3.1670698764694007
0.12870065789500001 0.277383520624 0.0742582729973 0.0886599968756 0.0638180817898 0.35734978466379996 0.5401686663584999 1.3214090089156998 1.0877705392936 0.0394278378874 0.7249026225521 0.577087337811 0.373212612465 0.0121951219512 0.6100386396771 0.5902406337671999 0.3550792065986 0.0424208669822 0.7358765908963
0.2975610710161 0.4413542216752 0.190576776389 1.1604960003109999 0.12040133779250001 0.2440689237027 0.5182381818541 1.440845704005 1.4477302509327 0.0233918128655 0.6284887245992 0.5450722681843001 0.9931350114425 0.0534921473136 1.544915801209 2.0598877349456997 0.5982123648017 0.0602006688963 0.6319309980634
0.2 0.08 0.24 0.0 0.12 0.0 0.0 0.12 0.0 0.08 0.12 0.24000000000000002 0.32 0.0 1.12 0.08 0.04 0.08 0.16
0.1485626823551 0.16993351509069998 0.30966320234510003 0.0432254405564 0.0278239004024 0.6588142044022 0.7925745990751001 2.7650923477458003 1.3049422954728 0.1801132908322 1.8921905855186 1.3245980498683 1.3120164811522 0.1202331413274 0.9757108008943999 1.8224272116662001 0.32942350135770004 0.12720278239000002 4.6954519675506
0.0917905623788 0.5439560439566 0.1580478345183 0.3455074337426 0.0882352941176 0.3051066580477 0.4078862314158 0.7275371687131 0.2899159663866 0.0917905623788 0.46315449256630004 0.3965740142213 0.1506140917906 0.147058823529 0.6725921137705 0.3193277310927 0.1467356173241 0.24628312863559998 0.4078862314153
0.3730054094148 0.3932686722786 0.25433278049520003 0.3194927886124 0.07243717590740001 0.25433278049520003 0.6568079552687001 1.0803245649013 0.9651145214465 0.11725414453560001 0.6981847318734999 0.8612131645423 0.5666631676917 0.0438596491228 1.2933603454195 0.5823266782828 0.498703279939 0.1927004387715 0.7766177509989
0.0357142857143 0.107142857143 0.1071428571429 0.0 0.0 0.0714285714286 0.414285714286 0.6071428571438 0.5214285714286 0.0 1.4500000000002 0.1071428571429 0.0714285714286 0.0357142857143 0.2500000000001 0.3571428571432 0.307142857143 0.0 0.5571428571432
0.0153846153846 0.0307692307692 0.0153846153846 0.0307692307692 0.0 0.123076923077 0.0923076923077 0.0923076923077 0.1384615384622 0.0 0.0461538461538 0.09230769230769999 0.0 0.0153846153846 0.0615384615384 0.0923076923076 0.0615384615384 0.0 0.0923076923076
0.153846153846 0.0571428571428 0.0857142857142 0.0 0.1340659340659 0.0 0.2307692307691 0.296703296703 0.0285714285714 0.171428571429 0.1142857142856 0.1340659340659 0.2681318681316 0.0 0.0 0.0857142857142 0.0769230769231 0.0769230769231 0.0857142857142
0.04367282473432 0.09160524552490001 0.16708145879186004 0.032258064516 0.047932420790619996 0.22688331578462 0.25062218818812 0.77515076098484 0.50260840432672 0.060256532976000005 0.68871446348272 0.4371829233276 0.34177275772932 0.0 0.52543792476272 0.50459462046432 0.09631951756491999 0.016129032258 1.191777543793
0.23494755244749999 0.3618006993006 0.0832284382283 0.1294930069929 0.16868298368280002 0.17453379953360001 0.1722115384617 0.6542045454543 0.4959207459203 0.09262529137520001 0.6678321678313 0.47846445221440004 0.754493006993 0.0120192307692 0.8056060606052001 0.4419930069927 0.3401806526802 0.1735314685314 0.7582313519818
0.9755991412939 1.07476209053437 0.8470894586212699 0.57941689383467 0.22901294920087 1.1461507009254701 1.8283711288997 5.023985970094751 3.0160486757768696 0.28509421485457 3.40480470946184 1.91530612868517 2.6289066122914697 0.3407143290363 3.3139395839936103 2.51887110024414 0.8212323465994399 0.2055424685125 5.8451514971409
0.33546125074669997 0.6124083986626 0.277515747594 0.3239164472007 0.0983173176994 0.4257427114195 0.6780471625643 2.1893595229102005 1.3994706944478998 0.0672606664834 1.4982830202249 1.6911196578946 1.3114764353919999 0.0853749700987 1.5005748616601 1.5951699860149997 0.5728641197953 0.0829454017348 3.2546916274605
0.1333333333337 0.133333333333 0.0266666666667 0.0 0.0266666666667 0.0266666666667 0.26666666666669997 0.1066666666668 0.0533333333333 0.0533333333333 0.1599999999997 0.1066666666667 0.1066666666667 0.0 0.18666666666639997 0.0533333333334 0.0266666666667 0.1599999999997 0.373333333333
0.0734913793103 0.2657574611815 0.11946360153250002 0.0 0.11704854809426 0.3907617463197 0.14049606775556 1.3020735027223997 0.6555442125427999 0.0375 0.6797978423065 0.6622063420044999 0.6795180479936 0.01875 1.03922640653322 0.7339937487394601 0.0972413793103 0.09172413793100001 0.89540557572096
0.14945674044255 0.64258886653255 0.26905432595544 0.11612340710935 0.00469483568075 0.0834741784036 0.4778269617705 0.9842387659290501 0.6529711602947899 0.0 0.54968477531855 0.56694835680759 0.6470824949692899 0.0469483568075 0.52307176391755 0.491737089202 0.3742857142855 0.0333333333333 0.38647887323945007
0.2553493124003 0.5503400977792 0.1423938960418 0.6636508804619999 0.0646377942515 0.5638759787581 0.5905047200064001 1.910012771255 2.3021578114196 0.1643327654955 1.6376555824507002 1.2292452483559 1.5264435981223001 0.0880450642451 1.8546860922233002 2.3555583966653995 0.2106514941753 0.0245747893816 2.8658837065114
0.0 0.0 0.0 0.0 0.0 0.0 0.0 0.0 0.0 0.0 0.0 0.0 0.0 0.0 0.0 0.0 0.0 0.0 0.0
0.0840801384556 0.46784381472759995 0.16840744840959998 0.0772690343547 0.0628658799503 0.4284130994619 0.43919564607799993 1.4122370062199001 0.9856533065095 0.017094017094 0.8211888634941 0.9095908658639 0.6971824267844 0.033426183844 0.8158815375620999 1.1245511233322 0.44966191237740005 0.0123456790123 1.99311201647
0.14440331877286 0.40827711495216007 0.22164245844138003 0.4886658332111 0.03485994684106 0.40068733382536 0.6895854646903601 1.86508876588068 1.37926955750606 0.06752858211339999 1.10340772931974 1.1882474219416599 0.9150777071259 0.10902991333520001 1.16442953722746 1.46929902898646 0.3970824091957 0.02787084983246 0.9255470268025799
0.1904016692752 0.7581302370028999 0.3288996866458 0.5507228295965 0.1819166748742 0.14668753260290002 0.4509829242223 1.5321178560618998 1.1064352444629 0.0980005909582 0.4562344280649 0.4392286899326 0.6384465821078 0.0140845070422 1.1469158905784 2.1702879280312 0.9221357672045 0.0715876715876 0.7967832897414
0.1400000000001 0.1 0.08 0.02 0.12000000000000001 0.0 0.02 0.04 0.02 0.04 0.02 0.13999999999999999 0.06 0.0 0.06 0.02 0.0 0.06 0.06
0.20034199659949004 0.39953864179348997 0.70052833302479 0.06917625391359 0.10586899134380001 0.5628040452721901 1.0653636023563 3.3119424197847898 1.8649377378744998 0.1058689913438 2.5594856591541904 1.5761529694143 1.50937894048348 0.0830391061452 1.5759980095878698 2.28153920868189 0.5484254885268001 0.10695399976219 3.37265560494138
0.0750000000001 0.04166666666666 0.0166666666667 0.041666666666700006 0.04166666666669 0.02500000000003 0.09166666666680001 0.15833333333339 0.04166666666673 0.0166666666667 0.08333333333363001 0.06666666666669 0.05833333333336001 0.0 0.09166666666671999 0.01666666666666 0.041666666666700006 0.0333333333334 0.05833333333336
0.2716748768473 0.36911330049377 0.10866995073869999 0.10866995073874 0.00862068965517 0.21433497537037 0.2574384236453 0.51487684729015 0.8090147783252 0.0 0.24881773398987 0.31738916256207 0.2432019704432 0.0 0.5549753694585999 0.37512315270929997 0.12029556650237 0.08019704433489999 0.39758620689717
0.10974610974639999 0.12981162981150002 0.0692055692055 0.027027027027 0.0692055692056 0.1314496314496 0.1687141687143 0.18714168714149998 0.1044226044225 0.0675675675676 0.11466011466 0.1449631449631 0.030303030303 0.0 0.1838656838656 0.1617526617526 0.042178542178500006 0.028665028665 0.22932022932020002
0.076923076923 0.055702917771800003 0.0 0.0384615384615 0.0 0.0 0.0689655172415 0.2612732095493 0.1724137931034 0.0 0.076923076923 0.0862068965517 0.1923076923075 0.0 0.261273209549 0.3395225464193 0.0862068965518 0.0 0.28381962864730004
0.0384615384615 0.4134615384615 0.076923076923 0.153846153846 0.24038461538460001 0.0384615384615 0.1634615384615 0.0384615384615 0.0 0.326923076923 0.0 0.0384615384615 0.0 0.0 0.0384615384615 0.0384615384615 0.125 0.1538461538462 0.115384615385
0.1497326203208 0.4462426118773 0.2175626231353 0.2023641992681 0.0748663101604 0.4918378834781 0.30762735716280004 1.9287925696618 1.4247115113984 0.0263157894737 1.7761047002534003 1.4065578384472 0.9339994370963 0.0374331550802 1.3539262594997 1.4895862651271 0.1649310441884 0.112299465241 2.4551083591325
0.2502565856999 0.36162428251030004 0.22151898734159 0.0808720112517 0.21328923860569 0.06329113924059 0.2396130307521 0.58520545862328 0.334739803094 0.16713232219550003 0.26075759303608004 0.32299387995569 0.43440909263669997 0.0 0.5522959668532 0.22011251758109 0.15014064697610002 0.28471509484139 0.25703234880469
0.18342693352633 0.66410395363403 0.40224483394609994 0.27728963276356 0.2635522438613 1.5018343921413297 1.06266969557013 4.275067830490761 2.6235027289807595 0.1520028316527 1.7592784755766 1.53487038790806 1.64188154452873 0.0996034041146 2.4125811063062597 1.6119719005183901 0.7882005120678302 0.1613250688003 3.5845925236133596
0.1792584808523 0.5842871799330001 0.3151304701475 0.3069122776332 0.0691406635726 0.6416023388562 0.34922799304820007 1.7383297795946002 1.8850428477830001 0.0288461538461 1.4690235910703 1.5384378457170003 1.2692835418161001 0.19496148908850003 1.5891185126865002 1.6684635845117 1.0421675965233002 0.0288461538461 2.1019194994764
0.056338028169 0.0845070422535 0.0845070422535 0.0 0.0845070422535 0.112676056338 0.169014084507 0.169014084507 0.112676056338 0.056338028169 0.169014084507 0.1408450704225 0.0 0.0 0.1408450704225 0.253521126761 0.0845070422535 0.112676056338 0.169014084507
0.1193440636948 0.4324296048472 0.39095056823040003 0.0633842671194 0.0919917509586 0.9241282527263 0.6890328234876 1.8658366838493001 1.5386531659331 0.1684204006151 2.1584566577711 1.5486376676251998 1.1179967281161 0.05786901270770001 1.8554706763644 1.7764165285173 0.5173917612488 0.0990430622009 1.5845463239858
0.10358004827020001 0.4546124966477 0.16259625330412 0.1122870083046 0.03304217905986 0.3105975473236 0.14165038501320001 0.82599914015782 0.5294804343482999 0.074074074074 0.8454487989880001 0.39619328557352 0.28017001025872 0.0 0.5478425212940401 0.72531892885952 0.11774721509224 0.04131708998972 0.29804258344061996
0.13705819291882998 0.25857688490239 0.06984831668507 0.17034833303372 0.02821371892082 0.32603058343179003 0.23470641081589 1.08861861067389 1.08290228835844 0.07590325470284001 0.67112356793495 0.49733689062236996 0.8805555609667399 0.02618692146907 0.937575786679 0.94107358964199 0.21526816117278996 0.08409607186189 1.27457685520533
0.0 0.0 0.0 0.0 0.0 0.0 0.0 0.0 0.0 0.0 0.0 0.0 0.0 0.0 0.0 0.0 0.0 0.0 0.0
0.2683522803352 0.5564096014102 0.2727532749882 0.2329633357921 0.0 0.5227115764988 0.5870757165559999 1.6371297065405999 1.2074019666892 0.05459485231860001 1.1338512980987 1.2568712215042002 1.2638428091912002 0.0680090754395 1.2536092464761 1.0240456514002 0.27593831481049996 0.25240008844690004 2.1320399835062
0.32919708029199 0.4805066552168 0.3013095749247 0.2027264920566 0.2147058823529 0.11013310433639999 0.8540360669819901 0.99598540146 0.78355517389468 0.0 0.69368827823089 0.59652211249439 0.60523829969929 0.0 1.15077286389028 1.30098754830329 0.6437956204388999 0.10141691713179 0.6354229282954
0.17640254482337003 0.2524580682473 0.24580682475394 0.0610179294389 0.20734528629244003 0.02255639097741 0.66136495083947 0.72903412377011 1.01330248698587 0.0 0.25997686524027996 0.2975708502027 0.48322729901624006 0.0384615384615 0.51995373048017 0.61017929438964 1.16136495083747 0.00751879699247 0.25245806824724
0.220588235294 0.0588235294118 0.08823529411770001 0.0147058823529 0.0441176470588 0.0147058823529 0.0294117647058 0.0882352941176 0.0441176470588 0.0294117647058 0.0147058823529 0.10294117647050001 0.0 0.0 0.1176470588236 0.0294117647058 0.0 0.0882352941176 0.0147058823529
0.1642551002915 0.42815262912920005 0.4581665891114 0.2465920501577 0.2387156817122 0.6438931204232 0.6254659449932001 2.8104920281165 1.7005069677457 0.2691484411348 3.1174083417031997 1.7869363963665998 2.3856310156487996 0.366449511401 1.7647498224373999 2.5109108275572 0.2642673458889 0.18605961156939999 3.032198574616
0.18980322003560002 0.189803220036 0.0153846153846 0.1395348837212 0.15491949910539998 0.0348837209302 0.33649373881989997 0.5611806797858 0.2749552772806 0.0348837209302 0.336493738819 0.2862254025046 0.1159212880142 0.085152057245 0.5026833631482 0.34776386404279996 0.0615384615384 0.1744186046514 0.1579606440071
0.13868812347095 0.20497724781604 0.16183501068408002 0.13163550004985 0.0 0.05173160173155 0.177011990567 0.47932983470082 0.37064636131145 0.09626941685765 0.24893269560808 0.33601820174719 0.17701199056689 0.02163561076605 0.48680760841865 0.38145946125489 0.19663256607005 0.15700446186389 0.18237231651544003
0.0425531914893 0.0425531914893 0.1641337386017 0.142857142857 0.0425531914894 0.0 0.1565349544071 0.28419452887529995 0.10638297872329999 0.0212765957447 0.11398176291789999 0.6702127659582 0.0212765957447 0.0 0.0212765957447 0.0212765957447 0.0425531914893 0.08510638297869999 0.0212765957447
0.0 0.0 0.0 0.0 0.0 0.0 0.0 0.0 0.0 0.0 0.0 0.0 0.0 0.0 0.0 0.0 0.0 0.0 0.0
0.0277777777778 0.0277777777778 0.0 0.0277777777778 0.1111111111112 0.0 0.0555555555556 0.0555555555556 0.08333333333340001 0.0277777777778 0.0277777777778 0.0555555555556 0.08333333333340001 0.0 0.16666666666680002 0.1111111111112 0.0277777777778 0.7222222222226 0.3888888888886
0.0644336830777 0.08656483892281 0.08535418516961998 0.031356551319609995 0.0497713209577 0.11253282723401001 0.13551498655382 0.47099102506463 0.3667841861941 0.01966763586502 0.46642982654602 0.43286021592509993 0.34254296948413 0.0112994350282 0.45636468425711 0.42074579873331996 0.06525485640431 0.0564971751412 0.32503379812141
0.0597014925372 0.2089552238806 0.0298507462686 0.2089552238809 0.0746268656716 0.13432835820959999 0.2089552238804 0.6567164179101 0.5970149253729999 0.0298507462686 0.35820895522359997 0.22388059701469998 0.5820895522388999 0.0 0.5820895522381001 0.4626865671645 0.1791044776117 0.0447761194029 0.3582089552226
0.37209065267526 1.0486802156647501 0.58723128502066 0.53582781936155 0.24111299488958 0.7695502391522502 0.9701035190705001 2.48206090589022 1.8771708434320602 0.18221102330996 2.01641657622163 1.1762910201009 2.1893921727908596 0.44819738257666 2.09921269493356 1.5078399424485998 0.5074937873788501 0.17849909749770004 2.81061782757706
0.1406914233771 0.2955629866497 0.0880477502189 0.2635449473952 0.0183486238532 0.48886562975440007 0.3550300315557 0.7360718670619 1.0507394226083 0.0366972477064 0.7205321331419 0.6040515378678 0.8641259775457001 0.033973623853200005 0.977913810057 1.0733719372467 0.20117244843230003 0.09919724770640001 0.9520613539694001
0.0 0.0350877192982 0.0175438596491 0.0175438596491 0.0526315789473 0.0 0.10526315789480001 0.08771929824550001 0.140350877193 0.0175438596491 0.0350877192982 0.08771929824550001 0.1578947368421 0.0 0.0877192982456 0.0350877192982 0.0 0.0701754385964 0.0526315789473
0.1515278945893 0.22645027673329998 0.08919509847569 0.12696024320139 0.076231060606 0.5432701299054901 0.33182469893479993 1.47627733128137 1.05203335985327 0.045928030303 0.9149739790592901 0.92388039233179 1.02931255658609 0.0569061886739 0.9750338566235999 1.01241718242098 0.11801022472399 0.0 0.84976749569288
0.1982094999142 0.2121234632097 0.2586450247001 0.2117334620955 0.0550458715596 0.4141361933059 0.3322882733385 2.3867783082992005 1.4471191446864997 0.10323886639680001 1.3168211064095003 0.8143369745639 0.7762761615942999 0.0 1.2834227816103998 1.3194919993552001 0.356408704427 0.0404002965159 0.4735238680155
0.296729152013 0.5258809671052 0.18830193515080001 0.28676664695529996 0.1297038126074 0.6230241349289001 0.3601745157347 1.2534593080713 1.1826107914455002 0.0619584387701 0.7171773429474 1.0498715972986 1.0182313173607 0.09713773452 1.4451604574824 1.1970250249596999 0.3223521646128 0.061186731862 1.1832479261675002
0.0 0.0 0.0 0.0 0.0 0.0 0.0 0.0 0.0 0.0 0.0 0.0 0.0 0.0 0.0 0.0 0.0 0.0 0.0
0.35390106448180003 0.8311272411286 0.26793792916775 0.20982728043795001 0.08989927832224999 0.3762270364053 0.31470563049395006 1.5182434424953 0.9888428527751499 0.0849093774625 1.00503328447415 0.5822628169367 0.9061640743503498 0.0432785299806 1.9200985419321999 1.000692664186 0.35346141709045 0.1849114185274 0.9684761193559
0.0836696260424 0.2530162179538 0.11578462990976 0.1606960462907 0.029675638371300002 0.22493749502126 0.16555595086760003 0.7191520224055401 0.3580622564360799 0.0079365079365 0.573666054574 0.4450150854656 0.3040834024704 0.1005639856059 0.41610509733066 0.43568508129107997 0.17878300161698 0.063573943456 0.36403795695588004
0.1012993503247 0.32303848075920005 0.20114942528707 0.08680659670169999 0.01724137931034 0.06926536731627 0.5113693153429 1.04922538730728 0.6265617191416 0.00862068965517 0.29542728635651005 0.30062468765614003 0.21411794102921 0.0346326836581 0.61374312843624 0.7180909545229099 0.39612693653227 0.2027486256867 0.22991004497727
0.0588235294118 0.1176470588236 0.0784313725491 0.0196078431373 0.1176470588236 0.0 0.0196078431373 0.11764705882359999 0.0196078431373 0.0196078431373 0.0196078431373 0.0980392156863 0.0784313725491 0.0 0.1372549019608 0.0196078431373 0.0588235294118 0.0196078431373 0.0
0.0792005230223 0.5552674529546 0.1114957065832 0.0671523302511 0.0310077519379 0.3325892546159 0.2572381263461 1.7470369722515002 1.1043701982556 0.0785900895111 1.1910388566991 1.0509740361944 0.9665164577108001 0.045197364041800005 0.9786183149663 0.805350658705 0.2225579692534 0.0310077519379 1.3447901847682
0.22386363636360002 0.1897727272727 0.0 0.015625 0.015625 0.078125 0.33835227272720003 0.2678977272726 0.23948863636380002 0.08068181818180001 0.1039772727272 0.19261363636370002 0.1639204545454 0.015625 0.36931818181840004 0.2417613636364 0.14573863636360002 0.1588068181819 0.1588068181819
0.5233259262959999 0.6721299810251 0.16323529411760002 0.1954933586337 0.3409729851191 0.166447368421 0.43040422450790006 1.2608009587552997 0.7962074303397001 0.195394736842 0.3054179566562 0.311842105263 0.7206519025259 0.0882352941176 1.1953810046942999 0.4461300309599 0.36470588235240003 0.1434634974532 0.6797600619188
0.2598343685298 0.0434782608696 0.2122153209108 0.0 0.047619047619 0.0217391304348 0.25155279503100003 0.2908902691512 0.0652173913044 0.0 0.0652173913044 0.0693581780538 0.2691511387164 0.0434782608696 0.0652173913044 0.0434782608696 0.0217391304348 0.14285714285700002 0.0869565217392
0.0333333333333 0.0666666666666 0.0 0.0333333333333 0.0666666666666 0.0333333333333 0.0 0.0999999999999 0.0 0.0 0.0333333333333 0.0999999999999 0.0 0.0 0.0999999999999 0.2666666666673 0.0333333333333 0.0 0.1333333333332
0.802955665024 0.0 0.0 0.172413793103 0.660098522167 0.0 0.31527093596 0.51724137931 0.172413793103 0.344827586207 0.517241379309 0.487684729063 0.31527093596 0.0 0.172413793103 0.172413793103 0.344827586207 0.48768472906399996 0.51724137931
0.1347241867043 0.0884110027544 0.1006290478671 0.055516265912299995 0.0 0.23240340951379998 0.33228802203540003 0.5674458423288 0.5044759175167 0.0 0.8271048909404999 0.5552929353084999 0.5570423583721 0.0 0.5926263679003 0.6734534355684 0.1439272686667 0.0535714285714 0.5810876200406
0.32660376364 0.4718781297782 0.203152179643 0.09129724316059998 0.0128617363344 0.09772811132779999 0.46934795213689995 0.38964735649220006 0.29191924516420004 0.1967213114758 0.396078224659 0.5670760634656 0.5015022929734 0.0128617363344 0.6558431289855998 0.40124400400599997 0.1620367929998 0.3998734911172 0.3523272363076
0.40241884982572 0.7011402074211 0.23755904648742002 0.5545200719749099 0.19965511955831 0.6887037766095999 0.9729299444346 2.7054731621245094 1.20553813965781 0.04657914668002 1.09939661875741 1.48405304493011 1.08528031158171 0.22306513287221 1.50094356527901 1.32801274293691 0.7375676104405 0.3058000692793 1.52136343914502
0.20504939382209997 0.2534726525001 0.0722750447843 0.1933305773736 0.0 0.44322272147163 0.23930492803381 0.88565588680424 0.69491549450433 0.0 0.5327741722015 0.68108745005491 0.6775289308981101 0.0674720765898 0.9579818009400298 0.8053715285753099 0.29201244706609997 0.0356896789306 0.9628552154482
0.0 0.0 0.0 0.0 0.0 0.0 0.0 0.0 0.0 0.0 0.0 0.0 0.0 0.0 0.0 0.0 0.0 0.0 0.0
0.1849048897185 0.3157894736845 0.0999999999999 0.2710292916321 0.0487804878049 0.3516162912821 0.5729081573117001 2.0236025207130997 1.2742618741982001 0.0487804878049 1.393015521064 0.9967732524225001 0.8238650951091 0.0287081339712 1.3831952386506 1.4647041661807 0.3210292916318 0.0499999999999 1.3470358268173
0.11373126995820002 0.19356423483129997 0.1909440759844 0.1365962498976 0.0144927536232 0.38409891099619997 0.22013428314060002 1.1845983787784 0.5800376647840999 0.0169491525423 0.6535454024408 0.4231147138297 0.8721853762378 0.1014902153441 0.8122083026283 0.6524604929173001 0.050847457626899996 0.11006714157050002 0.288933922869
0.07946049916517 0.34309715954317 0.037898818967040004 0.19005016432007 0.0300751879698 0.51279892822797 0.28552925696340004 0.9547076428143701 0.8847451249166399 0.06150622457774001 0.64264701093524 0.7493723983238699 0.84331526089361 0.0294117647059 0.74883379875624 0.7067575735322 0.18580663718954002 0.037940197649269994 0.67604635054977
0.0 0.0 0.0 0.0 0.0 0.0 0.0 0.0 0.0 0.0 0.0 0.0 0.0 0.0 0.0 0.0 0.0 0.0 0.0
0.11960067113746001 0.44593445069403 0.19426776693271 0.10759737517751 0.027939380880540002 0.33846717970934004 0.32775823511461 1.2237606083886599 0.7153302516789299 0.04066896807823 0.54219154813094 0.33214822934354 0.6687855001361099 0.0963983050847 0.9954793058540901 0.46857722626125003 0.39124939045116 0.13598901098900001 0.8278565959558801
0.04658916824369 0.18496277506470002 0.00729927007299 0.043174405963699994 0.0106382978723 0.25849136914508 0.33093858988179004 0.64735437409689 0.24513525794767 0.00729927007299 0.28326804829387997 0.38684789256869 0.25033792916958997 0.0903847886818 0.52963614854699 0.45548633999158006 0.0392898981707 0.05668198612229 0.1261841900917
0.0993555316863 0.3542666189277 0.3234455185577 0.155555555556 0.12157775390850001 0.0222222222222 0.4291144527991 1.2738453276035002 0.8196264470700002 0.0222222222222 0.2222759279149 0.5188745673705 0.3129788757606 0.088888888889 0.6440804391929 0.3388292158966 0.9158252774812001 0.0616959064327 0.2753192505072
0.0 0.0 0.0 0.0 0.0 0.0 0.0 0.0 0.0 0.0 0.0 0.0 0.0 0.0 0.0 0.0 0.0 0.0 0.0
0.2086562013176 0.2153348896224 0.0819475055099 0.0828227243146 0.0116279069767 0.5582327258823001 0.3538120554984 1.2478733037295 1.0338042585183 0.0465116279069 1.2617828370133002 0.9222453128809 1.1375592345294998 0.09532585009589999 0.9644018147391 1.0454531334694 0.264310642878 0.048100534450300006 1.4201974406626
0.6659038901605999 0.9078947368428001 0.238721804511 0.21641059169659999 0.2934782608702 0.23308270676649998 0.9760542660993999 1.0966001961424 0.5230467473025 0.1071428571428 0.6033834586455 0.7150212487747001 0.3390813991499 0.0357142857143 1.1701536449815 0.6412226217707 0.1449820202681 0.3571428571425 0.7349624060144999
0.0 0.0517241379311 0.02586206896551 0.025862068965469998 0.0 0.0344827586207 0.05172413793097 0.12068965517229999 0.1982758620692 0.0 0.025862068965469998 0.060344827586199995 0.07758620689654 0.0 0.06896551724134001 0.08620689655167 0.043103448275799996 0.00862068965517 0.12068965517244
0.15073529411750003 0.29289215686270004 0.0710784313726 0.0796568627451 0.1176470588235 0.050245098039200006 0.109068627451 0.20465686274490003 0.19607843137269998 0.0 0.23406862745100002 0.3799019607843 0.6544117647059 0.0 0.2377450980393 0.11274509803919999 0.0294117647059 0.0294117647059 0.050245098039200006
0.0333333333333 0.0666666666667 0.0333333333333 0.0 0.0 0.0666666666666 0.0 0.1333333333333 0.0333333333333 0.0 0.0 0.1 0.0333333333333 0.0 0.1333333333333 0.1333333333333 0.0 0.0 0.2333333333333
0.0 0.037037037037 0.037037037037 0.0 0.0740740740741 0.0 0.037037037037 0.0740740740741 0.1481481481481 0.111111111111 0.037037037037 0.037037037037 0.0 0.0 0.1851851851851 0.074074074074 0.037037037037 0.074074074074 0.037037037037
0.0230769230769 0.2241300366304 0.0565705128205 0.1131868131867 0.0104166666667 0.40808150183119996 0.03125 0.7766483516482001 0.8981913919419 0.09832875457870001 0.9731227106218001 0.8602106227105 0.8482142857143 0.0670329670329 0.6157738095236 0.7722527472520999 0.2494505494505 0.0230769230769 0.9509844322354001
0.35360010360014993 0.47027972027935006 0.10722610722605001 0.11480186480185002 0.0740740740741 0.26521626521610003 0.2946775446777 0.93000518000515 0.32154882154850006 0.037037037037 0.22390572390565 0.31092981092975003 0.27920227920220003 0.0530303030305 0.36784511784490004 0.293771043771 0.1293706293705 0.23122248122235 0.1422558922557
0.30875456230359 0.80107439543776 0.28240799464863003 0.16428098914693 0.08022645677983 0.58468800029143 0.5721292643626 2.5146472174614303 1.2959925428425598 0.13547217631323 1.2118291388009 1.5955351286283999 1.31692773631053 0.32257405670820005 1.42758871478356 1.4160382118365598 0.6793285760855999 0.1021996369776 1.18830520028229
0.1583748109109 0.4382618455081 0.0464365881032 0.1930220075147 0.0246913580247 0.2384765529691 0.1531937734836 0.8760149807245 0.6632752647236001 0.0 0.3067693846674 0.5273178646364001 0.4658358951836 0.0454545454546 0.8381947494268001 0.7248292099743 0.5196359732587 0.074074074074 0.7061411213586001
0.133333333333 0.0666666666666 0.2 0.0 0.0 0.0666666666666 0.1333333333332 0.4000000000002 0.266666666667 0.0 0.0 0.0666666666666 0.33333333333320003 0.0 0.2666666666662 0.0 0.0666666666666 0.0 0.0
0.2628730689601 0.32145312493289996 0.1629083562213 0.2954817646122 0.0 0.4386251628061 0.3654091688889 1.5243099898055 1.2764977225958 0.027397260274 0.9796885978884999 0.9069287689388 1.4956744247131 0.0864941510102 1.5103325916408001 1.2042252345060998 0.4422423952859 0.0940639269407 0.6053942899819
0.12433969930922 0.2846918596773 0.0720249221183 0.018691588785 0.00934579439252 0.1066666666668 0.21779764323451997 0.67706894216452 0.1187538940809 0.0 0.27898144385754 0.5988947582287399 0.3649194094537 0.0 0.43171068671241997 0.15339563862924 0.4506298252748 0.01869158878504 0.07339563862939999
0.108108108108 0.10810810810810001 0.0919506462984 0.0108695652174 0.0757931844888 0.1624559341949 0.0813748531139 0.3146298472386 0.108401880141 0.0 0.1195652173913 0.059635722679200004 0.2605757931848 0.0 0.1028202115159 0.13014101057580002 0.0 0.0919506462984 0.17361927144540001
0.0 0.0 0.0 0.0 0.0 0.0 0.0 0.0 0.0 0.0 0.0 0.0 0.0 0.0 0.0 0.0 0.0 0.0 0.0
0.1019394512771 0.2514979501738 0.045017344686100004 0.2649006622519 0.045017344686100004 0.4330652790921 0.08333333333330001 0.5257016713963 0.742983286029 0.0 0.2820088300219 0.3456322926519 0.48998738568329997 0.0331125827814 0.8118101545239 0.7600914538007001 0.213181961526 0.0 0.5707190160833
0.1328205128205 0.38256410256398 0.23789473684200002 0.04807692307688 0.10138326585688001 0.19433198380558 0.43648448043168003 1.2021457489876601 0.8087381916327 0.0 0.60907557354916 0.49997300944656 0.55876518218578 0.0192307692308 1.0222199730090402 0.8494804318496001 0.7063022941967001 0.0 0.1905128205128
0.1964285714284 0.3452922077925 0.08035714285710001 0.1008116883116 0.0857142857142 0.0579545454545 0.2793831168827 0.9501623376621 0.4827922077925 0.0428571428571 0.5779220779215 0.551298701298 0.47435064935070004 0.0 0.7563311688307001 0.9103896103903001 0.6696428571432 0.1107142857142 0.3275974025977
0.0 0.0 0.0 0.0 0.0 0.0 0.0 0.0 0.0 0.0 0.0 0.0 0.0 0.0 0.0 0.0 0.0 0.0 0.0
0.1302003081664 0.1686292981629 0.1953443719713 0.062403697997000004 0.0227272727273 0.2048827610432 0.2834432406981 1.1734014865454998 0.48737595503700004 0.0466321243523 0.7267218598569001 0.4586430299305 0.5451791117466 0.0649863879862 0.48497289572620006 0.4716043813917 0.0 0.0454545454545 0.4273972712105
0.0 0.0 0.0 0.0 0.0 0.0 0.0 0.0 0.0 0.0 0.0 0.0 0.0 0.0 0.0 0.0 0.0 0.0 0.0
0.0967741935483 0.21891989851439997 0.0449438202247 0.2707502718378 0.0898876404494 0.1993475897062 0.3802102210945 0.9068503080837 0.501268575571 0.0 0.3537513591879 0.7466473359912 0.6567596955422 0.0645161290322 0.8619064878586 0.7778180500177 0.43783979702790005 0.0 0.3918086263139
0.0672696438665 0.1681741096665 0.0336348219332 0.0508762012436 0.0163934426229 0.0491803278688 0.06811758055389999 0.2526851328432 0.11899378179739999 0.0172413793103 0.1500847936685 0.1707179197286 0.18287167891439998 0.0336348219332 0.2699265121534 0.06811758055379999 0.0336348219332 0.050876201243499994 0.1975692481629
0.0263157894737 0.0 0.0 0.0526315789473 0.0 0.0 0.0263157894737 0.0526315789474 0.1052631578947 0.0 0.0263157894737 0.078947368421 0.0526315789474 0.0263157894737 0.1578947368427 0.1315789473687 0.1315789473683 0.0 0.131578947369
0.0 0.0 0.0 0.0 0.0 0.0 0.0 0.0 0.0 0.0 0.0 0.0 0.0 0.0 0.0 0.0 0.0 0.0 0.0
0.0114942528736 0.0810647307925 0.0344827586207 0.0114942528736 0.0175438596491 0.0635208711434 0.0 0.2613430127043 0.0810647307925 0.0 0.5559588626743 0.1336963097398 0.1863278886875 0.0114942528736 0.1911675741079 0.2202056866305 0.0290381125227 0.0 0.11010284331520001
0.218467178371 0.3015236567768 0.0 0.1187994042845 0.0344827586207 0.31561461793949996 0.33600641539700005 0.5889563523875 0.6657119945014001 0.0498338870431 0.5315614617928 0.4510253179046 0.6861037919576 0.0332225913621 0.6554015351127 0.6478405315608 0.0996677740862 0.0 0.2657807308973
0.4904274129624 0.5666069058604001 0.5794939437024 0.1339979269555 0.1807981972364 0.5395891966406 0.4162977031971 1.9953472462917998 1.0134491068105 0.17679363854339997 0.601410061605 1.3652069129021998 0.5522034458549 0.0484848484848 1.2578394880514998 1.1724895699795 0.5169013249273 0.225746530849 1.1669165391476999
0.11452991452979999 0.16951381951369998 0.031843156843100004 0.0888611388611 0.0230769230769 0.1965034965039 0.26274003774000004 0.4659118659124 0.7047619047611999 0.0178571428571 0.6061466311465 0.5482267732273 0.6342102342104 0.0178571428571 0.5719807969808001 0.6069375069384 0.2992729492726 0.0444444444444 0.5953241203249999
0.0384615384615 0.0192307692308 0.0 0.0 0.0384615384616 0.0192307692308 0.0192307692308 0.09615384615389999 0.0384615384616 0.0384615384615 0.0192307692308 0.096153846154 0.1153846153846 0.0192307692308 0.153846153846 0.19230769230769998 0.0 0.0192307692308 0.07692307692309999
0.0384615384615 0.1348221670802 0.2307692307691 0.0630467571643 0.0 0.4281467425683 0.1711720916653 1.0535007054923002 1.0467863572237 0.0322580645161 0.9056293485138001 0.5571254804653001 0.7273731328762 0.025641025641 0.7896462803482001 0.4585559285754 0.0384615384615 0.0128205128205 0.2857830973577
0.085396872055 0.1749539626689 0.1443160106166 0.02673709874031 0.02673709874031 0.26059463805601 0.10954896383571 0.55101800859261 0.46819058158240007 0.0 0.51288440090941 0.38799484727670996 0.28604701427412 0.0173913043478 0.31899504612361 0.35561223166570993 0.03738317757 0.0628199918731 0.17337875107001
0.3404011143342 0.2433915770608 0.0709713855422 0.499124781197 0.1515830764921 0.2228942652329 0.5308767264609001 1.5063614516828 0.5647660503227 0.117846385542 0.6013419927522 0.3634725040445 0.8279714255867999 0.047442458004100005 1.2434999280687 0.7212605109109 0.1912036587209 0.0836563307493 0.6719343772949999
0.0 0.0 0.0 0.0 0.0 0.0 0.0 0.0 0.0 0.0 0.0 0.0 0.0 0.0 0.0 0.0 0.0 0.0 0.0
0.1827071538856 0.3677177610686 0.09022342555509999 0.0913535769428 0.0344827586207 0.0658331816527 0.33162705710299994 0.967570813929 0.8578221696412001 0.0 0.3480273935199 0.3439226020861 0.8348390250182001 0.09708318165259999 0.9392636795010999 0.39766108481960005 0.42737531853039995 0.148324818297 0.4741649981801
0.0688259109311 0.3838827838826 0.12157316367830001 0.1142857142856 0.025641025641 0.17354925775969998 0.32141893194509996 0.6510892616151002 0.6605745132056 0.047619047619 0.4678619625984 0.4949681897047 0.6781569307879 0.0153846153846 0.6847503373814 0.5668401773659 0.098901098901 0.050472334682800005 0.37420474262639997
0.0 0.0 0.0 0.0 0.0 0.0 0.0 0.0 0.0 0.0 0.0 0.0 0.0 0.0 0.0 0.0 0.0 0.0 0.0
0.0 0.0 0.0 0.0 0.0 0.0 0.0 0.0 0.0 0.0 0.0 0.0 0.0 0.0 0.0 0.0 0.0 0.0 0.0
0.117647058824 0.3072114531363 0.293151387273 0.0 0.0254777070063 0.3136005994758 0.3407544714172 0.8975173039391001 0.3312101910833 0.0 0.8853305988852 0.5541204078022001 0.6798327778976 0.0 0.5189012245866 0.5172250596516 0.3660349825491 0.0 0.8519847764775
0.1799280287885 0.3018792483008 0.0571771291483 0.1143542582967 0.0655737704918 0.1143542582967 0.1959216313476 0.36934559509520004 0.21271491403429998 0.0 0.2138078102092 0.2465946954551 0.0571771291483 0.0327868852459 1.2075436492068 0.21271491403429998 0.0327868852459 0.09836065573769999 0.28697854191649996
0.0434782608695 0.4101335159197 0.12298041987379998 0.0671003081136 0.0322580645161 0.1739903479806 0.6632505438937999 0.5616834711933001 0.2834645669293 0.0645161290322 0.30819096420799996 0.38887477775 0.4349372177006 0.0236220472441 0.39522479045 0.5156210312431 0.0671003081136 0.1552384843899 0.2883347505829
0.166666666667 0.245614035088 0.2456140350881 0.0 0.0526315789474 0.0526315789474 0.2456140350881 0.1052631578948 0.1578947368427 0.0263157894737 0.0263157894737 0.1929824561407 0.0 0.0 0.2982456140354 0.1052631578948 0.0263157894737 0.0 0.0526315789474
0.0 0.0 0.0 0.0 0.0 0.0 0.0 0.0 0.0 0.0 0.0 0.0 0.0 0.0 0.0 0.0 0.0 0.0 0.0
0.0 0.0 0.0 0.0 0.0 0.0 0.0 0.0 0.0 0.0 0.0 0.0 0.0 0.0 0.0 0.0 0.0 0.0 0.0
0.1475409836065 0.14008941877800002 0.0227272727273 0.0 0.0 0.2157228017882 0.2194485842033 0.35953800298050004 0.2194485842026 0.0227272727273 0.4731743666164 0.6583457526083 0.5372578241434001 0.0454545454545 0.3405365126671 0.32935916542470006 0.0491803278688 0.0491803278688 0.1702682563338
0.0666052793125 0.2825352977286 0.10543278084720001 0.0883977900553 0.0666052793125 0.055248618784500006 0.1995089011664 0.37661141804799997 0.1546961325968 0.0 0.22130141190929997 0.2213014119093 0.1824739103745 0.0331491712707 0.4151319828117999 0.2323511356662 0.0662983425414 0.060926949048500004 0.17142418661769998
0.0625 0.2662750733234 0.0692128260725 0.07878220406309999 0.0356298048491 0.3581910172092 0.21589628544460002 1.1675520357333 0.7925254541276 0.0224719101123 0.7154255819575 0.49869182660410005 0.616706613742 0.0454545454545 0.5976030261212 0.6195869099034 0.2504950824025 0.0464912280701 0.5405085748071
0.0463157894737 0.23310478029989998 0.06 0.078947368421 0.0 0.1603090294542 0.2731047802999 0.6248672139073 0.3543022694352 0.0183486238532 0.6839401255424999 0.5237952679865 0.4556639304681 0.0550458715595 0.5562626750367 0.363032351521 0.11729599227429999 0.0 0.3956639304688
0.0 0.1333333333334 0.0 0.0 0.133333333333 0.0666666666667 0.0666666666667 0.0 0.0666666666667 0.0 0.133333333333 0.0 0.0666666666667 0.0 0.2 0.0666666666667 0.0 0.0 0.0666666666667
0.131746031746 0.35709338957009995 0.1380961059474 0.0645161290322 0.0 0.3068629748234 0.18776241679509997 0.8691270275203999 0.7481380232066 0.0508474576271 0.8370321192084 0.6887908215954 0.8480850842251999 0.0322580645161 0.8505905733900998 1.0029749971794 0.42365591397939995 0.0 0.4624228696402001
0.0672877846791 0.2984254992322001 0.21995091164089997 0.0 0.0645161290322 0.18594470046070002 0.34071328391079997 0.6686443932412001 0.4152783343349 0.0125 0.4741175783076 0.24116743471559998 0.2387163561079 0.0625 0.49025913310650004 0.6706237894886 0.3239831697058 0.1455837173578 0.0797877846791
0.0767498187314 0.1651661608785 0.058662095837500004 0.2180774748932 0.041606886657 0.21025813944779997 0.3028761622663 0.6425629260353999 0.2883443857479 0.010752688172 0.3487759698686 0.3957426715768 0.6510834231416001 0.08961447678989999 0.4483079777935 0.4992199397462 0.1025824964131 0.0588235294116 0.3907927765915
0.0 0.0 0.1874999999999 0.0 0.0 0.0 0.0 0.0 0.1249999999998 0.0 0.125 0.0 0.0624999999999 0.437500000001 0.0 0.0624999999999 0.0 0.0 0.0
0.285714285714 0.36873156342139995 0.1129372102822 0.0176991150442 0.0353982300884 0.1660345554149 0.5292878213247001 0.6274757690688 0.4846186262115 0.0 0.29667088074150005 0.37420986093520003 0.0830172777074 0.047619047619 0.7075431942682 0.9089759797722 0.43826380109599994 0.0176991150442 0.4981036662451
0.0 0.1212121212121 0.030303030303 0.0151515151515 0.0151515151515 0.0 0.045454545454500006 0.121212121212 0.0757575757575 0.0 0.030303030303 0.030303030303 0.0151515151515 0.0 0.1060606060606 0.2424242424242 0.060606060606 0.0 0.0909090909091
0.05769230769219999 0.1678321678323 0.0384615384615 0.0681818181818 0.07692307692299999 0.0192307692307 0.1031468531467 0.2797202797202 0.18006993007 0.0227272727273 0.05769230769219999 0.2727272727271 0.11013986013980001 0.113636363636 0.4667832167839 0.25524475524440005 0.5069930069936001 0.0804195804196 0.12237762237770002
0.0 0.0 0.0 0.0 0.0 0.0 0.0 0.0 0.0 0.0 0.0 0.0 0.0 0.0 0.0 0.0 0.0 0.0 0.0
0.1673789173788 0.11253561253550001 0.1139601139601 0.037037037037 0.0 0.0947293447294 0.07692307692309999 0.7001424501422 0.43091168091180004 0.0 0.2678062678062 0.3981481481481 0.2663817663818 0.1303418803418 0.4679487179488 0.3967236467238999 0.111111111111 0.0192307692308 0.2086894586894
