0.0425531914894 0.1595744680852 0.0212765957447 0.0425531914894 0.0212765957446 0.0 0.15957446808499998 0.1914893617024 0.0106382978723 0.0 0.06382978723409999 0.07446808510639999 0.0 0.0 0.0744680851063 0.0212765957446 0.0531914893617 0.063829787234 0.0
0.0 0.0816326530612 0.0408163265306 0.0204081632653 0.0 0.0 0.0408163265306 0.1836734693877 0.0816326530612 0.0 0.0816326530612 0.12244897959180001 0.0 0.0 0.22448979591850005 0.061224489795900006 0.0204081632653 0.0 0.0408163265306
0.0757575757576 0.045454545454500006 0.26406926406910003 0.0 0.0 0.0 0.17316017316 0.339826839827 0.030303030303 0.060606060606 0.030303030303 0.1818181818181 0.0 0.142857142857 0.0151515151515 0.2186147186145 0.31601731601699995 0.0151515151515 0.0909090909091
0.0 0.114285714286 0.0571428571428 0.0 0.0 0.228571428572 0.342857142857 0.1142857142856 0.0571428571428 0.0 0.1142857142856 0.1142857142856 0.0 0.0 0.3428571428576 0.3428571428578 0.114285714286 0.0 0.0571428571428
0.0 0.0 0.0 0.0 0.333333333333 0.0 0.333333333333 0.0 0.0 0.333333333333 0.0 0.0 0.0 0.0 0.0 0.0 0.0 0.0 0.0
0.0 0.019801980198 0.019801980198 0.0 0.0 0.079207920792 0.138613861386 0.1980198019801 0.356435643565 0.019801980198 0.21782178217799997 0.019801980198 0.11881188118809999 0.0 0.138613861387 0.39603960396 0.0 0.0 0.277227722772
0.20942408377 0.0837696335077 0.0418848167539 0.0628272251308 0.0209424083769 0.2094240837697 0.33507853403079996 0.5445026178015999 0.2931937172775 0.0 0.33507853403159993 0.2094240837696 0.2722513089009 0.0 0.5235602094248 0.544502617802 0.0837696335077 0.0209424083769 0.2094240837695
0.25163455740161 0.24595818158282 0.12026047559783001 0.10407801418432 0.031914893617 0.30042334569044 0.5258798865197 1.47646402104635 0.57113006804053 0.07373077733301 0.48541694627856 0.37999823726623005 0.44423448486533007 0.0 0.46164363891917004 0.51292772718795 0.2512913419 0.06243444041701 0.7005789621515001
0.0695413758723 0.2521023884865 0.1203888334994 0.132352941176 0.0434782608695 0.0695413758723 0.506979062812 1.2855130261401 0.7932723568411999 0.130434782609 1.3616866790947 0.8832090684473001 0.7885799124357001 0.0882352941176 1.2786856820832 0.3966361784208 0.0695413758723 0.0 0.7298214053487999
0.0 0.1 0.05 0.0 0.0 0.05 0.0 0.1 0.1 0.1 0.0 0.0 0.2 0.0 0.05 0.05 0.15 0.05 0.0
0.0495867768594 0.9817823467488 0.4154269972453 0.0 0.0 0.5202580124974 0.6275885238178 1.1242625814691 0.6527850567756001 0.0 1.1386593204782 0.45660597101770006 0.3934690586568 0.0495867768594 1.1719859347359 1.26655916146 0.4495867768594 0.0 0.7018567045160999
0.0121951219512 0.036585365853600005 0.0243902439024 0.0 0.0 0.10938654841079999 0.1459719142645 0.3096821877306 0.3163340724316 0.0 0.23688100517350003 0.0546932742054 0.07908351810780001 0.0 0.0790835181078 0.3765705838873001 0.0 0.0121951219512 0.2069475240212
0.2225 0.16477611940290002 0.0461753731343 0.30357142857200003 0.0357142857143 0.0997014925373 0.4695682302773 0.5561886993602 0.24837686567169998 0.0 0.288867270789 0.4290325159913 0.5978091684438 0.04 0.6506236673774001 0.418526119403 0.14250000000000002 0.0357142857143 0.2503544776124
0.0 0.0 0.0 0.0 0.0 0.0 0.0 0.0 0.0 0.0 0.0 0.0 0.0 0.0 0.0 0.0 0.0 0.0 0.0
0.12459893048120001 0.1203208556149 0.0545454545454 0.14705882353 0.0 0.0181818181818 0.1973262032086 0.1973262032084 0.142780748663 0.0 0.12459893048120002 0.24919786096309998 0.047593582887700006 0.0 0.3219251336896 0.2000000000002 0.0181818181818 0.0 0.0363636363636
0.0 0.1643835616439 0.0273972602739 0.0 0.0273972602739 0.1643835616439 0.3013698630139 0.41095890410970004 0.1095890410957 0.0 0.0821917808217 0.0547945205479 0.3013698630139 0.0 0.1095890410957 0.1095890410957 0.0273972602739 0.0 0.1095890410958
0.0749625187406 0.2188905547226 0.1064467766116 0.0459770114942 0.0 0.0459770114942 0.1184407796102 0.36881559220419996 0.27436281859120004 0.0229885057471 0.0834582708645 0.1244377811095 0.0749625187406 0.0 0.4352823588201 0.1184407796102 0.4922538730634 0.0979510244877 0.2963518240886
0.190476190476 0.1428571428571 0.047619047619 0.0 0.0 0.047619047619 0.0 0.047619047619 0.1428571428571 0.0 0.0 0.0 0.047619047619 0.0 0.1428571428571 0.095238095238 0.0 0.0952380952381 0.0
0.0119047619048 0.1554945054943 0.0547619047619 0.0 0.0428571428571 0.36538461538479994 0.0880952380951 1.0489010989006 0.5038461538458 0.0595238095239 0.7478021978027001 0.2527472527472 0.5970695970694 0.0 0.4192307692308 0.319047619047 0.0238095238095 0.0 1.3095238095246
0.136842105263 0.0631578947368 0.0631578947369 0.0315789473684 0.0210526315789 0.0210526315789 0.1894736842107 0.1578947368421 0.0315789473684 0.0105263157895 0.0 0.0736842105266 0.0842105263158 0.0 0.0421052631579 0.0 0.0421052631578 0.0105263157895 0.021052631579
0.0526094276094 0.4549663299672 0.074074074074 0.0867003367003 0.0185185185185 0.1704545454548 0.3682659932665 0.5387205387214 0.3253367003364 0.0 0.2912457912463 0.1919191919191 0.3653198653206 0.102272727273 0.3468013468019 0.22306397306390002 0.0 0.1578282828285 0.2319023569024
0.0425531914893 0.0 0.0425531914893 0.0 0.0 0.063829787234 0.0 0.063829787234 0.19148936170199998 0.0 0.0 0.0425531914893 0.0212765957447 0.0 0.06382978723409999 0.0425531914893 0.0212765957447 0.0 0.40425531914940005
0.0 0.1730769230768 0.0 0.0192307692308 0.0 0.0769230769231 0.0192307692308 0.0192307692308 0.07692307692309999 0.0 0.0576923076923 0.0 0.0192307692308 0.0 0.3269230769236 0.0576923076924 0.0 0.0192307692308 0.1346153846154
0.0 0.0 0.0 0.0 0.0 0.0 0.0 0.0 0.0 0.0 0.0 0.0 0.0 0.0 0.0 0.0 0.0 0.0 0.0
0.00877192982455 0.15251935809665 0.09576553323595 0.0149253731343 0.0 0.24042943178829998 0.1997157071792 0.8244604047431999 0.34811281936165 0.023697302958850003 0.41291287921279995 0.2764934724873 0.34195937605204996 0.0 0.49486776643104996 0.5563498297978999 0.023697302958850003 0.0 0.9853215127373001
0.27999999999999997 0.3199999999999 0.04 0.04 0.0 0.2799999999999 0.08 0.9600000000019001 0.6399999999999 0.04 0.19999999999989998 0.19999999999989998 0.39999999999999997 0.16 0.9599999999999 0.43999999999989997 0.43999999999989997 0.04 0.48000000000000004
0.060259680795299995 0.4197480173656 0.2913643499356 0.161521335807 0.0498430141286 0.6945246809016 0.6925014379509999 2.8453170019323 1.4131559664445 0.0400641025641 0.8680860232559 0.8181964635732 1.4792215462178002 0.0 1.6647004323671 0.9662935994838999 0.3187683494449 0.10043729372929999 4.115996704105
0.00781249999999 0.1015624999999 0.04687499999999 0.00781249999999 0.0 0.17778716216198 0.1165540540539 0.9208192567581801 0.61148648648808 0.015625 0.47930743243198004 0.04687499999999 0.47149493243199 0.0 0.66490709459399 0.231841216216 0.0 0.0 1.0992398648641
0.0833333333333 0.2500000000003 0.416666666667 0.0 0.0 0.0 0.2500000000003 0.3333333333336 0.0 0.0 0.0833333333333 0.25 0.0 0.0 0.0833333333333 0.0833333333333 0.0833333333333 0.0 0.0833333333333
0.0 0.1762711864406 0.1920903954805 0.0 0.0 0.3636534839921 0.303389830508 0.6655367231628999 0.45423728813569997 0.0 0.8625235404910999 0.45875706214729994 0.5591337099802001 0.0254237288135 0.7274952919030001 0.6922787193972999 0.1111111111112 0.0 0.4080979284369
0.1573556101206 0.1186932849365 0.074420839116 0.0 0.0105263157895 0.21997437813589998 0.1513931888545 0.5633607344938001 0.178637770898 0.0210526315789 0.267380164407 0.1101793530479 0.25863670332009997 0.0147058823529 0.4681167929965999 0.1984146471657 0.0357585139319 0.0568111455108 0.0945820433436
0.0 0.13847899282690002 0.1050724637681 0.0217391304348 0.0217391304348 0.2968891816718 0.22067779241670005 0.5936539306103 0.4064631825502 0.047233201581 0.18705899575460003 0.24583516322639998 0.2002781437566 0.0 0.24388815693150004 0.370502122676 0.1388888888888 0.0462962962963 0.7153052261745999
0.0 0.0 0.142857142857 0.0 0.0 0.0 0.0 0.0 1.285714285714 0.0 0.0 0.142857142857 0.0 0.0 0.142857142857 0.0 0.142857142857 0.0 0.142857142857
0.23926560760220003 0.9456587140579 0.312677963747 0.3148375946092 0.0645161290322 0.320102770596 1.1048380456711 1.4887264865898 0.8494987839215 0.1907591456219 0.5011704349453 0.8965199623461001 0.6102584836136 0.0 1.375277869245 0.7090231308082 0.5613544898241 0.0645161290322 1.4509982587335
0.0892857142858 0.1031746031746 0.0992063492062 0.0178571428571 0.0 0.095238095238 0.265873015873 0.32539682539649994 0.3432539682536 0.0 0.3849206349202 0.2400793650791 0.0535714285714 0.063492063492 0.3154761904759 0.29365079365049995 0.1428571428574 0.031746031746 0.1349206349206
0.118226600985 0.11822660098490001 0.0591133004924 0.23645320197 0.0 0.0591133004925 0.118226600985 0.5320197044324 0.2068965517242 0.0 0.1773399014773 0.32512315271 0.2955665024622 0.0 0.3842364532011 0.3546798029561 0.1773399014772 0.0295566502462 2.8078817734062
0.171428571429 0.2000000000002 0.0285714285714 0.0 0.0571428571428 0.0 0.0571428571428 0.1142857142857 0.0285714285714 0.0857142857142 0.0 0.0 0.0857142857142 0.0 0.1142857142856 0.0571428571428 0.0 0.0 0.0
0.2977277338196 0.16836491979180002 0.1322731056867 0.0 0.0 0.1832632071061 0.1772677264531 1.1835348302731001 1.2431695746774 0.155172413793 0.5643947654898 0.6857112375035 0.5977888262186 0.0 0.548625489447 0.64138807042 0.2068965517245 0.0434782608695 3.1709432867264997
0.20989010989009999 0.1769230769231 0.10791208791210001 0.0659340659341 0.0 0.032967032967 0.1149450549451 0.235824175824 0.070989010989 0.1039560439561 0.08395604395600001 0.063956043956 0.13999999999999999 0.0 0.145934065934 0.16197802197800001 0.11494505494500001 0.032967032967 0.1369230769234
0.14314888651162 0.01983856851112 0.010989010989 0.00884955752212 0.00884955752212 0.1370222697656 0.16541865214454 0.19196732471046002 0.24263347272142 0.010989010989 0.10590294661086 0.16327919867742002 0.1080424000778 0.00884955752212 0.26431975104574 0.15199844403392 0.10590294661094002 0.05280560147812 0.09919284255555999
0.0 0.0 0.0 0.0 0.0 0.0 0.0 0.0 0.0 0.0 0.0 0.0 0.0 0.0 0.0 0.0 0.0 0.0 0.0
0.0 0.0 0.0 0.0 0.0 0.0 0.0 0.0 0.0 0.0 0.0 0.0 0.0 0.0 0.0 0.0 0.0 0.0 0.0
0.0 0.0 0.0 0.0 0.0 0.0 0.0 0.0 0.0 0.0 0.0 0.0 0.0 0.0 0.0 0.0 0.0 0.0 0.0
0.0151515151515 0.0715415019762 0.0997364953884 0.0260869565216 0.0 0.294598155468 0.18471673254200002 0.5685111989451 0.2992094861655 0.0281949934123 0.41870882740429993 0.1998682476943 0.23649538866899997 0.0 0.37114624505879995 0.4363636363632 0.0412384716732 0.0130434782608 1.6953886693045002
0.061224489795900006 0.0459183673469 0.061224489795900006 0.0306122448979 0.015306122449 0.12244897959170001 0.12244897959199999 0.42857142857170005 0.3673469387755 0.030612244898 0.2755102040817 0.0765306122449 0.3367346938778 0.0306122448979 0.4897959183677 0.19897959183659997 0.030612244898 0.015306122449 0.26020408163270003
0.4202083007681 0.61456057089791 0.36904975559308995 0.05325572996711 0.0769230769231 0.52891098843659 0.5636866687030999 1.5659974614380898 0.84060039297455 0.03805000545902 0.95376760624599 1.0050125160007 0.6937472424149801 0.36050274704559004 1.11426284072701 0.39751594265658996 0.1852273187788 0.1926811053027 3.02603972965973
0.0836820083681 0.29091815232609997 0.0834239130435 0.0 0.0 0.25333098356670003 0.2377649172275 1.1012802437701001 0.9676649384513999 0.0 0.8133614547324999 0.8604560821068999 0.5320413407311 0.0666666666667 0.825220574859 0.6711581317078 0.1628520859862 0.0627615062761 2.9874170001825
0.0 0.0 0.0 0.0 0.0 0.0 0.0 0.0 0.0 0.222222222222 0.0 0.0 0.0 0.0 0.6666666666659999 0.222222222222 0.0 0.444444444444 0.444444444444
0.0 0.10757575757566001 0.051436781609130004 0.0 0.0 0.3472160023882 0.025 0.6713427377230899 0.61752500373083 0.0 0.7904500671747899 1.18675548589453 0.33832288401230004 0.051436781609130004 0.87223839379 0.6433124346907599 0.0642857142857 0.030303030303 2.2027989252110003
0.1619047619047 0.6714285714279001 0.1333333333332 0.0 0.0 0.16666666666649999 0.0999999999999 0.2999999999997 0.5000000000008 0.0 0.2333333333333 0.42380952380930004 0.0666666666666 0.0 0.1333333333332 0.7285714285717 0.0 0.0 0.3809523809529
0.2337403337401 0.4759462759463 0.32197802197900005 0.0 0.1018722018721 0.27439967439940005 0.6424908424907 1.7932437932457999 1.5409849409859 0.1087912087911 0.7281644281643 0.648310948311 0.8670736670727002 0.0 0.7603581603584001 1.1741961741941 0.42832722832729997 0.0 1.9001221001232
0.0 0.0 0.0 0.0 0.0 0.0 0.0 0.0 0.0 0.0 0.0 0.0 0.0 0.0 0.0 0.0 0.0 0.0 0.0
0.44189342403660004 0.5629238486381 0.17357906643592 0.17392032570580002 0.0965463108319 0.30495298352412 0.4579920740632 1.04903529010603 0.7932160432164 0.122448979592 0.7291921041916101 0.6888098673811 0.88672075279142 0.037037037037 1.11272061272051 0.6398515505653101 0.61280320208921 0.0787037037036 2.03765282336642
0.1361861238055 0.1170751973412 0.0361445783133 0.1068550062318 0.0240963855422 0.065475695887 0.0809306190279 0.2257582052348 0.9257997507269 0.0 0.1689239717491 0.2550893228083 0.18778562525980003 0.0 0.35853759867060003 0.7204819277109 0.158454507686 0.0206896551724 0.41171582883260005
0.32261904761893 0.1234126984126 0.13253968253963 0.174603174604 0.015873015873 0.015873015873 0.1059523809523 0.66309523809536 0.63968253968243 0.0166666666667 0.42698412698403 0.3746031746044 0.36190476190495996 0.015873015873 0.459523809524 0.44246031746096 0.4575396825407 0.0575396825396 1.19325396825393
0.0 0.0 0.0 0.0 0.0 0.0 0.0 0.0 0.0 0.0 0.0 0.0 0.0 0.0 0.0 0.0 0.0 0.0 0.0
0.0602918586789 0.08530106257360001 0.3135068743575 0.028033794162800003 0.028033794162800003 0.3431719795348 0.7290182935332 1.7446617409976 0.6590782140634 0.2221566312469 0.7741903746312 0.2504792372826 0.49793388429720004 0.0119047619047 0.3581013317078 0.837411610871 0.11530258597700001 0.0495867768594 2.8918351931589
0.1659090909093 0.1742424242425 0.1037878787879 0.12424242424243001 0.04166666666673 0.0 0.0750000000001 0.5015151515153 0.0583333333334 0.03333333333333 0.10757575757576 0.15757575757566 0.03333333333336 0.0 0.16212121212136002 0.11212121212119 0.0621212121212 0.01666666666666 0.07045454545449001
0.29718693284967 0.45462794918437 0.11206896551711 0.12568058076214 0.01724137931034 0.2563520871142 0.473230490018 0.64337568058034 0.8647912885674801 0.043103448275840006 0.34255898366584003 0.5444646098017 0.80580762250367 0.0394736842105 0.9482758620682701 0.8552631578943001 0.33892921960017003 0.07758620689647 0.7599818511790701
0.1739130434784 0.0869565217391 0.4565217391309 0.0652173913044 0.086956521739 0.0652173913044 0.1521739130434 0.3478260869563 0.1521739130434 0.0217391304348 0.1304347826087 0.3043478260878 0.0434782608695 0.0 0.32608695652229996 0.3478260869563 0.32608695652209996 0.0869565217391 0.8260869565219
0.136363636363 0.181818181818 0.0909090909089 0.0 0.0454545454545 0.0 0.136363636364 0.2045454545452 0.13636363636350002 0.0 0.1363636363634 0.0227272727272 0.5454545454555 0.0 0.0454545454544 0.0227272727272 0.0454545454544 0.0 0.2500000000001
0.0 0.0 0.0 0.0 0.0 0.0 0.0 0.0 0.0 0.0 0.0 0.0 0.0 0.0 0.0 0.0 0.0 0.0 0.0
0.1666640723578 0.13484462686030002 0.10302518136290001 0.0611620795107 0.0305810397553 0.40908312616459996 0.3934437973189 1.1325442283583 0.8855759289672 0.0458715596329 0.9893444215758 0.5329944998983001 0.5513026190624 0.0305810397553 0.6807084035673999 1.0512392677216 0.0318194454974 0.2549395216458 5.5142751409839
0.2791697371657 0.13289118152776 0.11238025055264 0.025423728813579998 0.03746008351758 0.11016949152517999 0.337140751658 0.44509948415642003 0.1271186440678 0.00847457627118 0.21898796364540002 0.58106116433326 0.2105133873744 0.00847457627118 0.3461066077131 0.26627364283976 0.04593465978876 0.1703512650455 0.53696880373448
0.192771283355 0.5789653763323699 0.47604583204042 0.08824251678600001 0.0120481927711 0.62369410766748 0.918473204747 3.23260559615644 1.54001788139412 0.07768199233712 1.28815150540435 1.21922856376979 1.0510436706836601 0.0 1.46980773174008 1.54785474978268 0.6213593411839801 0.12380902922050001 4.93819942462956
0.0734742840004 0.13120967362909 0.1019430512752 0.0975677169706 0.0 0.04638749571959 0.1921383485932 0.45491055742369996 0.4854218933811899 0.0242914979757 0.38521554769219996 0.6015413262079 0.4698829290344 0.0308641975308 0.44618935611329 1.0621088589137901 0.09497235668988999 0.0185185185185 2.2833623903277998
0.0 0.095890410959 0.0 0.013698630137 0.0684931506849 0.0 0.0684931506849 0.109589041096 0.027397260274 0.0 0.0684931506849 0.054794520548 0.041095890411 0.0 0.027397260274 0.027397260274 0.054794520548 0.013698630137 0.32876712328790003
0.061318326870890005 0.24578259291369 0.08660200066099999 0.00662251655629 0.00662251655629 0.9616566505877899 0.5208774732661 0.7529741910926799 0.61889232837368 0.0169491525424 0.8271325837585 0.5311440222643999 0.8617828944799801 0.02734790515729 0.8946227135612799 0.5649822403625 0.07438908323199 0.0 0.9403008077643901
0.5003288953284 0.3722179202161 0.46445016194980004 0.0612244897959 0.0 0.634101865961 0.5003288953282 2.0373941498264996 1.0722903604519 0.0612244897959 0.9833470719998001 1.1843312600456999 0.2766217870253 0.0 1.1157378496081 1.5064488463688999 0.0922322417338 0.122448979592 1.0152707349789
0.1687878787875 0.2281818181818 0.11575757575760001 0.2054545454545 0.0794736842105 0.3943381180223 0.2461403508773 1.0281339712932 0.9445773524713001 0.070303030303 0.5083572567786 0.5315948963318 0.7652631578945 0.0378787878788 0.6462998405103 1.024322169059 0.2276555023923 0.08 1.6974800637954
0.0 0.0 0.0 0.0 0.0 0.0 0.0 0.0 0.0 0.0 0.0 0.0 0.0 0.0 0.0 0.0 0.0 0.0 0.0
0.40026432008995005 0.52446218335856 0.28857297191160997 0.16426879035386 0.0480030721966 0.35408137597965 0.5152698039068501 0.9798503730773099 0.8914574264131 0.18663310481221002 0.8676741880349401 2.2577496090083002 0.89875587261941 0.0 0.96119656262036 0.82835106542242 0.31235824585676 0.06158590220621 3.45946513213862
0.0853982300885 0.16620462344241 0.07545305798962001 0.12390438542331 0.10290319667682 0.09431254868851001 0.27597087705760004 0.87610983370962 1.17856563309571 0.0426991150442 0.46595049854553 0.53412369702851 0.35258431070203 0.0563994188349 0.5734712072645999 0.65877900096831 0.21200108361930003 0.042699115044220005 1.08247016677412
0.20725747319114 0.13654040040354 0.15039510036264 0.2530459062751 0.0 0.03606477420024 0.22419572361989998 0.47359668992944 0.6798197661480401 0.03413510010078 0.13293965144732 0.3549471017242 0.18949923402238 0.0 0.40619066947784 0.49225020622494 0.66037244837864 0.2879944482995 0.28075530619433997
0.0 0.0 0.5 0.0 0.0 0.0 0.0 0.0 0.0 0.0 0.0 0.0 0.0 0.0 0.0 0.0 0.0 0.5 0.0
0.1883214598175 0.0782346109175 0.47645763791703 0.00787401574803 0.08508655930203 0.322044134727 0.63824180514083 2.03075725290516 1.4589823833008 0.14123112659690001 1.56377525979936 0.52196950990903 0.65502848729263 0.0 0.41581497434832 0.8663864577903301 0.5788192329612301 0.0152380952381 3.9557369962831
0.27322570819319997 0.40207127627200007 0.23240938166300001 0.1711848918671 0.1632653061224 0.0706670727992 0.5683825769115 0.8087115443199 0.1806274748704 0.0408163265306 0.1522997258604 0.35485836125549997 0.3219616204689001 0.0298507462686 0.4806579348154 0.41455985379149995 0.0 0.1727078891262 0.1617423088642
0.2487804878042 0.08514412416839999 0.06674057649660001 0.0485587583148 0.109090909091 0.0425720620842 0.29778270510000004 0.2190687361417 0.5973392461194 0.0 0.47937915742799997 0.4013303769399 0.20687361419050004 0.0243902439024 0.4006651884693 0.3097560975609 0.0547671840354 0.0121951219512 0.3955654101996
0.14404740949349998 0.0769230769229 0.1585401631167 0.0144927536232 0.0 0.1250953470633 0.072463768116 0.1304347826088 0.1540808543098 0.0 0.6254180602022001 0.1197559115182 0.1059085841693 0.0289855072464 0.5316552250192 0.1014492753624 0.20137299771199998 0.0769230769229 0.3324532065945
0.0 0.0337078651686 0.0224719101123 0.0 0.0112359550562 0.0786516853936 0.15730337078630002 0.0224719101124 0.0449438202246 0.0 0.0337078651686 0.2584269662927 0.0337078651685 0.0 0.056179775280900006 0.0112359550562 0.0674157303371 0.0 0.16853932584250003
0.0 0.102564102564 0.0 0.125 0.307692307692 0.0 0.278846153846 0.176282051282 0.0 0.227564102564 0.153846153846 0.6891025641040001 0.205128205128 0.0 0.125 0.051282051282 0.0 0.403846153846 0.153846153846
0.1741399510066 0.23880891934169998 0.0669598814652 0.0747412193322 0.0 0.42298043143840003 0.4961918530523 1.5308498022749 1.4435366867347 0.0640173587424 1.5423066522692 0.8750447232034001 0.4889347725081 0.0351141044922 1.3467368265342998 1.1574006944981998 0.15955468966140002 0.09913146323460001 4.7835499702107995
0.1040462427745 0.127167630058 0.0693641618497 0.0115606936416 0.0115606936416 0.2312138728317 0.19653179190720002 0.3121387283238 0.3699421965315 0.0 0.40462427745690005 0.18497109826609998 0.40462427745609997 0.0 0.32369942196600004 0.28901734104040006 0.0693641618497 0.0346820809248 0.8554913294797999
0.30955579645576 0.6736889489544601 0.32965826363401 0.21500534463832 0.15100499129106001 0.6607113141354001 0.8025069408950001 3.4565891793202304 1.6313373308969799 0.02939286659185 2.10938326751498 1.19366275625763 1.34703507138218 0.13251880955205 1.82817750169142 1.7754020667951398 0.71310617581515 0.17188321095114 6.4693801632207695
0.14648356967418 0.19272016076569998 0.12084526743886001 0.19683104992208 0.0528898728958 0.51503421035288 0.3027792205091 2.5969107525149395 1.2644431253261001 0.0268595041322 1.8738578035034799 1.0926488172234998 1.6739358204507 0.13125032167849998 1.1332602018194 1.7190493804242 0.15141211141064 0.0 5.80878880995788
0.059405940594 0.217821782178 0.09900990099 0.0 0.1584158415842 0.019801980198 0.09900990098999998 0.37623762376229997 0.079207920792 0.019801980198 0.05940594059399999 0.1980198019803 0.1188118811881 0.0 0.079207920792 0.039603960396 0.039603960396 0.079207920792 0.2574257425752
0.32212938878569997 0.271419681825 0.21515701718469998 0.2387363855115 0.1306796040836 0.9292262578098001 0.4107479530272 2.0206290372135003 1.5147573861782 0.0212765957446 1.2663268918452 2.0445137036005 0.9746743009807 0.12837683150169998 1.5469636095032 1.1240909825482002 0.3396863553122 0.0688956433636 2.4317123739879998
0.2971920835845 0.41423046011619 0.10071328109298999 0.0138888888889 0.01687763713078 0.14240506329118 0.15134619248529 0.36369801084969 0.38411693791418 0.0 0.27988748241949 0.20142656218599 0.09229957805909 0.10970464135 0.45107494474556004 0.7097146875636801 0.05605786618439 0.0253164556962 0.19004922644179
0.14937594415968 0.31768556351478006 0.359015947446 0.2549170046677 0.1949293135184 0.5685236917754 0.83533402085938 1.7425461614939801 1.8163687721898003 0.1289226320858 0.99516920519286 0.89583457410878 1.0781427853089998 0.015037593985 1.2433528797507 2.3249718164032798 0.39864642144298 0.1050685126355 3.5761571594601795
0.0 0.0 0.0 0.0 0.0 0.0 0.0 0.0 0.0 0.0 0.0 0.0 0.0 0.0 0.0 0.0 0.0 0.0 0.0
0.5601214701391 0.9503076392161 0.3552645478226 0.1783944817335 0.14240375267549998 0.8641734016116001 1.2108997225859 2.7501582559060003 1.59144106278 0.2481843818858 1.740982962433 1.3960466122342001 1.1972780868948 0.0185185185185 1.500857798115 1.8366433799403001 0.6695457831566 0.1262158893736 3.6625622529730997
0.173519736843 0.32472884084769993 0.0762530800907 0.1975887660104 0.0276068960279 0.5025655367212 0.6566031028746999 1.1978131963879 0.7400002876426 0.0326574010784 0.6503987342251 0.5566767702729 0.306302735195 0.010101010101 0.5425397985706999 1.1334630038562001 0.40995586609629997 0.0574584609672 0.40376677618940005
0.2157675797006 0.2093448382133 0.191726352931 0.47229917397200005 0.0401337792641 0.1163683255393 0.3592749502639 1.0322227026365 0.6654341094578999 0.0116959064327 0.419416944044 0.2167027736998 0.4243851502964 0.0217293512487 0.7170953652939001 1.0791045000011 0.4444125434114 0.1171542682728 0.2457313853193
0.1 0.04 0.12 0.0 0.06 0.0 0.0 0.06 0.0 0.04 0.06 0.12000000000000001 0.16 0.0 0.06 0.04 0.02 0.04 0.08
0.12268618166154 0.18047352561332003 0.29787220958134997 0.045815140520219996 0.026013160322219998 0.78512432609754 0.9578709796445699 2.9175913740443495 1.62571551565151 0.13751921776025 2.37635979746734 1.30112621199997 1.5920779779847898 0.15815837484452 0.9121960519039198 1.9208314371816702 0.24876780845864999 0.10236926798280001 6.291431441280949
0.134195216548 0.4318681318679 0.1212023270845 0.2600517129925 0.052941176470500007 0.20943762120200002 0.3765998707172 0.7002585649635 0.5168067226895 0.134195216548 0.33063994828669996 0.5544279250157 0.169489334195 0.0882352941177 0.5354234001294 0.534453781513 0.299030381384 0.17414350355519997 0.376599870717
0.40570192933540006 0.3607079125814 0.38003484978880003 0.28134066718420003 0.1637016354207 0.3800348497888 0.544918438897 1.1855940209517999 0.7149602166562001 0.2098020280057 0.7070560325824999 0.9827430562832 0.7268028467651 0.0263157894737 1.3036907186198001 0.6420485797659999 0.36704805492000003 0.30131631431969996 1.3161820586588
0.0504761904762 0.1114285714285 0.1114285714285 0.09333333333339999 0.0133333333333 0.0742857142857 0.23619047619050001 0.5514285714288 0.2409523809524 0.0133333333333 0.24666666666659998 0.1380952380952 0.1409523809523 0.0238095238095 0.2066666666664 0.278095238095 0.09809523809529999 0.04 0.33142857142860005
0.125 0.09375 0.0 0.03125 0.0 0.0 0.0625 0.0 0.09375 0.0 0.0 0.21875 0.125 0.0 0.21875 0.0 0.03125 0.0 0.0
0.19829059829040002 0.20317460317480002 0.1714285714288 0.0888888888888 0.36898656898630006 0.0 0.4974358974353 0.5284493284496 0.1015873015872 0.43174603174579995 0.4063492063492 0.3245421245421 0.42686202686240005 0.0 0.1777777777774 0.2603174603176 0.0769230769231 0.25470085470049997 0.48253968254040003
0.0695414951659 0.15353690054529998 0.2748157365744 0.0645161290322 0.0839954053793 0.37661529625629997 0.412223604862 1.2595003350254 0.8627835742315001 0.114578347851 1.1459749210297 0.7081937398305 0.5529817172388 0.0 0.8728343064987001 0.8133435436002001 0.1807695989276 0.0322580645161 2.0215372834309
0.36937062937049997 0.5916083916082 0.1320745920744 0.203916083916 0.2575291375289 0.2610722610721 0.2915384615389 1.0754545454547 0.7843822843816 0.11983682983669999 1.0139860139859 0.7499067599068001 1.2039160839148 0.0192307692307 1.3006060606058 0.7039160839164 0.4988344988335 0.2823776223776 1.1404428904445
0.6384347372749399 0.9443643453001801 0.75506926050074 0.43153525235997997 0.10492692400928001 0.9169884045669999 1.35703972812368 3.90332218961064 3.0568387728214996 0.13025570579906 2.6211231596967997 1.78003489281564 1.96871925885664 0.27301688334746 2.57341307506734 2.16115541710848 0.66471736655598 0.28270121972682 4.4363434064632
0.53636454117412 0.3634961849844 0.2813957591488 0.3749969080519 0.0899320956155 0.7152941484332 0.6161004947551 2.9002766395866604 2.01473181522632 0.1110962829217 1.6851020566807602 1.6239448154968998 1.7095667450843202 0.1699963192849 2.10107280937464 2.01323653169542 0.5407053035919 0.17061663461180002 4.98207391428512
0.1333333333337 0.133333333333 0.0266666666667 0.0 0.0266666666667 0.0266666666667 0.26666666666669997 0.1066666666668 0.0533333333333 0.0533333333333 0.1599999999997 0.1066666666667 0.1066666666667 0.0 0.18666666666639997 0.0533333333334 0.0266666666667 0.1599999999997 0.373333333333
0.18502232696589999 0.6944905418673 0.18260426141839997 0.0755395683453 0.1965970961885 1.0219296292687 0.49274089035290003 2.6556716318987 1.6570662582052 0.0499999999999 1.4792541117191 2.0538575896243003 1.4543586072097001 0.0501798561151 2.5175825861727996 2.1856072478355 0.26110146365700004 0.1286281319771 1.6577682011875
0.0834741784037 0.36056338028156004 0.23098591549296002 0.036807511737 0.0234741784037 0.24403755868515997 0.1872300469484 1.2364319248823201 1.44676056338066 0.0 1.0369953051644 0.62140845070456 0.5211267605633 0.234741784037 0.60488262910782 1.35201877934338 0.053333333333299995 0.04666666666666 0.67906103286368
0.12323109650601 0.26750474335151 0.12675250357631002 0.29553466372041 0.0171673819742 0.399625964994 0.33680063353480993 1.75150802323992 1.52768808671161 0.11185652534111 0.8864565578933199 0.70849678428371 0.9806762732076099 0.07264007995761 1.4651941855420099 1.34217341008292 0.2702293505634 0.03080591320931 2.28565782230741
0.0 0.0 0.0 0.0 0.0 0.0 0.0 0.0 0.0 0.0 0.0 0.0 0.0 0.0 0.0 0.0 0.0 0.0 0.0
0.33296204740749 0.47726008565857997 0.11931174889608999 0.09035447841769001 0.10263592590678 0.36640562380520003 0.53323728614609 1.33778929696577 0.7676705378372 0.008547008547 1.06011531891426 0.9327463732132001 0.5688440485916 0.016713091922 1.0496648572099898 0.8346969656280001 0.3581705700272 0.0541200114843 2.98875472342429
0.0618519228677 0.2843830827559 0.1493448713763 0.4202102204796 0.013698630137 0.20358026416390002 0.30612537635009995 1.0505676602944 0.8301929591263001 0.045019054742299995 0.5625196072835 0.43053595687249996 0.5040840008214 0.0681203988445 0.6071384754691 0.7516645948011 0.12232036294269999 0.0136054421769 0.5750371184955001
0.1215440792905 0.2984412561877 0.24060175609460002 0.24658940433569998 0.0841130700285 0.08596765779860001 0.5703937168729 1.0481776960652 0.8889647650213 0.0561410420565 0.233629177291 0.3033214047298 0.38826327558720003 0.0281690140845 0.5503456376695 0.8198299353224001 0.7867734769143999 0.021393421393400003 0.22734021325569997
0.1854545454546 0.1909090909091 0.2163636363636 0.02 0.2109090909091 0.0 0.02 0.2672727272726 0.02 0.04 0.02 0.1854545454545 0.28727272727299996 0.0 0.1054545454545 0.02 0.0 0.1509090909091 0.06
0.1262122905027 0.5302671088562 0.6382930341968001 0.08807317821840001 0.1111793234697 0.5039433790974 1.0092330367834002 3.6779367984939 1.8861579371532 0.1111793234697 2.4338928424476 1.6034374692231999 1.5462076352273 0.090659217877 1.8719894041534002 2.398155084427 0.6966809503350001 0.1065741114941 3.5699278745685996
0.0 0.0 0.0 0.0 0.0 0.0 0.0 0.0 0.0 0.0 0.0 0.0 0.0 0.0 0.0 0.0 0.0 0.0 0.0
0.1142857142857 0.13714285714320001 0.0457142857143 0.0457142857142 0.0 0.1028571428575 0.1028571428571 0.20571428571419997 0.36571428571389997 0.0 0.1028571428571 0.1371428571427 0.09142857142869999 0.0 0.21714285714349998 0.1142857142858 0.0342857142857 0.0228571428571 0.16000000000019998
0.1400491400494 0.281326781327 0.2171556583315 0.027027027027 0.0995085995086 0.3132678132675 0.3487498193379 0.39926289926249997 0.4038878450639 0.0675675675676 0.588813412343 0.38560485619269996 0.090909090909 0.0 0.3353808353806 0.46300043358820003 0.1901286313045 0.058968058968 0.5893915305676
0.0 0.0172413793103 0.0 0.0 0.0 0.0 0.0689655172415 0.0689655172413 0.1724137931034 0.0 0.0 0.0862068965517 0.0 0.0 0.0689655172415 0.22413793103430002 0.0862068965518 0.0 0.2068965517243
0.0 0.0 0.0 0.0 0.0 0.0 0.0 0.0 0.0 0.0 0.0 0.0 0.0 0.0 0.0 0.0 0.0 0.0 0.0
0.050717256599600004 0.14551167356901 0.061116472107130004 0.057296203967910006 0.0293268822681 0.12522644624033 0.10220013045099999 0.5163091552413199 0.44945809264722003 0.01122598162071 0.35577719923684 0.39137868065942 0.27432356515223 0.0106951871658 0.36099020948113003 0.38972514843293005 0.06247403267522 0.0320855614973 0.5741621209883301
0.20147679324919998 0.3335091420543 0.30274261603380004 0.1290436005628 0.13994374120949998 0.25316455696280005 0.3315752461316 1.0225035161727998 0.9500703234866 0.0307665260197 0.6214838255982 0.5787623066101 0.9163150492257999 0.0 1.3124120956415002 0.6860056258803999 0.5033403656819 0.1448663853726 0.5420182841066
0.18720332937474 0.51931869810084 0.35276254144052 0.22264356380982 0.1865815065851 1.3156700419331202 0.6400617445182201 3.3289485931566403 1.5495248230831 0.1411383779089 1.6014830655193202 1.01448685942704 1.2763332337667002 0.1456066907203 2.16830321938246 1.2175352308173402 0.36391421086461995 0.11295483001652001 2.6555294395726
0.11289316360177 0.2873235544179 0.15862521088117 0.18890284070277 0.03496840130337 0.36549218725199 0.19730627335796 0.93619794499617 1.08563744418336 0.0192307692307 0.64457122823996 0.73817335778474 0.63668843452896 0.06879813863920001 0.7356927978652 0.87259767060039 0.47974242742134 0.0192307692307 1.41792738575998
0.1281690140844 0.392253521127 0.20892018779330002 0.0 0.6755868544607 0.0563380281689 0.0845070422534 0.0845070422534 0.0563380281689 0.12816901408450002 0.0845070422534 0.1537558685445 0.2 0.0 0.0704225352113 0.2934272300472 0.0422535211266 0.25633802816900003 0.0845070422535
0.07098526346852 0.37827731808541 0.23133303488794 0.00537634408602 0.12392817387431002 0.54466303243821 0.4505381873124101 1.14552984785414 1.0258675523490401 0.04823269183462 1.32349218496315 1.2284499588445201 0.66854352134191 0.0471163245356 1.5319045663631101 1.03131037890113 0.34001932734503 0.09272727272720001 0.7117050187895599
0.21218825422339999 0.5720702601229001 0.2585047695667 0.1775093965358 0.0593035283301 0.4067933868822 0.2676703827147 1.4259876472253 0.7448579771589999 0.074074074074 1.1171991725086001 0.5874356715061 0.47641182154500006 0.0 0.8830913432676 0.9840822893925001 0.1785448245624 0.11067693368590001 0.46359826669549997
0.09956038395229999 0.2905537897116 0.0333333333333 0.1097126682163 0.018691588785 0.14051899995290001 0.11581510824340001 0.5691549251225 0.8427202428965 0.0203045685279 0.4367632873161 0.4234475069975 0.5960640131569 0.010152284264 0.6517893005684999 0.6838591331023 0.192606385502 0.0686915887849 0.6962608915660999
0.0 0.0 0.0 0.0 0.0 0.0 0.0 0.0 0.0 0.0 0.0 0.0 0.0 0.0 0.0 0.0 0.0 0.0 0.0
0.2051652408645 0.61791696333 0.44614311613688 0.1191071483286 0.0 0.38162992714409 0.6277217860774901 1.71187884396707 0.9309286070787699 0.04553420963929 1.09276946254709 0.6982436488069 0.84454386022337 0.0186046511628 0.9585921770180801 0.7789206697397 0.3719643349564 0.1083169097359 1.0420184432450903
0.1852102884949 0.3628084810566 0.1490267639901 0.1875912408759 0.0571428571429 0.0656934306569 0.38899895724739997 0.6808133472362999 0.3642509558571 0.0 0.38470629127550005 0.2880257212374 0.47229753215180004 0.0119047619047 0.6346715328463999 0.6494612443518 0.36233924226610004 0.059993048314099996 0.695064303093
0.1707459207458 0.1963869463868 0.1765734265733 0.07109557109560001 0.12820512820500002 0.1590909090906 0.4813519813525 0.6404428904428001 0.8881118881110001 0.0 0.2418414918413 0.24184149184130002 0.3502331002328 0.025641025641 0.5064102564097 0.4609557109558 0.9965034965025 0.0227272727273 0.2418414918414
0.220588235294 0.0588235294118 0.08823529411770001 0.0147058823529 0.0441176470588 0.0147058823529 0.0294117647058 0.0882352941176 0.0441176470588 0.0294117647058 0.0147058823529 0.10294117647050001 0.0 0.0 0.1176470588236 0.0294117647058 0.0 0.0882352941176 0.0147058823529
0.0861992113835 0.30549092601219996 0.2572126570501 0.1551247826405 0.1916007445322 0.4055901153534 0.38290514560009997 1.7598062746447 1.0256839166328 0.1949744067009 1.8005375817387002 1.1309274815706 1.368176140677 0.195439739414 1.03493424114 1.5614582057739999 0.1631480982586 0.1113871813083 1.869403149569
0.0307692307692 0.0307692307692 0.0307692307692 0.0 0.0307692307692 0.0 0.18461538461539997 0.21538461538439999 0.0615384615384 0.0 0.1846153846152 0.1538461538461 0.0923076923077 0.0307692307692 0.30769230769239997 0.2769230769232 0.1230769230768 0.0 0.2461538461538
0.19534161490745 0.13716356107655 0.0865424430642 0.09389233954445 0.0 0.02142857142855 0.1008281573499 0.29534161490665 0.32391304347795 0.00714285714285 0.1947204968951 0.39026915113859995 0.1008281573498 0.03612836438925 0.48312629399555 0.2886128364389 0.10797101449285 0.0287784679089 0.10797101449265
0.0871143375681 0.326923076923 1.1343062563578 0.1954887218044 0.0526315789474 0.1379310344827 0.3389142617817 0.7806286272712 0.6034482758621 0.0 0.2173171655929 0.6803713527856 0.31215970961940004 0.0 0.25952813067180003 0.24933687002639998 0.0 0.105263157895 0.5186374424125
0.0 0.0 0.0 0.0 0.0 0.0 0.0 0.0 0.0 0.0 0.0 0.0 0.0 0.0 0.0 0.0 0.0 0.0 0.0
0.0 0.0 0.0 0.0 0.0 0.0 0.0 0.0 0.0 0.0 0.0 0.0 0.0 0.0 0.0 0.0 0.0 0.0 0.0
0.0803066989507 0.191897906599 0.14306820522670002 0.0714707839024 0.0815173527037 0.2698018715325 0.2483528692661 0.960995674065 0.7387706376783 0.0364040375386 1.0603064287908 0.8692021167023001 0.6660469875485 0.0112994350282 0.8719189115271 0.9006554752952 0.10536908898710001 0.0564971751412 0.6361183435159
0.2011429339787 0.4400363049617 0.13795885437670002 0.3733696382952 0.34309533414000004 0.1883824122636 0.5314777464031 1.0666263278199 0.6510689794269999 0.0902111066289 0.5640648110794 0.388295011429 0.7028102729596001 0.0 0.8316391017876 0.5334072878852 0.2061315046387 0.19657792120470002 0.5537044507179
0.531692680878 0.7708012858736499 0.4480225293226 0.37520377022215 0.2470094273624 1.13610736812675 1.1234406444558 3.5781842933920998 1.6720462195080004 0.2821401982189 2.17648775685395 1.4250326147732002 2.3010281092703004 0.1644333265168 2.3572351779884 1.7314623276055 0.62252726240655 0.1298599655622 2.927285041648
0.057218734910699995 0.1900048285851 0.0091743119266 0.1465475615645 0.0045871559633 0.04128440366969001 0.08932882665379001 0.25881216803509 0.5540801545152001 0.0091743119266 0.07798165137609 0.26098503138568996 0.1465475615645 0.0045871559633 0.26122646064709 0.53573153066238 0.13737324963807998 0.0091743119266 0.20618058908748
0.0 0.0 0.0 0.0 0.0 0.0 0.0 0.0 0.0 0.0 0.0 0.0 0.0 0.0 0.0 0.0 0.0 0.0 0.0
0.0696663863191 0.1079848102556 0.0419245811776 0.0630037496495 0.071654040404 0.45638775794080005 0.1510411357052 0.9239695100711 0.7004169640049001 0.1070075757575 0.7388115809053 0.5724551284499999 0.6661935800390001 0.0488418138492 0.7155684791562 0.6744145884833 0.0961630869248 0.0 0.7944952309056001
0.2489807264637 0.1070738773538 0.1100917431192 0.24402462578500003 0.0275229357798 0.3479131670755 0.3987238253286 2.7702409532037002 0.9443641569362999 0.0328947368421 1.0562836215737 0.8333602532618 0.6985959698323 0.0 1.1830739385624 1.0886249413432 0.28586244652799997 0.07514825796880001 0.5472198230419
0.1582795591051 0.3690922991492 0.0897624783597 0.19505999853330003 0.08812492388240001 0.6006275932234 0.266446440185 1.0236576646489 1.1199150283026 0.0495360785215 0.7398914039193 0.8162577191592 1.025465365791 0.0578856374463 1.2138733709940002 1.0956259713904002 0.2313035552342 0.0320302033856 0.8271647087658001
0.0 0.0 0.0 0.0 0.0 0.0 0.0 0.0 0.0 0.0 0.0 0.0 0.0 0.0 0.0 0.0 0.0 0.0 0.0
0.12345957108630001 0.34719243060091 0.1016708485409 0.09515961138090001 0.0366581616168 0.30884069122541 0.20585943472281001 0.81200677617624 0.8154240673061 0.031914893617 0.5411971683119099 0.35040581764761003 0.3539676346894 0.026958413926409998 0.64987436317302 0.36950258755431 0.29049894889530997 0.05944525904211 0.47996332048431
0.1651869787462 0.6896060344256001 0.24764061475016 0.361910209185 0.0752242926156 0.38590180705346 0.36198013586910005 1.4947599811380399 0.6754728610610801 0.031746031746 1.0332056552329 0.7717336874243 0.5222467179069 0.1453318559078 0.82590261987646 0.8212168916562801 0.51884511341778 0.1260717502426 0.74601676174168
0.00869565217391 0.06956521739131 0.0 0.0347826086957 0.0 0.01739130434782 0.02608695652171 0.12173913043491 0.17391304347851 0.0 0.03478260869562 0.0695652173913 0.05217391304341 0.00869565217391 0.13043478260860003 0.18260869565222 0.00869565217391 0.0260869565217 0.03478260869562
0.0 0.0 0.0 0.0 0.0 0.0 0.0 0.0 0.0 0.0 0.0 0.0 0.0 0.0 0.0 0.0 0.0 0.0 0.0
0.10413748015329001 0.23107540014849 0.07382014244820001 0.08004109461089 0.00775193798449 0.1791833916677 0.17765240584588998 0.77008148229505 0.5133787107825699 0.02379116878665 0.63936924622509 0.55121784839388 0.5632526250448999 0.0406709711774 0.6054014335637901 0.48262302712069 0.23260148392693 0.00775193798449 0.71619821183734
0.0 0.0 0.0 0.0 0.0 0.0 0.0 0.0 0.0 0.0 0.0 0.0 0.0 0.0 0.0 0.0 0.0 0.0 0.0
0.21497678018580002 0.2404411764708 0.1044117647059 0.1044117647059 0.1208591331269 0.166447368421 0.2748065015479 1.0198142414879 0.6785603715166001 0.195394736842 0.1877708978326 0.311842105263 0.4768188854486 0.0294117647059 0.6574303405576 0.38730650154810004 0.1882352941176 0.078947368421 0.5621130030957
0.0204081632653 0.0204081632653 0.0816326530612 0.0408163265306 0.0204081632653 0.0 0.0204081632653 0.204081632653 0.0204081632653 0.0 0.0204081632653 0.1836734693882 0.1224489795918 0.0 0.1020408163265 0.0204081632653 0.0408163265306 0.0408163265306 0.0408163265306
0.0 0.0 0.0 0.0 0.0 0.0 0.0 0.0 0.0 0.0 0.0 0.0 0.0 0.0 0.0 0.0 0.0 0.0 0.0
0.10344827586210001 0.0 0.0 0.0344827586207 0.103448275862 0.0 0.0344827586207 0.10344827586210001 0.0344827586207 0.0689655172414 0.10344827586210001 0.0689655172414 0.0344827586207 0.0 0.0344827586207 0.0344827586207 0.0689655172414 0.0689655172414 0.10344827586210001
0.049504950495 0.0775701630313 0.212908508896 0.009900990099 0.0 0.648626516788 0.62056130425 0.717933447481 0.5149259286837 0.0 1.5695674830647999 1.0661803022424 0.9110399761788999 0.0 1.2295838606441 1.432591379439 0.0874711531303 0.0 0.851634035584
0.19292604501650001 0.0385852090032 0.0192926045016 0.0771704180064 0.0385852090032 0.0964630225081 0.4244372990349 0.5787781350490999 0.4823151125416 0.0 0.5980707395511999 0.5209003215436 0.5209003215438001 0.0385852090032 0.9839228295815 0.8102893890669 0.2893890675241 0.0192926045016 0.2700964630229
0.3921388352027 0.6229485394183001 0.26284858066534 0.172118467482 0.0527777777778 0.8040283563025201 0.6998835862968 3.1590780919105605 1.9060229450922 0.01960784313724 1.79847779516822 1.20713915040182 1.5493052763564998 0.16257254384932 1.1666001234937 1.6423266107603403 0.5163224086429 0.1535800884323 1.7122229796072
0.42323054764354 0.68644717478814 0.06662532727022 0.1332506545404 0.0 0.35268042843549996 0.27452404865119995 1.31515255240662 0.80371674177124 0.0 0.69435948760026 1.10194783962632 0.7790816849139199 0.0804650102575 1.6194942192999202 1.15561674421804 0.7171747710391001 0.030039961416520003 0.7661928061229999
0.0 0.0 0.0 0.0 0.0 0.0 0.0 0.0 0.0 0.0 0.0 0.0 0.0 0.0 0.0 0.0 0.0 0.0 0.0
0.24076896440499998 0.6905975531521 0.2980692167576 0.2674377227391 0.10131332082540001 0.31834002177949994 0.7544973741583001 3.0326678709781008 1.3874314835465 0.0243902439024 1.8765168679996 0.9156284645186 1.1963952069358998 0.0143540669856 1.4249491675944 1.3976267082822997 0.34743772273900003 0.1077777777777 1.6038002449223998
0.09617931147413 0.14092671178529997 0.10030295586666998 0.07795996069757001 0.00966183574878 0.21620404487035 0.18386357668616998 0.7392257261205899 0.44902266380948 0.00847457627117 0.49543836838668 0.22605011053816 0.56477834528968 0.05557602554657 0.6092525771009699 0.68180246035323 0.09438924605481 0.09193178834308 0.15895971505766
0.1727584740928 0.2354793179482 0.0706857042129 0.169800414808 0.0451127819548 0.28356512801870004 0.33884677475970004 1.2059635120708998 1.1851724686096998 0.11684950080100001 0.6778101816593001 0.8675877097481 0.9381766233171001 0.0588235294117 0.5951790775032 0.9278911263906 0.1638693274073 0.0765583196177 0.8698700276696
0.0 0.0 0.0 0.0 0.0 0.0 0.0 0.0 0.0 0.0 0.0 0.0 0.0 0.0 0.0 0.0 0.0 0.0 0.0
0.1641157114736 0.4077413668638 0.54166925353313 0.03679559611761 0.06930977519211 0.31661791183151 0.25631165112693005 1.4057960428857401 0.72837653096902 0.0607627666451 0.58284000258033 0.29392408854003005 0.58810747245423 0.0169491525424 0.9067875737864499 0.55928429607368 0.36146262068484003 0.043956043956 0.65919214274092
0.10506613669619999 0.2203907070085 0.048924837246 0.2008285657919 0.0 0.14489672153900002 0.3324248823037 0.7904327685349 0.42167715160479996 0.021897810219 0.4903808918407999 0.2988876954815 0.5157785522749999 0.20942597098329999 0.9607661189176 0.7543504575142999 0.1912764345852 0.0465891682437 0.246005129217
0.0204081632653 0.1963718820862 0.1260770975057 0.155555555556 0.042630385487500005 0.0222222222222 0.2317460317461 0.44489795918400005 0.5433106575965 0.0222222222222 0.1038548752834 0.4004535147395 0.1945578231291 0.088888888889 0.4467120181404 0.22040816326510002 0.5210884353747001 0.0222222222222 0.19637188208620002
0.142857142857 0.125 0.1071428571429 0.07142857142850001 0.0714285714286 0.0 0.0357142857143 0.08928571428570001 0.0178571428571 0.0535714285714 0.0178571428571 0.1428571428572 0.0178571428571 0.0 0.08928571428580001 0.0 0.0 0.0178571428571 0.0
0.1443016033511 0.2109804488024 0.0666788454513 0.0605228946989 0.0642954856361 0.44005488949860005 0.44983898513939996 1.4690290676440998 1.0526633302475001 0.1395348837212 1.4419794206854002 1.1200686543581 1.160713223611 0.10703452260570001 1.063318350596 1.0403726708078 0.3404211027179 0.07677307525640001 1.5514185451735
0.2532894736847 0.31907894736889997 0.1066729323308 0.09351503759390001 0.1875000000004 0.0662593984962 0.4135338345868 0.5075187969921 0.14614661654119998 0.0803571428571 0.19924812030060002 0.2937030075191 0.1203007518798 0.0267857142857 0.4938909774436 0.15883458646600002 0.0399436090225 0.2678571428574 0.2255639097744
0.1388888888888 0.10727969348659999 0.08141762452101 0.025862068965469998 0.0 0.0344827586207 0.07950191570877 0.20402298850560002 0.28160919540249996 0.0 0.16475095785427002 0.088122605364 0.07758620689654 0.0277777777778 0.20785440613023998 0.16954022988497 0.0708812260536 0.11973180076617 0.12068965517244
0.0 0.0999999999999 0.0 0.0 0.0 0.0 0.0 0.0 0.0999999999999 0.0 0.2 0.4 0.0 0.0 0.0 0.0 0.0999999999999 0.0 0.0999999999999
0.4000000000002 0.133333333333 0.0666666666667 0.166666666667 0.0 0.1333333333334 0.0 0.3222222222219 0.1222222222222 0.0 0.0 0.19999999999969997 0.3444444444447 0.0 0.2666666666664 0.2666666666667 0.111111111111 0.0 0.46666666666670004
0.0 0.0 0.0 0.0 0.0 0.0 0.0 0.0 0.0 0.0 0.0 0.0 0.0 0.0 0.0 0.0 0.0 0.0 0.0
0.0230769230769 0.20100732600760002 0.06698717948710001 0.0912087912087 0.0208333333333 0.3711080586078 0.0625 0.7258241758241001 0.6853937728944001 0.06478937728930001 1.0264652014649 0.6786630036638 0.6909340659344 0.0450549450549 0.5788003663001 0.6774725274723 0.2054945054945 0.0230769230769 0.7613095238107
0.1986531986532 0.3636363636362 0.060606060606 0.0757575757576 0.037037037037 0.1885521885521 0.19191919191950002 0.9326599326598999 0.3653198653198 0.0185185185185 0.2255892255891 0.41245791245810004 0.37037037037049997 0.106060606061 0.5134680134678 0.4764309764312 0.181818181818 0.107744107744 0.1734006734005
0.12746843049242 0.34943021131522 0.14437688795586 0.08233488411623 0.08022645677983 0.32149500121206 0.30327143168842996 1.1294691676549597 0.67022719042309 0.04637629699766 0.47191315052602995 0.9015693776493 0.63122025180803 0.08896061133010001 0.82319077828102 0.81459966412492 0.45917380051583 0.0716652858326 0.48303112129588
0.1666376407755 0.3290955532334 0.0867003367003 0.1296296296296 0.037037037037 0.22053872053859996 0.1481481481482 0.6741263206775 0.5672820155575999 0.0 0.21632996632990004 0.392168814583 0.5082723789625 0.0909090909092 0.9418030883553999 0.6985080691971999 0.2205387205387 0.0555555555555 0.5167189132707
0.0 0.0 0.0 0.0 0.0 0.0 0.0 0.0 0.0 0.0 0.0 0.0 0.0 0.0 0.0 0.0 0.0 0.0 0.0
0.0217391304348 0.0676958250879 0.0705248900075 0.0326086956522 0.0 0.0897855866588 0.0676958250879 0.3546561893604 0.4086533843114 0.013698630137 0.2767920613269 0.1925685411824 0.3947722338568 0.0322580645161 0.222348171915 0.4843032527050001 0.0108695652174 0.013698630137 0.24533132240779998
0.1182446160096 0.3792500848737 0.2075996277864 0.07634421653109999 0.018691588785 0.3988744588748 0.3830825817818 1.0078551815243002 0.5543043249587001 0.0194805194805 0.7022467198249001 0.6409402787380001 0.5640755966234 0.0584415584415 0.6464027398850001 0.6092155196827 0.3990010395936 0.0568636970505 0.159085649553
0.1842740383976 0.3610352067827 0.12287848134990001 0.13698640370530002 0.09960270829830001 0.43076103974220004 0.36461000284379996 0.8846961211711 0.9265351643826 0.0 1.0720504898497 0.7749646377504 0.7395951844463 0.0434278350515 0.7746967456342 1.0168984970753 0.2106651939125 0.1294506462984 0.7268716033070001
0.0 0.0 0.0 0.0 0.0 0.0 0.0 0.0526315789474 0.105263157895 0.0 0.0526315789474 0.105263157895 0.0526315789474 0.263157894737 0.1578947368424 0.1578947368424 0.0 0.0 0.0526315789474
0.30315651052399994 0.41308957782510003 0.04752605745979 0.22819380766400002 0.10308161301539001 0.5654286846339 0.4188034188036 0.7712270253660699 0.56283658394618 0.0208333333333 0.7608889454916901 0.37439202629599 0.5908240949633001 0.11773362766729 0.8225116035544799 0.6959590722006799 0.32065837032708 0.0918803418803 0.79097530504869
0.065641025641 0.2384876140809 0.07929824561399999 0.1108213820078 0.0519568151147 0.1201880189391 0.2424273199295 0.7048221597014002 0.3068276950527 0.0 0.6649077060313 0.42647224318939997 0.2636670555137 0.0 0.6729687321300999 0.6205315766601001 0.2545200027449 0.0169491525424 0.1595132551065
0.1071428571428 0.1775974025974 0.08928571428570001 0.0544372294372 0.0285714285714 0.040151515151500006 0.19729437229430002 0.5042207792206 0.4525974025974 0.0142857142857 0.19264069264060002 0.43376623376620005 0.1997835497835 0.0 0.39794372294370006 0.47012987013019997 0.4107142857146 0.07857142857140001 0.1508658008658
0.1224489795923 0.0816326530612 0.061224489795900006 0.0 0.061224489795900006 0.0 0.12244897959190001 0.14285714285720003 0.0 0.061224489795900006 0.0 0.0816326530612 0.061224489795900006 0.0 0.0816326530612 0.0204081632653 0.0 0.0816326530612 0.0204081632653
0.0454545454545 0.19453603391410001 0.19253414978800001 0.0454545454546 0.0227272727273 0.227979274611 0.3248940179003 1.2775553462103002 0.4987046632125 0.062176165803 0.7126707489414 0.490697126707 0.5381535562878 0.041450777202 0.4205134243991 0.5154262835614 0.0 0.0454545454545 0.34361752237369997
0.0392156862745 0.1176470588236 0.0392156862745 0.0 0.0 0.0392156862744 0.0588235294117 0.0196078431372 0.0 0.0392156862745 0.0196078431372 0.07843137254890001 0.0392156862745 0.0196078431372 0.1568627450981 0.21568627450959998 0.0196078431372 0.0 0.0980392156861
0.12333965844389999 0.1967287096063 0.1288830138797 0.1617735894653 0.0518836748183 0.0767186178566 0.3630791207393 0.5375917674071 0.16563972453780001 0.0588235294117 0.14220128065730003 0.37736392128460006 0.3548920111719 0.0430107526881 0.40870875352700003 0.3927467326184 0.21698683097779997 0.0588235294118 0.14080478149950001
0.0655737704918 0.1639344262295 0.6327868852459 0.23278688524590002 0.0327868852459 0.09836065573769999 0.0327868852459 0.2295081967213 0.0655737704918 0.0 0.19672131147539998 0.0655737704918 0.2622950819672 0.0327868852459 0.4295081967213 0.0327868852459 0.0327868852459 0.0327868852459 0.3606557377057
0.0 0.0 0.0 0.0 0.0 0.0 0.0 0.0 0.0 0.0 0.0 0.0 0.0 0.0 0.0 0.0 0.0 0.0 0.0
0.0 0.0 0.0 0.0 0.0 0.0 0.0 0.0 0.0 0.0 0.0 0.0 0.0 0.0 0.0 0.0 0.0 0.0 0.0
0.0 0.0 0.0 0.0 0.0 0.0 0.0 0.0 0.0 0.0 0.0 0.0 0.0 0.0 0.0 0.0 0.0 0.0 0.0
0.11960132890360001 0.1860465116283 0.0 0.039867109634500006 0.0 0.2524916943516 0.1860465116278 0.3056478405308 0.5049833887048 0.039867109634500006 0.42524916943480007 0.3056478405312 0.4385382059799 0.0265780730897 0.3588039867109 0.5182724252492 0.079734219269 0.0 0.2126245847178
0.6437084451743 0.6908310975355001 0.6274924416894999 0.1181040790195 0.1884362213128 0.6621483287342 0.5141367332844 2.2096912792469 0.9653514239009 0.21965870565850004 0.6674376714397 1.5493396658168 0.6903341411669002 0.0479915433403 1.4325059380587002 1.1404902116803002 0.5608589269113 0.2455460032923 0.8259371427385
0.0579365079365 0.1233599733599 0.06755744255740001 0.0427072927073 0.0 0.0706793206793 0.1704323454322 0.25821955821979997 0.5371794871795 0.0178571428571 0.39021256521259995 0.5377872127878 0.2567377067377 0.16071428571409999 0.5532994782998 0.2272671772672 0.1608114108112 0.08015873015870001 0.28708236208250004
0.0384615384615 0.0192307692308 0.0 0.0 0.0384615384616 0.0192307692308 0.0192307692308 0.09615384615389999 0.0384615384616 0.0384615384615 0.0192307692308 0.096153846154 0.1153846153846 0.0192307692308 0.153846153846 0.19230769230769998 0.0 0.0192307692308 0.07692307692309999
0.0576923076922 0.3699751861044 0.0666666666667 0.22202111613829997 0.0 0.3477083637427 0.2127353670994 1.0922103829121 0.6158517004823 0.016129032258 0.6318493650559 0.6658930569749 0.24619033717639996 0.0384615384615 1.057719067776 0.7374227606678 0.2910256410256 0.0192307692307 0.31121734053370004
0.1195449004468 0.272572125153 0.19390491670069998 0.0447785453067 0.0447785453067 0.33173506704669997 0.2017066233236 0.6234051198688 0.4065014221859 0.0 0.6564811052418 0.33214140593310004 0.4251930109711 0.0260869565217 0.40690776107259996 0.5295408370591 0.07476635514 0.1082486793985 0.20170662332439998
0.021505376344 0.010752688172 0.0 0.010752688172 0.0 0.021505376344 0.0645161290323 0.11827956989240002 0.07526881720430001 0.0 0.08602150537629999 0.07526881720430001 0.1290322580645 0.0215053763441 0.1182795698924 0.0967741935483 0.010752688172 0.0 0.13978494623649998
0.0 0.0 0.0 0.0 0.0 0.0 0.0 0.0 0.0 0.0 0.0 0.0 0.0 0.0 0.0 0.0 0.0 0.0 0.0
0.0149253731343 0.1057517291591 0.04404805242076 0.00746268656716 0.0 0.01965780851836 0.06443392792135999 0.25354932653786 0.24681470695316 0.0 0.14979978157982 0.09628685839095999 0.22442664725147998 0.01965780851836 0.22024026210388 0.1234073534764 0.1587186021116 0.034583181652699996 0.2162358937022
0.1407726045884 0.2678685897436 0.0962213225371 0.0410256410256 0.0128205128205 0.205263157895 0.4100328947374 0.6051450742240001 0.6051324224023001 0.015625 0.6101678475034 0.599671052632 0.5685138326586999 0.0153846153846 0.5943952429151 0.6019399460192 0.088141025641 0.1362727732796 0.38560644399550004
0.0873786407766 0.0873786407766 0.0582524271844 0.054126213592200004 0.0 0.0291262135922 0.0832524271844 0.245631067961 0.6701456310680001 0.0 0.270631067961 0.31213592232959997 0.3538834951454 0.025 0.44126213592200003 0.6451456310676 0.3203883495148 0.0291262135922 0.2871359223298
0.0645161290322 0.0645161290322 0.0645161290322 0.0 0.1935483870971 0.0 0.0 0.0645161290322 0.0645161290322 0.0 0.0 0.22580645161329999 0.0 0.0 0.0645161290322 0.1290322580644 0.0 0.0645161290322 0.0
0.0588235294118 0.14124187945720001 0.11614837017610001 0.0 0.0191082802548 0.30872986137180003 0.2691828971684 0.9863562179704 0.3705412425144 0.0677966101695 0.7286198728662001 0.3580786303515 0.6354058842583 0.0294117647059 0.3441268551036 0.45462656616150005 0.1367553390784 0.0 0.9750461989827
0.0655737704919 0.0655737704919 0.016393442623 0.032786885246 0.032786885246 0.032786885246 0.049180327868899996 0.1147540983608 0.08196721311479999 0.0 0.049180327869 0.0655737704919 0.016393442623 0.016393442623 0.16393442622979998 0.08196721311489999 0.016393442623 0.049180327868899996 0.049180327868899996
0.16 0.7537007874013 0.11874015748030001 0.1193700787401 0.0 0.3162204724404 0.3155905511811 1.1499212598419999 0.7924409448821 0.0 0.3549606299215 0.593070866143 0.5124409448814 0.0393700787401 1.1111811023618001 0.8705511811024 0.23937007874010002 0.11874015748019999 0.4343307086613
0.181818181818 0.0 0.0 0.0 0.0 0.0 0.363636363637 0.0 0.363636363636 0.0 0.090909090909 0.0 0.0 0.0 0.0 0.0 0.0 0.0 0.0
0.0 0.0 0.0 0.0 0.0 0.0 0.1 0.2333333333332 0.0 0.0333333333333 0.0666666666666 0.1999999999996 0.0 0.0 0.0333333333333 0.1333333333332 0.0666666666666 0.0 0.133333333333
0.0 0.0 0.0 0.0 0.0 0.0 0.0 0.0 0.0 0.0 0.0 0.0 0.0 0.0 0.0 0.0 0.0 0.0 0.0
0.0491803278688 0.1549215811511 0.0227272727273 0.0 0.0 0.26021928890760004 0.1359200908382 0.6241750053220001 0.374015328933 0.0227272727273 0.6901923213395 0.5506174153712999 0.3046270669223 0.0454545454545 0.1914342488112 0.32623660492510004 0.0163934426229 0.0163934426229 0.2147647434532
0.1253354380429 0.2865035516967 0.107813733228 0.0883977900553 0.0967640094711 0.055248618784500006 0.1455406471981 0.4099447513812 0.1832675611682 0.0285714285714 0.16574585635369998 0.2228887134965 0.24041041831090001 0.0331491712707 0.33338595106559993 0.20536700868199997 0.0662983425414 0.0617205998421 0.1436464088399
0.1624999999999 0.7506130121443001 0.1009987515605 0.20895329701499998 0.0449438202247 0.6028586426057 0.3456887697194 2.1975821416423 1.4566225456813 0.0449438202247 1.8380222165467004 0.9076906707526999 1.2678138122796 0.110909090909 1.1017557598451 1.09933463852 0.42599747474759997 0.0333333333333 1.2994382022467
0.3286533902318 0.8798857234847899 0.114054054054 0.0394736842105 0.0 0.0801545147271 0.37393977753699004 0.85792910244898 1.08102500859109 0.07584097859319 0.65341150421299 0.41856430065989003 0.48404818145000006 0.0275229357798 1.2624556618415803 0.59250716675099 0.4019813294700901 0.0 0.32855268595479004
0.0 0.0 0.0 0.0 0.0 0.0 0.0 0.0 0.0 0.0 0.0 0.0 0.0 0.0 0.0 0.0 0.0 0.0 0.0
0.0 0.0403225806452 0.00806451612903 0.0161290322581 0.0 0.02419354838713 0.0322580645162 0.11290322580663001 0.07258064516136001 0.0 0.12096774193556001 0.0887096774195 0.08064516129039 0.00806451612903 0.11290322580656001 0.14516129032266 0.07258064516143001 0.0 0.06451612903232
0.1345755693581 0.120238095238 0.2858695652171 0.0 0.0 0.1928571428571 0.22981366459609998 0.40059523809510006 0.5245082815732001 0.0125 0.7067028985501 0.095238095238 0.37743271221540003 0.0625 0.4143892339541 0.9622153209112 0.2608695652171 0.07261904761900001 0.1470755693581
0.10542879622330001 0.2029897718341 0.0566483084185 0.0243902439024 0.0243902439024 0.17781274586919998 0.2753737214794 0.6868607395754999 0.4531864673487 0.0322580645161 0.38788355625459997 0.4051927616049 0.4280094413847 0.0566483084185 0.6073957513763 0.5413060582224 0.1463414634146 0.0 0.3878835562549
0.0 0.0 0.0 0.0 0.0 0.0 0.0 0.0 0.0 0.0 0.0 0.0 0.0 0.0 0.0 0.0 0.0 0.0 0.0
0.349544072948 0.37230904412193994 0.13634571727622 0.07267934475611999 0.01769911504424 0.20544758133202 0.68393338348672 0.80169422012254 0.4498459997087001 0.0161290322581 0.5325234326575 0.5801336587735201 0.35941562319914 0.0901722391083 0.9985733750866199 1.21211128628632 0.4420295702535 0.00884955752212 0.6705637460553999
0.0 0.0185185185185 0.027027027027 0.027027027027 0.0455455455455 0.064064064064 0.027027027027 0.3488488488489 0.13663663663650003 0.0455455455455 0.23773773773770002 0.2632632632631 0.2647647647645 0.027027027027 0.28478478478470004 0.11811811811799999 0.027027027027 0.0 0.037037037037
0.0769230769229 0.11538461538450001 0.076923076923 0.0 0.09615384615370001 0.0192307692307 0.0961538461537 0.3076923076921 0.2115384615382 0.0 0.0769230769229 0.3846153846154 0.0384615384615 0.0 0.48076923076920003 0.1346153846152 0.6923076923079 0.11538461538450001 0.0769230769231
0.0 0.0 0.0 0.0 0.0 0.0 0.0 0.0 0.0 0.0 0.0 0.0 0.0 0.0 0.0 0.0 0.0 0.0 0.0
0.11253561253550001 0.076923076923 0.1538461538465 0.0 0.0 0.1894586894585 0.1538461538465 1.066951566952 0.34330484330449995 0.0 0.46153846153899997 0.6111111111105 0.4586894586895 0.0384615384615 0.26923076923050004 0.46011396011350003 0.0 0.0384615384615 0.565527065528
