0.0 0.0 1.0 1.0 2.0
0.0 4.0 3.0 8.0 1.0
2.0 1.0 5.0 3.0 1.0
0.0 7.0 6.0 10.0 4.0
0.0 4.0 3.0 3.0 1.0
4.0 1.0 5.0 3.0 2.0
1.0 6.0 5.0 16.0 4.0
3.0 2.0 7.0 0.0 2.0
0.0 5.0 5.0 6.0 3.0
1.0 3.0 4.0 4.0 0.0
4.0 5.0 2.0 2.0 0.0
1.0 8.0 14.0 10.0 9.0
3.0 5.0 8.0 6.0 3.0
3.0 4.0 13.0 1.0 2.0
1.0 4.0 6.0 3.0 7.0
2.0 1.0 6.0 1.0 1.0
1.0 6.0 30.0 14.0 6.0
3.0 4.0 13.0 3.0 9.0
0.0 8.0 16.0 10.0 2.0
4.0 2.0 4.0 2.0 6.0
2.0 7.0 3.0 2.0 0.0
0.0 20.0 29.0 15.0 6.0
5.0 17.0 21.0 12.0 3.0
2.0 15.0 29.0 18.0 10.0
0.0 6.0 4.0 3.0 0.0
2.0 6.0 9.0 5.0 4.0
7.0 23.0 16.0 12.0 7.0
1.0 14.0 8.0 10.0 4.0
1.0 12.0 13.0 10.0 7.0
6.0 5.0 7.0 4.0 3.0
1.0 2.0 5.0 6.0 5.0
8.0 27.0 17.0 16.0 3.0
5.0 7.0 12.0 11.0 4.0
0.0 10.0 10.0 6.0 5.0
4.0 4.0 6.0 7.0 3.0
0.0 2.0 2.0 3.0 1.0
1.0 18.0 12.0 10.0 6.0
3.0 16.0 8.0 7.0 3.0
5.0 14.0 9.0 11.0 1.0
2.0 3.0 5.0 3.0 5.0
5.0 3.0 5.0 2.0 2.0
8.0 18.0 10.0 13.0 6.0
3.0 11.0 10.0 14.0 6.0
1.0 12.0 10.0 5.0 3.0
2.0 3.0 0.0 3.0 1.0
5.0 4.0 0.0 1.0 2.0
2.0 7.0 6.0 6.0 7.0
3.0 6.0 4.0 6.0 6.0
0.0 3.0 5.0 6.0 4.0
1.0 4.0 1.0 1.0 0.0
2.0 0.0 1.0 0.0 0.0
0.0 5.0 8.0 7.0 2.0
1.0 3.0 3.0 6.0 1.0
0.0 4.0 13.0 4.0 3.0
1.0 2.0 6.0 3.0 2.0
1.0 2.0 2.0 1.0 0.0
0.0 6.0 7.0 4.0 2.0
1.0 3.0 5.0 11.0 4.0
0.0 2.0 3.0 6.0 1.0
0.0 1.0 2.0 5.0 3.0
