0.64932956653753 0.00826446280991 0.0113636363636 0.39414319446761 0.00826446280991 0.17874009107761002 0.00826446280991 0.16581632653040998 0.238678529263 0.90969176926941 0.4628626243891 0.46754300893880996 0.27173638050281 0.06560971496031 1.15969176927102
0.0294117647059 0.0294117647059 0.0588235294117 0.4117647058817 0.0 0.2352941176476 0.0 0.117647058824 0.2941176470587 0.3235294117645 0.0 0.0 0.0294117647059 0.117647058824 0.35294117647080003
0.2142857142856 0.0 0.142857142857 0.0 0.0 0.0 0.0 0.142857142857 0.0 0.35714285714280003 0.0 0.0 0.0 0.0 0.1428571428572
0.12987012987 0.155844155844 0.025974025974 0.25974025974 0.0 0.077922077922 0.389610389611 0.12987012987 0.051948051948 0.23376623376599998 0.025974025974 0.077922077922 0.25974025974 0.0 0.181818181818
0.0 0.0 0.0 0.0 0.0 0.0 0.0 0.0 0.0 0.0 0.0 0.0 0.0 0.0 0.0
0.1432126696833 0.15180995475109998 0.1816742081447 0.3443438914025 0.0470588235294 0.318552036199 0.8055806938162 0.3248868778281 0.4617647058824 0.4339366515842001 0.3635746606338 0.081221719457 0.4404977375572 0.4722473604824 0.4296380090495
0.0 0.0 0.0 0.0 0.0 0.42857142857099995 0.0 0.142857142857 0.0 0.0 0.0 0.0 0.0 0.428571428571 0.0
0.3197680306826 0.5252334884787999 0.0487804878048 0.5081220084631 0.0 0.10113650874720001 0.0697228961818 0.4031589747206 0.26396417421470003 0.618972342459 0.1635850444078 0.1081598774105 0.2949990973102 0.1672838717915 0.40711319732819995
0.1198486122791 0.048341522435099996 0.0854506957045 0.33628804981329996 0.0 0.268986174435 0.20856019358779998 0.31277573665 0.1543055494077 0.5510195800688 0.0849268882887 0.08685243386 0.27074203591379997 0.0753581809863 0.3965443465689
0.5677144356131401 0.2512068414232 0.0212765957447 0.83084895735168 0.0 0.58404547235412 0.0355623100303 0.7284700521488 0.6513823925537199 2.34528997709342 0.23512688089902 0.40947518047812 0.39546135517932 0.19397924817932 0.75016030095004
0.40185185185190003 0.0277777777778 0.06851851851850001 0.5240740740740999 0.0185185185185 0.15555555555555 0.0 0.31481481481475 0.34629629629625003 0.56296296296335 0.48333333333339995 0.25925925925925 0.2555555555556 0.05 0.5314814814820501
0.5120660285529 0.0625 0.0 0.7444435431538 0.025 0.1665152498376 0.14945652173909998 0.6325073004545 0.2113927644385 1.1827182024672 0.265136275146 0.6757827709285 0.3455507787155 0.0929145035691 0.9340160610003
0.4745762711864999 0.0338983050847 0.0 0.3050847457621 0.0 0.1016949152541 0.0338983050847 0.610169491526 0.23728813559280001 0.8474576271194001 0.0338983050847 0.1694915254234 0.4745762711864 0.1016949152541 0.5762711864398
0.060606060606 0.151515151515 0.121212121212 0.09090909090900001 0.0 0.09090909090900001 0.060606060606 0.060606060606 0.36363636363600005 0.39393939394 0.0 0.0 0.0 0.27272727272700004 0.333333333333
0.6813869518472 0.0281690140845 0.0149253731343 0.743896377652 0.0 0.40546587642799997 0.5718220177743001 1.5184755640774 0.5949399113958 1.3093943748374 0.4931922345769 0.8027482005116999 0.7860417874251 0.0845401174167 0.9650021988382999
0.79826583319808 0.0 0.0731707317072 0.35579357026224 0.00847457627118 0.06986817325798 0.0487804878048 0.38467227045218 0.49218977705938 0.5963203761464401 0.31480409719339997 0.2995765843635 0.5243618491647 0.09938366718028 0.93433800593886
0.0 0.4105263157898 0.0315789473684 0.2210526315787 0.0 0.2210526315787 0.1263157894736 0.6000000000004999 0.2842105263168 0.6631578947361001 0.0631578947368 0.0631578947368 0.0947368421052 0.1894736842108 0.0315789473684
0.0416666666667 0.0416666666667 0.0 0.0416666666667 0.0 0.125 0.0416666666667 0.1666666666667 0.125 0.1666666666667 0.0 0.0 0.0 0.208333333334 0.0416666666667
0.30453069657605997 0.23086224625770002 0.15660585748560002 1.44287951784422 0.0 0.68560288684822 0.2503189625626 1.67984727882088 0.6935007807446 0.8454840613938199 0.13592089728460002 0.46152692615300006 0.39189787485268 0.05497343565526 0.6660485775212
0.0 0.0 0.0 0.0 0.0 0.0 0.0 0.0 0.0 0.0 0.0 0.0 0.0 0.0 0.0
0.19007277071759998 0.0936302347591 0.0 0.4981593973531 0.0340909090909 0.5109602166053 0.1621437105307 0.5868399820011 0.18165526230020002 0.6503145898303001 0.13669529395320001 0.2922679172679 0.21518952970559999 0.1428125339414 0.3051676519419
0.118226600985 0.07881773399 0.0197044334975 0.2561576354677 0.0 0.7651888341545 0.43185550082060004 1.4778325123176 0.23645320197050002 0.45320197044280003 0.039408866995 0.0985221674875 0.2955665024625 0.0197044334975 0.7093596059105
0.46447230929960004 0.4151515151513 0.3248693834899 0.974764890281 0.133333333333 0.5202194357366999 0.32889237199550003 0.7012539184952 0.7224660397074 1.4564263322895998 0.27878787878739997 0.36264367816029996 0.5925287356323 0.1046499477533 1.6195402298861998
0.2145647999373 0.5229892489978 0.0463690872751 0.9050580658657 0.0147058823529 0.3003043722485 0.26360661519709994 0.4403162597483 0.3288389439719 0.6836272550325999 0.1906931326826 0.1370243367167 0.2187443665009 0.11588744758389999 0.6172701858892
0.50783510271988 0.26666419382 0.0766494684177 1.63744327045278 0.0 0.53095919724548 0.22198836007189 1.9279087610742898 0.8078787227531901 2.3287374886734997 0.56760428801648 0.70713818805639 0.98831085103957 0.23196056846779 1.1989215391953698
0.22400029925568 0.00877192982455 0.02369730295887 0.29437025399301 0.0 0.10696143343431 0.0 0.4243519245871 0.16763924737221 0.50583922492826 0.12898664571876 0.18701978827660998 0.20475816406677 0.04480604496311 0.6787977406208999
0.1513687600645 0.0 0.0108695652174 0.21175523349439998 0.0 0.0479066022544 0.21618357487909998 0.8776167471816001 0.1916264090177 0.4782608695653 0.15177133655390002 0.1719001610309 0.46336553945229997 0.2254428341385 0.8019323671494
0.6701116172145001 0.0234375 0.0468749999999 1.1831389847684 0.0235294117647 0.5675834276018 0.0705882352942 1.2583123249924002 0.28099011156169995 1.1812963940607 0.24017327565110003 0.317524191329 0.8304214301684001 0.1523897058823 1.1536283897117001
0.0 0.11398176291779999 0.0535714285714 0.1386778115501 0.0 0.08928571428570001 0.0714285714286 0.3164893617023 0.2602583586626 0.2424012158054 0.08168693009110001 0.0391337386018 0.20592705167160003 0.0782674772036 0.30889057750759996
0.357983258755 0.0538803179056 0.0108695652174 0.3010585720965 0.031746031746 0.0533682851354 0.0434782608696 0.9836427792239 0.24072775440240002 0.5794151695281999 0.1874039938556 0.1618747078074 0.3645951601775 0.0858601037422 0.5440960395376
0.4974137931039 0.0 0.0 0.530172413794 0.042241379310300003 0.05 0.0 0.4181034482756 0.7387931034487001 0.6801724137930001 0.2672413793102 0.27672413793100004 0.4706896551723 0.042241379310300003 0.9862068965506001
0.127912087912 0.3197802197801 0.1479120879122 0.36175824175820004 0.0 0.297802197802 0.127912087912 0.38373626373720005 0.14989010989 0.531648351648 0.065934065934 0.02 0.063956043956 0.2178021978022 0.18395604395600001
0.0810810810811 0.054054054054 0.054054054054 0.027027027027 0.0 0.0810810810811 0.08108108108100001 0.1621621621622 0.08108108108100001 0.2432432432431 0.0 0.027027027027 0.027027027027 0.054054054054 0.027027027027
0.60714694569261 0.3519896221401 0.1530612244899 1.1270504582210101 0.0185185185185 0.5363261655057 0.3826459641497 1.7374497839114202 0.8027560398182101 1.2013583005780397 0.27895941527722 0.10224728974721 0.6031446802320001 0.21453634256902004 0.88280924914681
0.0 0.0 0.0 0.0 0.0 0.0 0.0 0.0 0.0 0.0 0.0 0.0 0.0 0.0 0.0
0.35193079072190003 0.41021589030540007 0.0727174060507 0.8390697579498 0.0265486725664 0.3140185227206 0.2100896481427 0.7089232738202 0.6238019600852 0.7217792040808999 0.4522077671043999 0.2425560345914 0.4376154818628 0.1784696784696 0.4100559115307
0.16071428571430002 0.10714285714280002 0.0 0.18452380952390002 0.0079365079365 0.0515873015873 0.0714285714286 0.39484126984180007 0.184523809524 0.281746031746 0.0079365079365 0.0515873015873 0.25793650793660006 0.0357142857143 0.2023809523811
0.6281566181119 0.10961158657009999 0.0888646720824 1.0402554695541 0.0306122448979 0.09035070338809999 0.0628703094142 1.6108914909526 0.1532210128022 0.9803572227526001 0.20982762036830002 0.4319893005742 0.42642227576900005 0.190256747861 0.9463127249015
0.20850040096230002 0.0459770114942 0.0689655172413 0.23095429029660003 0.0459770114942 0.23041967388380002 0.046511627907 0.44052392408450003 0.3229083132852 0.8783747661059 0.44052392408460006 0.2539427960441 0.27746591820370003 0.0689655172413 0.4399893076715
1.17828688418154 0.34906547339297 0.0450922589801 1.58434435890644 0.02521261383307 0.6730352595333401 0.09797551214815 3.7027511030939095 1.2811642041912101 2.4626370303843994 0.55446105061086 0.82859816321283 0.7107940976976801 0.2897746644428 2.21680732538509
0.8793054771316999 0.0227272727273 0.0662055335967 0.7286137775252999 0.0 0.1691134952003 0.0227272727273 2.5629587803504 0.6215415019764 1.5635940146800997 0.46845002823340004 0.4164313946924 0.5576651609251999 0.1879587803498 1.732707509882
0.12 0.0342857142857 0.0142857142857 0.15714285714280002 0.0 0.23428571428579997 0.0828571428571 0.44571428571410004 0.1885714285714 0.40285714285710006 0.0971428571428 0.0857142857142 0.41142857142870004 0.12000000000000001 0.6057142857139
0.72495565763081 0.0836820083681 0.0 1.2065931525415001 0.2 0.50688876833291 0.1568513561509 2.0269270251309 1.22463486577222 1.4680763100217298 0.27796866472611 0.28367177551371 1.35979132557181 0.0573369565217 2.4226221337174
0.0571428571428 0.228571428571 0.0380952380952 0.1904761904762 0.0 0.1523809523809 0.0 0.3047619047618 0.1714285714285 0.40000000000049996 0.0 0.0761904761904 0.0380952380952 0.0571428571428 0.2857142857144
1.1447901658986 0.2348177603677 0.047619047619 1.6802968480663 0.1095667095667 0.41755270230920005 0.29336206370249995 3.1907593724884005 1.2224702844146997 1.8463273536376 0.431500613315 0.6140409682704 2.2641693450392 0.1587997009683 2.3439270643384
0.74234084983049 0.0500977936382 0.00847457627118 0.5489395393735299 0.01842638026285 0.059877157465000004 0.03167141337545 1.1422539526151998 0.34540553792013 0.62807713333243 0.28493016277133 0.49463256065225 0.32200192909203 0.06500474670865 1.25786626669113
0.12424242424250001 0.2409090909091 0.0666666666667 0.419696969697 0.0 0.2742424242424 0.0833333333334 0.228787878788 0.3030303030302 0.6848484848486001 0.0 0.0666666666667 0.1333333333334 0.17878787878789998 0.1954545454546
0.0684931506849 0.0 0.0 0.041095890411 0.0 0.095890410959 0.1095890410959 0.3561643835619 0.068493150685 0.123287671233 0.0 0.027397260274 0.027397260274 0.013698630137 0.0684931506849
0.698729284464 0.44371498894289996 0.20140269598959998 0.8619641736300001 0.0 0.6415985134341 0.4065025080928 1.6937857994779002 1.6416683920856001 1.7013896740556 0.2841607216144 1.2841607216143 0.7193202806097999 0.18540042462839998 1.23620182136
0.0 0.0 0.0 0.0 0.0 0.0 0.0 0.0 0.0 0.0 0.0 0.0 0.0 0.0 0.0
0.30239391582414 0.63162019468757 0.15782206299433998 2.11374635648641 0.0526315789473 0.5725834963589399 0.35225210361334003 1.3680478626035701 0.72607655502537 1.28835804244134 0.2268602540836 0.5283467288910699 0.58645438046578 0.24843260188071 0.8443738656987001
0.133686148182 0.09927101200680001 0.0640557670584 0.4257101619049 0.0 0.43471530770199995 0.1139605907207 0.956135213153 0.4523490775224 0.6027590678993 0.025514579759800003 0.10484562607190001 0.9566895368778 0.0612684600259 0.5690394511149
0.7949841253565001 0.3777787878467 0.15662272441918001 0.7050045535942 0.00847457627118 0.19066480682176 0.42302982515304005 2.0802279735303797 0.80115752004156 1.8421860940307198 0.14588377723938 0.1231138365442 0.88483660587698 0.30723157348534 2.15880321979126
0.13000467362510001 0.21412992677995002 0.10702601651335 0.5123851067148499 0.0 0.19122916342105 0.19083969465625 0.47421716778325 0.5507088331522 0.89523290232205 0.09947032248005 0.030534351145 0.14527184919745 0.22955288985810002 0.22939710235205
1.4169172357448 0.31950550833714 0.2013391888961 2.0770112038858 0.0 0.9531802852039801 0.47572222086908 6.40042472264704 1.9208099245243402 3.59157715087348 0.85718466757818 1.1029564294391998 1.40796225272564 0.33650216195068006 2.9389070473341
0.702996526807 0.104509627981 0.0366972477063 0.4342388809185 0.0244648318042 0.1717474107544 0.0327292946141 2.6024998757248 0.3690532799006 0.7326894761625 0.2226197930341 0.2205945586132 0.5543473330587 0.0469869449372 1.743824917982
0.5003827751200001 0.17702817650150002 0.2264699627858 1.0610845295049 0.0227272727273 0.3217490696437 0.33145667198289996 1.4171770334918001 0.820398724084 1.2217703349298 0.317783094099 0.3717331206805 0.9561403508762999 0.23629452418930003 2.0178043593838
0.5758245807992 0.074074074074 0.037037037037 0.6508199742032 0.0493827160493 0.1188501934769 0.1188501934769 1.897733554447 0.6198636447396 0.6791966095452 0.0298507462686 0.2655242306981 0.4897733554445 0.1039248203426 2.2892942693923
0.0579710144927 0.3369565217392 0.1159420289862 0.35144927536230003 0.0 0.072463768116 0.1159420289856 0.49275362318820004 0.2463768115944 0.23188405797060002 0.0144927536232 0.2789855072464 0.0579710144928 0.38043478260860003 0.24637681159359998
1.7492838318795298 0.1258744205646 0.1473029919933 0.89717086411891 0.0563994188349 0.24291132382162 0.27862560953552 4.93291255479702 0.9156404630279099 2.11481013750113 0.44788397726041 0.8698363878638199 1.43591321880721 0.29517492903933 1.49025987095421
0.6870991087443601 0.20448045057448 0.0 1.20431095385126 0.0912154427779 0.26020667817526 0.20231791716176 0.7950725476001801 1.19925478312418 1.58691330612288 0.6757948989106 0.4977953824463 0.9214389400511 0.1052235700673 1.56887602039304
0.11148339932980002 0.4378076700118 0.0272108843538 0.8394728136801 0.0298507462686 0.44552746471750004 0.1733596664471 0.6109675454197 0.4277133096867 0.9054988389191 0.05706163062240001 0.2332937026518 0.1303685653365 0.2120012183976 0.3583825441584
0.154702970297 0.029702970297 0.0515676567656 0.04950495049499999 0.0 0.2636138613858 0.0990099009901 0.42037953795530003 0.1406765676568 0.4360561056103 0.009900990099 0.061468646864600004 0.029702970296999996 0.1010726072606 0.15264026402630002
2.1958558673069 1.0453375507788 0.3774268217041 2.4252036996404 0.0185185185185 1.2610366318108 0.35746231155830005 4.442891832436299 1.6260166203146003 3.0547064575513 1.0127225133186 1.2045221071398 1.8100635543288002 0.2124691913049 3.9557663222876
0.0 0.0 0.0 0.0 0.0 0.0 0.0 0.0 0.0 0.0 0.0 0.0 0.0 0.0 0.0
0.94593186541595 0.35492459504685 0.14627754749885 0.8133141628271001 0.01982870973745 0.32366183942585003 0.24955305062175004 0.6844802486004 0.5561445098047499 0.5184071661581 0.060911291278000004 0.31966182021305 0.29426549990675 0.2623167781108 0.45032091535350005
0.14455953501971996 0.08867746858455999 0.016397701074759997 0.44965418709616 0.0066889632107 0.14822872357709999 0.04984251712826 0.23151605675890002 0.17800435107336 0.42698964184814 0.04315355391756 0.14348800207826 0.45118030977056 0.0686105789525 0.5530084099096
1.0827469410637 0.5302989619941 0.18344822878964998 1.3969613424353 0.0186335403727 0.7462400618646 0.36214843337565 2.1044271160926 1.29843835403555 1.9530673781852501 0.4951315047641 0.81952385029335 1.01974724616815 0.34393928577305 1.6452477547931499
0.9252725932860199 0.44203905522360004 0.0233918128654 1.41030634082416 0.3956621511587 0.48721733879959994 0.33745109672599993 0.7589116929233 0.37434358299522 1.28179044263468 0.3965695064545 0.21537507333392 1.1781135682887998 0.1696279318485 2.60392781263672
3.29678304093176 0.22545361683253 0.0926483900542 2.63839961431915 0.1480152911324 0.79578175743777 0.5863626308524601 7.115312088939751 2.37996624007801 3.71762119206995 0.7680691972441099 1.4236151995795399 2.5712776258972 0.70329256479136 5.53740154982696
1.7302393394565199 0.18641495366981 0.06228660999391 1.4887574501772098 0.022918982541 0.33802026328782003 0.0698554323309 4.2260390703086 1.05487604997762 1.68876668750092 0.37864663657200004 0.43885684776811 1.4737117504179098 0.053034010765509995 2.7875759152336195
0.7957955449716001 0.10649575240029999 0.18073817419639998 1.0701370295425998 0.0375939849624 0.18446093358479998 0.41180465847 2.0359123318634 0.5243118307261 1.6921772676258 0.42404311724770005 0.7582456627883001 1.3441022666671 0.33100430347980003 3.1031771414773996
1.8296964830842004 0.1737509187715 0.0206611570248 1.7464114862311002 0.071691077607 0.31762726817630005 0.3073103365322 4.0467397171751 2.2981886271732 3.834301587473 0.6105049726994 1.1967024332117 1.9966217741009 0.2272714773038 4.322520683435999
0.31372549019599993 0.663865546218 0.156862745098 0.4705882352935 0.0392156862745 0.1568627450975 0.5210084033604999 0.9803921568625 0.7450980392165 1.0196078431375 0.11764705882349999 0.37815126050399994 0.313725490196 0.535014005602 0.5882352941165
2.0291182890635 0.181505938423 0.0932393165963 0.8502887278111 0.09850680190000001 0.28882488148389995 0.3527222426999 4.6245899767156 1.1197972227248 2.9189415803656003 0.852892332456 1.0662621292422 1.9174210382191001 0.22032843556919998 2.3855610867335
1.105340355664 0.2258654800298 0.0990827338129 1.5155597083133001 0.0295413669065 0.6230089666923 0.5392956070713 0.9970947361892 1.4363794245908 2.0910769333721 0.5986207222965 0.6539114788032999 0.9224588387363 0.16961548002979998 1.9931481674908
0.7638439991372 0.29403145873700004 0.268390433096 2.2992458521883 0.176470588235 1.0868347338920001 0.6539969834101 1.4371471665572002 1.3895712130991003 1.7874595992222 0.4188752424041 0.10588235294100001 0.6586511527680999 0.4188752424041 1.240723981901
0.6799999999999999 0.0666666666667 0.0266666666667 0.0933333333333 0.0 0.1333333333334 0.1133333333332 0.4133333333331 0.0666666666666 0.0533333333332 0.0133333333333 0.053333333333299995 0.1266666666666 0.0266666666666 0.1333333333336
1.6791771785304999 0.49961967146490005 0.10251831501820001 2.5260524222611997 0.0389972144846 1.3791802844209 0.8700536228938001 3.716901866465699 2.1306314286337997 2.9792997597217004 0.5545360634676 0.9009304844902999 1.2522646538192999 0.20529058959860003 3.1645464447313003
0.0 0.0 0.0 0.0 0.0 0.0 0.0 0.0 0.0 0.0 0.0 0.0 0.0 0.0 0.0
0.38321891685755 0.24378337147294998 0.00877192982455 0.8105263157899499 0.00877192982455 0.08726163234164999 0.2001525553015 0.4012204424111 0.4012204424098 0.5053394355455 0.0697177726925 0.20892448512535 0.2790999237221 0.0697177726925 0.32227307398895
0.204869204869 0.037037037037 0.11929551929540001 0.8952084952085999 0.0 0.4558404558401 0.1752395752394 0.3044807044806 0.34970214970220004 1.1331261331244997 0.0962962962963 0.36208236208190003 0.6203574203579 0.0501942501942 1.1962703962691998
2.2218981018979003 0.40783216783200005 0.2704961704959 3.7236829836824 0.1184615384614 1.3337795537799 1.3561838161835 2.541225441227 2.0530536130533 3.7650016650044003 0.6283250083244 2.13403929404 1.8052214452235 0.44217116217100005 3.1986280386278
0.8676056338027001 0.2166197183097 0.112676056338 1.5523004694837 0.21596244131450001 0.606291079812 0.6821596244128999 1.3775586854463002 1.4494835680754 2.5073239436623 0.22356807511719998 0.7056338028168 1.5055399061032002 0.36262910798109993 1.6146478873244
3.1147620077916196 0.75916275156076 0.3411465814906 4.00388466476882 0.31468237622379996 1.42601852892752 0.7605388299350799 5.03504917738042 2.56300084824346 5.12551956030626 0.9784739177462001 1.6606850286314598 2.3578560839823597 0.5434720317938599 4.01574761121556
0.8378881227681201 0.10099591314574001 0.06619125107684 0.71762909850304 0.0264900662251 0.18561271431864 0.12866094198588 0.9419773856943601 0.59622902611034 0.95817424692456 0.29426791302904 0.23945750768436 0.51356373419454 0.1549958573612 1.23786622098102
1.4348238703756002 0.20460844247569998 0.17409274006230002 1.7180996552294001 0.0522688625115 0.33630697335179993 0.19707925139869997 1.4314931326815001 1.0944128742944002 2.0584685748659997 0.5222709974252 0.9816462838343001 2.0406529541923 0.1849715049602 2.5688038823394996
1.5432826970599 0.2516566594149 0.07324253248019999 1.6873484977531001 0.09478775728319999 0.38753415007590003 0.3858776830678 2.4603805840081 1.5033048884302 2.3726550389914003 0.6513074372054999 0.8574223424906 1.2427217498578003 0.314069739418 3.1744082424679
0.41000000000000003 0.1069047619047 0.0266666666667 0.32357142857160004 0.0119047619048 0.14238095238110002 0.3716666666666 0.5430952380952 0.49642857142900004 0.534285714286 0.11880952380940002 0.1719047619045 0.2702380952385 0.2107142857142 0.2614285714287
1.9976041490549 0.26701606582157 0.18001686236074002 2.50428123277257 0.1530005742252 0.6498630437296701 0.44881773459047 2.7879293400192697 1.6190307045533 3.7352251928738105 0.6085208136231001 1.1722611523280702 2.3078909225607998 0.4629906908028 3.1055515206846698
1.83723471525681 0.0421992290525 0.0913448849772 0.85970282435421 0.0215053763441 0.15475339197131002 0.14209757314932 0.72704273246451 1.158701346733 1.01694727071344 0.34017383123571 0.32994831025321003 1.0130073234624999 0.06845180321621999 1.19688938681581
0.43333333333449997 0.3916666666662 0.1166666666666 0.8499999999991 0.0 0.4249999999997 0.308333333333 0.8083333333325999 0.6083333333327001 0.9999999999993999 0.1249999999999 0.18333333333310003 0.22499999999979997 0.23333333333329997 0.2916666666667
0.169014084507 0.056338028169 0.056338028169 0.19718309859150002 0.0 0.1408450704225 0.1408450704225 0.3098591549295 0.169014084507 0.169014084507 0.112676056338 0.0 0.056338028169 0.1408450704225 0.28169014084550004
0.9880513265463 0.40678697407250003 0.0533757511488 1.3534664699052 0.0243902439024 0.5827117739098 0.3622209533128 1.4975337847029 1.1424366019273 1.6165403525432003 0.453043156914 0.608338462527 0.7878562935842999 0.0959976220314 1.0272502329755002
0.0 0.0 0.0 0.0 0.0 0.0 0.0 0.0 0.0 0.0 0.0 0.0 0.0 0.0 0.0
0.3382313947288 0.5715917018151 0.21367984230729997 1.3299881945123 0.0 0.7708431622969 0.8369620185242 1.1212416511935 0.6387837842669 1.3077779566487002 0.27552385960799997 0.3381153074258 0.6598771513717 0.3057992494571 1.2915847258441
0.23812371838708 0.12482911825007 0.9075187969924701 0.8472317156531699 0.0 0.20403280929586998 0.29073820915921 0.26469583048514 0.7984449760762 0.51435406698621 0.26119275461421 0.43007518796984 0.25316131237187 0.04160970608337 0.8239917976762101
0.7860726991221 0.19638868205510002 0.0815802692384 1.4115756007039997 0.0 0.6978427235870001 0.394434398232 1.3829471451029 0.8730823553037 2.0909504308043 0.3080877920789 0.8917145339148 0.9855703884911999 0.40617369310580004 1.4935792882535
1.3041177111975002 0.25552839490879997 0.1737891737891 1.38804083494235 0.00641025641025 1.07910526052305 0.30847544785605 0.8151161359129999 1.0159261420316998 2.0494503038756 0.4880782115303 0.32938816345910005 1.07917443094465 0.30229873371460003 1.4051007989056998
1.30520056206971 0.2016363630472 0.16361008173631 2.5740371661339103 0.0732049904982 0.73527532626274 0.54612581263181 2.9461626139452197 1.5638679406248 4.00422483102751 1.2397725392602101 1.01376235832801 1.5498409435111102 0.3916737807001 1.6916046902271
0.92829416455554 0.1093710211356 0.03367794486212 1.1058922372784399 0.0213903743315 0.4258398335414 0.21205838794822002 1.0489953158295602 0.97010071971322 1.40740973422892 0.3328985900577 0.59015687614802 0.98397229705214 0.15126385482403998 1.6786786484918401
0.92743642347025 0.060912868396930005 0.06575097043894 0.82989269792647 0.050696578153569996 0.41112345223000996 0.18359028002751002 1.2409832984237197 0.43138255673057 1.5672959068812902 0.37531002287399 0.55563139094804 1.21346466882819 0.17145840584734 1.9150704788186899
0.9078330206382 0.1617026266414 0.0886491557222 1.0687148217626 0.0426829268292 0.412054409005 0.3997420262658 2.4969512195112005 1.148334896811 1.6432926829248 0.6656894934322 0.9012664165091999 1.5874765478429997 0.14036116322699999 2.3352485928708
0.0 0.0 0.0 0.0 0.0 0.0 0.0 0.0 0.0 0.0 0.0 0.0 0.0 0.0 0.0
2.3685044005222 0.13619512951755 0.09455834451020001 1.8568057504927502 0.27344581548200003 0.49764048941999994 0.1814126953714 2.1107771559718502 1.7478137857409002 2.2174611931723502 0.47249440043389995 1.3124741101639 1.1684500015883 0.39933656266010004 2.1626301649492
1.4201572244644 0.11844687412390001 0.197916666666 1.6890462205902002 0.0732320577516 0.1613331678822 0.1201070577516 1.2805697404963998 1.0683253279137 1.8709379035729 0.8664944223463 0.6213936120949 1.141042936273 0.0788996901239 1.2920970979414002
0.3474060822902 0.1470483005372 0.0232558139535 0.6565295169953 0.0772808586762 0.1935599284436 0.1853309481216 0.5552772808586 0.3549194991054 0.6100178890879 0.0232558139535 0.046511627907 0.2010733452599 0.1005366726296 0.47799642218259997
0.0350877192982 0.0 0.0175438596491 0.1052631578947 0.0 0.0701754385964 0.0526315789473 0.1578947368421 0.08771929824550001 0.1052631578946 0.0 0.140350877193 0.140350877193 0.0526315789473 0.0350877192982
1.5189644624242002 0.4528696004557 0.2147908749039 2.9223425811745996 0.0709622823984 1.058554465243 0.4050513655863 1.2291177597141 1.083532879011 2.3379692962006002 0.6386067939693001 0.8109363058965 1.3855615782239 0.2670834402131 1.6036563145871003
0.0 0.0 0.0 0.0 0.0 0.0 0.0 0.0 0.0 0.0 0.0 0.0 0.0 0.0 0.0
0.25071522680228003 0.16899115377395002 0.06774891774885 0.52380011292975 0.02163561076605 0.34325239977388 0.04306418219465 0.30407491059644 0.41828533785069 0.68466967814752 0.08203463203455 0.17131564088079 0.30664408055720005 0.18591191417263 0.42785620176919
0.23478260869542 0.07536231884051 0.0666666666666 0.6246376811601 0.00869565217391 0.39565217391231 0.04202898550721 0.55217391304402 0.36956521739189996 0.80579710144981 0.01739130434782 0.06811594202891 0.14782608695660998 0.0999999999998 0.49130434782633003
0.9136905085056 0.21853746496249998 0.1232092210224 1.5579573865496001 0.0120481927711 0.8677270285177001 0.5884890305931 1.475011616209 0.959038482325 2.150942759942 0.2996636570835 0.7575759602225 1.2772966232881 0.2073469451853 1.5914651228220997
0.90955908073525 0.11676666869821 0.11798478291218001 0.90709263869998 0.0172413793103 0.20027305625070999 0.32262666070654006 0.4019176376161901 0.5540893974121199 1.81456774258692 0.32935289688167 0.19739363551443 0.95024127547581 0.19387121894207 0.96702192825672
1.41876282430698 0.29928650695646 0.09441983817376 2.21260466362496 0.15546471665136 0.6486376606117001 0.42537953356548003 1.7921412127433602 1.281994959058 3.1671948764860205 0.9583414900448999 1.19238100371666 1.25723949405896 0.26271211678296 1.8334391032091
0.68938373164902 0.0847457627118 0.03368555421602 0.6494574852852201 0.0169491525424 0.16048507198071 0.07616481100631001 0.4044394014606 0.5235089709956 0.67413658605792 0.1763704701796 0.32097014396132006 0.3630238990136 0.14353591943832 0.6831430395008099
0.35362613065269 0.23783063794908002 0.0682463001304 0.9844167108748899 0.0662098994685 0.24568364805249 0.21136282414899 0.6122599583165901 0.70695200854797 0.813388627686 0.36476418361178997 0.57135007589359 0.65856298054279 0.16894807220350003 0.93639794191848
0.9298326494847899 0.31058134710259 0.01834862385318 1.1596643769302901 0.00917431192659 0.26857037480957 0.13622331842688998 1.28088792586788 0.7209026785304 1.02970264164978 0.5046793601043 0.97279148033668 0.6913383430914 0.09787469457367 1.8694278733132899
0.0425531914894 0.0425531914893 0.0212765957447 0.08510638297869999 0.0 0.063829787234 0.0425531914894 0.10638297872329999 0.212765957447 0.2340425531915 0.0 0.0 0.0425531914893 0.08510638297869999 0.0212765957447
1.19892045028256 0.0497713209578 0.05457083104799999 0.94638083578622 0.083420424696 0.35855348618199995 0.1150750442801 1.12506319269246 0.87469773560236 1.4406865561374 0.37436570606096 0.73572303102176 0.87363851442844 0.11530896635825999 0.6538239044663601
0.37694013303772 0.12626910958092002 0.0975609756097 0.6371805344849 0.00956937799042 0.1052631578949 0.15591084140502 0.81596452328292 0.78538919360602 0.6495507060335001 0.32045746294762 0.27074337728990006 0.844672657254 0.0 0.80452794958652
0.3004734848485 0.2695075757575 0.0857954545454 1.1951704545465998 0.0078125 0.5144886363634 0.1014204545454 0.4602272727268 0.4573863636362 0.5422348484845001 0.0390625 0.2615530303031 0.0625 0.0234375 0.6789299242419999
0.0 0.0 0.0 0.0 0.0 0.0 0.0 0.0 0.0 0.0 0.0 0.0 0.0 0.0 0.0
0.36013597856742996 0.13040113082126 0.09526330990663 0.94042588088359 0.0 0.40650349594333 0.24659032335599002 0.94411745204646 0.34724734850822997 0.8893329225084599 0.23108556024683 0.2858655737252 0.39134657209490004 0.15174187514600002 0.5799425762435301
0.0 0.0 0.0 0.0 0.0 0.0 0.0 0.0 0.0 0.0 0.0 0.0 0.0 0.0 0.0
0.1516806722686 0.3101365546218 0.1098214285713 0.8241071428573 0.0294117647059 0.43419117647050004 0.24936974789920002 0.4989495798319 0.3638130252101 0.745745798319 0.13125 0.10441176470569999 0.41328781512580004 0.2669117647059 0.36691176470569997
0.0394736842105 0.0263157894736 0.0131578947368 0.14473684210530002 0.0 0.0657894736841 0.0394736842104 0.09210526315800001 0.1578947368425 0.28947368420990005 0.0 0.0263157894736 0.0131578947368 0.0526315789473 0.0394736842105
1.0159241180351999 0.3050114434153 0.1614961881843 1.5939311863495 0.0385852090032 0.3209914463006 0.38555078054540004 1.0975337041536999 1.143741390579 1.1368253337367 0.1361122790845 0.6425642753313 0.5949885998522 0.1277724204435 1.2989716249891
0.784665929748 0.15610415131389999 0.0254237288135 1.1243551952827 0.1377425693931 0.4192151805444 0.0653402112502 0.6059936133624 0.6166175386886 2.3820928518795 0.5036845983794 0.2900393023825 0.7776037828552 0.2719233603533 0.8391979857523
1.58389946232117 0.21369883271952 0.01468125196272 1.95558276437113 0.46888361496316 1.08094827847401 0.46644040896047 1.5183835629180302 1.83190466826996 3.1556141750603905 0.7593650056628001 0.61305491283086 1.69373092273688 0.33891231690392 1.30489982184718
1.0771235018233 0.148514851485 0.0 0.8387553041019999 0.0 0.0597781582669 0.059405940594 0.778232710488 0.8075634631137999 0.9256309089565 0.3894885729175 0.3297104146508 0.4470334251466 0.11992853420670001 1.0188342142488
0.4556685208528 0.2349330160408 0.10289966720060001 0.5882968261474 0.0 0.1271167408207 0.18650622457760002 0.6132086562261999 0.501426258666 0.8953842167556002 0.1837724931045 0.5274486122765 0.5985322905363 0.1943298555748 0.7904766212209001
0.64052664588056 0.22429236869563998 0.0 1.40714463250916 0.0756021578906 0.34257365431204 0.22512057323930001 1.2853000454595098 0.72267755656983 1.2173079424424598 0.59010159703913 0.55091184920973 0.8194863097054599 0.15357585779204 1.74537880924465
0.248890860692 0.133984028394 0.0 0.2910381543924 0.3434782608696 0.22511091393080002 0.0816326530612 0.2746228926354 1.2373558118902 1.1480035492464002 0.0217391304348 0.2746228926354 0.26592724046140004 0.325820763088 0.1277728482698
1.8377352280881 0.22416052237249998 0.0291970802919 1.5114168285668999 0.33723120288249997 0.3817035212362 0.16390754145949998 2.1684798700559003 1.2243351540934 2.1060059318832 0.6914744458374 1.3838377223565 1.2374689147154 0.1223647821552 1.5806812540126
0.3410495301799 0.17705048574600002 0.0 0.9712215320904999 0.043956043956 0.277050485746 0.0661809205287 0.5516722408024 0.8272495620314 1.3813425704745999 0.5753543557891 0.29685459468069997 0.6622949514255001 0.0661809205287 0.7625418060208
0.19924812030060002 0.2532894736847 0.0803571428571 0.5737781954887 0.0267857142857 0.5333646616548999 0.1875000000004 0.6123120300755001 0.3336466165416 0.6146616541351 0.0662593984962 0.0131578947368 0.15977443609000003 0.1602443609022 0.1856203007517
0.0 0.0666666666666 0.0 0.1333333333332 0.0 0.0333333333333 0.0 0.0666666666666 0.0666666666666 0.19999999999959997 0.0333333333333 0.16666666666660002 0.133333333333 0.1 0.0
0.81620057957039 0.3406535137744 0.0208333333333 1.88463132835788 0.10809385090448999 0.7687358024773999 0.5673006169699799 1.09274421159739 1.2823517900796801 1.29386292918217 0.6099506264163 0.4670123502451 0.65536206928658 0.07873790117158999 1.0135290966335802
0.0 0.0 0.0 0.0 0.0 0.0 0.0 0.0 0.0 0.0 0.0 0.0 0.0 0.0 0.0
0.025862068965469998 0.1224489795923 0.06984517945107 0.19370161857841 0.0 0.18279380717807 0.0784658691062 0.27216748768471 0.16783954961289999 0.2807881773398 0.0344827586207 0.12156931738214 0.1810344827588 0.11928219563684 0.14971850809287002
0.3508898508895 0.0571428571428 0.1396825396824 0.6613756613752001 0.0 0.25069745069730004 0.2111111111111 0.2775372775371 0.37599807599810003 0.6697450697446 0.030303030303 0.09090909090900001 0.2390572390571 0.074074074074 0.5714766714771
0.20454545454540002 0.1249999999999 0.0113636363636 0.5113636363634 0.0795454545457 0.2840909090902 0.1363636363635 0.42045454545500005 0.4772727272724 1.1363636363637 0.1136363636362 0.32954545454530004 0.4431818181824 0.1136363636364 0.613636363636
0.5041267144071999 0.1871495327103 0.0944805194805 1.3198643646069996 0.0584415584415 0.5847569486588 0.3941300521908 0.8926128777761 1.1769601893429 1.3291858842097002 0.329707792208 0.2479578832381 0.7733720718535001 0.2384952664157 0.8687583444594
1.3952488165839 0.2766997205795 0.1245528925977 2.5774922241447 0.10729770781549999 1.1851092227602003 0.5161986971287 1.8370052016073002 1.9322899510578 3.1300136416104003 0.7484090847571001 1.5699224610927 1.2709927638370002 0.3001020464658 2.0286655679671
1.2880036630038 0.0384615384615 0.06478937728930001 0.9358974358971 0.0604395604395 0.31639194139210003 0.2351190476188 0.6151556776556 0.9006410256416 1.1884157509148998 0.44803113553080004 0.6591117216117 0.8502747252755001 0.0977564102563 1.3015109890127
0.5301242236026 0.028571428571500003 0.0 0.2556935817805 0.0 0.14451345755699999 0.1175983436853 0.4872670807452 0.3811594202899 0.8933747412011 0.1916149068322 0.7552795031057 0.4075569358181 0.0326086956521 0.7746376811595
0.4702093397741 0.0892109500804 0.0 1.4309178743949 0.0 0.5533011272136 0.185185185185 0.8602254428336001 0.5639291465374001 0.9359098228655001 0.32882447665020004 0.6334943639288 0.8995169082117 0.037037037037 1.012238325282
0.10906862745100002 0.15073529411750003 0.0 0.3174019607844 0.0 0.3639705882356 0.1176470588235 0.1384803921569 0.1593137254902 0.37132352941190006 0.050245098039200006 0.1544117647059 0.3627450980397 0.5710784313726001 0.1335784313725
1.0321650532662998 0.0928205128205 0.057754749568199995 1.0696119393908 0.0784176962933 0.4518656227409 0.31797479356790004 0.6959470989186001 0.8119852035494001 1.6775232777834996 0.4001695590789 0.6975959990363 0.5812473513435 0.08884283246979999 0.9460783101745001
0.5155597722965 0.0 0.016129032258 0.410056925996 0.0 0.016129032258 0.0 0.22049335863359998 0.1969639468689 0.46717267552189995 0.3777988614811 0.1351043643263 0.36698292220170003 0.0 0.2776091081593
0.0392156862745 0.311764705883 0.078431372549 0.7803921568634 0.0392156862745 0.301960784314 0.0392156862745 0.3078431372543 0.3235294117638 0.11764705882349999 0.078431372549 0.0 0.0 0.078431372549 0.5039215686268
0.0 0.0 0.0 0.0 0.0 0.0 0.0 0.0 0.0 0.0 0.0 0.0 0.0 0.0 0.0
1.1974066536534 0.2690610984486 0.0 2.4174256152264 0.15332635602459999 1.0473182567284 0.4511138886861001 1.7288279107879 1.0674759276122998 2.7122303484675006 0.1565591146454 1.1164793859315 1.26532000427 0.2785103341573 1.1389451053629998
0.0 0.0 0.0 0.0 0.0 0.0 0.0 0.0 0.0 0.0 0.0 0.0 0.0 0.0 0.0
0.1553703032496 0.0322580645161 0.0 0.5325601063186 0.0215053763441 0.0879545729129 0.088921106681 0.28730216261909997 0.4407393983326 0.5110547299746 0.08892110668110001 0.1524707019451 0.1768756795939 0.0224719101123 0.4015947807172999
0.0588235294118 0.0588235294118 0.0588235294118 0.0 0.0 0.0 0.0 0.0 0.0 0.41176470588180003 0.0 0.0 0.0588235294118 0.0588235294118 0.2941176470594
0.6902822690679 0.3295373117539 0.14793352751560002 0.8223900231248 0.06352562166510001 0.4456008296468 0.24615808268330003 0.6825371564756 0.5689481439891 1.0781036534004003 0.4056324432514 0.6091306268442 0.6592884188471 0.0900178253119 1.1609140664182
0.37746121041720004 0.2609393430721 0.0388349514563 0.8822078305045999 0.0 0.4766185010442 0.2394519553587 0.8108554123953001 0.7008835405143999 0.6966699936472001 0.0474548589056 0.2092369113507 0.35365438707889996 0.0560747663551 0.8496563379001
0.775020347516 0.49580079726680004 0.22043045946910003 1.6520002353768002 0.051526896875600005 0.7962797573936 0.2842145476984 0.9084424592287 1.2964035038041 1.7476887639477001 0.4422714780352 0.3226355356694 0.714293293606 0.20322812046440003 1.0897638036502
1.6244514106577999 0.0574712643678 0.0 0.686729362592 0.0756530825496 0.3389759665616 0.0756530825496 0.1483803552768 0.32079414838 0.7354231974916 0.3026123301988 0.2844305120162 0.208777429467 0.172413793103 0.9682340647862
0.6780671071367 0.1273481020857 0.168674698795 0.764088612514 0.1273481020856 0.0215053763441 0.1901800751391 0.8914367145996999 0.40354968260089996 2.2821609016735 0.0430107526882 1.164269983157 0.7408990801916 0.168674698795 1.2287861121913
0.20979020979020002 0.0 0.0 0.36363636363630003 0.0 0.041958041958 0.013986013986 0.19580419580449998 0.15384615384609998 0.2097902097902 0.06993006993 0.097902097902 0.2797202797202 0.027972027972 0.3356643356642
0.051724137931 0.0344827586207 0.0172413793103 0.18965517241360003 0.0172413793103 0.1034482758621 0.0172413793103 0.0689655172413 0.1379310344828 0.1379310344827 0.0 0.0517241379309 0.08620689655159999 0.0344827586206 0.0517241379309
0.543690286625 0.0625 0.015625 0.29000796178349997 0.0 0.1128582802549 0.08160828025479999 0.7625398089166 0.2987659235674 0.4915406050958 0.1910828025483 0.3717157643315 0.3421576433122 0.0573248407643 0.3785828025482
0.5506521908926 0.0428571428571 0.0508474576271 0.4491056783566 0.0161290322581 0.34311489494650005 0.0806451612904 0.6486448488636001 0.5981098180114 0.6393267203001 0.125142544716 0.3574552839181 0.366468796376 0.033078184800499996 0.6984222447862
0.0487804878049 0.0487804878049 0.0243902439024 0.1707317073172 0.0 0.1707317073172 0.0 0.21951219512210002 0.0487804878049 0.0975609756097 0.0487804878049 0.0 0.0731707317073 0.0 0.0487804878048
0.133333333333 0.0 0.0 0.2 0.0 0.1333333333334 0.133333333333 0.1333333333334 0.0 0.0 0.0666666666667 0.0666666666667 0.0666666666667 0.0 0.0666666666667
0.8453848069437999 0.127659574468 0.0483870967742 1.1434727680230998 0.0851063829787 0.07795142157769999 0.2195443419317 1.2185664567151 0.9239284260914999 1.4925291998958001 0.252677036704 0.5808425604815 0.5185403392832999 0.13217242363669998 1.3332371644976002
0.0 0.0 0.0 0.0 0.0 0.0 0.0 0.0 0.0 0.0 0.0 0.0 0.0 0.0 0.0
0.2892662330252 0.0968115942029 0.0434782608695 0.7220084445966 0.0236220472441 0.5670888964971 0.09028871391080001 0.6107132260654999 0.3566541138883 0.6751979915558 0.1683989501312 0.3467990414243 0.27926509186369997 0.1276777359351 0.6027296587936001
0.076923076923 0.076923076923 0.166666666667 0.3846153846145 0.0 0.410256410257 0.47435897435950003 0.1923076923075 0.5 0.23076923076900002 0.0384615384615 0.0 0.166666666667 0.166666666667 0.11538461538450001
0.23981993042779998 0.1406793533867 0.0 0.6666155105382001 0.08870472682620001 0.3527215060363 0.158890935134 0.3249437282587 0.3249437282587 0.5579087374667001 0.073767137303 0.1863617761408 0.32494372825889994 0.15172907714349998 0.4079701248211
0.25041356492969996 0.0430402930403 0.0384615384615 0.635560675884 0.0 0.43867422899700004 0.4311414392061001 0.3356965615027 0.45270589625420005 0.6929575800543001 0.1359447004607 0.0238095238095 0.1835637480797 0.1160049627791 0.2220252865415
0.3134335978526 0.1615853658536 0.0 0.7966288365037 0.0576496674057 0.3805213560512 0.2555213560507 0.5693852841634 0.5226689228608 1.5191460497146 0.1583615357683 0.1557357918076 0.4869150425955 0.025353016688 0.5970941766830999
0.41774891774869993 0.0 0.0227272727273 0.0692640692641 0.0454545454545 0.11471861471870001 0.0 0.1168831168831 0.21103896103929998 0.3506493506492 0.13961038961029998 0.0703463203463 0.16558441558429998 0.0227272727273 0.2532467532468
0.2333288153971 0.040164452877799996 0.010752688172 0.46232041203639995 0.010752688172 0.0758787385921 0.0588235294116 0.4072015903135 0.2071247853979 0.4262446914247 0.18586789554539998 0.37878377157369997 0.15745007680489997 0.0758787385921 0.2694271256892
0.3961593172115 0.1073968705548 0.0 0.4516358463732 0.0 0.0263157894737 0.0526315789474 0.2382645803704 0.13157894736849998 0.3193456614509 0.1052631578947 0.23826458036970002 0.5334281650071999 0.027027027027 0.372688477952
0.159649122807 0.0333333333333 0.0263157894737 0.23157894736839998 0.0 0.078947368421 0.07894736842109999 0.1649122807018 0.059649122806999993 0.37192982456140006 0.0859649122807 0.0 0.22456140350929998 0.1456140350878 0.33859649122799995
0.35392750610150003 0.00961538461538 0.027027027027 0.19186703425833998 0.05838154207718001 0.11580267558537999 0.054054054054 0.12318087318076 0.42288484136298 0.65476136671776 0.09935144174274001 0.12568923438497998 0.30585058302448 0.08722769592328 0.37037873994396
