0.7433300872572 0.15648403626340002 0.9641997779277001 0.0 0.0610667996012 0.8482852476160001 0.08880915393349999 0.5037355633353999 0.6330079528862 0.6151191129458 0.8113405262251001 0.46351063089819994 0.111111111111 0.0
0.7190765082569001 0.5075834175930001 0.8235591506555 0.0579710144927 0.0232558139534 0.6929558476564001 0.0579710144927 0.7307044152340001 0.9742163801816 0.1044826423997 0.1508257499156 0.7544657903595 0.333333333333 0.0695989214694
1.06442450971975 0.0519748493456 2.9236533762440695 0.1510410746576 0.44110438425204 0.91489196848991 0.10113700782943 1.2748762438130699 0.8071056171787301 0.64154771676666 0.36896780266073 2.0878664342753503 0.033430401863710005 0.13797861290051
0.0 0.0 0.0 0.0 0.0 0.0 0.0 0.0 0.0 0.0 0.0 0.0 0.0 0.0
0.6962962962961998 0.0 0.7000000000005 0.0 0.4370370370371 0.1444444444443 0.0166666666667 0.2796296296295 0.24259259259250002 0.3037037037036 0.32037037037030003 0.7870370370371 0.053703703703700006 0.0185185185185
0.16253464736682002 0.059251691993279995 1.37672485671452 0.0 0.0767462648448 0.84523612790828 0.4509303146621 1.282253036573 0.8277471887734801 0.20607953307738003 0.31304130642164 1.07083461656914 0.1958393113338 0.13278110375798
0.2207792207792 0.030303030303 0.40259740259759996 0.0 0.1428571428571 0.15367965367960001 0.1363636363636 0.2532467532466 0.27705627705610003 0.077922077922 0.0 0.16666666666660002 0.060606060606 0.07792207792200001
0.3067425724958 0.305916305916 1.5427187728547 0.1301821466204 0.1178438000355 1.1104499762029 0.097902097902 1.4148639792475999 0.5497193825958 0.6780206095282 0.31402296333790003 1.8396982013423 0.0 0.5919191919186
0.4849118648749 0.20856019358779998 0.9477084599257 0.0581721334453 0.0849268882887 0.3516719583957 0.1425778970707 0.3948454935795 0.1543055494077 0.1198486122791 0.13755846723600001 0.5878078290765 0.050967937083899996 0.2761367157472
0.36403203490621 0.20826446280991 1.01937863635641 0.00826446280991 0.44461287841121 0.32719778901271 0.1702704222181 0.54771914813181 0.28869776090230004 0.37683420475683 0.50276236275631 1.71097410139373 0.0227272727273 0.00826446280991
0.2682138221934 0.1234782608696 1.5741109669062 0.0108695652174 0.35491888384160003 0.5343818948733 0.0524253731343 0.8932478909799 0.4375340687864 0.4338595068138 0.9367066839719 1.3020327709295998 0.0 0.078220311486
0.5023800336261 0.39458394200810004 1.1048579146103 0.013698630137 0.32464650919189997 0.524829800722 0.0428571428571 0.40197761913920005 0.4525647032881 0.5045767757231001 0.5847895592734 1.1345387392839998 0.0 0.013698630137
0.0 0.0 0.0 0.0 0.0 0.0 0.0 0.0 0.0 0.0 0.0 0.0 0.0 0.0
0.1538461538465 0.1923076923077 0.5384615384613001 0.0 0.11538461538450001 0.1923076923076 0.1538461538461 0.076923076923 0.30769230769230005 0.153846153846 0.076923076923 0.7307692307689 0.2307692307696 0.076923076923
0.6741608568115 0.1217948717948 1.1604259265895998 0.0 0.0910213097712 0.5988776823901 0.21875 0.7365548157574999 0.3590019893903 0.3590199118214 0.3240536209287 1.241755681411 0.03125 0.0833333333334
0.22167487684690002 0.2738916256157 0.3251231527089 0.0147783251231 0.0295566502462 0.11822660098500001 0.114778325123 0.1921182266007 0.277339901478 0.18866995073850001 0.6477832512313 2.0812807881757003 0.5 0.0147783251231
1.34601788095397 0.13262035480499001 3.30343953340289 0.09090909090900001 0.6763738178652801 1.2497096911358 0.23363381841289 1.42320081784348 1.12173275062729 0.77131068713698 1.22773845845539 4.07554952720876 0.1183161350843 0.22944743615678997
0.0 0.0 0.0 0.0 0.0 0.0 0.0 0.0 0.0 0.0 0.0 0.0 0.0 0.0
0.85664160401075 0.0714285714285 0.6398496240595 0.1095238095237 0.15087719298250002 0.10401002506274999 0.027819548872149998 0.41704260651615 0.29699248120314997 0.2636591478697 0.22255639097745 0.8220551378453 0.00877192982455 0.00877192982455
0.6353007518798001 0.2611528822052 1.5906140350889 0.0305263157895 0.26486215538860003 0.9400751879698999 0.1478696741854 0.6471052631576 0.7143107769420001 0.2249999999997 0.534210526316 0.8620050125309001 0.054335839599 0.09263157894740001
0.0 0.0 0.0 0.0 0.0 0.0 0.0 0.0 0.0 0.0 0.0 0.0 0.0 0.0
0.59917355371924 0.1858028335304 0.99166174734368 0.0661157024794 0.13592089728460002 0.7804752066115599 0.021915584415559998 0.65495867768646 0.6289846517124 0.30453069657606 0.2791469893745 1.15112160566702 0.0590318772137 0.14115997638726
0.0 0.0 0.0 0.0 0.0 0.0 0.0 0.0 0.0 0.0 0.0 0.0 0.0 0.0
0.5591934224423 0.1493902439024 0.8501504294704001 0.0416666666667 0.2728446098019 0.49609457535280005 0.0169491525424 0.42250815304830003 0.2456754398053 0.7356977171473 0.3452941987046 0.8110008727207001 0.0365853658536 0.0169491525424
1.1189420080731 0.4851621808142 2.1255264863973 0.08333333333330001 0.7415814459299999 0.5851329025236001 0.23418449505390002 1.3146109124369998 0.7455810694945 0.43369931195989997 0.8837055858803 2.1432042997264 0.10533596837930001 0.0
1.16788708180566 0.35987363461166 1.82566654460886 0.1936756276237 0.5479256339579 0.6320297224671001 0.09557721139426 0.96312690428946 0.93758840625842 0.91830242712802 0.94146659389162 5.308934184975 0.051724137931 0.0562218890553
0.142857142857 0.0 0.0714285714285 0.0 0.0714285714285 0.0 0.142857142857 0.0 0.0 0.0 0.0714285714285 0.21428571428549997 0.285714285715 0.0
0.037037037037 0.11375661375660001 0.5952380952379001 0.0 0.047619047619 0.3386243386241 0.0925925925925 0.121693121693 0.0555555555555 0.0185185185185 0.2354497354497 0.19576719576719998 0.0 0.1481481481482
0.5803660753839199 0.16167205738311 1.0283478713094298 0.0782608695652 0.21785822569843 0.26697798182661 0.050847457627099996 0.77617344437522 0.63772268181122 0.52074064024684 0.32140366239793 2.2967942452420296 0.0 0.06283478713089999
0.38095238095299994 0.281746031746 0.39484126984109996 0.015873015873 0.031746031746 0.095238095238 0.0 0.2678571428571 0.299603174604 0.1269841269841 0.095238095238 0.9940476190479999 0.0 0.015873015873
1.38589396266804 0.29495096821896 2.9050008776775598 0.2458941605839 0.7595746367388201 2.1221167640646397 0.3739997866212 2.29508903928754 2.3237481216468403 1.26398476730836 1.103635476297 4.44765712289328 0.0515664049892 0.42688791100154
0.0 0.0 0.0 0.0 0.0 0.0 0.0 0.0 0.0 0.0 0.0 0.0 0.0 0.0
0.5533173348384 0.0227272727273 1.5085262563523998 0.11595143986430001 0.45105872388560003 0.36082721626180003 0.08070299265950001 0.6068746470912001 0.5563241106728 0.8053924336528999 0.458003952569 3.4227837380084996 0.0401185770751 0.0173913043478
0.9300146857759 0.25183572188159997 1.4928723350378 0.0949764521192 0.35329417126609997 1.0431331341488 0.38228591684859997 0.996581759256 0.5330303337212 0.6438699549291 0.6096115865706 1.1727857396079 0.20344862510759998 0.292259583734
0.1196428571429 0.0 0.4976190476192999 0.0190476190476 0.0 0.2095238095241 0.0095238095238 0.1508928571429 0.17946428571429998 0.0598214285714 0.1943452380952 0.5125000000001 0.0190476190476 0.0285714285714
1.1049337832683 0.2676572100763 1.5472835566036998 0.11066059657590001 0.4630163785089 1.3039887404009998 0.1716051140243 0.9602865375438001 0.6872947927216 0.8560198125235001 0.8554038554029 3.5650000449076 0.0 0.1068495774378
0.46198877305640007 0.3482558139545 1.5383663649916 0.0999999999999 0.24325046778999998 0.3224768014664 0.0344827586207 0.41722133119480004 0.6019303471189 0.1292502004813 0.23470997059620002 1.2788635582532 0.08448275862070001 0.2047208538586
0.38884408602180004 0.0 1.2623655913977 0.05 0.5905913978495 0.27177419354840004 0.12916666666670001 0.5680107526881 0.6852150537643 0.6044354838710999 0.46505376344109994 0.9845430107522001 0.0 0.0
0.5907203907204 0.3645909645911001 0.606227106227 0.0 0.12307692307679999 0.46247456247420005 0.121978021978 0.42385022385080007 0.3229141229141 0.3429792429792 0.34220594220580003 1.1759055759051 0.0802197802197 0.0428571428571
2.1312218642637006 0.2121272313151 1.7837011684119002 0.4109062980046 0.3715951232686 0.9281985995986 0.0119047619047 1.644128097804 0.651285398042 1.1389150837799003 0.6554235018411001 5.8825383765009 0.0820619509939 0.0959925442682
0.027027027027 0.08108108108100001 0.162162162162 0.0 0.0 0.1351351351351 0.054054054054 0.027027027027 0.08108108108100001 0.0810810810811 0.10810810810810001 0.10810810810810001 0.054054054054 0.0810810810811
0.148148148148 0.1111111111109 0.22222222222200003 0.0 0.0493827160493 0.16049382716039998 0.07407407407399999 0.2345679012343 0.185185185185 0.0864197530864 0.07407407407399999 0.4691358024687 0.0617283950617 0.1234567901233
0.6022619355943 0.14009187693379999 0.9602093812609 0.1156004489337 0.0487829259757 0.5920768640059999 0.09423747143030001 0.334223930715 0.5823370911094 0.42260436120039996 0.8630433893602 2.1747842800482005 0.0242914979757 0.0454545454545
0.65094339622584 0.09080188679244 0.57075471698138 0.0 0.00943396226414 0.20990566037734 0.00943396226414 0.13207547169834 0.4292452830187 0.18160377358482002 0.09433962264147999 0.47759433962298 0.14386792452828 0.0
1.47615321918154 0.47347721238357005 4.40762175902508 0.0307692307692 0.98753359880744 1.5943013538142001 0.36437140057819994 2.2079038287384396 2.0487016121891397 1.6681880892128902 1.7305330166211799 8.477576993757081 0.1553639846742 0.37750470024397004
0.0434782608696 0.130434782609 0.0 0.1304347826087 0.0434782608696 0.0434782608696 0.0434782608696 0.260869565218 0.0434782608696 0.0434782608696 0.0 0.21739130434759998 0.0 0.0
1.2373624953694 0.055374428185000005 1.387175780472 0.0512834546548 0.4263096697238 0.4599083087676 0.0417805861027 0.8722687998247001 0.7357813898362001 1.3098523302841 0.6073477178531 7.5193757189782 0.0458715596329 0.2503077603131
0.6886165611977999 0.2671680047819 2.0515686388366 0.0254237288136 0.2511368334018 1.4837729503961 0.4428692997601 1.0307010921981 1.1487285024761 0.5400231260964999 0.6870673592525001 1.8794068626169 0.1511734028682 0.35234363730460005
0.047619047619 0.047619047619 0.047619047619 0.0238095238095 0.047619047619 0.047619047619 0.0952380952381 0.1428571428571 0.0238095238095 0.095238095238 0.0238095238095 0.33333333333299997 0.0 0.0238095238095
1.0843983960769499 0.17483443035817003 1.65940343577159 0.1324991160369 0.39098628248906997 0.7342943580511 0.10754027783462 0.58246103283131 1.43351760022472 0.6744695655658001 0.72898172289916 3.08558631251904 0.12789790652150002 0.08312956281799999
0.8099096478454 0.4265950299874 1.6973969645231 0.1685681195964 0.3323181085526 0.7857590979438001 0.2317516801818 0.8293103257916001 1.0023678788605002 0.7150682373917001 0.22879136050870003 1.7110169527748 0.0458794204704 0.0152671755725
0.82676825908 0.0735312442999 1.5029585275611 0.0540587219343 1.0700461990269001 0.9565006258833 0.0791216451725 1.1535668524468 0.9237650565533999 1.3263767937341 1.1707887686887002 2.8286190005342 0.0338983050847 0.0
0.5809409888353001 0.10752259436455 0.61802232854895 0.04266347687395 0.1993620414673 0.2355130249867 0.06127060074425 0.28110047846880004 0.3215045188732 0.2751196172246 0.40483785220615 1.7523923444974003 0.10047846889949999 0.01927166400845
1.6028443490314 0.6520853818256199 3.5830614370469798 0.3419052264486 0.4875090217778201 0.9065301037240401 0.23735995306596 1.33193478189868 1.59360874434728 1.7832216943503998 0.9944769132986 7.2404855559193795 0.17393234867860002 0.07104448859188
0.041095890411 0.1095890410959 0.123287671233 0.0 0.0 0.0684931506849 0.013698630137 0.027397260274 0.068493150685 0.0684931506849 0.041095890411 0.3561643835619 0.0 0.082191780822
0.0681818181818 0.0454545454546 0.2045454545455 0.0 0.0 0.204545454545 0.0681818181818 0.0454545454545 0.18181818181929998 0.0 0.0227272727273 0.0681818181818 0.0454545454545 0.0454545454546
1.72292908461825 0.14978067461142 2.3771687005931903 0.04221606221943 0.50936491322319 0.7972168258821299 0.13661103185203 1.4118689666141 1.65321646218796 0.8923623094352 1.5337517460617 5.72176173026362 0.00619834710743 0.0455531453362
2.0288664480303 0.1890119167449 1.8171250446484 0.38490762087200003 0.1890119167449 0.9571062116460001 0.0 1.3716271065374 0.8114751436837 0.6224632269384001 0.7543267201347 2.4640387050676997 0.0 0.41003993895490004
3.1224697282299405 0.66862543912176 4.62045227201067 0.10227034251061001 1.1162702969772702 1.9263325601441794 0.5483406285118999 2.80620114937 2.7974226602409997 2.9179473671192397 1.72688628172302 9.30360474269531 0.05458945197261 0.28858707936166
0.0 0.0 0.0 0.0 0.0 0.0 0.0 0.0 0.0 0.0 0.0 0.0 0.0 0.0
1.0749133304984801 0.05457158953613 1.0113312823718499 0.00609756097561 0.2792948767552 0.32649859498493 0.03165260699513 0.8635384028476 0.52603911313673 0.8590603001561801 0.30206716147472 3.50498836839828 0.04700276719914 0.11294404466797
0.9580803074391 0.2016829853326 1.6490811836769 0.12499581835999998 0.4439372677721 1.1802304391698 0.24207205097530005 0.9764111493959 0.7390941364905002 0.8408687951060001 1.01393205026 2.3134733317003997 0.0374149659864 0.27872551833240006
0.19437340153452 0.06820119352081 0.28729752770673 0.027564649048000003 0.12759306621194 0.15231599886331001 0.0667803353225 0.11025859619201002 0.16624040920721 0.13924410343842 0.08127308894560001 0.52657004830891 0.0261437908497 0.02614379084961
1.5008550091391 0.3287549949974 2.6324298264348998 0.086396986699 0.7376320657604 1.4376577410431999 0.1244700600719 1.3418602198371001 1.3900819903535 1.6726201738286 1.1048212707306 5.207290763449599 0.23048659672900002 0.2046423009212
0.5879598785990199 0.14227552002317 0.78766007846587 0.020134724998130002 0.36468280405645004 0.31643719002146 0.07828114590277 0.53712339921537 0.21437560145069 0.47286993855963 0.18659782367299999 1.23445480790708 0.00584795321637 0.051299133910690006
1.1357238808987 0.19266540750916 1.4847436570802401 0.0 0.6849640096423 0.3453862314156 0.1139108287546 1.06628083925916 1.34350759534696 0.83864351028906 0.6668249030383 3.05610657724882 0.0 0.0712425595238
2.3283323255661 0.6640574277985 2.0735541507696 0.18607764621730002 0.503418455693 0.9251933164636001 0.3229215796984 1.4095870636727 1.0147685415518 1.0097930345464001 1.1024136332391 6.201193580050099 0.1388052787165 0.1198839660172
3.4464324814099 0.6100501755582 5.72657288263024 0.39548258548338 1.53869909039 1.5481714744673898 0.166558829796 2.1883763440796 2.6510401911195896 3.07572254457729 2.15866582820999 10.747635337596291 0.32153628435439996 0.42505595033160004
0.079207920792 0.1980198019802 0.9991749174895 0.0 0.019801980198 0.158415841584 0.2021452145212 0.079207920792 0.28135313531350004 0.309405940594 0.20214521452130002 1.0470297029722 0.1031353135312 0.3209570957092
0.1068702290075 0.1068702290075 0.4427480916029001 0.0152671755725 0.0763358778625 0.2748091603056 0.0763358778626 0.091603053435 0.1221374045801 0.0458015267175 0.198473282443 0.21374045801519997 0.1221374045801 0.1068702290076
1.6185391111517198 0.4119700935436801 2.23916089802842 0.07324094876428 0.7164187690446799 0.94204354667602 0.16046330138676002 1.18109266344914 1.6394383509691999 1.1341465213936401 0.8945476715001999 3.8716677188957993 0.0450916512933 0.07217875390379999
0.6454804454809 0.1406889406888 0.9479409479397999 0.1012173012172 0.0592592592592 0.1728049728049 0.020979020979 0.5171199171209001 0.4196840196835 0.199948199948 0.2628852628851 1.4342398342393001 0.041958041958 0.0357938357938
3.28821768770874 0.46412589697964 4.21537584962945 0.35882759649873 1.09098150024366 1.7179117745452899 0.33115706783036003 2.7302199461277397 1.9214911120890998 2.30828478439013 1.7679217315342899 6.264220708683091 0.142970294328 0.39829404941587
0.0 0.0 0.166666666667 0.333333333333 0.0 0.0 0.0 0.0 0.166666666667 0.0 0.166666666667 0.166666666667 0.0 0.0
1.4921303223679998 0.2529789280104 1.8531180589076 0.21733301462440002 0.6547841521814 0.6428355670847999 0.1850749501083 1.1922240467924001 1.2209953716021 1.5980311576783002 0.7824074195664001 3.7110216600812 0.1175457069015 0.0795196440943
1.1978506787332999 0.479751131221 1.7108597285076002 0.0721153846153 0.4889705882349 0.4654411764711 0.1416855203619 1.497058823529 0.8265271493205999 1.3303167420811999 1.3451357466051 2.1588800905 0.047567873303 0.2378393665158
0.5042857142862001 0.23 0.8728571428576 0.047619047619 0.1747619047618 0.5566666666667 0.4071428571428 0.29666666666659997 0.27619047619040005 0.3266666666666 0.2342857142854 0.7928571428569 0.0266666666667 0.2533333333334
1.1994964149391 0.39021377771944005 2.5299156872405395 0.20627544461089997 0.7814617904285699 0.7708077068564999 0.03798670465334 0.98777137611837 1.33684209395104 0.7745364418413699 0.74460645337497 3.14644993942214 0.025641025641 0.067995143204
1.83609967497229 0.8448970747555901 2.56850848681816 0.18779342723009 0.31314553990568 1.14809678584329 0.209201877934 1.07113037197629 1.486348862406 0.72754062838539 0.95680751173728 1.5485518237628701 0.0352112676056 0.0666666666665
1.405143658353 0.4939625141989 2.6524825969182 0.15510791366889998 0.7740444891045 0.7722062835552002 0.09099920063940001 2.0771807007836998 2.0454824965941003 1.4042057366246 1.1072338242780002 3.7095327300931 0.0499999999999 0.2624178551892
2.6558684904446 0.24947974562840003 2.7631534287024 0.1595612780157 0.801183048001 0.7576759437531 0.103004291845 1.9736084946666999 1.4468865905241 1.7047429141676 1.3411855142618 4.7121061179204995 0.22113244281260003 0.1104116992528
4.6904727716542 1.4686087586297 7.2944244935103 0.7217011494116998 1.4720947252649 2.3919174731362998 0.5428922921796999 3.5023040624813 3.6887045947168997 3.3188387694458 2.727633034977 8.7406726807445 0.1478047836983 0.2919304101566
0.1442424242424 0.2993939393938 0.288484848485 0.0266666666667 0.0266666666667 0.4000000000004 0.0266666666667 0.18666666666639997 0.1333333333334 0.1599999999997 0.1066666666667 0.8812121212113999 0.0533333333333 0.266666666666
0.3057439170324 0.126047068209 0.4882329477461 0.0275229357798 0.1868767451136 0.27961707219779997 0.3187076186676 0.3346629437574 0.34044674910219996 0.1753091344236 0.3346629437573 0.731551655366 0.1100917431192 0.240526525728
1.6834915194627902 0.2145872420259 1.62196215060087 0.1291533174865 0.55323167750549 0.24812904450339002 0.037992495309499996 0.8262398837725999 1.1532608436426999 0.8886027482750899 0.91551931622949 3.6124451458033695 0.0576923076922 0.0576923076922
0.8768468373743 0.5008938429991 0.9765169041475 0.0874191597875 0.23078894789409998 0.4091171985907 0.152978600347 0.8401532677851999 0.7125046006632001 0.39516404647979997 0.3348427887904 1.7415084915087 0.326923076923 0.41434223671060005
2.9415866078295303 0.46127570472724 4.22444619944659 0.1176747371868 1.63936562107024 1.42902731413753 0.30370602077091 2.3591749526925003 1.7155746795856002 1.71866575713693 1.43638565710254 4.22359898668149 0.0944936450651 0.33502411657044
0.1176470588234 0.117647058823 0.0 0.117647058823 0.0 0.0588235294117 0.0 0.0 0.0588235294117 0.352941176471 0.0 0.1764705882347 0.0 0.0
0.5791227176676199 0.09180091494331 0.8230050393366101 0.02521064247071 0.1786847913007 0.15402253405350003 0.04906372437321 0.43664810421782 0.49882616523541007 0.51696140976282 0.33024461778361003 1.2698083220527498 0.01451545530491 0.0320855614973
1.04683544303793 0.5709896605466901 1.73125498916665 0.104641350211 0.21487341772163 0.8881818527388001 0.6011479834261 1.40155757023002 1.00994887292299 0.66455506139093 0.9397888394720599 1.35087904360102 0.2255711407609 0.2497747747747
0.33415233415199996 0.7667895167898999 0.8683456183448 0.243243243243 0.33415233415210005 1.3753071253109002 0.1795659295658 0.8910728910735001 0.4152334152331 0.38493038493 0.19696969697 1.1343161343162 0.405405405406 0.47051597051559996
2.0254659930545 0.515174107173 2.7071596071040007 0.1866108082588 0.8139223226439 1.0100151000878 0.0996782786202 1.6294040415849 2.000590420831 1.5650320572132 1.5110499695861 4.2190742628384 0.0682363724547 0.6485866585423999
0.7938366942791 0.62683997418504 0.9960426741404801 0.09462219196746 0.168998037361 0.51486456021942 0.1182943163032 0.47236170908722 0.43878245648155995 0.54809902486954 0.36557248061726 0.8183000627693401 0.0 0.04338581772216
1.4464093434234 0.35234629801769995 1.8595910279915002 0.2568965322958 0.6858082927204 0.6316446078019 0.08994368463380001 1.5293368742427003 1.4945803941924 1.9037093495753001 0.8296630975211001 2.7117902848663 0.1456007868792 0.0626794258373
1.981871708528 0.31550894917059996 2.3766057176574 0.056862745098 0.5233788486054 0.6655787956424 0.1889314305603 1.2417553948370998 1.0047929096461998 1.2314461476963001 1.1033591343712 3.9230230549820995 0.1716333233802 0.2152518398275
1.96746630507503 0.5121954365006001 2.5935478234846006 0.1055194673508 0.6355990493292 1.01195552741779 0.35137042644934996 1.8082634960065802 1.42001429953468 2.23257172463059 1.85010616970064 4.17065529058894 0.08068869241505 0.26004629151379
0.0563380281689 0.0704225352111 0.0845070422534 0.0281690140845 0.0563380281689 0.1126760563378 0.0422535211267 0.0704225352113 0.0845070422534 0.0845070422534 0.0 0.2112676056337 0.0281690140845 0.0704225352112
0.2069716775599 0.192265795207 0.46804647785069997 0.0 0.1134713144517 0.3734567901233 0.1864560639071 0.2411038489471 0.22639796659400002 0.0393972403776 0.17283950617289998 0.5379448075521 0.20225127087869998 0.0393972403776
1.2493103772322 0.12189387303480002 1.0611571634734 0.0183486238532 0.5831407611451 0.42967821766150005 0.09809800147520001 1.1284912587036 1.0161571326378 0.9889796338028 0.9647166502072999 2.1690460920623003 0.0366972477064 0.13428496700460002
0.5285024154598 0.314174930079 0.48379099923759994 0.0 0.0521739130434 0.23038393084179998 0.2134502923978 0.42753623188440004 0.3803585049584 0.097342995169 0.29294431731500004 0.6540808543098 0.2383040935678 0.08695652173900001
2.2237252569138297 0.44348608484857 3.6226641357546003 0.14324613635305 0.9248694087723099 1.35653845239871 0.26597145299616 2.01659437248305 1.7525465074126596 1.3389022528977899 1.25083490452121 2.3797866511132897 0.052939903388330004 0.22789448014538
0.142857142857 0.0 0.0714285714285 0.142857142857 0.0 0.0714285714285 0.0 0.0 0.5000000000004999 0.0714285714285 0.0 0.0 0.0 0.0
0.9385408892528 0.1547509295185 1.4989078481741998 0.0393352717301 0.6459148098042999 0.4790814934068 0.286722063759 1.212843480343 1.2361245039781 1.3680060966073 0.8931498415931999 2.0834192165314 0.0560716734037 0.1071318818997
0.8992713029163999 0.43793900968498 1.37296388049606 0.00895522388058 0.22354532996690002 0.91198936901908 0.20595759297577998 1.1514584405257002 0.6643463771885 0.74923374232686 0.56125392473838 1.54805150383158 0.0546797752282 0.2103545272236
0.10638297872329999 0.0425531914894 0.25531914893609997 0.0 0.0 0.0851063829786 0.08510638297869999 0.0212765957447 0.25531914893630003 0.0425531914894 0.0212765957447 0.0425531914894 0.0212765957447 0.0212765957447
1.3796952619098 0.44769151968911003 1.6816992235506503 0.07474723546090001 0.46529887139822 0.59730293867801 0.24470713772410002 1.2793639376095198 0.77959051782411 0.76815167799101 0.7945214379121 1.29081631627022 0.068951930654 0.12746199333041
1.31375124906562 0.22559066917514 1.9447795934940197 0.0717336285985 0.46256533188347 0.24176698664142 0.14623536855417 0.7250958798968701 0.61927253341722 1.02008816916825 0.6644352536909299 1.4974963586283998 0.015199637023580001 0.05198934076321
0.28048780487790004 0.0121951219512 0.2317073170729 0.0121951219512 0.1219512195125 0.1341463414634 0.0 0.2317073170731 0.26829268292610003 0.2560975609755 0.1585365853658 0.29268292682900005 0.0 0.0
1.25164390981499 0.25045044485349 1.2544964865288997 0.0320302033856 0.6563523264143901 0.41184250932618005 0.1853918494421 1.2108813497172901 1.20862456253426 0.5680164039191901 0.97210765302499 1.89636115887928 0.0495360785215 0.05226506363399
2.1575344701651398 0.51184123981104 3.2574516695104596 0.1467824419134 0.8332246664267999 0.5894640827313 0.18305673898709998 2.02048971129722 1.52027505430094 1.5764733999525 1.4642363836471 3.52963987982398 0.02139787775144 0.18813238368079999
0.0 0.0 0.0 0.0 0.0 0.0 0.0 0.0 0.0 0.0 0.0 0.0 0.0 0.0
0.16042780748660002 0.1176470588236 0.6809269162206 0.0 0.060606060606 0.29055258467010003 0.19964349376110002 0.2281639928698 0.30837789661320003 0.1408199643493 0.2299465240642 0.2620320855614 0.08021390374330001 0.24064171122989997
0.73508360805007 0.136041577972 1.0369081406773 0.0162601626016 0.41285822647533 0.38423120860873006 0.07634008543474 0.8775077758610501 0.71260102726995 0.45684748073105996 0.5457940542270301 1.56208095375115 0.0 0.0474456983375
0.6563924178263 0.4463904012905 1.4458459366785001 0.15789473684150002 0.1111111111112 0.5031357128456 0.1528836458963 0.45407340189519996 0.698205283324 0.24409155071580002 0.2862371445854 0.6908550110907 0.09118773946360001 0.0616959064327
2.3747399350573 0.6626340071271 3.2583613084038 0.0727229375297 1.2309661144146 1.1616668870973998 0.35412636354710003 1.8349102371077 1.9923844725215 1.3620434241975 1.6901019217128002 3.4357836154731993 0.11999652865409999 0.4495622471559
0.0 0.0 0.0 0.0 0.0 0.0 0.0 0.0 0.0 0.0 0.0 0.0 0.0 0.0
0.4411803022409 0.07337340876939999 0.5370449638951 0.0178571428571 0.1927994491178 0.2827830715404 0.072870914911 0.5134184471082 0.5427491997321999 0.6785900394555 0.45803245738139997 1.1357291744209999 0.0 0.0535714285714
0.8443413631336999 0.33440514469439997 1.0526593221237002 0.0257234726688 0.21285119392729998 1.1182330926149 0.19672131147539998 1.4758315323377 1.0269358494546998 0.8957883084717001 0.8584681882865001 1.6372357809270002 0.09836065573769999 0.2224447841442
0.0652173913044 0.0666666666667 0.3057971014495 0.0 0.0652173913044 0.3304347826085 0.22173913043449997 0.26521739130440003 0.0434782608696 0.0652173913044 0.2405797101451 0.1304347826088 0.0 0.19999999999969997
1.29587962530241 0.36721987675291 1.81680377515 0.15736429295751 0.5864516962704099 0.60735723362691 0.063829787234 1.5282572048487302 0.52995062561241 0.88153410809041 1.09383534637551 1.9563723450475403 0.0597106272951 0.0554334554334
0.80883702043937 0.19953813016254002 0.8476389327526699 0.0408163265306 0.24883321051333998 0.26909683057663997 0.06407107180857 0.7611026724611099 0.37242767409116995 0.5964537620511 0.8266083146589001 0.9028795011004699 0.00847457627117 0.053221976582300004
0.6445779607627601 0.0147846889952 1.21184392391127 0.1047358834243 0.22641040362592 0.31242382622509 0.02999999999999 0.60600786438433 0.43092270631181007 0.34965969497573 0.24811497198021001 0.75995341237936 0.0 0.0605646630237
1.83851279885913 0.36727182155588 1.93888568882145 0.025 0.51182298326097 0.5761555593236001 0.20049280392944 1.03441521705595 1.3252368472136098 0.84594329247566 1.09373113407061 2.0360420875502103 0.12917539751004 0.07731436837027
2.0054521889799 0.5677080077145 2.8884249571841996 0.2475385721949 1.1674876865441 1.2970567248005003 0.031055900621 2.3212081408953003 1.7599650987393 1.7985780014377002 1.4966448346622 4.2294673410385 0.0838374407802 0.10557510440300001
0.0 0.166666666667 0.0 0.0 0.0 0.5 0.0 0.0 0.0 0.0 0.0 0.0 0.0 0.333333333333
0.1785714285716 0.142857142857 0.2499999999998 0.0 0.0 0.3571428571425 0.2500000000006 0.17857142857129998 0.2857142857146 0.0357142857143 0.0357142857143 0.0 0.107142857143 0.1785714285715
1.2260484235999 0.2316217732883 1.9409554902697002 0.0340909090909 0.53365051481 0.49897917203040004 0.0928731762065 1.5330842575353003 1.1294888750917 0.47371663494829996 0.9000342000729 2.2881726224436 0.0 0.11728395061720001
0.46574993633859996 0.4588235294122 1.3989304812845997 0.0571428571428 0.030303030303 0.7227400050926001 0.1176470588236 0.7652151769786 0.8103896103889999 0.5281385281388 0.41553348612179997 1.0579577285472 0.0571428571428 0.114285714286
0.9817152273579 0.22333913675119998 1.9489617179175 0.1273153683436 0.6317122649228001 0.6371736779018 0.1310736941382 0.8329583310693001 1.1652450326741 0.7552324926243001 0.7805067673657 1.6088846023838002 0.0690721223158 0.1068095642308
0.0 0.0 0.25 0.125 0.0 0.5 0.0 0.0 0.0 0.0 0.125 0.0 0.0 0.0
0.5150641025642 0.10874542124539999 0.6784798534797 0.0 0.30407509157490004 0.0778846153846 0.051602564102500005 0.4161630036628 0.5160256410263 0.8077838827843 0.4656593406593 1.0003205128214 0.0428113553113 0.0153846153846
0.42908188302912004 0.16287878787875001 1.33314054366789 0.00378787878787 0.2944402089138 0.8458011286971101 0.27245342376907 0.56191615402144 0.6322449480342199 0.29351788562296 0.2195392326972 0.6984506721345399 0.0535714285714 0.19917582417559998
0.46323529411810005 0.1176470588235 0.5098039215689 0.0 0.0710784313726 0.3014705882354 0.11274509803919999 0.44607843137250003 0.24264705882350002 0.1299019607844 0.2794117647059 0.2671568627452 0.0 0.0588235294118
1.6172910821088 0.5515590002349 1.6288516793489998 0.0606781004131 1.2647005312569 0.6596967846966 0.049832112332 1.4896546763257 0.9958925977130998 1.1058777192884 1.0502621918195 2.3887987625577995 0.0208333333333 0.1160714285714
1.1872196877345 0.39373162899669994 1.5764019307257 0.0883333333333 0.37793290043289995 0.7378531718175 0.2114968442772 0.8809524293265 1.3005096914462 0.5094178096045 0.5416729992205 1.0374287807543001 0.012987012987 0.14406177934210002
0.9881509794560999 0.0544672718586 1.3785953177261 0.0 0.5592928810322 0.1963688485428 0.0544672718586 1.0536072623039 0.678117534639 0.546249402771 0.7526516961306999 1.7380315336849 0.0 0.0
0.3794579942046 0.1218167485536 0.6963451413253 0.027027027027 0.24652564455319997 0.20434981629510002 0.1022599246489 0.1884854054285 0.3232421125742 0.3971793558301 0.4533838442404 0.702017523062 0.0 0.15790946225730002
0.8476817140884801 0.26377898937218003 2.07151366227016 0.18698827211250002 0.44535822451588003 0.53204678770238 0.12290904259820001 1.06433241051254 0.81276273110686 1.1287195157529601 0.8028196172255799 1.5093441146539999 0.0710880829015 0.14065683518778
0.0 0.0 0.0 0.0 0.0 0.0 0.0 0.0 0.0 0.0 0.0 0.0 0.0 0.0
0.1103603603603 0.1088588588588 0.3806306306305 0.0 0.0277777777778 0.21771771771760004 0.1096096096095 0.1659159159159 0.1388888888888 0.16591591591580002 0.135135135135 0.21846846846829998 0.054054054054 0.16666666666649999
1.0891330891325 0.16572039072030004 0.5721001221005001 0.0357142857143 0.3579670329672999 0.617490842491 0.0178571428571 0.6651098901098 0.813064713065 0.6639499389498 0.7409645909649001 1.1073565323583001 0.0178571428571 0.1357142857143
0.0 0.0 0.0 0.0 0.0 0.0 0.0 0.0 0.0 0.0 0.0 0.0 0.0 0.0
1.46868278095138 0.34176564953347993 2.7365722545393 0.037340320995700005 0.69532180138369 1.1325025165098004 0.1616590900278 1.71705899842198 2.0194200541577803 0.7562798561214701 1.1383497867079901 2.57681408056037 0.109523579835 0.10870923025018
0.0 0.0 0.0 0.0 0.0 0.0 0.0 0.0 0.0 0.0 0.0 0.0 0.0 0.0
0.0350877192982 0.0175438596491 0.1929824561403 0.0 0.0175438596491 0.0 0.0 0.0877192982457 0.1052631578946 0.2456140350878 0.1403508771932 0.15789473684209998 0.0 0.0
1.2423816493596 0.31371444333119997 1.4028775601978 0.0976621417798 0.7859264538466 1.0600361790526 0.1375291375291 1.1414733237586001 1.1347317752916 0.904865540296 1.1122676912698999 2.2833009443818 0.2269301605825 0.1563029993261
0.26823063877869996 0.1156020350479 0.7970604861512 0.0 0.21396269078559998 0.1845675522893 0.1328434143582 0.49943470887520003 0.2854720180892 0.3468061051444 0.4451667608826 0.6591294516685 0.0172413793103 0.0344827586206
0.35183836912992 0.09701492537340001 0.5544230069167599 0.0 0.06370586093912001 0.07662904987255999 0.08063341827446 0.40316709137178003 0.23389151801966002 0.24736075718972 0.32198762286098 0.5225700764472 0.0 0.0467783036039
0.5747075740776 0.220110224355 0.7904474856296001 0.0388349514563 0.1511525427742 0.34674751363959994 0.0895570906135 0.4793433879193 0.5002126375343 0.4405250056219 0.352419688894 0.9230583510536999 0.0 0.092883546431
0.25641025641020004 0.0384615384615 0.3589743589743 0.0 0.1153846153846 0.153846153846 0.0 0.1794871794874 0.25641025641070003 0.1794871794871 0.08974358974350002 0.3333333333335 0.0 0.0384615384615
0.5194280037100999 0.1186256694589 0.7178956905176999 0.0 0.26516532843780005 0.2377431827515 0.055346385542200005 0.49442510949740004 0.3109958709235 0.3358372577473 0.5994885513223001 1.2371759688039 0.1078729812867 0.0
0.30512244094100005 0.038379879144200005 0.631260147371 0.0 0.28349713231710005 0.1531112199905 0.08044883803590001 0.2249185808571 0.2937285644292 0.5220095877644 0.44180572768060006 1.0000768558284 0.0 0.025641025641
0.0384615384616 0.0384615384616 0.11538461538469999 0.0 0.0384615384616 0.0576923076923 0.0 0.153846153846 0.096153846154 0.0192307692308 0.1153846153846 0.2692307692308 0.0384615384615 0.0192307692308
0.15000000000000002 0.1 0.2 0.0 0.0 0.05 0.05 0.05 0.05 0.3 0.0 0.05 0.0 0.0
0.5119409607576001 0.0263157894737 0.6869478121303 0.0 0.1627233220663 0.26805499367110003 0.027027027027 0.4536879950929 0.3358281023656 0.4269415480182 0.3785088806813 0.7036749448623 0.0183486238532 0.0
0.0 0.0 0.0 0.0 0.0 0.0 0.0 0.0 0.0 0.0 0.0 0.0 0.0 0.0
0.7436986920097601 0.10737135460062999 1.00972145261892 0.0337078651685 0.41688629474205996 0.19408913329943 0.12311938609683001 0.6389174741681601 0.4961351667231 0.7544468864803601 0.47518008726102 0.9256706417020201 0.0337078651685 0.04734769995853
0.363636363636 0.1 0.1 0.3 0.0 0.645454545455 0.0 0.1 0.1 0.190909090909 0.0 0.1 0.0 0.0
0.0454545454545 0.0 0.4090909090906 0.0 0.2272727272731 0.0454545454545 0.0454545454545 0.090909090909 0.1363636363636 0.4545454545457 0.090909090909 0.40909090909060003 0.0454545454545 0.0
0.8304501403858 0.2801376686895 1.1989855991308 0.0 0.3243365637171 0.47187754732380005 0.1425595507654 1.044289466535 0.6215922470793 0.4790326963139 0.3585725930621 1.0343266008518 0.0 0.21383932614800003
0.1578947368427 0.07894736842109999 0.1052631578948 0.0 0.0526315789474 0.07894736842109999 0.07894736842109999 0.1315789473684 0.0263157894737 0.0263157894737 0.0 0.15789473684219998 0.0263157894737 0.078947368421
0.5588919151944 0.23524849593379998 0.8395334755766999 0.0176991150442 0.1813220018969 0.34650029313430003 0.0737667033698 0.41896098032659995 0.4881749208458 0.37893384769930005 0.2669323674227 1.1660020893949001 0.0161290322581 0.0119047619048
0.1125 0.0 0.18750000000000003 0.0 0.1125 0.0 0.025 0.05 0.0 0.11249999999999999 0.1000000000003 0.2625000000002 0.0125 0.025
0.43541400886946 0.20698924731173002 0.53320966440163 0.111111111111 0.10901351245796001 0.1719406041986 0.025013668671429998 0.51188089597136 0.361269060203 0.42968444895706 0.33948293368758997 0.71414338653228 0.0508474576271 0.0
0.2773109243706 0.0588235294116 0.25420168067209997 0.0357142857143 0.1428571428573 0.1827731092434 0.0294117647058 0.15966386554610001 0.1533613445377 0.1365546218488 0.2962184873955 0.24369747899169997 0.0 0.0294117647058
0.17841880341868 0.06929510155310001 1.02999494531796 0.0 0.14479367705162002 0.04807692307686 0.03846153846148 0.6682634868113401 0.30540621266407997 0.47141806819199994 0.51670342799348 0.38574120025724 0.06929510155310001 0.07413151364758
0.0 0.0 0.0 0.0 0.0 0.0 0.0 0.0 0.0 0.0 0.0 0.0 0.0 0.0
0.0 0.0 0.0 0.0 0.0 0.0 0.0 0.0 0.0 0.0 0.0 0.0 0.0 0.0
