0.7773002502789 0.098566238736 1.0448530457448002 0.0 0.21896153644320002 0.31081754735809997 0.06555333998 0.9159246136494001 0.3829236926902 1.0385960729573 0.6921286103556 1.3384330228238999 0.086956521739 0.0289855072463
0.40023592854760004 0.4785979103467001 0.6185902065580001 0.0289855072464 0.0232558139534 0.6908854542822 0.4575569358174 0.41186383552409994 0.5394337714867 0.07549713515340001 0.09285473542300002 0.5225817323897 0.333333333333 0.3263276999371
1.1162755350748501 0.10881375512069999 4.28755553066467 0.0457246189615 0.71773866121464 1.5987593806888099 0.5546097656218301 1.70338332175147 1.7515532876397302 1.07078185464506 0.6114517394081299 1.60109882183555 0.07598359335301 0.75627013401921
0.0 0.0 0.0 0.0 0.0 0.0 0.0 0.0 0.0 0.0 0.0 0.0 0.0 0.0
0.3745141180782 0.0 0.7589108910895999 0.0 0.37664099743310003 0.21375137513740003 0.0265676567657 0.3489365603228 0.2024935826915 0.4126145947927 0.1797763109644 1.0236707004030998 0.06360469380270001 0.0185185185185
0.23120196056589998 0.06349559986629999 0.5802606661478 0.0 0.1047120418847 0.4743789684752 0.07413389773859999 0.33624818981829996 0.2425086331736 0.2313690542498 0.1361256544505 0.3982399465301 0.0 0.1273253871004
0.2207792207792 0.030303030303 0.40259740259759996 0.0 0.1428571428571 0.15367965367960001 0.1363636363636 0.2532467532466 0.27705627705610003 0.077922077922 0.0 0.16666666666660002 0.060606060606 0.07792207792200001
0.289839572193 0.037037037037 0.8476133887892002 0.0671328671328 0.0181818181818 0.5405944817708 0.0797202797202 0.6734920852562001 0.4925849749383 0.5553681612508 0.23220896750310002 0.9628593628593001 0.0 0.2033670033669
0.7288353576734 0.5993647912887999 1.4111131212318 0.1501261564338 0.1309038997829 0.30528606043550005 0.051668806161599995 0.5758459024667999 0.3512070986334 0.2757706512595 0.18353547873019999 0.9301366646592999 0.073956442831 0.232249568412
0.2486141906871 0.0 0.5554323725058999 0.0 0.3896895787137 0.29739467849269996 0.0 0.7023281596464 0.29739467849269996 0.23863636363590002 0.5266075388024 1.709811529937 0.0340909090909 0.0
0.6132138221934 0.1684782608696 1.0941109669061 0.0108695652174 0.2249188838416 0.6768818948733001 0.1024253731343 0.5732478909799 0.2100340687863 0.5188595068137 0.6967066839719 1.0445327709286 0.0 0.065720311486
0.7378559653279999 0.5253771384528001 1.233068007416 0.0149253731343 0.4660267180455 1.0433570788432 0.026190476190500002 0.5315507340983999 0.2984624162886 0.26348088531184 0.43826615097804 1.3469898732535 0.0595238095239 0.0149253731343
0.0 0.0 0.0 0.0 0.0 0.0 0.0 0.0 0.0 0.0 0.0 0.0 0.0 0.0
0.0 0.0 0.0 0.0 0.0 0.0 0.0 0.0 0.0 0.0 0.0 0.0 0.0 0.0
0.86993871187377 0.10904977375569999 1.49030967062878 0.0117647058823 0.25584146080438 0.32989003665629 0.04687499999999 1.1048353205263899 0.41800934233159 0.75411629496888 0.63823701387999 1.9555076686914 0.015625 0.0
0.21424250280877 0.242174401521 0.23118140177991003 0.04001382767257 0.00985221674875 0.1095843055914 0.10492610837427001 0.20439028605985998 0.38718347593127 0.12955665024613 0.11943652234015001 1.20253219255121 0.0 0.00492610837437
1.4275873269231398 0.12962036221606002 3.95803745425673 0.18181818181800002 1.01130899372842 1.6075382257963697 0.40267856997905993 1.41188726776768 1.1405958058687902 1.1005966672332899 1.5263873237085601 4.653383179466459 0.16611944965597 0.28244119158606
0.0 0.0 0.0 0.0 0.0 0.0 0.0 0.0 0.0 0.0 0.0 0.0 0.0 0.0
0.272060748887 0.0 0.7318669808853999 0.0149253731343 0.124639958104 0.1220214715901 0.0324692327834 0.3071484681853 0.1448023042679 0.21942916993960002 0.25975386226749997 1.7208693375223 0.0324692327834 0.0175438596491
0.5770927318292 0.4644110275685 1.490175438596 0.051578947368400005 0.33077694235599997 1.8692731829587 0.3483709273186 0.6063157894735001 0.7938847117802001 0.0999999999999 0.4526315789468 0.6183959899747 0.0991979949874 0.1978947368419
0.0535714285714 0.0714285714286 0.2142857142857 0.0 0.0178571428571 0.1607142857141 0.0357142857143 0.0357142857142 0.19642857142859999 0.0 0.0178571428571 0.0892857142856 0.0535714285714 0.0535714285714
0.5167719980547499 0.1307469268699 1.2155314605164098 0.10476421973742 0.17456941454262 0.50519567330978 0.15426852559155999 0.54776373359217 0.8747308840901 0.27426817834557005 0.26820872977293997 1.15695534412106 0.034238488783910004 0.04198642266817
0.31787827722719997 0.149682564565 0.9902163939397001 0.052680565897199993 0.3852695228199 0.4600594194813 0.10685594323190001 0.7326301059603 0.22474205837080002 0.39614489596550007 0.5196580913604 0.5046946390034001 0.0210526315789 0.1384348906003
0.7258600891097 0.2743902439024 1.0584837628038999 0.0833333333333 0.2728446098019 0.7877612420200999 0.0169491525424 0.46417481971490004 0.2456754398053 0.8606977171475999 0.3452941987046 0.8110008727207001 0.0365853658536 0.0169491525424
0.5983196352759 0.23956176673530002 1.1444862705730001 0.0555555555555 0.4096393542046 0.28270332726840003 0.1233321831147 0.6504616558965 0.3482333688853 0.2184599619382 0.5147191375456 1.356425016207 0.0581027667984 0.0
1.3496236500011 0.20962246149640001 2.24193315934608 0.17652193959244 1.1048361013601 0.8161572196965401 0.0707265414911 1.26938398247118 2.0073183492556397 1.5826913240589402 0.9650481701814801 4.98473589688224 0.103448275862 0.11795292829759998
0.142857142857 0.0 0.0714285714285 0.0 0.0714285714285 0.5 0.142857142857 0.166666666667 0.166666666667 0.0 0.0714285714285 0.38095238095249995 0.285714285715 0.0
0.0857142857143 0.26666666666710004 1.2857142857155002 0.0 0.047619047619 0.8761904761907 0.0857142857143 0.3904761904762 0.0 0.0 0.4000000000003 0.2190476190476 0.2571428571433 0.0857142857143
0.59757735729481 0.1186607178645 0.99658357563363 0.0260869565217 0.15598906221551 0.22444057505929998 0.0664724576271 0.5842949197255 0.68498861474492 0.54773396236161 0.44554694509751996 2.4688414982897 0.0 0.08278335756329999
0.30158730158740005 0.0714285714286 0.2321428571428 0.0079365079365 0.015873015873 0.13095238095230002 0.0277777777778 0.14087301587310003 0.1984126984129 0.16071428571430002 0.1309523809524 0.5595238095245001 0.0 0.021825396825400002
1.46460418799888 0.2116057709689 3.45765706095662 0.3486567315489 1.1787804463215998 1.8804445461777999 0.22192124500770002 2.06759907513844 1.9025776827307 1.3371548055105 1.0755320448395 5.46596633049756 0.04128707846362 0.34621299383812
0.0 0.0 0.0 0.0 0.0 0.0 0.0 0.0 0.0 0.0 0.0 0.0 0.0 0.0
0.6552724449461 0.00757575757575 2.1111754187836502 0.1469838132879 0.30451957462825 0.6577757387535 0.08106766421969999 0.9064582156968001 0.9771080368921999 1.08513081121615 0.6318346508557 5.349261246008799 0.04670619235825 0.0391304347825
1.1569170000511 0.6162839925048 2.5458191117627 0.20248037676590003 0.3831214868077 2.3822499620224 0.9276345774052001 1.1583035397781 0.9345222059042002 0.909569048463 0.7296379196842 1.7267838152646 0.5433807666993999 0.7832961968914001
0.29642857142879997 0.4 1.2428571428580002 0.0571428571428 0.0 1.0285714285714 0.0285714285714 0.35892857142879997 0.644642857143 0.1482142857142 0.42678571428559997 1.225 0.0571428571428 0.0857142857142
0.8207304749058 0.3095801564108 1.7067694955004398 0.08056370933616 0.43674899509872006 1.13980745017036 0.16390308216240002 1.0199131854055599 1.10379472602754 0.7492719851873201 0.52559279344946 2.6000772459509602 0.0408163265306 0.30243037385906
0.5022988505748299 0.108333333334 0.7195402298854601 0.05555555555553 0.19157088122600002 0.2019157088123 0.1011494252873 0.2661877394635 0.35383141762452996 0.19837164750932998 0.17605363984676 1.0145593869730902 0.051149425287400005 0.0594827586207
0.48004179728373 0.0588235294117 0.9219512569907501 0.0 0.16951410658305 0.0838235294117 0.01695402298849 0.50383397873252 0.5540890650922901 0.31575235109727 0.35012446985042 1.42566230253734 0.0 0.11942959001770001
1.0018857685531 0.4101614434949 1.4323022656365 0.0 0.1719441052773 0.5353819020482999 0.21098901099 0.4643060643061 0.4376475376472 0.5005019671688 0.5770994437658 2.0858363858369997 0.0615384615384 0.1104056437389
1.48729418363203 0.3714477340417 2.28418956849014 0.23927409119850002 0.6448320742918199 0.95100816434254 0.07991430499641 1.4005437642296497 1.27573486041068 1.1346772213780398 1.1045925269273598 4.8839380011283495 0.06480388298561 0.07774962195016999
0.027027027027 0.08108108108100001 0.162162162162 0.0 0.0 0.1351351351351 0.054054054054 0.027027027027 0.08108108108100001 0.0810810810811 0.10810810810810001 0.10810810810810001 0.054054054054 0.0810810810811
0.148148148148 0.1111111111109 0.22222222222200003 0.0 0.0493827160493 0.16049382716039998 0.07407407407399999 0.2345679012343 0.185185185185 0.0864197530864 0.07407407407399999 0.4691358024687 0.0617283950617 0.1234567901233
0.8256878420029999 0.29648405981535 1.3985987476813004 0.09815031595825001 0.12233460826015 0.38399019737365 0.10243411074775 0.75150729729215 1.30373865415795 0.9059013388328498 0.8022359755291001 4.956940345240749 0.0323886639676 0.0196078431372
0.65094339622584 0.41041570793043997 0.64392544868858 0.0 0.00943396226414 0.34913330265374 0.03382420616654 0.18085595950313998 0.2036355269211 0.10538426138962001 0.09433962264147999 1.05940328271228 0.12659150176398 0.1321138211381
3.0351653034412998 0.5128126795239 3.2975309570633007 0.1093117408906 0.6362568161274 0.8349410211041 0.2493656322909 1.3470869963417 1.1910493270626998 1.3021460661608 1.1292081466193 8.104657053757 0.0521072796935 0.1983609799247
0.0 0.0 0.0 0.0 0.0 0.0 0.0 0.0 0.0 0.0 0.0 0.0 0.0 0.0
0.78743474267798 0.053226173326099996 0.8810522917197401 0.02315144217608 0.30768566420168 0.27250734231216 0.02497114040948 0.60738152755226 0.5984321672833599 1.06508534354658 0.43365005656366 5.79261214568618 0.0550458715595 0.09776409098678002
0.7788135593218999 0.31712110046680003 1.9354335544095003 0.0254237288136 0.1779661016946 1.3352738884811 0.45619012527639996 1.1611888970761 0.8752763448776 0.3705109309749 0.4577990665682 1.4939941046424 0.2127118644068 0.4022967329895
0.1635610766045 0.1635610766046 0.30848861283600004 0.1542443064189 0.062111801242200004 0.1635610766044 0.1966873706003 0.18633540372670002 0.3426501035199 0.1532091097307 0.0527950310559 0.9710144927526 0.0144927536232 0.0672877846791
1.41227884470916 0.2212190087923 2.3470577776639403 0.18706585166656 0.49362417872062997 0.55770748840462 0.10777713279173 0.52813013216829 1.9209029800926902 0.9624524698757201 0.72852965093093 4.37661024285616 0.0595478239268 0.09709641740519999
0.67116571464305 0.24350727331565003 0.62591242781515 0.0846795668383 0.24019172732115002 0.41819738724575006 0.0152671755725 0.4589081149941501 0.37464103340614996 0.6270872275782 0.0832019298044 1.1419732458941503 0.00763358778625 0.00763358778625
0.5392088322552999 0.0418598309245 0.5138987364784 0.048877374784099994 0.7916181173612001 0.1421416234887 0.1435406698565 0.9576600474336001 0.3823693713792 1.0442017667812 0.6227566089026999 1.7718670203537998 0.0 0.0
1.34057807468857 0.21410480174116997 1.12167855315984 0.05913905690467 0.48749661460677 0.5137873270939001 0.0835941339913 0.609874815684 0.45836969496378 0.6296680810098401 0.75940637757904 3.5528647949193104 0.1031265986579 0.06631107500027
2.2425653198678 0.7605618135218 3.8504202486523997 0.47320983107160003 0.5136212486291001 0.8875941236010001 0.25194667873599996 1.2019248575533 1.7046958134484 2.4108314972993 1.0818777251540999 10.3715957571619 0.17029950767279997 0.0788555776291
0.041095890411 0.22723609991889998 0.29975825946770007 0.0 0.0588235294117 0.0684931506849 0.013698630137 0.027397260274 0.068493150685 0.0684931506849 0.041095890411 0.5914585012079 0.411764705883 0.082191780822
0.06896551724132001 0.01724137931034 0.16379310344811002 0.00862068965517 0.0 0.12068965517239999 0.03448275862064 0.025862068965469998 0.03448275862064 0.01724137931034 0.08620689655166999 0.35344827586127 0.043103448275840006 0.025862068965469998
1.5569608003744002 0.315413463796 2.3437818804313006 0.0420098988305 0.5047995600185 0.799044772181 0.1702895286412 1.2169636697858 1.9010150649282997 1.1439577665897 1.0976089664592 4.8428141783884 0.0103305785124 0.0550098710667
1.2592135597610001 0.11910250998459998 1.2824625775246001 0.2865214144228 0.11910250998459998 0.6800662402178002 0.0 0.8725525213493999 0.5635613858498 0.4444588758643 0.46433094132589997 1.5966490242559002 0.0 0.3119784394577
3.1018934242221294 0.50904359134124 3.9159808600617296 0.26020281335005 0.9199931708781599 1.85045383740414 0.6720465977669601 2.5512122637587 2.4393117629861902 2.6794251777890796 1.5349245359534498 8.869339954550739 0.03431897496625 0.66185303496072
0.0 0.0 0.0 0.0 0.0 0.0 0.0 0.0 0.0 0.0 0.0 0.0 0.0 0.0
1.1988245899528 0.037726682042099995 1.0736153224762 0.0 0.234789327651 0.2937939754381 0.024321856304899997 0.9803376377052 0.596573281666 0.9976058630006 0.3623400494042 4.0382476556289 0.0511315077794 0.11069225095699999
1.0552475325378001 0.44658094451589997 1.9375368644565998 0.1265188156186 0.4454602650306 1.8080099091665 0.43671110062439994 0.8426919900900001 1.1597459793181 1.1783649876126 1.2429908379542 2.7575793323100006 0.0986394557821 0.4639219849782
0.3887468030697 0.1364023870418 0.5745950554134001 0.0551292980961 0.25518613242370003 0.3046319977272 0.1335606706451 0.2205171923842 0.3324808184152 0.2784882068771001 0.1625461778916 1.0531400966195 0.0522875816994 0.0522875816993
1.15927484469362 0.18307537588810002 1.97951961291103 0.11607727619800001 0.61240619418351 0.9142860566929 0.06755972601101 0.89662529834262 0.9054733750551199 1.23755807804182 0.6018931440460199 4.00216929410241 0.08581707862982002 0.23826464519713
0.9040273147660001 0.181932314743 1.0443222501884801 0.0126582278481 0.3961993828334 0.5208784070661 0.0829449797427 0.7191722752773599 0.99525070983832 0.42397716061102 0.21944559562332 1.43363309693652 0.0 0.0655582845267
1.7879840913361 0.32010121147376 2.3070596090495403 0.1063829787233 1.1344693185213999 0.6526577886869 0.16239458036319998 1.4774794618932603 2.07537319955356 1.21583800151176 1.0010841242652 3.64165964551652 0.0212765957446 0.0962393933636
1.95602763162199 0.34772080823866003 1.66733883113078 0.09822543868341 0.40409264543161 0.83568497749792 0.45671770684533997 1.1585677215583599 0.8444321374027 1.06460406390664 0.8789624252053199 4.9849660384309304 0.16549464803598002 0.13716492601305
3.93324832404313 0.54556520898157 5.11387412005957 0.19850620112060002 1.4598397175851598 1.44553297572789 0.16316370767505 1.70507959601662 2.38817854617039 3.31289864461054 2.26527948834529 11.028026835790822 0.23089196966945 0.2099146642096
0.039603960396 0.0990099009901 0.2079207920792 0.0 0.009900990099 0.5792079207919999 0.05940594059399999 0.039603960396 0.0990099009902 0.029702970296999996 0.0594059405941 0.1485148514854 0.509900990099 0.118811881188
0.4655972766656501 0.41748916855765006 0.5175902620175 0.00763358778625 0.03816793893125 0.34551268826085 0.26627604703915 0.4301258510414 0.25512275634395 0.94776562822475 0.50923664122155 0.2268702290077 0.15512275634395 0.41748916855775
1.9461782813701 0.5211516708746 2.7221843209925995 0.0750382726604 0.6624084798765001 0.9356551135497001 0.1355261608513 1.6490685116804 1.819009594083 1.2019956571276 1.2794525328111 4.85916124177 0.0667582525414 0.1264119098173
0.7957523957517001 0.20984200984180001 1.4912198912198 0.17612017612 0.148148148148 0.43372183372140005 0.036208236208200004 0.6509194509199 0.8081844081837 0.35799015798979994 0.33328153328140003 2.3240611240606 0.07241647241640001 0.162134162134
3.00161280641458 0.6722223416954599 4.70669199086542 0.23447113988961998 1.2680786154708001 2.0462266498755097 0.39646540422397003 2.7620894682734 2.5234847780334997 2.9726492538439 2.3329453376315996 6.40344851448501 0.25208144744455996 0.42753225186187
0.0416666666666 0.2916666666666 0.0 0.0416666666666 0.0416666666666 0.0833333333332 0.0 0.0416666666666 0.29166666666700003 0.16666666666660002 0.0 0.0 0.0 0.0
0.88583528209542 0.21737061940505997 1.18832365449864 0.12227154790134 0.39333862441521994 0.40534086594122 0.09001348338512 0.7647123893106199 0.75776942840564 1.0636945743803 0.44985125169784007 2.48815179997142 0.10567627069971999 0.06765020789251999
1.3016194100028002 0.7595937885647 1.8026779103258999 0.0504807692307 0.49711869013320004 0.8813415261215999 0.2763720837984 1.4788220602923998 1.3457841423282 1.2788681906331 1.1850433390130999 2.3325476729184 0.275141549627 0.5345888670151
0.05 0.15 0.05 0.0 0.05 0.15000000000000002 0.25 0.05 0.0 0.0 0.0 0.05 0.0 0.2
2.2404914749094997 0.4917656619834999 3.9314722557318005 0.2555127439874 0.9504777223968 1.4813231671471 0.1646180979512 2.2648817315819 2.3592858229653 1.3909596372633999 1.8689547889168998 6.041487481214901 0.025641025641 0.5331283883135
2.0869916937558 0.36114120621089996 1.8385554351756999 0.19718309859139999 0.5447887323941 0.5527916215237999 0.1111737089201 0.7620223907551 0.8017479234384 1.1579631635969 0.47136150234699997 2.0735283495849 0.0140845070422 0.0266666666666
0.9939474554655001 0.17034332606482 1.5616325451426198 0.0575539568344 0.5096607650355001 0.34847051578332 0.02300917886376 1.24395507187658 1.2701115695475602 0.8433878668385599 0.6531645101347 2.12380335296498 0.0499999999999 0.15095988544900002
2.1917285113812204 0.22470059929998 2.1440499482055597 0.1474487362897 0.66148756931894 0.74554256843978 0.077253218884 1.6801011088142799 1.2912641990099802 1.4522634775543 1.1743054539910398 3.9360797432736194 0.18170683183800002 0.0920680336988
2.40010532697887 0.4599392978018801 4.28274197873936 0.17111021528 0.9809123586272801 1.3499293201885798 0.41553196105018 2.0469892956249702 2.60605158177487 2.59028371498919 1.72291799709497 5.65342652174665 0.13438351489 0.18567691521858998
0.0266666666667 0.0133333333333 0.0533333333332 0.0133333333333 0.0133333333333 0.2 0.0133333333333 0.0933333333333 0.0666666666666 0.08 0.053333333333299995 0.2133333333336 0.0266666666667 0.1333333333334
0.04 0.12000000000000001 0.06 0.0 0.0 0.16000000000009998 0.1 0.06 0.13999999999999999 0.02 0.06 0.08 0.04 0.12
1.26377460454782 0.31404460762087 1.5830994856690401 0.123094512195 0.5907158771111699 0.39596188215759004 0.02005159474669 0.9824563709011401 1.13727396972384 0.6688848499058 0.87879631801159 2.98415361972158 0.00961538461537 0.048076923076870004
0.3846548188655 0.267840054682 0.4070403280927 0.0264012303485 0.1246582365001 0.3896958304849 0.0150375939849 0.4865857826384 0.35825358851690003 0.3739747095006 0.5543916609705 0.7305194805195999 0.763636363637 0.1173103212575
2.92818499216572 0.87740586109123 5.672069891535459 0.2071670255731 1.6622822699745299 1.5681558062960301 0.3356394276877 3.08753780712016 2.05412684129379 2.1641496043535 1.7176333703184303 6.18713893170495 0.1460471430344 0.39246102785373
0.125 0.0 0.181818181818 0.0 0.0 0.0 0.0 0.306818181818 0.5795454545459999 0.215909090909 0.25 0.340909090909 0.0 0.0
0.78641177364104 0.12683642037352 1.1746654403387204 0.03643662409142 0.261130488878 0.21344191584130004 0.06686865336232001 0.58373457038334 0.6875270841992199 0.73370117584474 0.46553074978032 1.8058881048434998 0.02574143692562 0.0320855614973
1.20358649788913 0.51402953586609 1.46613924050615 0.0569620253164 0.30981012658293 0.6056962025321 0.26118143459919996 1.4587552742633199 0.9058016877625901 0.76687763713153 1.02668776371296 1.3471518987362199 0.0356540084388 0.041666666666700006
0.0 0.0 0.0 0.0 0.0 0.0 0.0 0.0 0.0 0.0 0.0 0.0 0.0 0.0
1.933425731707 0.3328261280589 3.2752845995842996 0.4824989366857001 0.9821989679828 1.2097375488559 0.1519721344322 1.9145991167223997 2.0685718761661 1.4841153574997001 1.3398428861018 4.415439394385199 0.06968277063959999 0.3398045511792
0.23376623376599998 0.051948051948 1.116883116882 0.0 0.103896103896 0.337662337662 0.12987012987 0.49350649350599995 0.44155844155799995 0.23376623376599998 0.25974025974 0.441558441558 0.0 0.155844155844
1.2692983778747 0.2594460890093 1.7422203010018 0.1514247311828 0.7229439864258 0.7219856046766001 0.0672727272727 1.8666280501333 1.6819010632801 1.6084493212705 0.7536873374655001 2.0791452950098 0.0574152972205 0.0181818181818
1.49451460633772 0.28265125973050004 1.8032153183193198 0.0531816500184 0.32629840887436 0.4823744770267 0.1309806986318 1.09348519021692 1.0363706344051 0.83060899610008 0.7939727184873 2.40541995421728 0.11603463720519999 0.15089145042506
2.6611628050956204 0.6197967666655 3.7468447038162003 0.1599253579554 1.0198428551666001 1.35746986706374 0.37511050844702 2.1945882414202 2.36885354323098 2.8109709671782 2.22427713692976 5.90034861273596 0.1729176361096 0.3878909981926
0.0563380281689 0.0704225352111 0.0845070422534 0.0281690140845 0.0563380281689 0.1126760563378 0.0422535211267 0.0704225352113 0.0845070422534 0.0845070422534 0.0 0.2112676056337 0.0281690140845 0.0704225352112
0.3176470588242 0.1549019607842 0.32745098039250004 0.0 0.0627450980392 0.6333333333340001 0.356862745098 0.3019607843147 0.33921568627419996 0.0960784313725 0.0666666666667 0.15490196078430002 0.0588235294118 0.1294117647059
0.58943521299319 0.08303628232898001 0.9850210499927701 0.0045871559633 0.27584957470837 0.28573597202988005 0.0448998144391 0.66988684039667 0.8361327273543799 0.55073191585599 0.5576850472383 2.03231206354745 0.0091743119266 0.0755120312248
1.0014492753642998 0.3097826086957 1.0456521739131 0.0555555555555 0.1043478260868 0.6738526570048999 0.1180555555556 0.7772946859901999 0.5240942028989 0.2960748792269 0.3767512077295 1.1584541062806 0.2152777777778 0.3433574879227
2.48791139484357 0.70177032409382 3.68266911735434 0.21851200291332 1.08015347842019 1.6388874787988699 0.39285351261761997 2.46542264087062 2.26262664375442 1.50100911630567 1.8252218008938401 3.3513386655022406 0.11792168198302 0.27370214164807
0.0 0.0 0.25 0.25 0.0 0.0 0.0 0.0 0.0 0.25 0.0 0.25 0.0 0.0
0.34097097695391 0.05180314803741 0.43634190077723 0.00418410041841 0.09450753802230999 0.11197449691172 0.03260941754661 0.31095171680931 0.37690110911849994 0.37630338048752 0.26492661220693003 0.58597330145413 0.00836820083682 0.00418410041841
1.8084083041744998 0.6360254040911 2.2483681529511 0.0238805970149 0.3736305899794 1.1457526947285999 0.29069392196800004 1.4963967091008998 0.7202341529317999 1.0065095640583999 1.0551647794967 1.7738350985482998 0.109671941987 0.3114280889704
0.1581071166543 0.0425531914894 0.42773294203949996 0.0344827586207 0.0689655172413 0.5713132795302001 0.5885546588407 0.1247248716069 0.3070432868673 0.07703595011 0.12472487160679999 0.232208363903 0.0212765957447 0.22127659574470002
1.8497612028497998 0.5283027851197 2.3359161712712004 0.0912165426611 0.5268148548422 0.8211853559818001 0.10725159395360001 1.9507396277367002 1.1561344906922 1.2422000862809999 1.0925283745187 2.0537200422887003 0.0849093774625 0.159319494346
0.90109181100149 0.41977696290928 1.44535053351408 0.10853430024568 0.22271433090780002 0.27958693182458 0.0722872508699 0.77270907966179 0.7035027735539 0.5860628074698799 0.36875341811309 0.96466679560028 0.1073223509702 0.0476406533575
1.0000298034734 0.0776817799525 1.3318388423096 0.0672781392493 0.49440634752820006 0.48849356112750003 0.0 0.8198963535446999 0.9215143618628999 0.776608618133 0.7926086270475 1.2195425556695998 0.010101010101 0.0
1.3333437773169998 0.2258772569985 1.50135934958154 0.02581902326142 0.5197429580678 0.3390637822102 0.03917541583752 1.16661616295836 0.9286961794441 1.01554846626102 1.04329255504022 1.7734168303751001 0.024768039260739998 0.06328020338564
1.9949049255987 0.42941270876890003 3.5753751835196 0.11863580722670002 0.6940020535133001 0.5155189933802 0.1637200598149 1.5562082180258998 1.5484885256247 1.6464770517460001 1.3471021557419 3.0685060689372 0.0841333064126 0.25751494168940003
0.3157894736847 0.5338345864656999 0.2105263157894 0.0 0.0 0.21052631578949998 0.1052631578947 0.31829573934839994 0.1754385964912 0.3558897243105 0.31578947368460003 0.3182957393481 0.0350877192982 0.1052631578947
0.139037433155 0.235294117648 0.6345811051697999 0.0 0.030303030303 0.26292335115910004 0.217468805704 0.3199643493765 0.389483065954 0.0998217468805 0.23262032085600004 0.1604278074865 0.0695187165775 0.2085561497327
0.8063249276564 0.10389968306450001 0.9510128152126 0.020325203252 0.5127463139035 0.3726746589494 0.10389968306459998 0.7544439851185 0.44949703734279994 0.4607964723711 0.5805429240725999 1.8431858894863002 0.0 0.040650406504
0.4721818915107 0.3674430328694 0.7879511998378999 0.0526315789473 0.1111111111112 0.31892518652949997 0.1265678564226 0.32249445452689995 0.3824158096395 0.1651441822948 0.2072897761643 0.5592760637224 0.09118773946360001 0.035380116959
2.0624097753127204 0.42177151340971003 4.17201396958737 0.11826847204530999 1.04966156246545 1.49301154866611 0.25255804812724997 1.6057787504613104 2.26454636842554 1.44793494548983 1.30144669938001 3.26288779727827 0.07427522511146 0.4734353242398
0.0 0.0 0.0 0.0 0.0 0.333333333333 0.0 0.0 0.0 0.666666666667 0.0 0.0 0.0 0.0
0.5643082662973999 0.059405940594 0.5656351128256 0.235294117648 0.5482678741117 0.5058569545588001 0.1336392816637 0.4932628601207 0.6414054939327 0.7613340281396999 0.5951278896147 0.8964621804945 0.0 0.0
0.7180408584168 0.2976788585208 0.8336799424128999 0.0192926045016 0.1983166741342 0.9914668276579001 0.1217981557376 1.1596400426963 0.8065748379108001 0.6628760674198999 0.6575550346585 1.2881215078273 0.0804303278688 0.16452826023919997
0.1876663708962 0.1292517006802 0.7833481218578001 0.0 0.0652173913044 0.593019816622 0.511535048802 0.2692990239576 0.4992605737946 0.106033717835 0.5140490979002 0.2528837622006 0.0 0.08843537414960001
1.24570090678783 0.46987719718209003 2.10005619232009 0.4296475652404 0.4565273861213301 0.67545059208316 0.0212765957446 1.38408737106666 0.5494912296337301 0.82693594585753 1.0651868984531 1.64634194991089 0.05200869218383 0.0774114774114
0.74184500624175 0.35314160053641996 0.7779356891375899 0.0816326530613 0.13289118152791998 0.31208214064300005 0.044747400311069996 0.61247800520337 0.47772196572113 0.37640052336358004 0.48040896535377997 0.55668015179559 0.00847457627117 0.043560140833480004
0.7845190472447 0.0191387559808 1.5022398270900998 0.16029143897979997 0.3425584577436 0.36895704238210003 0.0 1.0286253388061999 0.7389817066262999 0.5075343599932 0.44462746533450004 1.0141841190147 0.0 0.0883424408014
1.0066585035119 0.1276219270568 1.2954626646858 0.0 0.4581882044703 0.3790691902983 0.0908352319188 0.6138105314157 0.6722118633788 0.7334611094961 0.9143309103369001 1.6140567536088999 0.0778996672006 0.0163934426229
1.6712431113875001 0.39211982139609997 2.5297934321651008 0.14880222035170002 1.0049091742013 1.0006716674268 0.0372670807454 1.8151530898880999 1.4738692098497002 1.4993039028055999 1.1267273093733998 3.1837618525469 0.0113636363636 0.10501449149799999
0.17777777777769999 0.0444444444444 0.3555555555548 0.0 0.0444444444444 0.0888888888888 0.0 0.26666666666629996 0.3111111111107 0.0444444444444 0.177777777778 0.31111111111059997 0.0888888888888 0.0888888888888
0.2678571428568 0.214285714286 0.37500000000039996 0.0 0.0 0.535714285714 0.37499999999980005 0.2678571428574 0.4285714285718 0.0535714285714 0.0535714285714 0.0 0.160714285714 0.267857142857
0.895535060752 0.10395622895610002 1.4538903528031 0.0113636363636 0.35966915532109994 0.2930500658761 0.0412457912458 0.9812435953745999 0.6999487629923998 0.5300651441952 0.8007795344751001 1.7551785975709 0.0 0.074074074074
0.0 0.133333333333 0.0 0.0 0.0666666666666 0.0 0.0 0.0666666666666 0.0 0.0666666666666 0.0666666666666 0.266666666667 0.266666666667 0.0666666666666
2.16408226283319 0.51520538505363 3.78600473307943 0.17558082837373 1.08017929537693 1.40008145636596 0.25272785709330003 1.7426046178119603 2.67129254233233 1.5395516955714 1.61252671905353 3.6459660087426498 0.12187916062403 0.29231743768376
0.0 0.0 0.0 0.0 0.0 0.0 0.0 0.0 0.0 0.0 0.0 0.0 0.0 0.0
0.4769230769232 0.1263736263737 0.5252747252751 0.0 0.2043956043954 0.0230769230769 0.0461538461538 0.37802197802180004 0.3846153846157 0.4802197802192 0.4560439560445 0.8538461538466999 0.021978021978 0.0230769230769
0.7733316878050001 0.4130892255895 2.3183305485933 0.0151515151515 0.42469494443199995 1.0261607301086 0.2949244955823 1.0814330649855 0.9743091947047 0.4989114199638 0.5277081592873 1.1083042201461 0.1173941798941 0.4262566137567
0.2757352941178 0.1176470588235 0.34313725490170005 0.0 0.050245098039200006 0.23897058823520004 0.0710784313726 0.2377450980393 0.18014705882350002 0.10906862745100002 0.1544117647059 0.1629901960784 0.0 0.0588235294118
0.72161104777022 0.3742227235610801 0.8712787090270401 0.0474330673006 0.42584843412646 0.3032153032150601 0.0289987789987 0.72372691081346 0.5360262744364 0.41992603913122 0.50307676135466 1.03273118836072 0.0 0.0119047619047
0.6488091192295999 0.39278972754162 1.1620415450729198 0.0633333333333 0.24854978355000001 0.45615484677853996 0.13199842213852 0.54770447553242 0.8647113674624399 0.38485383233864 0.3818872242479 0.6261419266093401 0.0064935064935 0.08453088967102
1.3081343988548 0.2137171524128 1.2980085826436998 0.0 0.8924293197375 0.5907841533095 0.1211144126868 1.0420030892275 1.2670411046171 0.5677340646250999 1.1403421057809 1.3175957256965 0.013698630137 0.227397260274
0.7269983564916 0.0974301509038 0.7319438219039 0.0 0.28635888241419993 0.24512176901240001 0.0423576871358 0.46718960107529994 0.6095472882111 0.8515015688022001 0.6367548184676 1.2830569251465 0.0 0.0217391304348
0.88118658806778 0.13811188811178 2.2264785907887603 0.077350966413 0.5487651235209801 0.6692551652278801 0.1490814884597 0.8519019511264401 0.96199912978826 1.6994699666726598 0.90174547284558 1.6727661005907 0.062176165803 0.15971140258688002
0.0 0.0 0.0 0.0 0.0 0.0 0.0 0.0 0.0 0.0 0.0 0.0 0.0 0.0
0.054054054054 0.16216216216200002 0.594594594594 0.0 0.0 0.32432432432400005 0.108108108108 0.054054054054 0.0 0.054054054054 0.27027027027 0.270270270271 0.108108108108 0.0
0.6103422892893 0.1237026131762 0.37500920132500004 0.0 0.1500920132499 0.1624217887376 0.027972027972 0.5334192123671 0.33157894736820004 0.3437983069562 0.326058152374 1.0156054471858997 0.0 0.0
0.6579710144927 0.07246376811579999 0.44492753623180004 0.0289855072464 0.0894927536232 0.1039855072463 0.0289855072464 0.609420289855 0.38188405797100006 0.4764492753623 0.44999999999999996 0.6409420289854001 0.0 0.0144927536232
1.61137031455237 0.60625639474037 4.52376291523484 0.17468064199140002 1.2417934402742001 1.5996518293399402 1.1476384290952 2.01561202591028 2.13220533495024 1.88552856423067 1.3739283784389102 4.03362775610301 0.13869001681317 0.5152539583358
0.0 0.0 0.0 0.25 0.0 0.5 0.0 0.0 0.25 0.0 0.0 0.0 0.0 0.0
0.1627344222625 0.0641258318209 0.7283726557772999 0.0 0.11010284331519998 0.0114942528736 0.0344827586207 0.3666061705995 0.36176648517890003 1.0471869328501 0.46702964307329997 0.6460980036305 0.0 0.0
1.1503277529745999 0.3719127704695 1.2485947626285 0.0384615384615 0.5479752805338 1.1024333859152 0.21445221445249998 0.8744731611613 1.0338649588847 0.6530252693042999 1.048652096368 1.3480937666987003 0.1670267716779 0.2007062704736
0.0491803278687 0.0327868852458 0.1967213114752 0.0 0.0655737704917 0.0327868852458 0.0327868852458 0.1147540983605 0.0491803278687 0.0983606557375 0.1311475409835 0.19672131147549998 0.0 0.0
0.4696828358216 0.1940298507464 0.5314832089548001 0.015625 0.0767257462686 0.1513526119402 0.0149253731343 0.2933768656715 0.2707555970148 0.15135261194010002 0.3631063432839 0.42280783582070003 0.0 0.0447761194029
1.24626903092391 0.05412433969921 1.49470462621081 0.0 0.51868899513331 0.19975619666771002 0.2603197108944 0.63518376027671 1.12713046936421 0.9885550762099101 0.4542246275948201 0.9408318708025201 0.0 0.08021129622090001
1.3105634470071998 0.1032388663967 1.4604035266968 0.0 0.7885341363933001 0.4396407746848 0.0 0.9341965701004 0.7946741031535001 1.2157904979948 0.5079002425051999 1.2569293252112 0.0322580645161 0.15587044534400002
0.7592243975902999 0.21096887550180002 1.9091992971914 0.0 0.1940261044175 0.46749497991960004 0.1536772088352 0.8985316265056 0.3320783132526 0.7839482931735999 0.8348393574287 1.328376004016 0.12763554216849998 0.0
0.7374029566509002 0.1374282564568 0.9087475356379 0.0238095238095 0.2932386085255 0.4091299491385 0.0892536338395 0.5313086926338999 0.5665665610935 0.8356690085401 0.8743664111892 1.5123783130342 0.0394345238095 0.041266025641
0.0 0.0 0.0 0.0 0.0 0.0 0.0 0.0 0.0 0.0 0.0 0.0 0.0 0.0
0.129032258064 0.3870967741942 0.1935483870966 0.0645161290322 0.0 0.129032258064 0.1290322580644 0.1290322580644 0.451612903226 0.0 0.0 0.2580645161284 0.0 0.1290322580644
0.6243372559163 0.2344497607654 0.2652916073969 0.0 0.1052631578947 0.2253329884909 0.027027027027 0.6334540281912 0.15789473684219998 0.3961593172115 0.5913616966244 0.5576102418216999 0.0909090909091 0.0909090909091
0.0576923076922 0.1538461538461 0.1538461538461 0.0 0.0192307692307 0.0576923076921 0.0 0.1346153846157 0.2500000000004 0.0384615384614 0.0 0.1346153846153 0.0 0.0
0.6278819245080601 0.16182252141143 0.76253044138292 0.0112359550562 0.23711101384346003 0.24854030011023 0.10064747598453 0.39172646293276 0.5281144234215001 0.44934749149396 0.47172287032102 0.95073546451942 0.0112359550562 0.04734769995853
0.0 0.0 0.0 0.0 0.0 0.0 0.0 0.0 0.0 0.0 0.0 0.0 0.0 0.0
0.0 0.0 0.0 0.0 0.0 0.0 0.0 0.0 0.0 0.0 0.0 0.0 0.0 0.0
0.1261324041811 0.0857142857142 0.47247386759590004 0.0529616724738 0.0487804878049 0.3177700348436 0.0571428571428 0.20348432055760002 0.1059233449477 0.0487804878049 0.1101045296166 0.19930313588839998 0.0285714285714 0.14285714285700002
0.1578947368427 0.07894736842109999 0.1052631578948 0.0 0.0526315789474 0.07894736842109999 0.07894736842109999 0.1315789473684 0.0263157894737 0.0263157894737 0.0 0.15789473684219998 0.0263157894737 0.078947368421
0.44230861392462 0.14675292071263998 1.1010571385241799 0.00884955752212 0.43288029354772 0.56342988143752 0.16491714584772 0.5616697144550199 0.62126457071072 0.4997495460447 0.29271151324814004 1.13637530986412 0.0161290322581 0.0119047619048
0.4470843672457 0.5601736972704 1.5321960297761996 0.0384615384615 0.32177419354829995 0.39640198511189995 0.2143920595532 2.8601736972719 0.7018610421842 0.5410049627789 0.2192307692318 0.8602357320108001 0.025 0.2820099255581
0.6821183403197599 0.08476702508963001 1.01795542711333 0.0888888888889 0.27624515087595997 0.1941628264209 0.04196282121373 0.54577920105496 0.8237926006923 1.21141702899546 0.87451118227539 1.05670459180628 0.101694915254 0.0
0.36715360201800007 0.1441893830701 0.8086996217553999 0.0121951219512 0.1759793052475 0.338485283248 0.0294117647058 0.2801052128166 0.5306551889047 0.1994043737227 0.408777879223 0.6573496804485 0.0 0.0475935828876
0.40740740740720005 0.12485065710860001 1.5125448028681998 0.0 0.29151732377510003 0.0740740740742 0.0185185185185 0.9713261648746001 0.5322580645161 0.5041816009553 0.6612903225805 0.7497013142177 0.0878136200716 0.0645161290322
0.0 0.0 0.0 0.0 0.0 0.0 0.0 0.0 0.0 0.0 0.0 0.0 0.0 0.0
0.142857142857 0.1428571428572 0.5571428571426 0.0 0.0 0.2857142857144 0.142857142857 0.0 0.2857142857142 0.142857142857 0.0714285714286 0.142857142857 0.2714285714286 0.8142857142855999
