0.38969155655946003 0.34468720085598 0.77545917066088 0.0 0.16687793761598002 0.54964856261858 0.11521266764478 0.5808050930263801 0.9098985435733999 0.35465149402307994 0.2894861925849 0.52358158083836 0.0 0.0
0.08139534883720001 0.11627906976730001 0.1279069767441 0.0 0.0232558139534 0.0697674418604 0.0 0.0930232558139 0.10465116279090002 0.046511627907 0.0348837209302 0.2906976744188 0.0 0.0116279069767
1.0150442538964 0.3121129639974 3.4033099704378 0.1204081632653 0.8719866227686001 1.0919932171164 0.36784611309279996 1.3216191989134 1.2298366837971 1.3353176981996 0.7587033016741 1.6851354958815 0.0668608037274 0.4198255132304
0.0 0.0 0.4 0.0 0.0 0.2 0.0 0.0 0.0 0.0 0.4 0.0 0.0 0.0
0.5994682801618499 0.0 0.5767326732673999 0.0 0.2206637330399 0.26347634763454997 0.029702970297 0.27273560689485 0.07599926659325 0.4285845251189 0.1967363403005 1.2784195086170498 0.0482214888155 0.00925925925925
0.0147058823529 0.0 0.22058823529420002 0.0 0.0 0.0735294117647 0.0588235294118 0.20588235294090002 0.1470588235289 0.0147058823529 0.0441176470588 0.1764705882348 0.0294117647059 0.0147058823529
0.030303030303 0.030303030303 0.2121212121215 0.0 0.0 0.1060606060606 0.1363636363636 0.0151515151515 0.1818181818181 0.030303030303 0.0 0.16666666666660002 0.060606060606 0.030303030303
0.37600664176029996 0.1999999999998 1.5735990037354 0.08083149726979999 0.15334163553330002 0.6258900916435001 0.0797202797202 0.6747485391316 0.5772807101582 0.7767219082293 0.24389309320810001 1.6197847814281001 0.0 0.0181818181818
0.4874560473291 0.0131578947368 0.893871741922 0.0121951219512 0.0619383825416 0.1673550259529 0.051668806161599995 0.1620527990175 0.3167243400128 0.17232237539759998 0.1145699614889 0.4818608025901 0.0394736842104 0.025353016688
0.6768949295869 0.0247933884297 1.1989929614257 0.0247933884297 0.6264310602288 0.4092914529246 0.0699949401247 0.9494991862754001 0.37134238900139993 0.6082391634349 0.6458011421586 2.3464053368260003 0.0227272727273 0.0247933884297
0.22680077871549997 0.0869565217391 0.5038935756006 0.0217391304348 0.19013627514610001 0.1888384166129 0.0149253731343 0.3069435431539 0.0801427644386 0.293316028553 0.4195327709285 0.615184944842 0.0 0.051589876703400005
0.6917268176849 0.2551601536883 1.2213565678431 0.0286240032713 0.3541392016756 0.41869169623330005 0.08460686600219999 0.4748785612323 0.4404724596936 0.5874615402647401 0.5008568294920399 1.7943536805990001 0.1190476190477 0.0286240032713
0.1 0.15 0.15000000000000002 0.0 0.05 0.0 0.05 0.05 0.0 0.0 0.2 0.05 0.1 0.1
0.0192307692308 0.7435897435900001 0.19230769230779998 0.333333333333 0.0576923076924 0.0384615384616 0.0384615384616 0.0384615384616 0.0576923076923 0.0576923076924 0.0192307692308 0.3076923076921 0.0961538461538 0.0
1.2373111555557 0.1796380090495 2.3382726676601 0.0235294117647 0.3573819860583 0.66163168454 0.1875 1.6699422107004 0.6989994538929 0.9917954797514 0.6290273021892 2.9240091003799997 0.0624999999999 0.0384615384616
0.5172413793096 0.172413793103 0.7586206896548 0.0344827586206 0.0689655172412 0.2758620689654 0.0344827586206 0.44827586206899994 0.41379310344860004 0.2068965517236 0.34482758620619997 3.6896551724138 0.0 0.0344827586206
1.0064199023593 0.1473864384461 1.8043028065169997 0.0 0.4632440689754 0.6139100229973999 0.14675713687230002 1.1952651354685 0.5398192590816 0.5447039924527 0.7561578541006 2.6179132933047997 0.0 0.1641200894282
0.0 0.0 0.0 0.0 0.0 0.0 0.0 0.0 0.0 0.0 0.0 0.0 0.0 0.0
0.6070886170640999 0.0 1.7203568623042 0.041435678749099994 0.288714323121 0.24819511465289998 0.0757715183481 0.7519507724515 0.3826169902363 0.5136049077916001 0.6061721467842001 3.6539857105444 0.0662477088243 0.0438596491228
0.6353007518798001 0.2611528822052 1.5906140350889 0.0305263157895 0.26486215538860003 0.9400751879698999 0.1478696741854 0.6471052631576 0.7143107769420001 0.2249999999997 0.534210526316 0.8620050125309001 0.054335839599 0.09263157894740001
0.2986322188448 0.142857142857 0.4924012158063 0.0 0.0995440729483 0.3639817629182 0.11398176291779999 0.1352583586627 0.45668693009079997 0.0 0.056990881459 0.6253799392101 0.1071428571428 0.1071428571428
0.81951030390804 0.1800267308082 1.6215615900447802 0.0918813806513 0.2953055338174 0.74356148909266 0.09716386554616001 0.90268135029576 0.890552787529 0.35799338692585997 0.38257914352559996 1.40189789812262 0.14024026582580001 0.07504427390786
1.2005368969719 0.6558431633811002 1.8602951649555002 0.23399106478030002 0.5767693072773001 1.2269011328491002 0.19742693511960002 1.7309096842793 0.5385602971908 0.7936955484716001 1.004429028382 1.6779516833252999 0.0421052631578 0.2605848298565
0.34030131826727994 0.125 0.59157250470794 0.0416666666667 0.10376647834278 0.4039077212808 0.00847457627118 0.22490583804156 0.16403013182678 0.43102636534908007 0.1937853107345 0.36308851224103994 0.0 0.00847457627118
0.38173348390719997 0.16226708074510002 0.842151326934 0.0 0.3041643139469 0.1913184641444 0.0830745341614 0.5808159232073999 0.2862365894973 0.15968379446640002 0.3689864483345 0.5923348390742 0.047233201581 0.0
0.8852535239350601 0.052098950524760004 1.21844162693884 0.09817209761644 0.43578162915449997 0.38428210502744004 0.04623283596296 0.55845453935944 0.9124913248394603 0.6571129772189599 0.4656529997323 3.1794477261416403 0.051724137931 0.054853525618
0.0 0.0 0.0 0.0 0.0 0.0 0.0 0.0 0.0 0.0 0.0 0.0 0.0 0.0
0.0 0.0 0.0 0.0 0.0 0.0 0.0 0.0 0.0 0.0 0.0 0.0 0.0 0.0
0.9628373565851099 0.357790499272 1.72313885202193 0.0260869565217 0.16734279303851002 0.3898573409249 0.1525423728811 1.0733443496885 1.04153243466962 0.50497554392811 0.68967682570392 2.8057036467009 0.0 0.1051710280594
0.38095238095299994 0.031746031746 0.26984126984109996 0.015873015873 0.031746031746 0.095238095238 0.0 0.1428571428571 0.174603174604 0.1269841269841 0.095238095238 0.6190476190479999 0.0 0.015873015873
1.9626932113481401 0.28824701979506 4.23363876160856 0.3104470802919 1.04856068319502 2.7401892959164402 0.4471001358844 2.59568913420904 3.14899770901574 1.85623862497776 1.7026947947868003 5.97559112085498 0.06312352349030001 0.62678890462004
0.0 0.0 0.0 0.0 0.0 0.0 0.0 0.0 0.0 0.0 0.0 0.0 0.0 0.0
0.37305900621050003 0.0 1.4976708074518001 0.0970496894408 0.11374223602469999 0.4165372670802 0.0485248447204 0.5252329192534 0.7010869565225 0.6909937888198 0.40489130434779996 3.0877329192563003 0.0217391304347 0.0217391304347
0.48659644503020005 0.1571823568135 0.8311652402894 0.0404081632653 0.16655694535860002 0.7679657669517002 0.1171823568135 0.43878867676169997 0.3253851217907 0.2236734693871 0.3967478604349 0.8609611586575001 0.1449242922974 0.0424621461487
0.1142857142857 0.125 0.49523809523859996 0.0380952380952 0.0 0.6690476190471 0.2690476190476 0.1142857142857 0.1714285714285 0.0571428571428 0.0761904761904 0.5250000000000999 0.2880952380952 0.0571428571428
1.3869767798348 0.3885050135053 1.7496346246346002 0.1325671682813 0.42680071251470003 1.2370281834583 0.1295073973644 1.3524392274396 1.4683484504909 1.0698005698005 1.2225836332967999 4.0154931047787 0.0816326530613 0.33868248153979996
0.45501202887000003 0.263178294574 1.0714782143824002 0.0666666666667 0.4060411654639 0.2636728147555 0.0344827586207 0.33214381181470004 0.3746324512166 0.1906843090085 0.2878107457901 1.101897888265 0.067816091954 0.08448275862070001
0.6877627679143 0.047619047619 1.2116863855458 0.0 0.6755947565595 0.20927419354840002 0.0737787356322 0.9475767326847001 1.1540107695428 0.9578884246085999 0.5594111302121 2.4450940258283 0.0 0.030303030303
1.2702389944257 0.2283838297791 2.0076330560062 0.0 0.20714692714680003 0.5675618782594 0.17424482494250002 0.7204793139683001 0.5173620694550001 0.41437506507259997 0.7768074130866001 1.9021080728045 0.0937643751597 0.1198941798941
1.50157096950583 0.29357602598550003 2.6708213173947297 0.1005754620212 0.6427420337201999 1.0313370291410302 0.09987450786999999 1.76374240690403 0.98879907960856 1.47864906585573 1.04259790113853 6.11898601746663 0.17907609699289997 0.08765208639806
0.0 0.0 0.0 0.0 0.0 0.0 0.111111111111 0.33333333333299997 0.0 0.0 0.0 0.33333333333299997 0.111111111111 0.111111111111
0.0 0.0370370370369 0.111111111111 0.0 0.0493827160493 0.0493827160493 0.07407407407399999 0.08641975308629998 0.111111111111 0.0864197530864 0.07407407407399999 0.2098765432096 0.0617283950617 0.0493827160493
0.8436782031305 0.14491939354445 1.2763468166057 0.07657838752355 0.10998892924775 0.45136327455095 0.11281570446255 0.65462342589835 0.67018085393365 0.89586634840555 0.6715170212812 5.05973297744515 0.0323886639676 0.0
1.2491423670662 0.5291952544308001 1.3447684391090997 0.1363636363635 0.0596054888507 1.028116066324 0.4141509433962 0.561749571185 1.1552315608929 0.2099056603772 0.2778730703257 1.2230202973133002 0.23663522012569999 1.5742424242433
3.2485335751793802 0.6941103799569399 4.5668113841948905 0.0153846153846 0.8320987271113099 1.8301736118393 0.5658881853308999 2.31544955433678 2.3172911426201 1.24196881963684 1.5349476670643099 6.001530435504211 0.2164750957851 0.6193368060610001
0.0434782608696 0.130434782609 0.0 0.1304347826087 0.0434782608696 0.0434782608696 0.0434782608696 0.260869565218 0.0434782608696 0.0434782608696 0.0 0.21739130434759998 0.0 0.0
1.6312965935710197 0.0694224985467 1.66198650725412 0.070302665426 0.4747141147284 0.51570323922106 0.03922879073246 1.0399490611693198 0.7741680646640601 1.38337500797182 0.66600952663482 8.34321085351772 0.0183486238532 0.31228445271056
0.6673267720286999 0.2265041180399 1.6852132158868 0.0338983050848 0.2616783794952 1.1001733074726001 0.3304575953189 0.9994419181485001 0.73087257926 0.44520463001180005 0.5148408433245001 1.6055243743449998 0.1554106910038 0.2434532705822
0.10559006211177 0.10559006211180001 0.17805383022766 0.0890269151141 0.054865424430590004 0.10559006211178 0.14596273291929002 0.16459627329189 0.1832298136648 0.12422360248439002 0.0383022774327 0.65217391304367 0.00724637681159 0.04554865424429
1.5616417885581 0.2662801434869 2.2157267043036004 0.17486431767189997 0.4051284635497 0.9565875769865999 0.2037408931154 0.7991757013067 2.7008937800344 1.0597719419956 0.94622547182 4.4906828145953 0.1385048095624 0.0807755930161
0.60994967843389 0.6096827866591901 1.32240817505867 0.17082401929358002 0.1616446329996 0.6864393192047 0.1682505063093 0.68055750615579 0.8366826226324 0.47007395182538997 0.12876675612549 1.08851035532359 0.043308926624100005 0.0229007633588
0.93034761251917 0.03397042171358 0.9944239179434702 0.125988546496 0.9591436940376801 0.3360850398309 0.1113311575145 0.96508102420658 0.58087056356239 1.0029612154307999 0.74509382975358 2.21470297699349 0.0 0.0
0.90812795281444 0.14911779162008001 0.8391486864678799 0.05967319671384 0.28641178417728 0.38488409416898 0.07828032058414 0.43232975233930004 0.42356283791254 0.3997622701693 0.4841688985183 2.3894706749719 0.11934639342779998 0.045715346112479995
1.72124886857336 0.4415043633866001 3.09675206388676 0.1823811846528 0.36525887929072 0.8403430330365 0.18228930359096002 1.02833198349326 1.8520112862110603 1.77559824901686 1.22038221087366 6.03384917974216 0.21309857852039998 0.0469508157244
0.041095890411 0.1095890410959 0.123287671233 0.0 0.0 0.0684931506849 0.013698630137 0.027397260274 0.068493150685 0.0684931506849 0.041095890411 0.3561643835619 0.0 0.082191780822
0.8226974175244002 0.09717868338560001 0.791162860128 0.049671592775 0.0 0.5904239438715 0.1716300940438 0.49208837139860007 0.2852664576813 0.3255336617405 0.5789670100013 1.1999552171964 0.174764890282 0.4206597999701
1.9152524697175 0.3282564718694 2.7233807143288 0.0274779942991 0.8009276785656 0.8920346049239 0.1600960189037 1.5161273731535 2.1662282893409 1.3970093510017998 1.403649987479 7.593578773237 0.0144628099173 0.0615174632576
2.3089586648021 0.517420527973 1.6552694526543001 0.2951586193457 0.20972822028100002 0.9849660681239001 0.102564102564 1.4972237555608 1.3078438376050001 0.6878592070661 1.0751155415578 2.8072972475661 0.102564102564 0.4480306523358
2.5440073234139198 0.62564710125638 3.5733051233068 0.15528221919830001 0.89761010236326 1.3868854980804 0.46963541954444 2.30391190848416 2.34072387668796 3.17103367218918 1.71014671375296 10.553783915592641 0.064558657046 0.20346846908288
0.105263157895 0.210526315789 0.0 0.105263157895 0.105263157895 0.105263157895 0.0 0.947368421053 0.315789473684 0.0 0.0 0.105263157895 0.0 0.0
1.3511082788400999 0.1057286534323 1.7251911497603 0.0182926829268 0.5080439662292 0.7761873100603 0.0637813572838 1.2762281427383 0.9963244878699 1.5776023622406998 0.4609973681481 5.896985077796501 0.056212534946799994 0.18731662772309998
0.9737525067826001 0.30559160080200004 1.5444732806426997 0.1016869175414 0.4658487672517 1.3627462545717 0.3054146514096 0.7909637843578001 0.9148283590905 1.0754394243247 1.1162557508562 2.6559513978986 0.061224489795900006 0.3258228146753
0.07843137254891999 0.03921568627441 0.15686274509793002 0.0130718954248 0.02614379084964 0.06535947712411001 0.0522875816993 0.05228758169921 0.13725490196081 0.05228758169922 0.0522875816992 0.22222222222231003 0.0261437908497 0.02614379084961
1.1586496479083002 0.1299238208125 1.7028153327556002 0.09229441253600001 0.6562368118973 0.9350273540525 0.0503621041067 1.0616380571779 0.7043197513781001 1.2002132811802 0.776211523675 4.2289525707226 0.1465904874793 0.1567648443143
1.4185410364303 0.7417066176911 2.4540877953181 0.0584795321636 0.4919699746880001 0.9986269034806 0.2219666080624 1.0686745349973 1.1252605916985 0.8106834249802999 0.4906895910932 1.9099591580473 0.0292397660818 0.1801144652674
1.7041102921153999 0.29223321020160004 2.6790821253139003 0.0 1.3490811507801 0.7391525737108999 0.1736187165873 1.8609812038134 2.3023348372629 1.3005680540142002 1.0919982987997 3.4437815016864 0.0 0.06305803571429999
1.9458652808463501 0.3860011172418 2.0562559040983 0.06931521846880001 0.5686618223852 0.7260231223243001 0.3280034543455 1.07506729413485 0.80061088932835 1.0296078311707 0.9933166670047501 5.7663657129323 0.19182319901130002 0.06308248671335001
3.6053317678390395 0.49999433588148 4.677184579040978 0.18288120112057998 1.49488358841512 1.3516242403090897 0.167511533762 1.57556541255978 2.4528868557102905 3.02265947508873 2.1403478309913897 10.40459684727525 0.2447838042399 0.17974852776560002
0.0 0.0 0.0 0.0 0.0 0.0 0.0 0.0 0.0 0.0 0.0 0.0 0.0 0.0
0.16030534351140002 0.2203053435113 0.744122137405 0.0229007633588 0.1145038167938 0.5122137404586 0.234503816794 0.19740458015260004 0.32320610687030005 0.12870229007630002 0.4577099236651 0.44061068702330003 0.2232061068703 0.22030534351179998
1.4272645880413999 0.33586194415048 2.16819725785866 0.038988408851379996 0.6441502645364799 0.8394656203977999 0.26513210300416 1.0814135080931 1.5505107880995002 1.3978160054581799 0.93993567439148 4.1899387203447604 0.05655296934489999 0.0647721474269
0.4052836052832 0.06418026418020001 0.8344988344994001 0.1028749028748 0.0888888888888 0.16130536130530002 0.006993006993 0.3106449106454 0.43372183372159995 0.15306915306899999 0.174048174048 1.2212898212888998 0.013986013986 0.029215229215200002
3.1389649766213 0.87065622408 5.0366102538190995 0.2398241197234 1.0798178683700002 2.2299614396941 0.46935982007529997 2.9776870794418 2.2719917483477 3.2132477644308 2.1667222953136998 7.610209460692801 0.37327630076490004 0.3216706486321
0.0 0.0 0.0 0.0 0.0 0.0 0.0 0.0 0.0 0.0 0.0 0.0 0.0 0.0
0.96364985163252 0.29283526371236 1.14922944386024 0.14128457930493998 0.33346893845142 0.39327079544432 0.09289748253072 0.7751268306699199 0.60577199196034 1.0246003637421 0.43778118120014003 2.57873073609632 0.15406336747392 0.057289173925419996
1.5952797202801 0.8784965034953 2.0664335664336 0.1009615384614 0.5284090909078 0.7102272727279 0.1245629370628 1.9318181818158 1.430506993006 1.8881118881114998 1.9536713286701 3.2259615384625997 0.21547202797230003 0.3500874125868
0.2142857142858 0.0909090909091 0.7034632034634 0.047619047619 0.07142857142850001 0.2121212121212 0.2510822510822 0.212121212121 0.1883116883116 0.16666666666660002 0.274891774892 0.4761904761902 0.0 0.0909090909091
1.2315043192283202 0.23921044483935 2.10269786546592 0.11659077922992 0.38078078748391997 0.8961042542118899 0.1417853751185 1.48782124950882 1.2955367625253802 0.8574437489427 1.1429728437487998 3.6387553209250596 0.017094017094 0.45170223167853
1.4530010834239901 0.66405200433349 1.67799205489326 0.15962441314549 0.23868544600917999 0.83391838208759 0.1284507042253 0.72145901047399 0.9688840736729001 0.51270494763419 0.56713615023468 1.0192560491156701 0.0281690140845 0.0266666666666
1.0992838362292 0.17232949574995998 2.1967477818679 0.1007194244604 0.70704218350849 0.51859591413785 0.0646434576476 1.7983561796382999 1.59013246264699 1.0083451583012 0.98372944810498 2.54286501344939 0.0125 0.20470964426260002
1.9687981587326 0.22513884785075 2.3746652491701497 0.1474487362897 0.6754907247082 0.59124193884705 0.077253218884 1.6669269117017997 1.04048352235435 1.31366105961105 1.0726273334393999 3.5659261037294496 0.18827016098210003 0.0920680336988
2.8864440435509993 0.6429488625855 4.1829421485304 0.1818592378171 0.7984820330222999 1.769505528847 0.41736512188130004 1.8788301732180002 2.5417757834246997 2.6065752844523 1.7199722208827 6.0592484318977 0.11746057969770002 0.19659055019209998
0.0533333333333 0.0266666666667 0.1066666666668 0.0266666666667 0.0266666666667 0.4000000000004 0.0266666666667 0.18666666666639997 0.1333333333334 0.1599999999997 0.1066666666667 0.42666666666639996 0.0533333333333 0.266666666666
0.3857439170324001 0.366047068209 0.6082329477460999 0.0275229357798 0.1868767451136 0.5996170721978 0.5187076186676001 0.4546629437574 0.6204467491022 0.2153091344236 0.4546629437573 0.891551655366 0.19009174311920002 0.48052652572800003
0.8602251407131 0.18574108817969998 0.9591932457777 0.0457317073171 0.346857410882 0.1472795497186 0.028377110694099997 0.4319887429643 0.6205440900565 0.4852251407126 0.4906191369599999 2.3212945591018004 0.0384615384615 0.0384615384615
0.27187286397817 0.24528366370471 0.27170198222811004 0.01888243335607 0.10210184552281001 0.35962064251504 0.00751879699247 0.35124743677357 0.252990430622 0.30630553656848 0.49424128503064 0.44480519480478 0.763636363637 0.10979152426507
4.6859226199844 1.1885462377177 8.3609556008517 0.1949719036219 2.3175002756789 2.3677667563013003 0.600648506267 4.2624990868488 3.1936412665957006 2.7306583559065 2.2946587421994 7.790082332825699 0.2491510566645 0.7629972585402001
0.0 0.0 0.0 0.0 0.0 0.0 0.0 0.0 0.0 0.0 0.0 0.0 0.0 0.0
1.1384376717189 0.1684508731721 1.8486942623940998 0.0542415530805 0.4291025022446 0.3123349818404 0.1044104244567 0.8821368260235001 1.0472806347437 1.2728093629787 0.7126589870403 2.9538099928972996 0.0435463659147 0.0320855614973
0.8301687763715 0.3593530239101 1.0274261603379 0.037974683544299996 0.1898734177216 0.4149085794654 0.3463431786216 1.0086146272873 0.6010900140642 0.4695850914208 0.7011251758086 0.9453234880454001 0.026547116737 0.041666666666700006
0.040540540540500006 0.0810810810811 0.108108108108 0.0405405405405 0.0405405405405 0.20270270270309998 0.0135135135135 0.1081081081081 0.054054054054 0.054054054054 0.0 0.1486486486486 0.0675675675676 0.040540540540500006
0.88154854919327 0.21654870239278998 1.7862395440764702 0.08805037227679 0.34411251034108 0.61580261666238 0.04812942366019 0.82567178355768 0.7856451266973901 0.9183304225264799 0.91281367772837 1.4635076753352803 0.02639029322549 0.08720930232559
2.1073064104039 0.7460216774374001 2.5945514662328004 0.2008168822328 0.6990951526353 0.8873935798719 0.3326805937428 1.3312572383366001 1.0457529196465 2.2516532140420997 0.8969194522304 2.7976558839375 0.0 0.1088955292495
1.1591928174677 0.24319718389568 1.5650702745638598 0.2275899855263 0.5253094831566001 0.55974767171199 0.0465486725663 1.0674225327075901 0.92782479064778 1.5242445350906801 0.6933385400106901 2.32607693996238 0.10812078321658 0.0263157894737
1.5530041333514197 0.25841885201134 1.9360136182571401 0.0686274509803 0.45939023051301997 0.58117697620246 0.1650539505741 1.09562637861602 0.96401932732172 1.00788988981284 1.0039986674138 3.50188925218418 0.2320692744099 0.17282199834494
1.89872285991859 0.38897366764267005 2.3782468676567006 0.0844599403278 0.7045621011509999 0.92611146559101 0.27212258260549 1.42914719521327 1.5989036679476498 1.9178707268591397 1.3755050307207302 3.70374253823606 0.09623080502547 0.22540055109954
0.0 0.30000000000000004 0.0 0.0 0.0 0.1 0.2 0.0 0.0 0.0 0.2 0.0 0.1 0.1
0.4962962962969 0.3629629629629 0.6753086419762 0.0 0.2308641975307 0.38024691358010004 0.5827160493827 0.31358024691340003 0.3802469135801 0.11604938271599999 0.4123456790122 1.0543209876538 0.3456790123454 0.6493827160494
2.4348051530380004 0.2177151814114 2.4992130164344 0.0275229357798 0.8333323728731 0.9308230877555 0.137646374072 1.9687110295958 2.1285795123203 1.3797849095793 1.4694140831304001 4.667185162293401 0.0550458715596 0.250221310156
0.0 0.15789473684219998 0.0526315789474 0.0 0.0 0.105263157895 0.15789473684219998 0.0 0.1578947368424 0.0 0.1052631578948 0.0526315789474 0.21052631579 0.0
3.16704246001104 0.6888171209109201 4.340540213197979 0.11159099518332 1.00817246915212 1.7876068651706198 0.596504244524 2.784725717495 2.33776791908116 2.19470584669844 1.99526115987222 4.49646478048624 0.24548121547899998 0.24531899273962002
0.0 0.0 0.0 0.0 0.0 0.0 0.0 0.0 0.0 0.0 0.0 0.0 0.0 0.0
1.0162917636145 0.1571722370245 1.4338260373282998 0.0280358367018 0.3597358287102 0.370416147453 0.15518881358160003 1.0796960251627 1.1756162739782 1.3572447299133001 0.8277989965809001 1.9322709297898997 0.0447722383754 0.0619341417866
0.5486318347827 0.25732864469412 0.78677051814854 0.00597014925372 0.1310267066255 0.50333852662902 0.13731956664952 0.6110691526173999 0.3254629766603 0.41158121782884005 0.32927250802982 0.77940012743882 0.0370817189976 0.1357463516435
0.10638297872329999 0.0425531914894 0.25531914893609997 0.0 0.0 0.0851063829786 0.08510638297869999 0.0212765957447 0.25531914893630003 0.0425531914894 0.0212765957447 0.0425531914894 0.0212765957447 0.0212765957447
1.3427746807992 0.24377921378220002 1.5880274833627 0.01838627595825 0.538823748204 0.5160652185864 0.1855072689836 1.1814754971383001 0.85828190929665 1.0932812706646502 0.7099002760292501 1.5978048275254 0.0478723404255 0.0780199892484
0.53635975680241 0.04985514244318001 0.9354448759188202 0.01834862385318 0.1756040832148 0.1461284607692 0.0550458715596 0.36269050808972003 0.30430713202440995 0.45462150012591995 0.28911834114311 0.6452333022767 0.00657894736841 0.020663454410610002
0.38149790588800003 0.042498152254200006 0.44382852919400007 0.0222961320522 0.16235525991650002 0.14424735156440002 0.0 0.31251539788120003 0.29859571322910006 0.3268046316826 0.269647696477 0.5856122197585001 0.010101010101 0.0
1.2572269598277999 0.1716399875163 1.2507367530353999 0.0320302033856 0.5788579471646 0.2761699385871 0.0371137182731 1.0758256905815 0.7733625807411001 0.8086736204141 1.039560082286 1.581376376033 0.0495360785215 0.067890063634
1.57191224905366 0.54749717292735 2.5423070013566402 0.24745938168929998 0.6683664983703 0.46567004084607994 0.12269069465139 1.4183317038198902 1.28404022246285 1.38087832654379 0.8984861600039 2.68477329421783 0.03966418465965 0.1279230693985
0.1578947368421 0.0526315789473 0.1052631578946 0.0 0.0 0.10526315789480001 0.0526315789473 0.0877192982456 0.08771929824550001 0.0350877192982 0.1578947368421 0.08771929824550001 0.0175438596491 0.0526315789473
0.4937611408208 0.352941176472 0.9946524064171001 0.0588235294118 0.060606060606 0.42780748663129997 0.3368983957218 0.6007130124779999 0.6417112299474 0.27807486631010003 0.36720142602539996 0.6345811051694 0.2174688057041 0.5347593582883
0.6263196214053 0.22788496541679998 1.1148525664359998 0.0121951219512 0.2195121951217 0.3620313068801 0.0487804878049 0.8096104841654999 0.7772115034583 0.3294503094281 0.2642883145247 1.1386967601026001 0.0 0.0691663633053
0.3166263359551 0.2896652550916 0.6101734220602001 0.0526315789473 0.0555555555556 0.27448074208510004 0.1043456342004 0.21138334341610002 0.3046380318617 0.15403307118370002 0.14062310949770002 0.38149828594470003 0.0800766283525 0.0242690058479
1.59657727233037 0.24789159352220003 2.2338090413758 0.1142846954785 0.6283058794765399 0.88899791623946 0.15233447679449 1.00024310537231 1.1220894626578901 0.84263627145319 0.82931022858438 2.10719638946932 0.057107843137239996 0.1792158241131
0.0 0.0 0.0 0.0 0.0 0.0 0.0 0.0 0.0 0.0 0.0 0.0 0.0 0.0
0.6803796948687 0.08619165487967 0.69956368425421 0.24422268907657002 0.55719644554027 0.5326426688444701 0.14256785309227002 0.58254857440644 0.7306912082182699 0.86847688528247 0.6844136039004101 1.16431932335147 0.0 0.0267857142857
0.718476930698 0.26318602016929 2.0272337398349403 0.00964630225079 0.16357944362439 1.5233216683 0.3185194672135 1.7407039632286896 1.0097749375837 0.82583771701778 0.8337665728432999 1.85374080234989 0.2697000745155 0.44251236037329
0.0 0.047619047619 0.095238095238 0.0 0.0 0.380952380952 0.28571428571400004 0.0 0.047619047619 0.0 0.095238095238 0.0 0.0 0.047619047619
0.5871307440006 0.3545962241867 1.3311769595357001 0.2750356987644 0.3277764953522 0.37049084315120007 0.10505319148940001 0.902539565855 0.2593590371041 0.4535612242064 0.5905695983907 1.2524777782609 0.0432546177227 0.146978021978
1.1341665872945002 0.2334364352472 1.9069609666510998 0.09637188208620001 0.5605092933755 0.5449913691828999 0.17047408499109998 1.1820066272626 0.7255350187236 0.8586948166648 1.1335762995932002 1.2790565255820998 0.0254237288135 0.14879636452939998
1.0729992875875 0.2779563183925 1.3787316137221999 0.0491803278688 0.42686753049949994 0.4238627699454 0.0 0.6791226093291001 1.178910769149 0.4518556213876 0.4494575375587 1.4281749206821 0.0731707317073 0.1097099621689
0.85956988990192 0.20386305856841 0.8252136342337102 0.025 0.3114154022654 0.5164952176905 0.2007976379339 0.67370650372341 0.810649565559 0.49300398710812 0.7099335837674 1.2814653090272399 0.0327868852458 0.0560993249758
1.7183818967917 0.5051729027473001 2.7520911571639997 0.15806364871950002 1.0479504447256 1.1957332886448002 0.031055900621 1.8727571750711003 1.7132833125912001 1.8063466193184001 1.3857813523684 3.6103608250104 0.09113671085319999 0.11188476537160001
0.3555555555558 0.0888888888889 0.7111111111118 0.0 0.0888888888889 0.1777777777778 0.0 0.5333333333339 0.6222222222228 0.0888888888889 0.355555555556 0.6222222222225999 0.1777777777778 0.1777777777778
0.0 0.0 0.0 0.0 0.0 0.0 0.0 0.0 0.0 0.0 0.0 0.0 0.0 0.0
1.057800224467 0.2829685746349 1.1684904601575998 0.0113636363636 0.3007856341188 0.3531144781145 0.047418630752 0.9729236812566 0.8296857463519001 0.2316217732883 0.3531144781148 1.2549102132441998 0.0 0.1358024691357
0.19264069264060002 0.23333333333299996 0.5636363636360001 0.0142857142857 0.0969696969696 0.1445887445886 0.0 0.44112554112509994 0.3389610389611 0.3805194805191 0.337662337662 0.8800865800874 0.28095238095270003 0.095238095238
2.52729201030541 0.44398983986773 4.06938618793245 0.1868891944318 1.03849905908762 1.25219663308422 0.20757248929321997 2.07098516622726 2.29517833715462 1.98664380055542 1.8695826643651903 3.6606139810950205 0.07088693274703001 0.3202837038579
0.0999999999999 0.0999999999999 0.0999999999999 0.0 0.0 0.0 0.0 0.0 0.4 0.2 0.0 0.0999999999999 0.0 0.0
0.7532051282058 0.0746336996336 0.9130036630034 0.0 0.4894688644686 0.125 0.0416666666666 0.4565018315018 0.8782051282040001 1.180402930403 0.5796703296699 1.4006410256407997 0.1076007326006 0.0
0.5325507825508 0.276515151515 1.6620879120877998 0.0151515151515 0.40867465867490005 0.6777389277394 0.2652763902763 0.7072510822511 0.8529387279388001 0.22294372294360001 0.4432234432237 0.6829004329005002 0.0535714285714 0.19917582417559998
0.3639705882359 0.2352941176468 0.5196078431368001 0.0 0.0796568627451 0.4154411764703001 0.1004901960785 0.2671568627452 0.29779411764679997 0.1973039215691 0.1838235294118 0.22181372549019998 0.0 0.1176470588236
1.85489465573742 0.8819853803298799 2.2547079706530404 0.11858266825140001 0.89265435341846 0.9453887690188598 0.08737789987780001 1.8288187991004603 1.367925003334 1.08957917697562 1.1856925557032598 2.3435832437868203 0.0208333333333 0.1279761904762
0.5657788161993 0.21238317757011999 1.1016199376955198 0.0766666666667 0.23833333333360002 0.3432242990655399 0.13303738317752 0.38584112149532 0.6688785046729401 0.36535825545134 0.22071651090339997 0.61012461059204 0.0 0.07803738317752
0.7448943750313 0.021978021978 0.8199859501243001 0.0 0.30395403683100003 0.1592653921422 0.0767725425259 0.3185307842839 0.6224848211149999 0.2742736715338 0.44407647147389995 1.1315921521409 0.027397260274 0.054794520548
0.4398358409956 0.1060299990712 0.43208530695619995 0.027027027027 0.2469397232282 0.19524008544639998 0.0913903594315 0.45543675118400007 0.5323000835885 0.3686855670101 0.2284097241572 0.7039843967681 0.0 0.17263513513509998
0.68839994202805 0.2083682983683 1.2686748312146499 0.08124195321095 0.10581905141480001 0.45131091706265 0.07136128120585 0.38036728383845 0.6300111115135 0.62327258234005 0.4234544729881 0.8899299491530002 0.0155440414508 0.16224428421305
0.0 0.0 0.0 0.0 0.0 0.0 0.0 0.0 0.0 0.0 0.0 0.0 0.0 0.0
0.027027027027 0.08108108108100001 0.2972972972972 0.0 0.0 0.16216216216200002 0.054054054054 0.027027027027 0.0 0.027027027027 0.135135135135 0.135135135135 0.054054054054 0.0
1.2815351315352 0.1479270729269 0.7200410700409001 0.0714285714286 0.6253496503499 0.4572455322454 0.031843156843100004 0.9115412365414999 0.9163003663005999 0.9281246531243 1.0100344100352 1.7648989898985998 0.0178571428571 0.115873015873
0.142857142857 0.142857142857 0.142857142857 0.0 0.0 0.285714285714 0.0 0.0 0.0 0.0 0.0 0.0 0.142857142857 0.142857142857
1.0787816887951 0.2863036150164 2.4357265890293998 0.07959384212250001 0.44928754396049997 1.2176683737516 0.2833024020869 1.9777097489253002 1.9156972426623 0.7864958847874001 0.9236806720940001 2.1231246606561 0.2493712273641 0.1932565087494
0.2 0.0 0.0 0.6 0.0 0.0 0.0 0.2 0.0 0.0 0.0 0.0 0.0 0.0
0.18639388439729998 0.058714183578 0.7100148490347 0.0 0.22339547929359999 0.07753396029250001 0.0689655172413 0.34916130451550004 0.2881262717922 0.9390309629881999 0.3777594456362 0.7027223230491 0.0 0.0181818181818
0.48439544951153 0.0952884324977 0.47004933051443 0.0 0.30021141649030003 0.35603543743086 0.060606060606 0.3600120809423 0.33967582804773 0.33408839222779996 0.38950971509119997 0.68453639383883 0.06020336252892999 0.0653881002718
0.09836065573769999 0.0655737704918 0.3934426229508 0.0 0.1311475409836 0.0655737704918 0.0655737704918 0.2295081967213 0.09836065573769999 0.19672131147539998 0.2622950819672 0.3934426229516 0.0 0.0
0.74358037922232 0.1541577825162 1.6117832586288598 0.015625 0.16945386346222002 0.27855631468066 0.11721878412815999 1.13095229502468 0.58804754649476 0.7129789988095201 0.6146378841847799 1.7754630387202002 0.0 0.0875448541265
0.34387552616905 0.11440293826428 0.46044113411916 0.0194174757281 0.13209801051768 0.18641723508050997 0.0708655018285 0.27010647656832 0.28054110137574995 0.29852337237602 0.22838375749053003 0.5397900450920899 0.0 0.05513742538937
0.28205128205115004 0.01923076923075 0.33333333333320003 0.0384615384615 0.09615384615370001 0.07692307692295 0.0769230769231 0.24358974358985 0.20512820512835 0.16666666666655 0.27564102564119997 0.16666666666665003 0.0 0.01923076923075
0.6332961733136 0.11598099473580001 0.8052318129524 0.0 0.1092027685207 0.2989096415346 0.0714485850377 0.4157312078589001 0.18263057176749997 0.18911072295099998 0.4235944271891 0.6853937273094001 0.069469366829 0.0
0.3674863047636 0.1623963647194 1.279309629498 0.0294117647059 0.2589561057157 0.4342645752109 0.07014535358480001 0.39612470769960006 0.543418983618 0.8276944440245 0.8403807033907 1.5952785120064 0.1355932203387 0.0595393307257
0.0 0.0 0.0 0.0 0.0 0.0 0.0 0.0 0.0 0.0 0.0 0.0 0.0 0.0
0.15000000000000002 0.15882352941170003 0.6705882352934001 0.0 0.0 0.46176470588170004 0.3441176470584 0.1676470588234 0.10882352941170001 0.3 1.0588235294117 0.3441176470581 0.117647058823 0.1176470588234
0.5527583085476 0.2748006379583 0.5665196775721 0.02 0.0526315789473 0.43217509375400004 0.067027027027 0.6420505194186 0.4789473684207 0.43177335229979996 0.5660985387296 0.7000663821712 0.1242424242424 0.0909090909091
0.0576923076922 0.6538461538461 0.1538461538461 0.0 0.0192307692307 0.5576923076921 0.0 0.1346153846157 0.2500000000004 0.0384615384614 0.0 0.1346153846153 0.0 0.0
1.7777671216786 0.43333608503399995 3.236067040277 0.0112359550562 0.6695174444988 0.7560777474102 0.23578262356469998 1.7073925937812 1.4018020745848 1.0866220843899002 1.1752899809052 2.3004123184954 0.0112359550562 0.1974609752728
0.0 0.0 0.0 0.0 0.0 0.0 0.0 0.0 0.0 0.0 0.0 0.0 0.0 0.0
0.26785714285679996 0.0 0.23809523809499997 0.1874999999999 0.5089285714295 0.0238095238095 0.0 0.0238095238095 0.1428571428575 0.315476190476 0.1101190476189 0.18154761904739997 0.0 0.0
0.7270743478456001 0.267491298666 1.3435906142673002 0.0529616724738 0.2747563957843 0.5929262706919999 0.1341286374164 0.9199049346327999 0.5635811657975001 0.4294525283811 0.4358902374328 0.9713346547726 0.0285714285714 0.2583358132673
0.22456140350929998 0.07894736842109999 0.37192982456140006 0.0 0.0859649122807 0.1122807017544 0.1456140350878 0.23157894736839998 0.059649122806999993 0.159649122807 0.0 0.4245614035087 0.0263157894737 0.078947368421
0.7503812768964 0.2565250916785 1.0522994330234001 0.0176991150442 0.2664283848755 0.5592662505809 0.0737667033698 0.7381099164973 0.8286004527603 0.5065934221674 0.41586853763529996 1.5064276213096002 0.0161290322581 0.0119047619048
0.4565476190474 0.0 0.7291666666662999 0.0 0.4089285714284 0.095238095238 0.0749999999999 0.2452380952379 0.047619047619 0.5041666666665 0.395238095239 0.9065476190485999 0.0375 0.0988095238094
0.211111111111 0.16666666666649999 0.2952380952379 0.111111111111 0.0428571428571 0.1396825396824 0.0 0.36507936508009997 0.15555555555540002 0.0714285714285 0.1571428571429 0.2841269841267 0.0 0.0
0.49682311949249996 0.2295552367286 0.5956650953069 0.0601045296167 0.21602787456449998 0.35350481656020005 0.0294117647058 0.47673703627749997 0.44604427136689995 0.23411559745850002 0.3693892191027 0.4632096741133 0.0 0.0294117647058
0.9547391340862 0.22745472745450002 2.5371237382097007 0.1343873517786 0.3739475261212 0.30762143262110003 0.1424116424115 1.0955499053316 1.1115468235033 1.0652998696471 0.7717887391798001 2.0962860854174 0.064064064064 0.11777896017020001
0.0 0.0 0.0 0.0 0.0 0.0 0.0 0.0 0.0 0.0 0.0 0.0 0.0 0.0
0.0434782608695 0.0 0.086956521739 0.0434782608695 0.0 0.304347826088 0.0434782608695 0.0 0.086956521739 0.086956521739 0.086956521739 0.0434782608695 0.0 0.17391304347849998
