0.8123207960884 0.0247933884297 0.0227272727273 0.6676955079555 0.0247933884297 0.5910440209141 0.2247933884297 0.5354669140381999 0.4370467195143 1.2548096924726 0.78132906055 0.6798785629959 0.5362202732334 0.268937988418 2.1381430258081995
0.0869565217391 0.130434782609 0.0 0.1739130434782 0.0 0.0434782608696 0.0 0.0869565217392 0.0434782608696 0.3478260869571 0.0 0.0 0.0869565217391 0.0 0.0
0.0 0.0 0.1 0.05 0.0 0.15000000000000002 0.15 0.0 0.0 0.15000000000000002 0.05 0.15000000000000002 0.1 0.05 0.05
0.7768426398578 0.3812409812406 0.1126984126983 1.0955954243623 0.0 0.39169339032309997 0.584415584416 1.0388792333996 0.26977953553260003 1.2664714281146998 0.19412915851239998 0.2913825900125 0.5355630670692 0.1099147427913 0.9513938116676999
0.0 0.0 0.0 0.0 0.0 0.0 0.0 0.0 0.0 0.0 0.0 0.0 0.0 0.0 0.0
0.2931711145996 0.2866300366298 0.3269230769235 0.6187859759289 0.0 0.47357404500250005 0.2896389324968 0.466248037677 0.4878335949768 0.8851386708543002 0.2206959706959 0.1437728937728 0.2819204604922 0.2807430664573 0.9449241234957
0.061004381530200005 0.05224132119990001 0.0 0.48070441523380003 0.0 0.16548702392989997 0.2141051567238 0.274941017863 0.4597236265595 0.3552409841594 0.0232558139534 0.37108190091 0.1792214357937 0.0289855072464 0.3340074148976
0.3021546516312 0.1047120418848 0.0 0.4173378977043 0.0 0.09081755940390002 0.020942408377 0.4331453886432 0.155356423681 0.5169150221516 0.162404349577 0.17992347966209998 0.2339911397502 0.0209424083769 0.36135722915839996
0.2204806687563 0.059134906231 0.13142770719879998 0.5132128911623 0.0 0.33514821536580003 0.4039624924378 0.45554913930640006 0.1717125886819 0.7979293845904001 0.119740966837 0.0854506957047 0.21982071165349998 0.0624621899575 0.42396744211580006
1.5632220489241 0.6139338761033 0.062355171687299996 1.646405672667 0.0 0.9526670054057 0.29644286617110005 1.9973260825121002 1.2942922449206 4.381857799205001 0.6515937735602001 0.7466298741216001 1.1609454578471001 0.5801749425980001 2.0521531842752
0.21076274294100003 0.0277777777778 0.0284195086175 0.16318298496539999 0.0185185185185 0.06545654565455 0.0 0.26283461679485 0.05619728639525 0.31197286395345 0.1229372937294 0.06866519985335 0.2139713971396 0.009900990099 0.43940227356104994
0.48880597014929994 0.125 0.0 0.6791044776123 0.0125 0.1395522388061 0.125 0.6367537313437001 0.1423507462687 0.7263059701496001 0.1569029850747 0.6227611940297 0.3492537313433 0.1048507462687 0.6908582089549999
0.45312156589048 0.00847457627118 0.0434782608695 0.38443289505998 0.078947368421 0.06623227191047999 0.04928311936808 0.33026929889269996 0.07381478752149999 0.5120169620814999 0.00847457627118 0.201793171211 0.33717953690426 0.025423728813579998 0.42705788051585997
0.030303030303 0.0757575757576 0.060606060606 0.045454545454500006 0.0 0.045454545454500006 0.030303030303 0.030303030303 0.1818181818181 0.19696969697 0.0 0.0 0.0 0.1363636363636 0.16666666666660002
0.43778102671443997 0.0 0.0149253731343 0.4931062273845999 0.0 0.48654224383937994 0.26713533604019996 1.1725374713625 0.4033460586973999 1.18779188637882 0.356185100982 0.53844287188434 0.725198878746 0.1018932326036 0.8151142922346
0.3643790849674 0.0 0.0 0.27320261437960003 0.0 0.1754901960785 0.0277777777778 0.319934640523 0.5366013071894999 0.7918300653596999 0.17222222222220002 0.1333333333333 0.2921568627448 0.1421568627451 0.7709150326805
0.1874999999999 0.5355263157898 0.0315789473684 0.6585526315786 0.0 0.9085526315807002 0.1263157894736 0.7250000000004999 0.6592105263165999 1.0381578947359 0.0631578947368 0.3131578947368 0.1572368421051 0.1894736842108 0.4065789473683
0.0 0.0 0.0 0.0 0.0 0.30000000000000004 0.3 0.2 0.1 0.1 0.0 0.0 0.0 0.0 0.0
0.32291987534481 0.8876568073586202 0.12228216805402 2.33399454809671 0.0 0.66860754229861 0.42885395459270004 1.51036643657371 1.0126872175523 1.5540281152113398 0.17041756275572 0.51129059044673 0.44116526631740993 0.16005017709561 0.87567973830083
0.0 0.0 0.0 0.0 0.0 0.0 0.0 0.0 0.0 0.0 0.0 0.0 0.0 0.0 0.0
0.17155425219909998 0.37034981147859997 0.1714285714288 0.6050377042313 0.0340909090909 0.5829178885638 0.1626728110601 0.3730833682446 0.1260997067447 0.5778278173443 0.0890762463342 0.11396103896100002 0.2352953498114 0.1073627984917 0.2792417260158
0.18340280409223 0.1317152297188 0.00492610837437 0.5903551983418599 0.0 0.20681677668954002 0.1366413380932 0.6569075207921701 0.51525365136987 0.5896837584675401 0.00985221674875 0.05971826117005 0.10897934491387 0.38279385466297006 0.42295393656524
0.7998348167247 0.5298684962826999 0.4883436840753 0.9788742506964 0.0533333333334 0.5413099282259001 0.2547544409611 1.6839367280341002 1.2939429427659002 1.8105735982784001 0.18226613965729999 0.6259491009200999 1.3559133640725998 0.16711579030360002 3.2339833856707
0.5045871379864 0.26970059176210004 0.0590273151232 1.3857604734098 0.0441176470588 0.2843574871654 0.40694243053609996 0.7727808911715001 0.28838225496689995 0.8906885605676 0.1788415566092 0.21706901281500002 0.5381784692558 0.21268566054000002 0.9468805110313
0.74639218456691 0.05829735740447 0.03044871794877 1.7000409739724998 0.0 0.49445363927933994 0.15441130298257003 3.8693533061238 0.6596717644874 2.98494035982647 0.7534067594929399 1.27330773789217 1.19429410946977 0.17912218733636998 1.9018595992183998
0.2987468671679 0.0175438596491 0.0175438596491 0.4245614035084999 0.0 0.19899749373419998 0.0 0.3263157894737 0.2606516290728 0.6982456140342999 0.1684210526316 0.2546365914787 0.2751879699246 0.0746867167919 0.9844611528829998
0.4522178304785 0.0652173913043 0.0727272727272 1.2615283267473 0.0 0.34861660079080004 0.42753623188449996 0.4253842775582 0.8241985068074 0.8370663153274001 0.38282828282869996 0.5656126482218 0.4232323232324 0.24154589372000002 0.672288098375
0.8851217592028999 0.0234375 0.0468749999999 1.3291836095148999 0.0941176470588 0.7793481334846 0.282352941177 1.4027342316859 0.564154411765 1.5013775299634 0.3460556285923 0.3528183089761 0.9026323835152 0.1876838235294 1.3021070915364
0.0 0.11398176291789999 0.142857142857 0.0851063829788 0.0 0.0714285714286 0.0 0.405775075988 0.063829787234 0.063829787234 0.063829787234 0.1641337386017 0.1702127659573 0.39969604863249997 0.2553191489363
0.358298826777 0.0217391304348 0.0217391304348 0.4778467908904 0.031746031746 0.1284851621808 0.0869565217391 0.3000172532779 0.5698067632858 0.3291580400276001 0.1726190476189 0.108695652174 0.34763630089729997 0.09696342305030001 0.9482919254653
0.6922043010754 0.10752688172 0.05 0.8610215053771 0.0416666666666 0.13333333333320002 0.0 0.5163978494618999 1.0787634408599 1.3545698924716 0.4811827956985 0.8836021505379 0.7193548387088999 0.0916666666666 0.9887096774188001
0.087912087912 0.21978021978 0.0879120879122 0.24175824175820002 0.0 0.197802197802 0.087912087912 0.26373626373720005 0.10989010989 0.351648351648 0.065934065934 0.0 0.043956043956 0.19780219780219999 0.043956043956
0.4 0.0 0.2 0.0 0.0 0.4 0.0 0.0 0.0 0.0 0.0 0.0 0.0 0.0 0.0
0.9821469456927001 0.3519896221401 0.1530612244899 1.3486413673122002 0.0185185185185 0.587462529142 0.4167368732406 2.6408588748215 0.9902560398181 1.4911310278507997 0.3471412334589 0.22156547156519996 0.8929174075046 0.2827181607507 1.2748547036913
0.0 0.0 0.0 0.0 0.0 0.0 0.0 0.0 0.0 0.0 0.0 0.0 0.0 0.0 0.0
0.19232269969726 0.14314888651162 0.0727174060507 0.41239466313233997 0.00884955752212 0.10004886406054 0.08556373158125999 0.4074062068162 0.34061611937712 0.34946567689896 0.1864049858149 0.1357292330743 0.18982787124324 0.107041107041 0.26846299117672
0.0634920634921 0.0238095238095 0.0 0.08730158730160001 0.0079365079365 0.0238095238095 0.015873015873 0.15873015873 0.0873015873018 0.1428571428571 0.0079365079365 0.0238095238095 0.1746031746033 0.0079365079365 0.1746031746033
0.6362932238599 0.3633969716915 0.20929242196099998 0.8632836144298 0.0204081632653 0.2642907139428 0.1171823568135 2.2465573542052995 0.3500147929642 1.3826241012449998 0.3161720509689 0.46403653695739994 0.6195258835151001 0.1871772969382 0.9597445172396002
0.26813908936982994 0.09243295019163 0.07614942528740001 0.4265882562596 0.0229885057471 0.2318765036086 0.13158914728749999 0.59526196204153 0.3920097121982 0.82252071638709 0.3313730731539 0.17974917579973 0.45817740354623 0.13170498084283 0.8394390982810601
1.11335125460403 0.30753947522438 0.028878698547890002 1.3434340794696502 0.0426732896816 0.7231411360578801 0.0340160158741 2.32653192155559 1.0268305232591899 1.9767427429287 0.47028270830288005 0.6596565349916399 0.64422753629894 0.1766893055557 2.12600477764913
0.93730472426045 0.00757575757575 0.06844532279295 0.810806041783 0.0 0.16760304912455 0.00757575757575 3.24236307171015 0.8466732542833999 1.8115965556167 0.26973696593265 0.47250611707089996 0.4987507058152 0.1715297383773 1.6875329380765
0.33395061728365 0.019488536155149998 0.00714285714285 0.1767195767194 0.0 0.09417989417984998 0.58932980599685 0.4027336860671 0.1383597883597 0.77574955908315 0.0409171075837 0.25273368606675 0.38262786596130005 0.0500000000002 0.73606701940125
0.47993735219201 0.0669456066945 0.0 0.6713265406671001 0.0 0.41341085938680994 0.1461022029331 1.5306254710353002 0.64161783050502 1.2962467623032299 0.15598906221551 0.20750807258491 0.84791458219591 0.0417119565217 1.500663700763
0.0571428571428 0.228571428571 0.0380952380952 0.1904761904762 0.1 0.1523809523809 0.0 0.3047619047618 0.1714285714285 0.40000000000049996 0.0 0.17619047619039999 0.2380952380952 0.3571428571428 0.5857142857144
0.7020919818211 0.1106798293338 0.047619047619 0.8293211074348 0.0293865293865 0.2521766679679 0.2161415830338 2.4052585111259 0.6747874919057001 1.3736848051334 0.3192777321267 0.4954411772567 1.1017558343496001 0.1133451555138 1.3290325459946
0.8358590631688 0.07168102117139 0.0169491525424 0.87247511830947 0.032529252307590004 0.23978313831829 0.039151768863880006 1.1493366724104899 0.5614139977215999 0.8002293774067699 1.08478182102659 0.75385140601209 0.57580533628218 0.039151768863900004 0.9270011055949999
0.07317073170720001 0.0487804878049 0.0 0.0975609756096 0.0 0.14634146341450002 0.0121951219512 0.0975609756097 0.0975609756097 0.14634146341480003 0.0243902439024 0.0243902439024 0.0243902439024 0.036585365853600005 0.1707317073172
0.0684931506849 0.0 0.0 0.041095890411 0.0 0.095890410959 0.1095890410959 0.3561643835619 0.068493150685 0.123287671233 0.0 0.027397260274 0.027397260274 0.013698630137 0.0684931506849
0.9642910170788 0.18066191602145001 0.14162301318300002 1.1336434213105502 0.0 0.8859165208885499 0.21431257555845 3.3430384784244 2.1438744836606998 1.9692261830521498 0.59195959526735 0.6056582254046501 1.13667259076775 0.32845845995760004 2.36066351942255
0.02 0.0 0.0 0.04 0.04 0.0 0.02 0.04 0.04 0.04 0.02 0.0 0.06 0.0 0.68
0.09277504105076001 0.034482758620629994 0.06691297208534 0.7873563218384699 0.0 0.20935960591140002 0.060344827586240005 0.52627257799635 0.13793103448289 0.31075533661708005 0.03448275862062 0.18760262725763002 0.19827586206897999 0.07758620689640999 0.27586206896487997
0.258686148182 0.1617710120068 0.1890557670584 0.4257101619049 0.0 0.43471530770199995 0.17646059072069997 1.018635213153 0.7023490775224 0.8527590678993 0.025514579759800003 0.10484562607190001 0.9566895368778 0.0612684600259 0.6315394511149
1.43679457895226 0.3214261920901 0.3234616385708 1.0951874331473201 0.0127118644068 0.3020806319364 0.31103776535502997 3.0863446192982305 1.09133151402626 2.40402226307459 0.3001264788672 0.45473084672099995 1.23699891439183 0.20416808511593001 2.41957717404643
0.39373807396279 0.28235256467235004 0.09436979123264 0.63161419369844 0.0 0.41266657559524 0.22800339734664002 0.47101123424725 0.5286907235825999 0.7189019048069301 0.14637745742705 0.06769805383539 0.26194642600514 0.16587625641409 0.59675334717674
1.07523705154136 0.28602796201034 0.13055374828304 1.8179233713929701 0.0 0.75431890470839 0.46515895165200005 4.7452718651888395 1.68296111852034 3.15285883512301 0.77581930632591 0.7059935459065599 1.7250606012201497 0.34312284498388 2.3396918931382897
0.55572147972036 0.08209028294185 0.0275229357798 0.33844529281134 0.0183486238532 0.11265107035294002 0.0266130866631 1.8417003131755703 0.28089482555955003 0.53907706552565 0.15536175791668 0.16046534865734 0.42849926614506 0.030683807849049997 1.4019248430487898
0.3534609250398 0.0695746943115 0.10944710260495 0.5329346092506 0.00757575757575 0.14951089845815002 0.19383838383835 0.9902870813396001 0.4072089314198 0.71953748006425 0.22727272727284997 0.33997341839485 0.5526315789473 0.11435938330675001 1.232387028176
0.35772554232858994 0.0242914979757 0.0161943319838 0.28319938767715996 0.0 0.07033657622819 0.03794791226049 1.2494611960456 0.09901907466719 0.44933228593888996 0.0441919954881 0.20847181098547998 0.22535097790389 0.04419199548808 0.89028541502959
0.0579710144927 0.0869565217392 0.1159420289862 0.1014492753623 0.0 0.072463768116 0.1159420289856 0.49275362318820004 0.2463768115944 0.23188405797060002 0.0144927536232 0.0289855072464 0.0579710144928 0.1304347826086 0.24637681159359998
2.39628860393363 0.15682680151700001 0.17825537294539998 0.8780115586066101 0.0265486725663 0.34189091565842 0.29903377280092003 6.6602402022696205 1.23951598338671 2.7292938414317303 0.6129311901758099 1.29525013545212 1.26191078201281 0.38981397868943 1.53418818854981
1.1836972769871998 0.290092719781 0.0 1.6476143341967 0.10800137362619999 0.22862293956029997 0.1994333791206 1.1442795868347 1.8594911522318 1.8583380467578996 0.9542343379649 0.8410330478347 1.2900489522731 0.1348729395603 2.2602399132737
0.1373743527261 0.6800624920172 0.0408163265306 0.8945005060275 0.0149253731343 0.3996344806585 0.2922975641868 0.7696049050339 0.6326628870136999 1.0968134967029 0.0557416996649 0.2466666011613 0.1060006091988 0.2284495887906 0.4044491171524
0.56816450876 0.1066260472199 0.009900990099 0.04950495049499999 0.0 0.2155369383089 0.0990099009901 0.2056359482102 0.0990099009902 0.3046458492002 0.009900990099 0.019801980198 0.029702970296999996 0.21325209443979998 0.0693069306931
1.5867457986801001 0.7293653855137 0.3079427593038 1.7677426077629 0.0 0.9533978941588 0.24787167899120002 3.2834044955071002 1.1483641684684 2.4335132826062003 0.9037899098482 1.0479772168382 1.4028243370645 0.1827491895703 3.0043112756820003
0.0 0.0 0.0 0.0 0.0 0.0 0.0 0.0 0.0 0.0 0.0 0.0 0.0 0.0 0.0
0.6110604085915501 0.40370508285164997 0.11925052047185 0.7408026269012 0.04421895363985 0.27652934107395 0.22252602359475 1.0084749750348998 0.7852150437530501 0.6743069683992001 0.0853015351804 0.41722279582275 0.80646062185765 0.22045784600800003 0.5844672568168
0.3325973309086 0.15728804753689998 0.08073297182610001 0.7521511835581 0.010033444816 0.33324674481270006 0.2334642984703 0.5399551904404001 0.5878927601188001 0.8595534197052 0.06958469980830001 0.24572739769039997 0.6816248335872 0.1784697643708 0.9376779123501
1.13253909555794 0.51266515449854 0.1575865128657 1.38559245193424 0.02621118012422 0.60607235421162 0.25205372053212 2.63925071323722 1.74939128715962 2.1535842350500998 0.62253596688654 0.65490519102794 0.82076048731836 0.21711830463499998 2.0697333449587196
0.66204067382322 0.23410360478290004 0.0701754385964 1.18534520380596 0.0350877192982 0.3322095662041 0.7166797590983 0.7492144540451 0.36087108318061994 1.5097865933505799 0.2833857030637 0.26711835559062 0.5025639347123 0.1278039626429 0.9636139478061199
2.26211277207436 0.17147133962220001 0.033758330918470005 2.46746154105164 0.16139155730567 0.61201811895803 0.47486939928356003 7.84230690064847 1.5218237421988703 3.4108631847408 0.8652066123829 1.40338540544083 1.95222020682443 0.43908449409737005 3.38202639445154
1.5654836230979998 0.1801576312713 0.0879314593512 1.6790835605065 0.0648662786896 0.4380534005765 0.1450164001739 3.7392476564775006 0.9630388592895001 1.9393567625332002 0.6002018219368 0.3831361609913 1.8626871271686 0.1045403653867 3.2471988925554
0.4934418119226 0.0349936105085 0.11429934986279999 0.4827807137006 0.0225563909774 0.082424440548 0.1791164146123 1.3608401962830001 0.37378874994999994 1.1153963145497001 0.33335839016269997 0.4813629633258 0.9011945115055999 0.12156641312649999 1.9028797289658002
1.7168414566305001 0.2092827306787 0.0165289256198 1.7764517329787 0.0807801939727 0.4097029479856 0.3968136572222 4.1827316052126 1.8778761100679 3.5794460430815 0.6979376958742001 1.1618027079816 2.0840472858155 0.21454224734150001 4.5952146595472
0.0869565217392 0.0144927536232 0.0144927536232 0.0869565217392 0.0289855072464 0.0 0.0289855072464 0.2028985507242 0.0289855072464 0.144927536232 0.0724637681159 0.0144927536232 0.0869565217392 0.0144927536232 0.1739130434784
2.21544812820369 0.17028137846699 0.1433321307557 1.2100393793671 0.13860471412980002 0.5200253958704799 0.5469273000614999 5.3368719641099 1.66830148789019 3.26671413149166 1.1687892945867 1.27531898467579 2.6301814902474003 0.23482745491548 3.47433676522959
1.4265104722028 0.33790684693610007 0.1737769784172 2.11106993171262 0.0268884892086 0.8736696486725 0.8387053950304602 1.31661885373732 1.3824951109903 3.0984912650656002 0.5703680612675 0.7545251457638 0.7948977297290001 0.3848512913805 1.90922477988576
0.3892480068947 0.093902176255 0.068261150614 0.9829562594278 0.0882352941177 0.45916828269739995 0.1987933634993 0.5720534367589 0.4988149105792 0.6849385908201 0.18745959922400002 0.052941176470500007 0.22309847015700002 0.18745959922419997 0.3126696832579
0.08 0.0666666666667 0.0266666666667 0.0933333333333 0.0 0.1333333333334 0.0133333333333 0.2133333333333 0.0666666666666 0.0533333333332 0.0133333333333 0.053333333333299995 0.0266666666667 0.0266666666666 0.1333333333336
1.0185812906085698 0.45294790087557 0.07980769230759999 2.00041370919637 0.033426183844 1.2830015441228 0.42826269152714 2.4912654041363695 1.6563373624978701 2.59275146709664 0.48425355530227 0.95168926205537 1.4984633846709 0.19629206379423997 2.83250648796457
0.0 0.0 0.0 0.0 0.0 0.0 0.0 0.0 0.0 0.0 0.0 0.0 0.0 0.0 0.0
0.31896276391 0.40861181673759994 0.17093835506190003 1.0036693048946999 0.0175438596491 0.6124410947592 0.3736118517274 0.9095888704614 0.8094053842226 0.6552979377039001 0.1669185928522 0.3880284676589 0.33150658856970006 0.4804008425531 0.35307426923900004
0.12095312095300001 0.037037037037 0.0633514633514 0.4401968401967 0.0 0.2353276353276 0.09132349132340001 0.24853664853659999 0.23781403781430002 0.41471121471110006 0.0296296296296 0.0921522921523 0.2879564879563 0.036208236208200004 0.6648018648014
0.9172005385908 0.4179040741866 0.2341008049919 1.8959639201368002 0.0760192307691 0.6840927405924 0.8601897884728001 1.318723171756 1.1937985963303 2.1920713018869997 0.3250010713921 0.9534900823812 0.993463920138 0.3528279944692 1.5851527639018004
0.43230046948330997 0.06384976525815 0.02816901408452 0.47305164319235 0.10093896713601999 0.21201877934263 0.17023474178373 0.3849765258214499 0.42431924882637995 0.8338967136152101 0.10769953051624 0.22685446009362 0.66309859154951 0.12685446009377 0.75173708920246
3.2564955979011 0.6153148368033999 0.2687432085489 3.7661149255327997 0.38680874191299996 1.0198553163784998 0.6314763168316001 6.4008423342784 1.9490267824906997 5.117940464006999 1.11553414002 2.090166359748 2.6481166049178997 0.6226543309298 4.1109100397013
0.13245033112609 0.0331125827815 0.0 0.08609271523199 0.0132450331126 0.0463576158941 0.00662251655629 0.059602649006660006 0.11258278145698 0.12582781456967998 0.0529801324504 0.01986754966889 0.07947019867559 0.01324503311258 0.21854304635809002
1.05049582242985 0.114265414646 0.1500974220756 1.3567211477168 0.0565607080051 0.30654388834014995 0.14233903277684998 1.1507418358538002 0.8913513365214499 1.7217090141578 0.42101606436149996 0.5767113011355 1.5979948243108 0.1287553648066 2.334696822861
1.6135716531603999 0.2856442900528 0.0672606664834 1.9340654756716 0.11266089172419999 0.5883623421376 0.41081986171390006 2.5984022379402996 2.0101508289711 2.5754736342512 0.8145813237868 0.7970286155839 1.5072773709897 0.35065179008930003 3.3340490174455004
0.3233333333334 0.0919047619048 0.04 0.42523809523820005 0.0119047619048 0.3957142857143 0.27 0.8247619047618999 0.27142857142869997 0.7442857142859 0.15380952380950003 0.2519047619048 0.34523809523820004 0.48571428571430003 0.36476190476200004
2.49898682128564 0.19402871770105 0.17552709180876003 1.9525909593999597 0.16597218209239 0.5974762180011101 0.46060812554223995 3.59364036014123 2.65118301957134 3.77028573902276 0.8717665874375601 1.17214018776749 2.42735739472784 0.54806744123822 2.92036915427044
1.15177678587058 0.03150924952499 0.18910587869857998 1.63307221393459 0.041348973607 0.27002113315588 0.27250763822937996 1.07516944840468 0.99647990809759 1.3211562946856799 0.45510558865920003 0.36849618892349 0.9132866825576 0.11879998961910002 1.16216402603219
0.3500000000005 0.3166666666668 0.0999999999999 1.1833333333332 0.0 0.36666666666630005 0.24999999999970002 0.7333333333331999 0.5166666666666999 1.1499999999991999 0.0999999999999 0.2166666666664 0.18333333333309998 0.19999999999989998 0.3333333333334
0.2535211267604 0.0845070422534 0.0845070422535 0.2957746478872 0.0 0.46126760563380004 0.5446009389676 0.46478873239389995 0.3368544600935 0.2535211267602 0.1690140845069 0.0 0.0845070422534 0.37793427230029997 0.5892018779346
1.4213676800748 0.7299144367207999 0.1629265937993 2.1565720136718 0.0593575544078 0.9825852142691 0.46486049317199996 1.8470317328273997 1.6912859519273002 2.545648804465799 0.5899574899728 1.0527406389048999 1.2574068734261998 0.1656174343615 1.8727270879957
0.0 0.0 0.0 0.0 0.0 0.0 0.0 0.0 0.0 0.0 0.0 0.0 0.0 0.0 0.0
0.1693059446 0.6665732959857 0.3295113600994 0.9408776844082001 0.0 0.38113289760420005 0.33331465919680003 0.8353252412075001 0.5026019296604 0.9093806411448001 0.28041705571159997 0.2679365079365 0.4480423280422 0.3948521630874 0.5407282913164
0.38154892760180004 0.1513435000276 0.361156269051 0.9159538896391 0.0 0.7992393452922 0.525114998799 0.514864403022 0.7309420664688001 0.6925514030777 0.1697710184551 0.2013818329606 0.38764524948780005 0.06846585136050001 1.1000212447589002
1.0216177388129999 0.3352745228676 0.1017982720514 2.1505844531923 0.0 0.7954372466288001 0.6545202669115 1.6206770027575 1.1943837317294999 2.5457462531971 0.4149956051714 1.1867181916067 1.4347655873352 0.6962772406315999 1.8472038871066
1.2720664291462 0.2298873692678 0.0 0.8994368463388001 0.0 0.3803873118037 0.10975749913779997 0.532352603149 0.5878634639693 1.7118434662688 0.4140041374563 0.2652855993565 0.9730490748194 0.2894782208941 1.3345879783927999
2.14022505539144 0.2999368708343 0.14035256010421002 3.11686493184706 0.34223378960289996 0.8464920531689699 0.81864150301862 4.05673414383273 2.05147642926581 4.43398278700572 1.62714046131472 1.47398490855692 2.46702521427531 0.45426192283270994 2.73064736894953
0.82536666979328 0.037263390204559994 0.0290309106098 0.67425135923648 0.00534759358288 0.24081929422499998 0.10338792614326 0.8837635532681599 0.63953332529218 1.0115093884437398 0.27180808527575995 0.39641662087524 0.5872368085990001 0.10042039144198 1.1938446830101999
1.1138189953117998 0.1293205113534 0.14649148999699999 1.2043676344806 0.0616202664046 0.5590951378821 0.258014174611 1.5208474073304 0.7269941246823999 1.9264155675637002 0.486571959328 0.7617264900424 1.4634816247503 0.18893143056020004 2.4523031856990998
0.6616733114441901 0.11069418386470001 0.0537054409005 0.8132475375238901 0.061737804878 0.33759380863 0.27110694183809997 1.57259908536767 0.8947584427781999 1.18159298780377 0.48691076454078996 0.62933864915519 1.0942483583494 0.1110752814258 1.71971740150309
0.22932022932 0.38615888616 0.135135135135 0.7583947583940001 0.0 0.650286650287 0.722768222769 0.644553644553 0.289926289926 0.5409500409500001 0.262899262899 0.393939393939 0.20556920556900002 0.305077805078 0.4750204750200001
2.22407903913696 0.25473875134589996 0.07249952098086 1.92564430781278 0.2972553392915 0.5196717106679 0.3469451127177601 2.30471334358556 1.5681505335788999 2.17313448438576 0.47726346134279996 1.51796491962676 1.3654669105422599 0.45487593169246 2.49759663328842
0.7584312426192001 0.1393327726381 0.070202020202 0.8585743898189 0.035183627698299996 0.30536355990499997 0.1457896883043 0.5459056502797 0.8385427020413999 1.1281023013986 0.3284952128524 0.4469208485185 0.535073187722 0.0823971421532 0.7816856538464001
0.08139534883720001 0.0581395348838 0.0116279069767 0.17441860465110004 0.0232558139535 0.0813953488371 0.046511627907 0.0930232558138 0.0697674418604 0.1511627906977 0.0116279069767 0.0232558139535 0.0697674418605 0.0348837209302 0.0697674418605
0.0350877192982 0.0 0.0175438596491 0.3552631578947 0.0 0.32017543859639996 0.0526315789473 0.4078947368421 0.3377192982455 0.1052631578946 0.0 0.140350877193 0.140350877193 0.0526315789473 0.0350877192982
0.9333405090568201 0.383009184321 0.1669185344785 1.84088507921798 0.01632011605411 0.7327670677470801 0.22657444321083 0.7670805152906299 1.0660147359130099 1.4704974499303 0.21447655284631 0.38907310672675005 0.7184374379608599 0.15568092226115002 0.9189243449829301
0.0 0.0 0.0 0.0 0.0 0.0 0.0 0.0 0.0 0.0 0.0 0.0 0.0 0.0 0.0
0.2284739982957 0.29156010230289997 0.0980392156863 0.9211423699921999 0.0289855072464 0.5080988917305 0.3231031543062 0.2728047740835 0.7497868712706 0.5115089514069 0.0 0.20076726342759998 0.261722080136 0.2736572890026 0.3303495311168
0.12506038647342 0.26673658784671 0.4258040935678 0.3857487922708 0.00869565217391 0.44842995169081 0.43047927790511 0.32300724637682 0.3455155097893 0.5277269260109101 0.01739130434782 0.20546974319861 0.63115942029001 0.2759502923978 0.58282481566253
0.7462570866586 0.0632650699987 0.0882216822862 1.3388638204319 0.0333333333333 0.5045354622233 0.3648385977089 1.0799143815804002 0.7474835126687001 1.5920745111638002 0.2539743144742 0.6462570866591 1.0080180492876 0.1393844729837 1.3935786185346
0.8233524592824 0.15661026047389998 0.0821234119781 1.1165847128264998 0.0344827586207 0.1778926192061 0.32274097137790003 0.6351690790437999 0.7479106226287 2.3662561626615997 0.3605406561478 0.20318529502309998 0.8373209419191 0.1273331224295 1.0084969263789
2.0825431088912603 0.40353682068702 0.24614482373384003 2.71072322622456 0.15153010071030001 1.0970912509139201 0.63952985191818 2.9419234103261394 1.6649507973817799 3.9093592633734797 1.04172521461108 1.9733540276106 1.4967673546677398 0.40475860522086005 2.2360621437206203
0.37630338048752 0.015873015873 0.00836820083682 0.35943415022892 0.0 0.08441256558421 0.05180314803741 0.23490735206203 0.37690110911849994 0.40459586903113 0.09450753802230999 0.21644417878723002 0.2924885435343 0.03679351796502 0.44716743043081997
0.08260229237352 0.0413651789716 0.01863354037266 0.26234231926735996 0.028942818723200002 0.11974130754946002 0.061983735672599995 0.20023051802500003 0.2293014023179 0.21700710763914 0.0971377345199 0.10546199654209999 0.17564192866730002 0.01652045847472 0.34308766088199993
0.53199771794736 0.069587472915 0.0275229357798 0.80534769604846 0.0293864678899 0.25574186874723004 0.0788575907058 0.54652347171633 0.4192623092527 0.56266639965886 0.387279718547 0.5325948838227 0.68500688649676 0.08258465492599999 0.9856399255455299
0.0425531914894 0.0425531914893 0.0212765957447 0.08510638297869999 0.0 0.063829787234 0.0425531914894 0.10638297872329999 0.212765957447 0.2340425531915 0.0 0.0 0.0425531914893 0.08510638297869999 0.0212765957447
1.1215714494172 0.1328759752487 0.08704221458214001 1.24511934334638 0.2000195064643 0.6438080178857001 0.41441370039264 1.16981311347812 0.93802406579732 1.9702741527383998 0.39738181745346 0.4734829502634 1.00449608611642 0.19405550989836 1.00762209692192
0.4951556380127 0.0778244312078 0.111111111111 1.3114441949022002 0.0395469192461 0.28649003461050004 0.0191387559808 0.6878994021846999 0.6347958641192 1.2918009308995997 0.22907376666749998 0.30435938330650003 0.7419143095829001 0.0 0.7694452581663
0.0822916666667 0.16041666666670001 0.03125 0.5406249999992 0.0078125 0.078125 0.046875 0.1875 0.29375 0.16041666666670001 0.0390625 0.0979166666667 0.0625 0.0234375 0.188020833333
0.0 0.0 0.0 0.0 0.0 0.0 0.0 0.0 0.0 0.0 0.0 0.0 0.0 0.0 0.0
0.62233339210244 0.5495420834093601 0.08253372270894 1.6996435531794198 0.0338983050847 0.44490526865183 0.34915355825680006 0.77347991875018 0.54505655373534 1.15846935906886 0.29591398821993997 0.9576441767344099 0.74137361696501 0.1204881186848 0.6255643844448601
0.0 0.0 0.0 0.0 0.0 0.0 0.0 0.0 0.0 0.0 0.0 0.0 0.0 0.0 0.0
0.2618199911543 0.4412317558605 0.1812030075187 1.3494360902265 0.0588235294117 0.6321981424158 0.40362671384320004 0.8700796107915 0.5262162759838 1.3100066342333 0.2013157894737 0.2114551083591 0.6573087129583002 0.3338235294117 0.5614551083599
0.0394736842105 0.0263157894736 0.1381578947368 0.14473684210530002 0.0 0.3157894736841 0.1644736842104 0.342105263158 0.1578947368425 0.41447368420990005 0.0 0.0263157894736 0.0131578947368 0.17763157894730003 0.0394736842105
0.8536060864091 0.3560705288867 0.084094174669 1.6281284951471 0.1234271590405 0.19239255151389997 0.32178140998250004 1.1462005372726998 0.8832384945113 1.1981098168437 0.2908134589916 0.6757782693262 0.798580272078 0.0430107526882 1.4047679926413
0.2127531803681 0.06278104462117 0.09010722933247 0.77496252738408 0.03625235404897 0.1564001306736 0.34347976478764 0.36634766901107 0.50308428456177 0.82745301510567 0.11958568738237 0.09401783312190001 0.2103991314037 0.08097928436907 0.12139686383017
1.5854148109636501 0.50103834739225 0.1289948359361 1.94876490456835 0.1482051629402 0.7490262469688499 0.4545109663004 2.6098993093195 1.7543777415396498 3.8050587257301003 1.0648479944726001 0.88619288400625 1.5178493981016499 0.22728060758975002 1.61853806417305
0.66921015409796 0.1347241867043 0.0 0.5353606789252 0.0 0.13446363433328 0.09317538896739999 0.5504634110027 0.49326286012046 0.68632286161054 0.1647342365815 0.28027060224816003 0.44432554157686 0.0780726568896 0.7356137869425999
0.77531539209944 0.10096587550927 0.08406261555514 0.73187520158131 0.0294117647059 0.19338881702004002 0.10527765894957002 0.8818537657501999 0.6072172335213399 1.2731234523925399 0.28930698055017 0.72957269133274 0.99187408827584 0.10346596263254 1.10328850012547
0.46110040064550006 0.15913864666879998 0.0 0.9068962097814001 0.0804650102575 0.21886055229899998 0.0225988700565 0.5002710885648 0.8969013482304 0.9882060376130001 0.3041755366073 0.27620254501270003 0.4483032173896 0.0225988700564 0.7142816668142
0.3265306122446 0.18367346938759999 0.0 0.2040816326532 0.0 0.0816326530612 0.0816326530612 0.12244897959180001 1.9795918367329999 0.5306122448984001 0.0 0.12244897959180001 0.12244897959180001 0.2040816326532 0.0408163265306
0.85068810006676 0.24848616127534 0.021897810219 1.28598395381657 0.37366184246522 0.5557033637289099 0.17809269007263 1.0505475301067297 1.16067827774731 1.9638296621902798 0.5134078254799601 0.57321300536163 0.8583007962066199 0.031214580405329997 1.3342944008558502
0.23496292272359998 0.0327281414238 0.013698630137 0.3224283161747 0.021978021978 0.06012540169779999 0.0218585762064 0.2569409447016 0.3148655989633 0.44917336981120004 0.1227526196258 0.30592680101340003 0.29261759681669997 0.049255836480399995 0.5006872222481
0.12781954887204 0.1282894736843 0.026785714285670004 0.27020676691708 0.00892857142857 0.26550751879727 0.06250000000004 0.34445488721807 0.15507518796984 0.25751879699224 0.04840225563907 0.0131578947368 0.0883458646614 0.0709586466165 0.13204887218027
0.0 0.0 0.0 0.0 0.0 0.0 0.0 0.0 0.0 0.0 0.0 0.0 0.0 0.0 0.0
0.7382633708382 0.32878379163969995 0.0208333333333 1.6403953705452001 0.0472648099429 0.6444672576796999 0.4536316026389 0.9143129421071999 0.9425798989831999 1.3378641205348998 0.508309013185 0.40362540606310005 0.8356767264219 0.1038876961889 1.0801046598977
0.0 0.0 0.0 0.0 0.0 0.0 0.0 0.0 0.0 0.0 0.0 0.0 0.0 0.0 0.0
0.3266342939884 0.3289642101115 0.12534948741830002 0.6251865206075 0.0277777777778 0.4823053692466 0.2572095838063 0.5845818967636 0.38051943973360003 0.8735950478454 0.0853589598643 0.4073533680653 0.5700392308647 0.214539864907 0.7105849489971001
0.5307840307836 0.1714285714284 0.30793650793620003 1.1322751322746 0.0 0.49620009620039995 0.5222222222224 0.6373256373255001 0.7273208273201 1.0866762866756998 0.030303030303 0.09090909090900001 0.3872053872052 0.1481481481482 0.7312650312655
0.3175101734424 0.2228576508242 0.0 0.345822962348 0.0338983050847 0.1579254079253 0.0113636363636 0.3902552250008 0.2457775275571 0.9567381770773001 0.20056497175139998 0.1944954762752 0.3640265102129 0.20901485520110002 0.3497491209353
0.485435125622 0.07476635514010001 0.0194805194805 0.532831654327 0.0584415584415 0.3037990047335 0.09424687462060001 0.4525427843181 0.49308168467 0.8234615851438001 0.29220779220800003 0.15426629445309997 0.5204515111059 0.17295788323810002 0.5220293724966
1.26169373328555 0.38990701171655007 0.19458090380210002 2.70105669700975 0.46081526868550005 1.1047236829065 0.6785960139265499 1.7260891895308499 3.1065541708179 3.69995934549585 0.86995883660305 1.35064472496955 1.6274328716211999 0.43260269953209995 2.39538485009335
1.1353479853481998 0.0076923076923 0.0636446886446 0.5333333333333 0.0186813186813 0.1514652014651 0.0911172161172 0.3369047619047 0.6474358974353001 0.8043040293043 0.3850732600731 0.35888278388280004 0.4741758241763 0.0570512820512 0.9348901098901
1.1486809246326999 0.059499263622999995 0.0 0.5340440972442 0.0309278350515 0.20636912766010002 0.1485261787368 0.7965454312604 0.5976542656507 1.1407974216134 0.3771819171414 0.9099186783632001 0.8096187914884 0.06353653070359999 1.1766995368306998
0.42781681549769995 0.2042429122138 0.0 1.0840872493053 0.0909090909092 0.3159225101254 0.084455667789 0.5148050553847 0.5978578051045 1.1625628263301002 0.2816766700824 0.5203874493741001 0.5100497730927 0.0805274971941 1.1246986775974
0.08823529411770001 0.0882352941176 0.0 0.08823529411770001 0.0 0.1764705882353 0.1176470588235 0.1176470588236 0.1176470588235 0.0588235294118 0.0294117647059 0.0294117647059 0.0294117647059 0.0294117647059 0.0294117647059
0.90830011957066 0.12 0.102176165803 0.8595954563567401 0.0606815464328 0.42208848146648004 0.27846153846148 0.6359685133524801 0.7589139099236601 1.63388401753854 0.30490235153407996 0.4647269828608999 0.54490235153408 0.1643523316061 0.7410462335596001
0.2564102564102 0.0384615384615 0.0 0.3846153846155 0.025641025641 0.11538461538460001 0.0384615384615 0.205128205128 0.33333333333380005 0.4871794871794 0.1282051282051 0.269230769231 0.3589743589744 0.11538461538460001 0.24358974359000002
0.0392156862745 0.078431372549 0.078431372549 0.3137254901965 0.0392156862745 0.2352941176475 0.0392156862745 0.274509803921 0.1568627450975 0.11764705882349999 0.078431372549 0.0 0.0 0.078431372549 0.4705882352935
0.0 0.0 0.25 0.0 0.0 0.75 0.0 0.0 0.0 0.0 0.0 0.0 0.0 0.0 0.0
0.22208007581132 0.3482587064679 0.0 0.57638000473828 0.00746268656716 0.23541814735850003 0.20971333807179998 0.82004264392316 0.23987206823016 0.41257995735571995 0.00746268656716 0.26067282634442 0.26368159203992 0.00746268656716 0.38891257995740003
0.0 0.0 0.0 0.0 0.0 0.0 0.0 0.0 0.0 0.0 0.0 0.0 0.0 0.0 0.0
0.6561797752809 0.1645161290322 0.0 0.45552736498730007 0.0 0.1192461036606 0.4272562522657 0.18988764044950002 0.44940195723119997 0.6555273649874 0.0337078651685 0.0224719101123 0.3206959043131 0.2080101486045 0.29757158390719995
0.2264492753623 0.0289855072463 0.15734989648019998 0.5602484472047 0.025 0.30020703933719994 0.21532091097279998 0.4081780538298 0.281884057971 0.31992753623180004 0.0144927536232 0.07500000000000001 0.15 0.0434782608696 0.1934782608696
0.3492399073793 0.33212523910283 0.09050639283193 0.55099164401473 0.0805396154233 0.3213530655392 0.1407429779522 0.44135709251936 0.36041477901913 0.50075505889453 0.31058089197600003 0.3301117487162 0.4600825531056 0.121212121212 0.6099869123125999
0.2932988665745 0.17723453966980002 0.0 0.4305652217139 0.0 0.3080756611658 0.056074766355 0.5503952077952 0.5659052495526 0.5653211374018 0.061244780274399994 0.0960429508847 0.3912557168421 0.0586597733147 0.4459261284548
0.34504627698827 0.0535714285714 0.0940557729941 0.5823381508455799 0.0 0.20511653459938 0.12830234833658 0.83868419364209 0.61497465593018 0.7961386384791 0.22566447980489 0.11106076160528999 0.32180351929688 0.046485515382899995 0.63675772352478
1.0037617554856 0.0344827586207 0.0 0.4338557993734 0.0526645768025 0.24702194357350002 0.0526645768025 0.1253918495297 0.2288401253919 0.5285266457685001 0.2106583072099 0.1924764890281 0.1398119122257 0.103448275862 0.6463949843265
0.19529882470569998 0.1360340085021 0.0 0.6534133533383 0.0430107526881 0.0215053763441 0.068017004251 0.394098524631 0.1737934483619 0.49062265566330004 0.0430107526882 0.283070767692 0.15053763440860002 0.0232558139535 0.3243310827703
0.6009490509488 0.0307692307692 0.0357142857143 0.9438061938058 0.0357142857143 0.14975024975009998 0.0874625374625 0.5162337662345 0.7692307692308 0.5982017982015 0.1587412587412 0.3798201798200999 0.741558441558 0.0776723276723 0.8743756243757
0.1500847936685 0.44226964386650003 0.0172413793103 0.445802713397 0.0336348219332 0.43541548897680005 0.0500282645561 0.3578999434709 0.1707179197286 0.301865460712 0.0491803278688 0.13369135104559998 0.11899378179739999 0.1922696438664 0.10090446579969999
0.8572921770382 0.025641025641 0.0 0.3783439490441 0.0153846153846 0.23060591213440002 0.0511187326473 1.1071043606076 0.5695084109104 0.8018618324344 0.354777070064 0.5792748652614 0.4901845500575 0.1200228646087 0.4188796341657
0.5505376344092 0.133333333333 0.0555555555555 1.2605734767031 0.0322580645161 0.41684587813650004 0.3946236559143 0.43584229390710005 0.9394265232978001 1.3928315412193 0.296774193548 0.29247311828 0.5458781362006001 0.2211469534046 1.0318996415776
0.1959216313474 0.22870851659330002 0.0487804878049 0.7349060375854 0.0327868852459 0.5381847261104 0.09836065573769999 0.6357457017201 0.2287085165933 0.4574170331867 0.16313474610150003 0.0 0.3102758896441 0.0655737704918 0.2614954018393
0.133333333333 0.0 0.0 0.2 0.0 0.1333333333334 0.133333333333 0.1333333333334 0.0 0.0 0.0666666666667 0.0666666666667 0.0666666666667 0.0 0.0666666666667
0.4427636349335 0.1352583586626 0.0161290322581 0.9161792425144 0.0544579533941 0.1400081591665 0.2458867938062 0.8091799155508999 0.6226734010879 0.9325233169661998 0.169417239992 0.22669019260130002 0.3169928019433 0.091465818414 0.8803741387102
0.0 0.0 0.0 0.0 0.0 0.0 0.0 0.0 0.0 0.0 0.0 0.0 0.0 0.0 0.0
0.1889763779529 0.0 0.0 0.4251968503941 0.0236220472441 0.25984251968530003 0.0236220472441 0.2362204724414 0.2598425196855 0.40157480315009997 0.1417322834645 0.25984251968530003 0.2125984251971 0.0708661417323 0.49606299212700006
0.0 0.0 0.0 0.0 0.0 0.0 0.0 0.0 0.0 0.0 0.0 0.0 0.0 0.0 0.0
0.43288315940210004 0.2900581718264 0.0571428571428 1.1357186705248001 0.13842848373220001 0.6504545587407999 0.2884971791046 0.5732058814933001 0.7028355111227 1.2437136426075999 0.23071413955370002 0.4721213715682 0.6557455640321 0.1309099944458 0.9975708146976002
0.2791666666667 0.0238095238095 0.0125 0.145238095238 0.0625 0.12142857142850001 0.0 0.0714285714285 0.047619047619 0.44047619047630004 0.12142857142850001 0.036309523809500005 0.23154761904750001 0.025 0.38154761904789997
0.88835690056 0.1258023106546 0.0224719101124 1.0711534178597 0.08984478935689999 0.46751790160890005 0.33593895423910003 0.8679527359525 1.0976841577479999 1.1990248557318999 0.3302052095938 0.6067141780996 0.9182548473007002 0.10141567264279999 0.8776621585381
0.0 0.0 0.0 0.0 0.0 0.0 0.0 0.0 0.0 0.0 0.0 0.0 0.0 0.0 0.0
0.240476190476 0.0 0.0 0.1380952380953 0.133333333333 0.102380952381 0.0 0.41428571428559996 0.16904761904729998 0.573809523809 0.1428571428573 0.4095238095239 0.1380952380953 0.0357142857143 0.5023809523807
0.2066666666666 0.02 0.0333333333333 0.1533333333333 0.0 0.06 0.0666666666666 0.353333333333 0.39999999999979996 0.39333333333320003 0.0 0.02 0.06 0.06 0.1733333333332
0.190909090909 0.281818181818 0.0 0.1 0.0 0.1 0.1 0.363636363637 0.1 0.0 0.0 0.0 0.363636363636 0.3 0.1
0.8781780071145 0.00961538461538 0.0455455455455 0.9485669671199399 0.10185980294668001 0.46392911741508003 0.2559581525097 0.31254578668356003 0.84392179763248 1.58942787184966 0.22334500051874 0.31394864003547995 0.69803327955568 0.22997450433718003 1.08515014212186
