0.52479338843033 0.00826446280991 0.0227272727273 0.76534081218191 0.00826446280991 0.14422495464611002 0.00826446280991 0.5118113593719099 0.2070651078411 0.84313898407591 0.3968075992747 0.36095099468131003 0.44650194594730996 0.02479338842971 1.72705080396492
0.3863933177337 0.3447651956258 0.0882352941176 1.3021984001743 0.0 1.1623768841496 0.1702127659572 0.9017249823162 0.9101866463511 1.5990776514131002 0.0 0.0 0.13107416879790001 0.3892365456826 0.6145181476842
0.2142857142856 0.0 0.142857142857 0.0 0.0 0.0 0.0 0.142857142857 0.0 0.35714285714280003 0.0 0.0 0.0 0.0 0.1428571428572
0.48156280376829996 0.2316968130923 0.0 0.8496345489008998 0.0 0.4543470664525 0.3099052540912 0.843373822029 0.6711393923896001 0.9901469337591001 0.1129375951293 0.17991521062549998 0.1881278538812 0.0831082902443 0.6041044156365001
0.0 0.0 0.0 0.0 0.0 0.0 0.0 0.0 0.0 0.0 0.0 0.0 0.0 0.0 0.0
0.0235294117647 0.047058823529300006 0.0235294117647 0.1529411764704 0.0235294117647 0.0823529411763 0.0117647058823 0.047058823529300006 0.1058823529411 0.0823529411764 0.15294117647060002 0.0117647058823 0.1529411764706 0.0117647058823 0.070588235294
0.061004381530200005 0.05224132119990001 0.0 0.39737108190049997 0.0 0.16548702392989997 0.1307718233905 0.1916076845297 0.2930569598925 0.1885743174924 0.0232558139534 0.037748567576700004 0.09588810246040001 0.0289855072464 0.3340074148976
0.5205396697547 0.1570680628272 0.0 0.6933145388645999 0.0 0.15545710833649998 0.0314136125654 0.7458719291184001 0.2426500201367 0.8715263793793 0.2724526782121 0.31796214256919997 0.3894482480867 0.0314136125654 0.570881997584
0.0853658536585 0.0121951219512 0.0 0.0487804878048 0.0 0.0487804878048 0.0 0.0975609756097 0.0243902439024 0.12195121951200001 0.0487804878048 0.0243902439024 0.1951219512195 0.0243902439024 0.26829268292729996
1.2609387707281 0.30427341703230004 0.029702970297 1.3063281184286 0.02 0.43768024225100005 0.3136916548797 1.4429708876812 0.6916566781863 3.1574238112654998 0.6214966354666001 0.6283275569404999 0.9400913535726 0.32100348158610004 1.5244144216808002
0.5126145947923999 0.0555555555555 0.0802713604693 0.5372570590392001 0.037037037037 0.1876787678767 0.0 0.49431609827609996 0.30249358269140003 0.7582691602491999 0.4729372937293 0.2445911257792 0.402860286028 0.0432343234323 0.8708837550415999
0.18190298507469999 0.0 0.0 0.2145522388061 0.0125 0.09477611940290001 0.0 0.1246268656717 0.0649253731343 0.41940298507500007 0.0972014925373 0.3363805970153 0.0871268656717 0.0274253731343 0.33917910447800004
0.5317191283292999 0.0338983050847 0.0 0.4765133171905 0.0 0.1588377723969 0.0910411622275 0.781598062955 0.29443099273560003 0.9046004842622001 0.1481840193707 0.1694915254234 0.5031476997578 0.1302663438255 0.7762711864397001
0.108225108225 0.199134199134 0.121212121212 0.42424242424220004 0.0 0.138528138528 0.060606060606 0.060606060606 0.458874458874 0.5844155844161 0.1428571428571 0.0 0.0952380952381 0.27272727272700004 0.333333333333
0.7923649409948 0.0 0.0149253731343 0.7109685074001 0.0 0.3433781988472 0.2801141950806 1.2938977944297 0.6899646050131001 0.9903802903287999 0.5754128308816999 0.5829292870288 0.7341577559626 0.07025440313100001 0.9212518177641
1.6325407861183998 0.4166666666673 0.0731707317072 1.0781099544442 0.0254237288135 0.2762711864406 0.3265582655826 0.8761035322224999 0.8313611518238 1.5466970239797 0.5442767902251 0.5526839289957 0.9880153331574 0.2829994863892 1.5491214334342003
0.0 0.24210526315800002 0.0105263157895 0.5473684210543 0.0 0.1789473684213 0.0421052631578 0.3052631578952 0.1473684210528 0.2736842105262 0.0210526315789 0.0736842105263 0.0315789473684 0.0631578947369 0.0631578947368
0.0 0.0 0.285714285715 0.0 0.0 0.0 0.0 0.0 0.0 0.0714285714285 0.0714285714285 0.0714285714285 0.142857142857 0.142857142857 0.21428571428549997
0.5522128272794999 0.1696124730885 0.1438294325993 1.06392370998 0.0 0.4837749149253 0.2562417528993 1.8597645669856 1.0330752135579 1.3818233905123 0.24934891311869997 0.21474147510209998 0.5378368289464001 0.1575239599971 0.8962905410100999
0.0 0.0 0.0 0.0 0.0 0.0 0.0 0.0 0.0 0.0 0.0 0.0 0.0 0.0 0.0
0.2727272727278 0.0340909090909 0.0 0.3068181818188 0.102272727273 0.306818181819 0.0 0.3409090909097 0.1363636363636 0.5113636363647001 0.1704545454548 0.17045454545490002 0.34090909090879995 0.102272727273 0.20454545454540002
0.21822660098490002 0.0963615936391 0.0197044334975 0.5193155302047 0.0 0.1511537464348 0.3160660271367 2.0830956702122 0.5645233774091 0.5760089879865 0.039408866995 0.1160660271366 0.3131103621116 0.15479215279560002 0.8321666234543998
0.19294692276485997 0.1315723270439 0.0678247668618 0.32861616361626 0.0266666666667 0.13427654097456 0.04195402298846 0.5707493423100801 0.33715896768582 0.50703459590972 0.06840579710136 0.21733369164438 0.49562096310292 0.03415528085012 0.845683950478
0.0506329113924 0.101265822785 0.0253164556962 0.481012658229 0.0 0.07594936708859999 0.2278481012652 0.253164556962 0.0759493670886 0.22784810126580002 0.0253164556962 0.1012658227848 0.0506329113924 0.07594936708859999 0.22784810126580002
0.52761583254001 0.15810013882737 0.06703408380237 1.5531386366112 0.0 0.57626115698824 0.10461787341557 2.6350561609282 0.9608384164668999 2.70334815571567 0.5061681204967401 1.06335232721957 1.0355818188121702 0.34713182578177004 1.7617554523913
0.22400029925568 0.00877192982455 0.02369730295887 0.29437025399301 0.0 0.10696143343431 0.0 0.4243519245871 0.16763924737221 0.50583922492826 0.12898664571876 0.18701978827660998 0.20475816406677 0.04480604496311 0.6787977406208999
0.0652173913044 0.0217391304348 0.0 0.30434782608730004 0.0 0.0434782608696 0.086956521739 0.0434782608695 0.1521739130434 0.0652173913043 0.0 0.1521739130435 0.0 0.0434782608695 0.0217391304348
0.3493280933062 0.015625 0.03125 0.4807936105479 0.0235294117647 0.2737132352942 0.0705882352942 0.6539236815415 0.23411511156179998 0.60399974645 0.066544117647 0.0586397058823 0.36602434077049995 0.1055147058823 0.6664110040571001
0.0 0.0425531914893 0.0 0.2851063829788 0.0 0.0 0.6 0.1914893617024 0.063829787234 0.063829787234 0.063829787234 0.0212765957447 0.1702127659573 0.0425531914893 0.4553191489363
0.356746031746 0.267857142857 0.0535714285714 0.7309523809518998 0.031746031746 0.32103174603199996 0.428571428572 0.6400793650801 0.5146825396833999 0.44484126984120004 0.1726190476189 0.107142857143 0.3126984126982 0.0853174603174 0.5321428571429
0.8878453211612 0.0537634408602 0.05 1.1126629395816 0.051149425287400005 0.2045454545454 0.047619047619 0.8961915355690999 1.4484073212680002 1.1819479556411001 0.4541867105825 0.6183554117371 0.7668575955004 0.10114942528740001 2.1253184153610998
0.395604395604 0.527472527472 0.0879120879122 0.3956043956042 0.0 0.197802197802 0.241758241758 0.26373626373720005 1.032967032966 0.505494505494 0.065934065934 0.0 0.043956043956 0.19780219780219999 0.043956043956
0.0 0.0 0.0 0.0 0.0 0.0 0.0 0.0 0.0 0.0 0.0 0.0 0.0 0.0 0.0
0.8336894586895001 0.34552154195060003 0.1020408163266 1.0561343418492002 0.0185185185185 0.5010680457109 0.30075248825280004 2.1115461919032 0.8789210128499001 1.3820637034916001 0.2744438101578 0.2882487882486 0.769771564415 0.1703280185421 0.9669516990941001
0.0 0.0 0.0 0.0 0.0 0.0 0.0 0.0 0.0 0.0 0.0 0.0 0.0 0.0 0.0
0.40911824982586 0.31612405948662003 0.20716320716300002 1.06427364834544 0.00884955752212 0.3428924402372401 0.25568990170736006 1.0084101411547 0.68778746654912 0.7336740611069601 0.3071484398916 0.3278334251783 0.29279897421424 0.28815628815600003 0.75008013946022
0.0634920634921 0.3095238095235 0.0 0.08730158730160001 0.0079365079365 0.0238095238095 0.5873015873020001 0.301587301587 0.0873015873018 0.1428571428571 0.0079365079365 0.0238095238095 0.1746031746033 0.0079365079365 0.1746031746033
0.5194751843990401 0.5892034233055 0.2027155350208 0.6236970187517701 0.0204081632653 0.37390549627907005 0.1816984858457 1.46328143813957 0.42737151078436997 1.27864665057087 0.25791962378447 0.3086967311326 0.61294899657494 0.31620955500319997 0.8238221871427001
0.07729885057463 0.07097701149423 0.110632183908 0.33793103448279993 0.0459770114942 0.2339080459768 0.108333333334 0.35660919540153 0.3048850574714 0.64310344827659 0.1149425287357 0.16925287356343 0.14626436781613 0.07729885057463 0.20258620689635998
1.50577971977073 0.5409978648287701 0.1755410219215 2.11855849238749 0.017460675848560002 0.59116020360983 0.17128905991415 3.5648897242293103 1.64292073789121 2.56190738592307 0.64532448286155 0.95160347776551 1.04266808343018 0.26138023026829 2.20851883934845
0.47651044607587 0.0227272727273 0.0314229249012 0.33614483342717 0.0 0.09908243929975 0.0227272727273 0.83889045736855 0.23567193675911002 0.8167772444942399 0.38995623941366003 0.20633822699026 0.35650056465222996 0.12639045736868 1.04085968379512
0.09999999999999999 0.0142857142857 0.0142857142857 0.0571428571428 0.0 0.1142857142857 0.0428571428571 0.3857142857141 0.1285714285714 0.2428571428571 0.0571428571428 0.0857142857142 0.27142857142869997 0.1 0.3857142857138
0.35226487174853005 0.03347280334721 0.0 0.31617245770430996 0.0 0.10107331271620001 0.0515190103692 1.11915590322031 0.22084773512831002 0.5924686192478199 0.0676005093686 0.14553392759682 0.270402037475 0.0521739130435 0.6773148990356199
0.0625 0.0 0.0 0.38749999999999996 0.0 0.1625 0.2 0.2875 0.3875 0.5625 0.0 0.1875 0.125 0.1 0.5375
1.0481706486474 0.1346327840096 0.0833333333332 0.9501933005257002 0.0412912912912 0.36102068189709996 0.3252724586957 3.6101811918759004 0.5862139285484 1.7139895456897998 0.3688447710468 0.6878653590343 1.1413661026652 0.1732992576365 1.7743253450980998
1.4525686215311 0.0811858765397 0.0254237288135 1.2647178990662 0.0339704217136 0.1997735305226 0.0472154548262 1.9941724082706 0.7919494436501 1.1507784594052999 1.0043989349765 0.9977321878177 0.7405833257408 0.1260033336139 2.0895263735110996
0.0333333333334 0.15 0.0666666666667 0.28333333333340005 0.0 0.18333333333340002 0.0833333333334 0.1833333333335 0.1666666666667 0.3666666666666 0.0 0.0666666666667 0.1333333333334 0.1333333333334 0.1500000000001
0.0833333333333 0.0 0.0833333333333 0.0 0.0 0.1666666666666 0.7500000000003 0.5833333333340001 0.0 0.333333333334 0.0 0.0 0.0 0.0 0.0
0.8478088002644 0.2649979230383 0.1619039948355 1.3864564958026602 0.0 0.79574221583 0.54750990244032 2.3770804344023997 2.38765006121232 1.98849280125824 0.39302025274182 0.42041751301665997 0.9565915726639 0.32508041357132 2.1472476189238403
0.0 0.0 0.0 0.0 0.0 0.0 0.0 0.0 0.0 0.0 0.0 0.0 0.0 0.0 0.0
0.42172240947176 0.19237749546333 0.06691297208534 1.61630369025917 0.0263157894737 0.5383069743324 0.13929219600724 0.7104831043123501 0.21687840290398996 0.7975974418805798 0.11343012704161999 0.31918157462603003 0.25090744101638 0.07758620689640999 0.51270417422888
0.3357685227794 0.1759219554031 0.22287997322499997 0.5546793289557 0.0 0.521231644564 0.23939202192179998 1.7384925532345001 0.8163619629337999 1.0721562147007 0.0302315608919 0.12843053173229999 1.2680102915951 0.0903756850604 0.8060677530018
0.6653944424612599 0.1777204618037 0.10603555188078 0.6386567114048599 0.00847457627118 0.23051672319802002 0.07879947996234002 1.2602348171880797 0.62180309737262 1.07160927081002 0.17680712218709999 0.28491697243306 0.37477853894834 0.10222080501410002 1.20203142906762
0.768575562566 0.4844748947267001 0.272671610807 1.2548205618412 0.0 0.2826597764221 0.9774542872348 0.7849110997426 1.0097661159826001 0.8984994186411001 0.3715137619605 0.2811907275733 0.8273675807775 0.18856412289360003 1.5975304788311997
1.32304066242932 0.19123575411330002 0.12384696016762 1.58973949029545 0.0 0.6416212145714699 0.3621983377566 5.04803923792962 1.30471804230372 3.1869628664606897 0.5947776111715699 0.7034290548568399 2.14912830636599 0.30550336330301997 2.4757590982635698
0.45719240245930004 0.08440281611345 0.00917431192659 0.33133077819061 0.00611620795106 0.12107981147562 0.01851290216596 1.03352683527701 0.21212539648981 0.52832315443819 0.11684481197697 0.10971598681554 0.46055881071482996 0.02869983130299 1.48239594270319
0.39872408293454 0.04372674109517 0.04851143009042 0.3417065390753 0.00757575757575 0.04611908559272 0.15723019670382 1.12081339712917 0.18580542264780997 0.62480063795929 0.34130781499262 0.46956406167028997 0.67543859649157 0.03096757044115 1.5077086656028402
0.6535844916962901 0.10413855150689999 0.0601664417454 0.84136652917776 0.0524691358025 0.21267425803959 0.14789693010429 2.3232728619636998 1.0738903697145898 1.1166487251848898 0.0684834934638 0.37778755047667995 0.7414703361282899 0.17033534531568 3.05581497967759
0.21946169772249 0.04347826086959 0.057971014492990004 0.33643892339528 0.0 0.08385093167697 0.1532091097309 0.81780538302289 0.1708074534163 0.21118012422357998 0.10248447204959 0.062111801242200004 0.12422360248438001 0.30331262939938997 0.31366459627317
1.2978493167181 0.1619869363674 0.15412979351040001 0.8744925049672 0.0530973451327 0.3532716272349 0.34755734152030004 3.4002423093133 0.9491680211911 1.547567274698 0.3183113599424 0.6751261212451001 1.2313725844317 0.22330142676530002 1.4125260369637
0.9255791028566001 0.21564442317459998 0.2127659574463 1.7429218055899 0.0964686355311 0.2555075963486 0.33955575120779996 1.4054861638803 1.632480966508 1.5989284983652998 0.5481484661172 0.6502397757387 0.9837311126376 0.1660794048592 2.2264623397472003
0.1672250989948 0.5438082792102 0.0408163265306 1.1463059947143 0.044776119403 0.6682911970765 0.2277814351546 0.8841932536141999 0.5609248032395999 1.2614740648312999 0.08559244593359999 0.33381152171990003 0.1955528480048 0.3180018275966 0.5214447839796
0.05940594059399999 0.059405940594 0.019801980198 0.09900990098999998 0.0 0.277227722772 0.1980198019802 0.257425742575 0.1980198019803 0.4554455445544 0.019801980198 0.039603960396 0.05940594059399999 0.11881188118799998 0.1386138613862
1.43115205260187 0.7331792116179501 0.34852353687977 2.84568247927352 0.037037037037 1.7110045446501903 0.6557873539622 3.31802103834016 2.3354848260631202 3.3744930750783197 0.9189106721381601 0.7747435629449699 1.36036425265557 0.33938294307551 2.81623341367475
0.0 0.0 0.0 0.0 0.0 0.0 0.0 0.0 0.0 0.0 0.0 0.0 0.0 0.0 0.0
0.6110604085915501 0.40370508285164997 0.11925052047185 0.7408026269012 0.04421895363985 0.27652934107395 0.22252602359475 1.0084749750348998 0.7852150437530501 0.6743069683992001 0.0853015351804 0.41722279582275 0.80646062185765 0.22045784600800003 0.5844672568168
0.44556287950192 0.26927947527286 0.04649803552286 1.77406890281476 0.0367892976588 0.5094327369557 0.23044452381706 0.9238237490662001 0.62950936779466 1.2998993408444397 0.19365522615826003 0.74549469104166 2.43780238334966 0.1589115822964 2.2988278079033
1.6457846893474 0.44350954757360006 0.199467613132 1.5941268188611 0.0257556935817 0.8880423584359 0.2846244484218 3.2370056401534 1.3237153901534002 2.3598071166155004 0.7867026720199999 1.1848232814111002 1.2779909832740999 0.3377907483679 2.4108529986506
0.64286827024192 0.3181494260875 0.0350877192982 1.09000135896056 0.23695314235009998 0.3262783351724 0.4164354775086999 0.6045886490265 0.28377433286562004 1.1083042482469798 0.2480203910494 0.17082144242132 0.7537760895716 0.1155713769593 1.6493697402410201
2.3229534617964602 0.16172355584431003 0.04452305659887 2.29936829176156 0.15651039442685 0.7286035549436799 0.42255733284051006 6.36603032983017 1.6210068902549102 2.7319500222163606 0.60261499476868 1.2804194216057698 2.05158067145446 0.59809128427281 3.6120667373870496
1.3966482082011002 0.106986899564 0.0715841108911 1.4663064729497 0.0187667560321 0.350954727982 0.0528173548589 2.8604142032653 0.8352025943317002 1.4314773405765002 0.30993830267940004 0.3828746034159 1.5845206457723 0.0340505988268 3.0974571806526
0.5555856270130601 0.09068547572041999 0.12340931379838 0.81418326463708 0.0375939849624 0.13703010354530998 0.29814338368349 1.5239383723189601 0.27526675815146995 1.10706417100323 0.22834112103436 0.49232743779044996 0.86773464451951 0.23315330537306 2.2155430364516193
2.0991705545148998 0.22106093472669996 0.0227272727273 2.1796810505443 0.2178707514587 0.3906259300173 0.3498371531216 4.9035500270784 2.3939243353788 4.383102662081301 0.7082970229704 1.4043554225427 2.4682720061439 0.2368861322672 6.0206387444269
0.31315714691622 0.1353255260914 0.0696220517192 0.8129851482923101 0.09349246945151 0.02614379084961 0.23143536590841002 0.8247259239309099 0.36903426511741 0.6047172492180299 0.28963072643273 0.08269394714389999 0.36578872586372 0.161469316941 0.61977834612081
3.1253076907764 0.213297398819 0.1915247548962 1.3816783378088 0.19220397649600002 0.4492443151952 0.578271626907 7.9725471428541 1.9143365851974001 4.338005514198799 1.2671019889406 1.8914119269972 3.2501701477346003 0.3235153167572 3.9113832764223
1.89236710450106 0.19949299181326 0.1272482014387 3.07765916123796 0.0636241007194 0.97056047539406 0.32199752901826 1.4566229865468001 2.57877227256396 3.12950121753956 1.0411434736056 1.2447380661719 1.5659246105843 0.17240965848006 4.1579381503884605
0.2866839043307 0.068261150614 0.068261150614 0.7009049773757999 0.0882352941177 0.40788623141540004 0.14751131221730002 0.4694893341949 0.31932773109220003 0.5310924369741 0.18745959922400002 0.052941176470500007 0.17181641887500004 0.18745959922419997 0.3126696832579
0.6799999999999999 0.0666666666667 0.0266666666667 0.0933333333333 0.0 0.6333333333333999 0.6133333333332001 0.4133333333331 0.0666666666666 0.0533333333332 0.0133333333333 0.053333333333299995 0.1266666666666 0.0266666666666 0.1333333333336
0.49766705551494006 0.67258236508696 0.0768772893772 1.9557441175638202 0.0111420612813 1.18527246290162 0.59596282622922 1.48679110838282 1.4602669591171002 1.4962355389598798 0.2830991026158 0.6543618170763 0.5678755878147 0.07075787103636 0.9853638370430999
0.0 0.0 0.0 0.0 0.0 0.0 0.0 0.0 0.0 0.0 0.0 0.0 0.0 0.0 0.0
0.45844407588589997 0.24661334229110002 0.10848221471100002 1.2255915016916001 0.0350877192982 0.26783392466019995 0.18609087537340002 1.0520297552821 0.8318462690426 0.8251072435775 0.1976584860634 0.29457309008450006 0.5018803490573 0.2894016053295 0.4793595476522
0.2303178303176 0.0740740740741 0.21421541421580004 0.3978761978765 0.0 0.2970288970282 0.1139157139156 0.47030007030009996 0.3649387649382 0.6518000517994 0.0592592592592 0.1365523365522 0.20588300588300001 0.1371517371516 0.6466866466863
0.3771925465839 0.50457190635458 0.15608265647397998 1.35597324414726 0.03680769230769 0.6777252747253899 0.55648399426649 0.69812685140969 0.8297642140469 1.5413910654563099 0.15466507405649998 0.48285188724317 0.4955886287631 0.27939584328716 0.85337912088007
0.64863849765219 0.13943661971829 0.0845070422535 1.02591549295749 0.1150234741783 0.40760563380229 0.47192488262929 0.81924882629119 0.8251643192493999 1.60676056338067 0.18253521126738 0.46544600938948 0.92244131455409 0.20910798122049 1.07624413145568
2.32127586462435 0.36184171084786 0.19038386506104998 2.23460803683638 0.18005612015195002 0.7083073201238799 0.38906582572944 3.8514138894652303 1.2924315667273198 3.3582420013065293 0.68991725361766 1.37605194980633 1.5094692279070498 0.30136514772036 3.23557022006882
1.4052280289615 0.1260270225552 0.1689001627262 1.2892286007520999 0.0264900662251 0.2972237031192 0.3149823739764 1.7269874364266002 0.9080888901855 1.5700245388752998 0.4780048710082 0.38667680509019997 0.940911298088 0.2784762823636 2.0827499196506
0.53660889360364 0.10322311326476 0.049108997053020007 0.86724875969643 0.04648552461236 0.25270142757133995 0.07318594588562 0.68940165106295 0.50230218368327 1.13326406793714 0.17664513379740998 0.33992027886818 1.24102590214356 0.0257510729614 1.9631270478563199
1.39908963521996 0.30193982057502 0.07324253248019999 1.59692190621674 0.09827106642689999 0.29720147128550006 0.3508852245459 2.3307667646057197 1.2721685441975 2.33177169000616 0.5086226709912001 0.84761842092202 1.15306353533862 0.28814128385590004 3.1502954333388202
0.2466666666666 0.1137878787878 0.0133333333333 0.2304545454543 0.0 0.3442424242423 0.5725757575757 0.365 0.4037878787882 0.4372727272725 0.11833333333330001 0.307272727273 0.15833333333330002 0.5856060606060001 0.1033333333333
3.0786718314936996 0.3668629388838 0.2658549980868 3.127898521821 0.2000323815149 0.7844340846654001 0.6032113638472002 4.670031313028401 2.4004897513967003 4.9884394113287005 0.9284168066028 1.7781087706612002 2.9173651877732 0.7444821522592 4.1457004866500995
0.45334507082295006 0.05896486083242 0.15465440649891998 0.9413890850453299 0.0380254154447 0.30116833099561 0.21553314292912 0.46015877937395 0.90133856557784 0.7511403531534402 0.37919705187721003 0.19372226403321002 0.31496707538444 0.13120943042204 0.7051861676098501
0.26666666666759997 0.24166666666660003 0.08333333333330001 0.5833333333330001 0.0 0.30833333333310003 0.19166666666660004 0.5249999999996999 0.4249999999998 0.6333333333330999 0.07500000000000001 0.1166666666666 0.1416666666666 0.1666666666667 0.2416666666669
0.0845070422534 0.0281690140844 0.0281690140845 0.09859154929580001 0.0 0.0704225352112 0.0704225352111 0.15492957746469999 0.0845070422534 0.0845070422534 0.0563380281689 0.0 0.0281690140844 0.0704225352112 0.14084507042240002
1.5878448129280898 0.30981331897950004 0.16057306268059 1.7951634722973702 0.0510180016121 0.9030607426668 0.46387150129660004 1.31781743589548 1.5408247795252 2.25498447816787 0.54427131305479 0.96906309642967 1.13331526991898 0.20396673809437998 1.7644119764597002
0.0 0.0 0.0 0.0 0.0 0.0 0.0 0.0 0.0 0.0 0.0 0.0 0.0 0.0 0.0
0.2480039423174 0.4623871770925 0.1329743749349 0.9991160908812999 0.0 0.9382207697892999 0.21914410208499996 0.7264809627547999 0.5085143687105 0.6592053117539001 0.2517076460212 0.2093121693119 0.5226807760133 0.7588722896565 0.3633800186737
0.06766917293227999 0.02255639097737 0.00751879699247 0.16541353383457 0.0 0.06766917293227 0.02255639097741 0.06015037593974 0.1052631578947 0.10526315789450999 0.02255639097741 0.03007518796984 0.08270676691737 0.00751879699247 0.23308270676661
1.473586796478 0.24244751864730002 0.0845690174803 3.1722440875108995 0.0 0.7486721270795001 0.8465737127631001 1.9454308705491 1.5379842943159998 3.0919487848418 0.5732234532725999 1.5647772633362 1.8338513819889002 0.5156161998441 2.3690744918915
0.6846486846484999 0.1847319347318 0.0256410256411 0.73776223776195 0.00641025641025 0.28854478854485 0.23767898767925 0.4722777222782 0.48626373626349995 1.1900599400593 0.2370129870133 0.2231934731936 0.35023310023325 0.178404928405 0.6971361971367
1.7402012448085502 0.2786553892809299 0.12092328367031 2.69115540986314 0.1702286852671 0.5644445310559999 0.6054779638467401 2.9553421693789006 1.48661889940735 4.23936104459199 1.1959965546554399 0.9533749580827601 1.67412617552566 0.329992377781 1.9941013127854101
1.2172538074232002 0.0586537645361 0.0356098579782 0.9962679649220999 0.0106951871658 0.3403478616326 0.1367048414261 1.2678403897455 0.9175378285299001 1.4412518595946 0.3787247753963 0.5419978198618001 0.8179573264705 0.1427789616642 1.6963777536539002
0.7899838594769399 0.14651375179226 0.1614810391162 1.1099529626338198 0.0455160155553 0.3824887454116399 0.19199265889274 1.0900574439542803 0.6825869624529 1.54256405459244 0.36925712283872003 0.5404081950777 0.94178520749182 0.19102509374840002 1.8143868869674198
0.29291744840487 0.06449343339577 0.028377110694099997 0.39071294559083997 0.0182926829268 0.1573639774856 0.15689493433371 0.8201219512198699 0.41041275797434 0.5792682926823999 0.2420262664168 0.30933395872337 0.5938086303939 0.05534709193247 0.8806285178239
0.313677313677 0.2989352989365 0.2027027027025 0.6375921375915 0.0 0.47542997542949994 0.273546273546 0.7547092547086 0.7076167076176 0.34930384930400005 0.2125307125311 0.030303030303 0.1568386568385 0.177313677314 0.4095004095002
1.5453033057301 0.23582552400887 0.04644088905913 1.57849557457222 0.19953546958450002 0.45390202658484 0.41123337444643 1.79383220042856 1.20419819451737 1.6580937083329603 0.35764578141630005 1.01720476297643 1.18062639738626 0.35142856353943003 1.9662342274172198
0.5827095772626001 0.0696663863191 0.070202020202 0.6998493740782 0.0175918138492 0.27437825287850004 0.1281978744552 0.4794356865412 0.5823612665693999 1.0659512997303 0.25383197469880003 0.4001453058623 0.49969423585480005 0.1090864664235 0.7668984652739
0.1737030411448 0.0735241502684 0.0116279069767 0.32826475849729997 0.0386404293381 0.0967799642217 0.0926654740608 0.2776386404292 0.17745974955260002 0.3050089445439 0.0116279069767 0.0232558139535 0.10053667262970001 0.0502683363148 0.23899821109129998
0.0350877192982 0.0 0.0175438596491 0.1052631578947 0.0 0.0701754385964 0.0526315789473 0.1578947368421 0.08771929824550001 0.1052631578946 0.0 0.140350877193 0.140350877193 0.0526315789473 0.0350877192982
0.70645345457896 0.1935353286621 0.0159574468085 1.23815855987946 0.0220019342359 0.49213923911136 0.23405912430551998 0.50963575540676 0.5247014182967 0.9885877021138602 0.3624351464156 0.2850591781267 0.66502191911786 0.1978262945593 0.5644274983801201
0.0 0.0 0.0 0.0 0.0 0.0 0.0 0.0 0.0 0.0 0.0 0.0 0.0 0.0 0.0
0.4501278772388 0.6982097186711 0.0588235294118 1.6163682864455997 0.0869565217391 0.7595907928394001 0.4398976982091 0.40664961636849994 1.5140664961644 1.0051150895153 0.0 0.2787723785163 0.6086956521731 0.4092071611251 0.6675191815855
0.0944444444444 0.05 0.05 0.33888888888889995 0.0 0.1277777777777 0.1500000000001 0.25000000000020006 0.1555555555558 0.3055555555555 0.0 0.06666666666670001 0.08333333333340001 0.08888888888890001 0.23888888888890003
0.78588234190439 0.16926867860559 0.08274873276598001 1.45837906632918 0.0 0.63857269279079 0.47270436003518 1.04565169126059 0.64040169986018 1.91400821161347 0.292073885757 0.7048012608233001 1.41735445963149 0.14256436234908998 1.23558855627669
1.0085374381849 0.1175136116152 0.1166061705988 1.4188880933755001 0.051724137931 0.22549076741180002 0.4984764981099 0.5792387485636 0.8343670390771 2.3864449957538 0.4612464409989 0.24151667526889997 1.3790397775527 0.2460455552041 1.4348640503517003
1.05506942022526 0.3748684823737 0.08611722040084001 1.86470786818844 0.2677354509506 0.74118370266326 0.58350562259344 1.5529778911711 1.3607971208864802 2.6030904272583997 0.70310500522396 0.89415266705086 1.09011618670754 0.38312756458524 1.43944536972152
0.54041422256448 0.052058111380020006 0.01401791835094 0.61407498961618 0.00564971751412 0.15570661992902998 0.09821154190343001 0.37978225117415 0.65198854522334 0.6558737813257101 0.12732970643763 0.38284181128635 0.4962819252941 0.07862833098628 0.7471405270146201
0.8890523429473 0.312354152013 0.0805919791428 1.8213415867802998 0.09713773452 0.5835770074777 0.3510213293034 1.2065150811359 1.2212187452153 1.5186295752491 0.6464616349288 1.0343110501839 1.3510088091047 0.21222158626739998 1.6745573857259997
0.4550504817659 0.0941634779401 0.0275229357798 0.7652252086111 0.0137614678899 0.12014199437550001 0.08890784196200001 0.5153519893038 0.33336406804650004 0.5275690378497999 0.2444562260847 0.3613480245262 0.5371582684064 0.0613849061822 0.8545940712745999
0.07703595011 0.0597945707996 0.0212765957447 0.20579603815119998 0.0 0.31382978723399996 0.0425531914894 0.2787967718266 0.264490095378 0.4754218635363999 0.0689655172413 0.0344827586206 0.57703595011 0.4730374174614 0.1074834922963
1.6236700312213 0.1514662362118 0.09989342679657 1.70063057992497 0.1958047466281 0.6385862684452001 0.26172409544507 1.41108217249475 1.36571435783405 2.1931578733701196 0.6682224742068601 0.7086182659236 1.31131236686485 0.18891829702466 1.4811988076045501
0.9926271173649999 0.1656850393324 0.0243902439024 1.5571436510169003 0.07430914949709999 0.44257071249580004 0.0700781888201 0.9989818543826 1.1682250447154 1.3214281347963999 0.36973452001810003 0.8053253977504999 1.6259909355255 0.0333333333333 1.3501766770422001
0.29441287878739997 0.2998106060602 0.0676136363636 1.3769886363652 0.0078125 0.3690340909088 0.0832386363636 0.3693181818182 0.6028409090908 0.4816287878784001 0.0390625 0.2736742424238 0.0625 0.0234375 0.64862689394
0.0222222222222 0.0444444444444 0.0444444444444 0.1333333333333 0.0 0.0444444444444 0.0222222222222 0.1111111111111 0.1333333333333 0.17777777777780002 0.0222222222222 0.088888888889 0.0888888888888 0.0 0.06666666666660001
0.6996033177064 0.10602235845649999 0.0212765957447 1.2068608005771 0.1472457627118 0.39990533717980004 0.2735755499458 0.8978167448017 0.2958213126576 1.1689806467132 0.3958408462559 0.5573912128866 0.8903714388763999 0.13330177906000001 0.8059862964297001
0.0 0.0 0.0 0.0 0.0 0.0 0.0 0.0 0.0 0.0 0.0 0.0 0.0 0.0 0.0
0.117857142857 0.4291474654378 0.1285714285713 0.8468894009212 0.0 0.625806451615 0.332718894009 0.6324884792625 0.4178571428569 0.8466589861757 0.175 0.1967741935482 0.4607142857138 0.3395161290322 0.45000000000070006
0.15403307118370002 0.1297640653357 0.0932345230893 0.3014418229483 0.0444444444445 0.15467836257300002 0.2896652550916 0.35225851986300005 0.3046380318617 0.5151441822941 0.0111111111111 0.10524299253870001 0.22656785642289998 0.1438193184109 0.17395644283109998
1.3353110387198 0.6041288272635 0.1536734929606 2.5050725569014 0.1185887307839 0.4460604949129 0.5336681957511 1.6285820610974997 1.3854839001602999 1.6987399281402 0.38507082097019996 0.883443224971 1.1184217089322 0.1922885494757 2.0114664689552004
0.5144390721162799 0.09230879775133001 0.13092355586317 1.3011382150506399 0.05557602554657 0.22511747268278 0.51640690665902 0.49683174670002994 0.72432060517713 1.4238741922707903 0.21620404487035 0.20138251812618 0.51208502315208 0.10030295586666998 0.48908886816853
1.74038825527255 0.47887310949655 0.12406824476150001 3.19691636545595 0.2173234663734 1.36029979210795 0.7909002106504 2.9841365200014 2.99054516991645 4.4950554423316 1.5871259960591002 1.3402600054178502 1.8563943797019502 0.28511157777785 2.5526014646794506
0.58646616541396 0.0714285714285 0.0 0.5714285714294 0.0 0.22180451127848 0.1071428571428 0.5845864661649 0.39849624060166 0.56203007518864 0.1033834586467 0.38157894736846 0.42293233082746 0.09398496240599999 0.8947368421058
0.29047425700213997 0.24370781099317002 0.08650622457774 0.57440491295691 0.0294117647059 0.14635389099534 0.20772126797207002 0.40505289259800004 0.54303459951734 0.7276832389558401 0.12268073752337001 0.34928527925434005 0.57591483530474 0.15643103660784002 0.54133725103557
0.5312112443152599 0.15764089844264 0.0 1.07551329750552 0.07317073170720001 0.18203114234503998 0.1088604106378 1.126360755133 0.5686922970920201 0.9612787653297199 0.5368609618298 0.46189885627662003 0.8369849800207401 0.13325065454044 1.24624500482294
0.0204081632653 0.0204081632653 0.0 0.1020408163265 0.3 0.1408163265306 0.0408163265306 0.061224489795900006 0.2040816326535 0.6653061224489 0.0 0.061224489795900006 0.1612244897959 0.2020408163265 0.0204081632653
0.54764111701484 0.07260172324163 0.02081278358649 0.87475870381523 0.09046146991779999 0.28358317993710996 0.12378362497090001 0.6595994464644099 0.53351526387361 0.93341579783999 0.30973205082058003 0.32059555739851 0.4619273810075101 0.02593281044565 0.74163908966692
0.1978260869565 0.22173913043480004 0.0 0.45217391304340004 0.0 0.27173913043479997 0.0608695652174 0.24782608695650002 0.5369565217391 0.5978260869575 0.5260869565218 0.2195652173913 0.3478260869565 0.0608695652174 0.2586956521739
0.035714285714240006 0.0625 0.026785714285670004 0.15178571428568 0.00892857142857 0.13392857142847 0.06250000000004 0.13392857142847 0.08928571428574 0.17857142857134 0.00892857142857 0.0 0.0357142857142 0.0446428571428 0.026785714285670004
0.166666666667 0.0 0.166666666667 0.0 0.0 0.0 0.166666666667 0.333333333333 0.0 0.166666666667 0.0 0.0 0.0 0.0 0.0
1.3330998656345 0.5580271770337 0.0208333333333 1.8285423670700003 0.12886859462209999 0.7523231778371 0.48778998779050003 1.3672265709939997 1.1910291953098 1.8303038285909001 0.7839970785175 0.6254641477242999 0.7644398029671999 0.1215659340658 1.2064889385089002
0.0 0.0 0.0 0.0 0.0 0.0 0.0 0.0 0.0 0.0 0.0 0.0 0.0 0.0 0.0
0.0775862068965 0.2448979591836 0.14831104855729998 0.4994722026739 0.0 0.4259324419421 0.1741731175228 0.6736453201978 0.4218859957779 0.6995073891628001 0.103448275862 0.3034834623508 0.543103448276 0.255805770584 0.4287473610136
0.279461279461 0.0 0.111111111111 0.5185185185181 0.0 0.16498316498300003 0.1111111111111 0.13468013468 0.218855218855 0.4983164983161 0.030303030303 0.09090909090900001 0.2390572390571 0.074074074074 0.5286195286200001
0.45808256401466 0.29644609941197 0.04082491582487 0.5697286862537101 0.0604134565999 0.54496891996847 0.11195286195285 0.41081337055901007 0.19394510072462 0.98380370414202 0.1971332183196 0.17034370212330002 0.41168255786865005 0.14876491995127 0.40109592228217
0.485435125622 0.0997663551401 0.0444805194805 0.745331654327 0.0584415584415 0.3662990047335 0.1817468746207 0.5400427843182001 0.66808168467 0.9359615851439 0.30470779220800004 0.1792662944531 0.5829515111059 0.1854578832381 0.6220293724966
0.8696647988631 0.22014349229629998 0.0841914230481 1.8751022289908 0.12612932496930002 0.8352760393457 0.47111097275870006 1.1787432829717 1.6864058723529 2.3979655772182 0.5495675573046 0.9831821407069 0.8888942457175999 0.2310111014397 1.6026119420147
0.2186813186812 0.0076923076923 0.021978021978 0.19999999999989998 0.0186813186813 0.0681318681319 0.0494505494506 0.1285714285714 0.2307692307693 0.2626373626375 0.09340659340650001 0.1505494505495 0.2241758241761 0.0153846153846 0.30989010989060006
0.5319363514113 0.236834772917 0.0 0.42352235695990004 0.020618556701 0.37643100294340004 0.1504657952438 0.4879129465636 0.23099264661320001 0.5876864089547 0.394275382509 0.41772263074399996 0.3873126824716 0.24770433813440002 0.5065841278308
0.35617649929183 0.32252354462401 0.0 1.4208461425864298 0.227272727273 0.4175035377927 0.11854657687980001 0.42646513443581 0.7822451568821299 1.29062606743571 0.34847508905422 0.36248231103291 0.4905833699301 0.1828002244664 1.25345361830842
0.10906862745100002 0.15073529411750003 0.0 0.3174019607844 0.0 0.19730392156860005 0.1176470588235 0.1384803921569 0.1593137254902 0.20465686274490003 0.050245098039200006 0.1544117647059 0.19607843137269998 0.0710784313726 0.1335784313725
1.4403989677935 0.178275058275 0.1284919552767 1.6570022942406 0.2617304974815 0.6040054345699 0.49109220247499996 1.1173613028407998 1.1022509549779 2.4285288983788997 0.4635519089348 0.7255060491716 0.8418545815817 0.1906681210798 1.3692817729236
0.906652377551 0.076923076923 0.0 0.8104548702075999 0.051282051282 0.36234817813740006 0.1032388663967 0.6359530046831 0.6478050329448001 1.163737397793 0.5284035881567 0.24177185044030003 0.6387393823923 0.0 0.8326903230936
0.0392156862745 0.078431372549 0.078431372549 0.3137254901965 0.0392156862745 0.2352941176475 0.0392156862745 0.274509803921 0.1568627450975 0.11764705882349999 0.078431372549 0.0 0.0 0.078431372549 0.4705882352935
0.0 0.0 0.0 0.0 0.0 0.0 0.0 0.0 0.0 0.0 0.0 0.0 0.0 0.0 0.0
0.7065422018825 0.3920667597968 0.0 1.8281347677089999 0.0589734255551 1.0347978358838001 0.41715315050409996 1.6273272589355001 0.7572228369151 1.6004095825097 0.0589734255551 0.9758828708794001 0.5471423370953 0.2011096745038 0.7942638722761
0.0 0.0 0.0 0.0 0.0 0.0 0.0 0.0 0.0 0.0 0.0 0.0 0.0 0.0 0.0
0.056179775280900006 0.0588235294117 0.0588235294117 0.24983476536690002 0.0 0.1401189689358 0.0631196298745 0.2663582286853 0.15300727032380002 0.36748182419100006 0.0337078651685 0.0518836748182 0.056179775280900006 0.1582947785856 0.2861863846663
0.0588235294118 0.0588235294118 0.0588235294118 0.0 0.0 0.0 0.0 0.0 0.0 0.41176470588180003 0.0 0.0 0.0588235294118 0.0588235294118 0.2941176470594
0.34336384784990004 0.3702132890782 0.26399589111410005 0.7073252551640999 0.060606060606 0.4407139084312 0.2430389083533 0.781172678411 0.40154354074630005 1.3539913175827003 0.15062388591790002 0.5960660338733 0.2573897950867 0.15062388591790002 0.8793317018646
0.7179498293600199 0.18571873782107 0.0194174757281 0.6959250288804201 0.0260869565217 0.39128281904177 0.13179424261208 0.5665020078561899 0.7715608556479799 0.9681055450349599 0.37465120200768 0.18546433220013 0.7512554012388499 0.1964899236604 1.01779564238781
1.189528281265 0.5170598999213001 0.234129089606 2.1237503906405 0.0474982381959 0.966249283813 0.4826648036826 1.0450059276179 1.6856043687777 2.6986280710031005 0.6197163633331 0.8800104958480001 0.6951255087167001 0.2245259988982 1.5905032786807
0.9310344827584001 0.0344827586207 0.0 0.379310344828 0.0344827586207 0.1379310344827 0.0344827586207 0.0344827586207 0.1379310344827 0.3103448275867 0.1379310344827 0.1379310344827 0.10344827586210001 0.103448275862 0.4827586206903
0.3981418964073 0.3051640249205 0.0453729812868 1.4415729669420998 0.0765643218033 0.0322580645161 0.1706543016169 0.8922095302089001 0.3722924450669 1.2051994670041 0.1496225120108 0.6229452774632 0.45907997122370003 0.0706080134491 0.7583142260836001
0.21258741258750002 0.0307692307692 0.0 0.2587412587413 0.0 0.0363636363636 0.0377622377622 0.2132867132869 0.1153846153846 0.174125874126 0.0888111888112 0.2104895104896 0.24755244755240002 0.013986013986 0.3601398601403
0.051724137931 0.0344827586207 0.0172413793103 0.18965517241360003 0.0172413793103 0.1034482758621 0.0172413793103 0.0689655172413 0.1379310344828 0.1379310344827 0.0 0.0517241379309 0.08620689655159999 0.0344827586206 0.0517241379309
0.496815286625 0.0 0.0 0.1337579617835 0.0 0.0191082802548 0.0191082802548 0.6687898089166 0.2675159235674 0.3821656050958 0.1910828025483 0.3248407643315 0.24840764331210002 0.0573248407643 0.1910828025481
0.66697258455106 0.0428571428571 0.101694915254 0.35397172537686 0.00806451612903 0.136690619386 0.040322580645230005 0.21802702491592002 0.3618878387876 0.35307740373352997 0.13484730141363 0.40269858626919003 0.42948137155376 0.04196282121373 0.7074435679145599
0.049180327869 0.0655737704919 0.0 0.1967213114758 0.016393442623 0.09836065573779998 0.049180327869 0.09836065573779999 0.0655737704919 0.1311475409838 0.032786885246 0.0 0.08196721311479999 0.032786885246 0.08196721311489999
0.0 0.0 0.0 0.0 0.0 0.0 0.0 0.0 0.0 0.0 0.0 0.0 0.0 0.0 0.0
0.7070740446057 0.1082742316784 0.0544802867383 1.4817674684792 0.0425531914893 0.3365175003666 0.3752588966297 1.2913081593686002 0.9953974607367 1.8567048575039 0.44866224087499995 0.38955059796870006 0.5279065765310001 0.2353125892092 1.1492318978185998
0.0 0.0 0.0 0.0 0.0 0.0 0.0 0.0 0.0 0.0 0.0 0.0 0.0 0.0 0.0
0.0133333333333 0.0533333333334 0.0 0.253333333333 0.0 0.1333333333333 0.0666666666667 0.0266666666666 0.0533333333333 0.1866666666667 0.0266666666667 0.0 0.0666666666666 0.0133333333333 0.10666666666659999
0.0 0.0 0.0227272727273 0.1590909090909 0.113636363636 0.11363636363650001 0.0454545454545 0.0909090909091 0.0227272727273 0.1136363636363 0.0 0.0454545454545 0.1136363636364 0.0 0.1590909090906
0.3824300151156 0.3530825221433 0.0894009216589 1.1719108063426997 0.160834868017 0.5752121446996 0.2914939381163 0.4334473384196 0.6508905881206999 1.4713485132662998 0.2262421038038 0.5166437053442 0.6270981320703999 0.1273290654505 0.9226353374285
0.2181555004136 0.0430402930403 0.0384615384615 0.4903993855612 0.0 0.29351293867430006 0.30210918114150004 0.2227933356964 0.35593170270610003 0.49940919295749997 0.10368663594470001 0.0238095238095 0.1513056835637 0.067617866005 0.1897672220255
1.0988775927984 0.2517169448009 0.067415730337 0.9613746835007 0.0349223946785 0.8048093647606999 0.2107304173916 0.5837679114420999 0.6676863278392 1.576529725323 0.385709863815 0.5337363025326 0.8480481805982001 0.0985345660671 0.876139994112
0.22727272727269998 0.0 0.0227272727273 0.0454545454546 0.0454545454545 0.0909090909092 0.0 0.0454545454546 0.0681818181818 0.1363636363637 0.0681818181818 0.0227272727273 0.0227272727273 0.0227272727273 0.18181818181829998
0.2229601518024 0.0509171410499 0.0215053763441 0.4876660341561 0.0215053763441 0.0509171410499 0.0588235294116 0.26818469323190003 0.2251739405437 0.4911448450341 0.0860215053763 0.3542061986093 0.1720430107532 0.0509171410499 0.4380139152441
1.0257749879273 0.0663157894737 0.0366972477064 0.9331434089816 0.110091743119 0.43989377112609995 0.0526315789474 0.8645774987942 1.0453404152583001 1.3482472235656002 0.2153549010137 0.4443940125538 0.49324963785619996 0.12 0.8042877836789002
0.0 0.0 0.0 0.0 0.0 0.0 0.0 0.0 0.0 0.0 0.0 0.0 0.0 0.0 0.0
0.44698544698520004 0.0192307692308 0.054054054054 0.2967775467774 0.0732848232848 0.0576923076923 0.108108108108 0.2463617463617 0.628378378378 0.8747401247396001 0.1117463617464 0.20790020790020003 0.3508316008318 0.1309771309771 0.39293139293150003
