0.07954545454539999 0.0 0.0113636363636 0.47313377679280005 0.0 0.4471175166297 0.4 0.4227087952691 0.1316518847007 0.393311160384 0.1380266075387 0.14301552106409998 0.10726164079810002 0.266666666667 0.9861973392465
0.07853566958699999 0.057259073842299994 0.0294117647059 0.3335419274089 0.0 0.3091364205258 0.0425531914893 0.2183979974968 0.25344180225229995 0.35325406758469996 0.0 0.0 0.0147058823529 0.11201501877350001 0.1977471839794
0.0 0.0 0.0 0.0 0.0 0.0 0.0 0.0 0.0 0.0 0.0 0.0 0.0 0.0 0.0
0.47516921255850003 0.39155419743619996 0.0997113997113 1.1943498528512002 0.0 0.2948943795033 0.389610389611 0.6208728240153 0.3467249913669 0.9332925199966 0.1126489948407 0.1484297330388 0.35089841665160004 0.0500622665006 0.5917808219178
0.0 0.0 0.0 0.0 0.0 0.0 0.0 0.0 0.0 0.0 0.0 0.0 0.0 0.0 0.0
0.0812217194571 0.0662895927601 0.11968325791850001 0.19140271493199998 0.0235294117647 0.0823529411763 0.08868778280530001 0.1239819004524 0.16357466063339998 0.2746606334842 0.21063348416299998 0.0309954751131 0.1721719457014 0.050226244343899995 0.3205882352938
0.046511627907 0.0232558139535 0.0 0.17635658914719998 0.0 0.5215946843849 0.19961240310060002 0.3308416389808 0.2713178294579 0.2248062015506 0.0232558139534 0.3565891472868 0.16472868217050002 0.428571428571 0.23255813953520002
0.47320946197228 0.38133395357919997 0.1083042973287 0.53254324528748 0.0 0.18759586091328 0.08306121580277999 0.7199006671619199 0.13091460958898 0.9188702690488201 0.22784516594409998 0.30620180058304003 0.30380875668824003 0.1687174295079 0.4576932665943
0.23688100517350003 0.038510911424799996 0.0789473684209 0.263294044423 0.0 0.25930680359430003 0.0263157894736 0.32004901388730006 0.2915353794687 0.9696386198305 0.1357023378844 0.1033376123233 0.4215972303262 0.1033376123233 0.7515462714437001
1.03215053813952 0.23324353379631 0.05245418158831 0.93909949286861 0.0 0.53138669419221 0.17664088597310001 1.1879791506789 0.8081719583262099 2.92989546495324 0.44692150684092 0.6155641771829 0.73208367117281 0.28036862631441 1.03404011797331
0.3196736340299 0.0277777777778 0.0383204987165 0.2522918958571 0.0185185185185 0.07535753575355 0.0 0.4608544187747499 0.06609827649425 0.41098276494344993 0.1625412541254 0.12807114044735 0.3723872387246 0.019801980198 0.6473230656400498
0.2164208074534 0.0625 0.0 0.6533385093172001 0.0 0.0465838509317 0.1416925465839 0.4454580745342 0.20671583850910003 0.4928183229818 0.0652173913044 0.2005046583851 0.1698369565217 0.0421195652174 0.2567934782611
0.45389555969868 0.023180458624079997 0.0434782608695 0.42622856069458 0.0294117647059 0.08403412949557999 0.022967329894380002 0.2838296704095 0.3091089051689 0.47486525929469997 0.023180458624079997 0.21649905356389998 0.30854176600626004 0.04012961116648 0.26064921178455996
0.030303030303 0.0757575757576 0.060606060606 0.045454545454500006 0.0 0.045454545454500006 0.030303030303 0.030303030303 0.1818181818181 0.19696969697 0.0 0.0 0.0 0.1363636363636 0.16666666666660002
0.9974025974016 0.0 0.0149253731343 0.7725915875165 0.0 0.2538864120951 0.2973056793955 1.2160883892221 0.8610195774375 0.6746268656728 0.5733669315756 0.4434968017077 0.8083349486342 0.0571428571428 1.0298119790637
0.41578246290998006 0.0 0.0365853658536 0.86466274986364 0.00847457627118 0.16077726416698 0.0243902439024 0.27491617289058 0.23720086353408 0.54421394599124 0.20504799963249998 0.1842772495521 0.3902155077017 0.09938366718017999 0.55407193054966
0.12499999999980001 0.35701754386 0.0210526315789 0.4390350877192001 0.0 0.6057017543874 0.0842105263156 0.4833333333329 0.4394736842104 0.6921052631576 0.0421052631578 0.2087719298248 0.1048245614033 0.1263157894736 0.2710526315787
0.0416666666667 0.0416666666667 0.0 0.0416666666667 0.0 0.125 0.0416666666667 0.1666666666667 0.125 0.1666666666667 0.0 0.0 0.0 0.208333333334 0.0416666666667
0.5255447905365 0.205372167939 0.17562144564710003 1.5427855229571001 0.0 0.6675030892807999 0.33807042095100004 2.0242858470163 1.4030744739041001 1.7951654374064 0.2950162261243 0.2574756855963 0.6688747226363999 0.15280140982 0.9484087601853999
0.0 0.0 0.0 0.0 0.0 0.0 0.0 0.0 0.0 0.0 0.0 0.0 0.0 0.0 0.0
0.2188552188556 0.4502405002403 0.1714285714288 0.6288840788838 0.0681818181818 1.1177729677737003 0.2465608465611 0.8547859547865999 0.2020202020201 1.2287397787403 0.1612554112554 0.49882154882130003 0.35848965848930003 0.31050986050960006 0.48345358345320005
0.02955665024623 0.0372482931466 0.00492610837437 0.32719730360385996 0.0 0.07726212081914001 0.042174401521 0.47472128597447 0.28718347593136995 0.23610751015434003 0.00985221674875 0.042174401520950006 0.09143548526477 0.04001382767257 0.30014691902154
0.29524577333944 0.32109613656804004 0.15002509526893998 0.55552913570118 0.0533333333334 0.23737998925034 0.2029556650244 0.9961023800762401 0.632988195929 1.00887367636944 0.1388819875775 0.30710380658678005 0.6175749860913999 0.14468073240989998 1.33822910647154
0.1323529411765 0.0147058823529 0.0 0.1617647058822 0.0147058823529 0.0147058823529 0.0147058823529 0.1029411764706 0.0441176470588 0.0882352941176 0.0294117647058 0.0147058823529 0.1470588235295 0.0294117647058 0.1911764705884
0.52078656424731 0.53411639898997 0.17679018136327002 1.2659841650672998 0.0 0.86544814885704 0.13778860512277002 2.7072512828804003 1.0932774408566 2.4358684809184705 0.53592421805714 0.8564417581138699 0.90533791637297 0.48322938675797 1.4817554523915002
0.5928029027792999 0.0350877192982 0.07986383870120001 0.8287247970667 0.0 0.34419257097949996 0.0 1.3028803351664 0.4427673661769 1.4666404818005 0.33783713013860006 0.5740919462828 0.5994875247812999 0.11461863614250001 2.2810047506855002
0.12399355877620001 0.0217391304348 0.0108695652174 0.39573268921130006 0.0 0.0728663446055 0.1642512077293 0.5136876006439 0.2141706924315 0.34903381642520004 0.10547504025759999 0.2870370370373 0.19484702093400003 0.1392914653783 0.4070048309177
0.42407247462380004 0.0234375 0.0468749999999 0.8275937843956 0.0235294117647 0.5675834276018 0.0705882352942 0.9717326418612 0.24650735294099999 0.8886589290092001 0.19963273511059998 0.20941608322109997 0.639834291305 0.1523897058823 0.7081484269900999
0.0 0.0851063829787 0.0 0.1702127659572 0.0 0.0 0.0 0.3829787234056 0.127659574468 0.127659574468 0.127659574468 0.0425531914893 0.34042553191470004 0.0851063829787 0.5106382978717
0.4594350866044 0.15380184331809998 0.0178571428571 0.4960352772922 0.0 0.2142817416176 0.177339901478 1.5684212617195001 0.49800174797470004 0.7555259812490001 0.3864015572858 0.33493564277779997 0.35721436516780003 0.0673565866836 0.5133918639757
0.37814238042298004 0.0537634408602 0.0 0.37059695958462 0.02528735632186 0.0333333333334 0.0 0.35891731553609996 0.61711160548816 0.56737115313286 0.20754542083796 0.38016314423456 0.3366889136079 0.02528735632186 0.64579162031788
0.23780219780200001 0.3637362637361 0.1039560439561 0.31780219780220004 0.0 0.1989010989011 0.1608791208791 0.2518681318685 0.5564835164831 0.4327472527471 0.032967032967 0.02 0.041978021978000005 0.1189010989011 0.16197802197800001
0.0 0.0 0.0 0.0 0.0 0.0 0.0 0.0 0.0 0.0 0.0 0.0 0.0 0.0 0.0
0.42577330077323 0.31774376417286 0.1020408163266 0.74815065886527 0.00925925925926 0.36573578537872 0.22653966404000003 1.02850423386092 0.71688397581285 0.7653979618263199 0.14626643198058 0.15548803048787002 0.39781481745800007 0.10462520283938 0.48977609691897006
0.0 0.0 0.0 0.0 0.0 0.0 0.0 0.0 0.0 0.0 0.0 0.0 0.0 0.0 0.0
0.28023478760926 0.34095108431362003 0.0946954280287 0.85195510269364 0.00884955752212 0.16598292999454 0.12951977553726 0.6711424705529001 0.51644029520112 0.52528985272296 0.2303610297709 0.2236413209862 0.32169600311123997 0.17297517297499998 0.46626518897852
0.2242063492063 0.1309523809523 0.0 0.27182539682539997 0.015873015873 0.07539682539680001 0.0873015873016 0.5535714285718 0.2718253968262 0.42460317460299996 0.015873015873 0.07539682539680001 0.4325396825403 0.043650793650800004 0.3769841269848
0.60637446023894 0.24292297564210003 0.158607569254 0.93245277912097 0.0408163265306 0.20504440345527 0.0892034233048 1.35070737625807 0.29504761348357 1.4142621871071697 0.30729421232947 0.42522076009910004 0.73473964831934 0.1796065266948 1.0176997381633
0.2253229974157 0.0444444444444 0.0 0.157622739018 0.0 0.0899224806201 0.0232558139535 0.29612403100769996 0.20206718346219998 0.4093023255818 0.273901808786 0.09095607235139999 0.38087855297150003 0.0888888888888 0.7173126614994
1.42093237578646 0.56358341059208 0.1006054214373 1.6818092429149598 0.0387596899224 0.8937504526089799 0.0942688698163 4.6443173178434 1.4630395295009 2.7490305260802 0.7042009312705799 1.1650591035601399 1.0680434077160401 0.2489626256729 2.1636370952831396
0.7069075851676 0.0151515151515 0.0499341238471 0.5734754376049002 0.0 0.13334274421220002 0.0151515151515 2.0406267645466 0.5411725955212 1.3141869000560003 0.3298466026729 0.3394221720307 0.42762563523380004 0.1489600978729 1.3641963109353
0.32016939420005003 0.07978138714565 0.05365448504985 0.5341700504493 0.0 0.22854681924425 0.11732291538485 0.6111746852055 0.2589454903406 1.58281243591525 0.0779541446207 0.57745375497385 0.7254357901655 0.07325581395370001 0.75932283335365
0.8263139742890999 0.0502092050208 0.0 0.9382467817942 0.0666666666667 0.3739313976455 0.1415642298396 1.9584957595906003 0.9110335074549 1.5756076907746996 0.21181743071950002 0.312050891395 0.8951863895457 0.1095108695652 1.6293652056962
0.0 0.0 0.0 0.0 0.0 0.0 0.0 0.0 0.0 0.0 0.0 0.0 0.0 0.0 0.0
0.6733935876639001 0.16013907848130002 0.0357142857142 1.1279043747887 0.038931788931700004 0.3239187344503 0.3149375828436 1.8077037480232 0.44935673996739994 1.2912944816141 0.2658912577482 0.3897362850419 1.2044115484701 0.096098680436 1.8205678258239
1.2029075902063 0.1855911955024 0.1391614629797 1.1896642002822 0.0302302439694 0.1131317983738 0.0500977936383 2.0959614081211 0.789381405481 1.4157560998474998 0.6505149386372 0.7903669790000001 0.7896276805947999 0.1936384634947 2.3639687398704
0.05 0.225000000001 0.0999999999999 0.4249999999999 0.0 0.275 0.125 0.275 0.25 0.5499999999998 0.0 0.1 0.2 0.1999999999999 0.2249999999999
0.0684931506849 0.0 0.0 0.041095890411 0.0 0.095890410959 0.1095890410959 0.3561643835619 0.068493150685 0.123287671233 0.0 0.027397260274 0.027397260274 0.013698630137 0.0684931506849
0.966537308845 0.31847865508045997 0.1236829875869 1.2837883450713599 0.0 0.76647988541326 0.46149079881960003 2.48674732650816 2.2185473606735595 2.03456096475486 0.35654002710706 0.38034955091736006 0.998183669696 0.30311742492116 1.3014956946
0.0 0.0 0.0 0.0 0.0 0.0 0.0 0.0 0.0 0.0 0.0 0.0 0.0 0.0 0.0
0.17241379310334 0.18808777429427004 0.08855799373034 0.32131661441981 0.0 0.34404388714774004 0.19200626959293998 0.9004702194350701 0.52115987460947 0.6097178683387401 0.103448275862 0.31896551724117 0.5595611285267801 0.21473354231961 0.46551724137859996
0.0975609756097 0.113636363636 0.0715077605321 0.3702882483382 0.0 0.6430155210637 0.1430155210641 1.5443458980026998 0.3669623059871 0.3281596452322 0.0227272727273 0.0681818181818 0.0454545454546 0.0942350332593 0.0909090909091
0.6914567417394 0.20225543840970003 0.10603555188078 0.8663500568016999 0.00847457627118 0.09115336916066 0.27028641366104 0.6654633755742799 0.6669655906486599 1.6470543238733197 0.15894997932998 0.2470028937581 0.47868742533808006 0.27028641366104 2.6295778498960596
0.6156758086646 0.29742762774525 0.08171356595175 0.66828394115645 0.0 0.38694196506555 0.23575533533115 0.41465772589125005 0.5180245231975 0.58333458118095 0.26346003097045 0.1807131497146 0.46634030105795005 0.1197434826191 1.1679279614531501
1.56657006849996 0.3970899424291 0.25162293067263997 2.3621205990751704 0.0 1.36453856663001 0.6153355854363199 4.924896401084001 2.577743652822 3.84809920237443 0.77927599243663 0.7230732419950601 1.7415608356913101 0.5691697674181001 4.278903213437689
1.0960756982412998 0.1470357848877 0.0733944954127 0.6329405717558 0.0489296636085 0.2815113504344 0.053061895013449996 4.9322724787242 0.6141396176523499 1.1306682085222501 0.3956528092093 0.3916023403667 0.7739839223168 0.08157719565935001 2.3471539681952
0.3173843700158 0.1556353003717 0.16520467836249997 0.6024720893136 0.0530303030303 0.11496544391270001 0.1266613503455 0.8983253588525 0.4633173843702 0.8696172248812999 0.2472089314195 0.46823498139240005 0.7966507177023001 0.13011695906430001 1.5911749069639
0.67062889928785 0.0671015144699 0.04164792322685 0.65295672634045 0.021604938271550002 0.17204407561825 0.10726674768295 2.3323939233188002 0.60355685211735 0.9891381300135499 0.07843374221999999 0.3881063269646 0.5590491089311 0.12473003851625 2.1913410530143
0.21118012422350002 0.1739130434784 0.2318840579714 0.3457556935817 0.0 0.1687370600414 0.27950310559040004 1.2712215320908 0.5165631469984 1.1363871635615 0.07660455486539999 0.0817805383022 0.1635610766045 0.5049171842649001 0.8379917184264001
1.0790290690309798 0.28103876949058 0.22222924568040003 1.58184833014022 0.1476687359663 0.6688763469996201 0.5841144422375399 2.2708705209707603 1.55785304109834 1.83443143682106 0.21502350088100003 0.6568091095903 1.3969973053277 0.22644424617019998 2.27676589959688
1.1959866879446 0.2995507097067 0.047619047619 1.5230402257068 0.1146119505493 0.3061326694137 0.2545644459704 1.2205772934173 1.9886111896679999 1.9814240600084998 0.8096206030490001 0.7647816338078 1.2333085878576 0.2280076694137 2.0321632258673
0.09655802619550001 0.1672250989948 0.0272108843538 0.374860391918 0.0149253731343 0.31119910650840005 0.1088435374149 0.4568991775817 0.2216468677026 0.5328459742107999 0.0421362574881 0.1413341455985 0.0855924459335 0.16722509899459997 0.251497613971
0.05940594059399999 0.059405940594 0.019801980198 0.09900990098999998 0.0 0.277227722772 0.1980198019802 0.257425742575 0.1980198019803 0.4554455445544 0.019801980198 0.039603960396 0.05940594059399999 0.11881188118799998 0.1386138613862
1.1357089369180002 0.9301483977643 0.23196229046099998 1.4604740127035 0.0 0.8483004356821999 0.21161871996660003 2.4740770926135003 1.0475840879603 2.0192308709494 0.7048930698637 1.273382073085 1.0969913021905 0.1954256933067 2.3702030165383
0.0 0.0 0.0 0.0 0.0 0.0 0.0 0.0 0.0 0.0 0.0 0.0 0.0 0.0 0.0
0.13168125116355 0.15492459504745001 0.10106870229005 0.2064345559486 0.01982870973745 0.17919009495434998 0.11343511450375 0.39406255818270003 0.32911748277775 0.4004710482221 0.042729473096199996 0.26511636566765 0.29426549990675 0.1718990876932 0.1957754608081
0.03344481605355 0.02006688963205 0.00334448160535 0.1471571906354 0.00334448160535 0.04013377926425 0.020066889632100002 0.076923076923 0.05016722408025 0.0969899665552 0.01672240802675 0.0668896321071 0.220735785953 0.010033444816 0.19397993311035
0.88428631266474 0.19954762503174 0.03850931677015 0.9592611208848401 0.01954451345752 0.46621141947592 0.10076018142847 1.9597941574215199 0.58686221711637 1.2659603394010501 0.51808374920704 0.6356852044662901 0.6822690553973101 0.16429468997965 1.5189300972958701
0.6741442686633901 0.268636552967 0.0233918128654 1.03646877758596 0.12140054778270001 0.39793012507929004 0.28908533061977004 0.67246103482118 0.36301835260709003 1.14156593227449 0.39192500743018005 0.20867597389439 0.7319766369127799 0.16396531665449 1.5153543298401801
3.2054401381107196 0.27794255802121004 0.06461895102859999 3.18544497906051 0.2151039452626 1.08441655300041 0.6516393118225 8.76495436282501 2.4307736860328104 4.506827191369211 0.9255883763685101 1.8923929739185998 2.5739568220771 0.54893679478972 5.671963356301
0.8590603001561801 0.07942805410601 0.04700276719914 0.92325526677221 0.022918982541 0.23103336372467997 0.05457158953613 1.8723272799116601 0.51994155216112 0.97042607614805 0.2563758942142 0.22488304864181 1.01519646657387 0.037750167970739996 1.88582919034115
0.6824314558376601 0.10865629208937999 0.1634993086063 1.0914450659676 0.015037593985 0.24986257999338002 0.45693509674888 1.97821094050596 0.85136341691188 1.94140711974978 0.573961041563 0.6978944243099 1.7558781607137002 0.287439683957 3.14597781906108
1.5341674773299703 0.1442068087699 0.0165289256198 1.4794974010632003 0.12360434903539999 0.38467137158999004 0.56084347642439 3.9853466921684904 2.1802643080134 2.60691885823177 0.80773758015369 1.1218351738718 1.55254533551399 0.2180260845342 4.2838061576872
0.1568627450979 0.11764705882359999 0.0784313725491 0.2352941176469 0.0196078431372 0.07843137254890001 0.11764705882340001 0.4901960784315 0.3725490196079 0.509803921569 0.058823529411600003 0.11764705882349999 0.156862745098 0.1960784313725 0.2941176470588
2.74120982032699 0.24051471759099002 0.1749472398183 1.5762059937880002 0.1654043453134 0.61839209183998 0.7604552139718 6.8408943999432985 2.15926360415999 3.8805489521857597 1.2513308709958 1.6158555184655898 2.9285554051088 0.29739620134728 3.74902562513859
0.9921507004916 0.1073741007194 0.1115827338128 1.3027148807275 0.035791366906500005 0.5302934494509 0.2263214691403 0.8666205982591999 1.3129742521769003 1.5608614161306 0.46370692919300005 0.6231787201825999 0.8155622870119 0.07237410071950001 1.978492995079
0.2647058823527 0.035294117647 0.035294117647 0.5470588235294 0.0882352941177 0.3529411764704 0.070588235294 0.3705882352937 0.1764705882352 0.38823529411700003 0.176470588235 0.052941176470500007 0.10588235294100001 0.17647058823519998 0.15882352941150002
0.08 0.0666666666667 0.0266666666667 0.0933333333333 0.0 0.1333333333334 0.0133333333333 0.2133333333333 0.0666666666666 0.0533333333332 0.0133333333333 0.053333333333299995 0.0266666666667 0.0266666666666 0.1333333333336
0.79584357644376 0.25088192898998996 0.0416666666666 1.46518460736818 0.016713091922 0.9440145037220801 0.45537626795228003 1.8502740756795804 1.5049038016419 1.6048042550769699 0.4414590426082 0.45012480854250003 0.6362101669234 0.05811754186859 1.4844256645909
0.0 0.0 0.0 0.0 0.0 0.0 0.0 0.0 0.0 0.0 0.0 0.0 0.0 0.0 0.0
0.5126164633765999 0.421090840384 0.1397102848865 1.295065185901 0.0263157894737 0.3901375097095 0.3494165809416 1.078635399828 0.9184519135886999 0.8815069384668 0.1975059307622 0.38912686582830003 0.48625868620449997 0.3892490500283 0.5249125606197
0.3512709512706 0.1111111111111 0.27756687756720005 0.8380730380737 0.0 0.5323565323565 0.20523920523900002 0.7188367188363999 0.6027528027525 1.0665112665113998 0.0888888888888 0.2287046287044 0.49383949384 0.17335997335980002 1.3114885114872
1.1954005994002 0.5514720279717 0.2808439893437 2.3138275058271 0.0808269230768 1.0256195471195 1.0106808191815 1.5845580253105 1.5177803030289003 2.5039566267080007 0.3695181485179 1.1622379287375 1.0678659673669 0.3940758408257 1.9413357475855002
0.43578135479539 0.10848423876599 0.0845070422535 0.8311535881957901 0.1150234741783 0.27951039570769 0.46763916834359004 0.6287726358151899 0.3765928906774 0.9005700871901701 0.08920187793418 0.25687458081818004 0.6291079812211899 0.20053655264919 0.5962441314559801
3.13184594695094 0.88182774023094 0.26521087063334 4.50632922239026 0.4108203677206799 1.3553234151321 0.6510146025249001 5.517268780834439 2.69452112963168 5.33942287887348 0.9880815408966601 1.78185433043414 2.3206431114942205 0.56346220005466 3.5923738622027397
1.6562291402143998 0.1729115015748 0.1565760505407 1.4661009656442 0.0397350993377 0.3490613611305 0.2950542061251 1.9775779288319 1.1363268836654001 1.9034239050864001 0.5718460161882 0.4832410140869 1.0403992051967 0.320940229997 2.4305764923793
1.05458708392145 0.18011404332844 0.14088083221390002 1.5539193086844598 0.05904461165574 0.3960683622383499 0.18939496936543 1.15323752679572 1.13843706280893 1.73759721063356 0.41224364104980005 0.60630704528014 1.64431244786384 0.21072257792139998 2.5231332762345398
0.89391215606258 0.20999303108029999 0.05082231031909999 0.9881811267429998 0.0607174358521 0.12722448142258 0.22048121835348 1.5005803977105798 0.6707457188538999 1.5190321125747799 0.24363151077458 0.58521018958308 0.6669776142891 0.18106127539414 2.08142942098678
0.16666666666660002 0.0871212121211 0.0 0.0871212121211 0.0 0.0909090909091 0.3825757575757 0.0416666666666 0.33712121212150004 0.2272727272726 0.0416666666666 0.227272727273 0.0416666666666 0.2689393939393 0.0
2.8157189643611 0.25976734185209 0.21181345007669997 2.3730218411152997 0.12412024578709 0.58400164271239 0.5248562705777801 4.42293000995089 2.0569649916489796 4.078423935743781 0.7378441449315001 1.5528877495170899 2.19607394946968 0.6635770417463001 3.39799842050948
1.6332663287711 0.0566646378575 0.0890072660091 0.9636489478019 0.0215053763441 0.20138332462550002 0.1397599541811 0.9274824274607001 0.8224014636145001 1.3262810493076 0.4375634900549 0.5137686475377 1.0990706618049 0.13718336663789998 1.6310130579889999
0.3500000000005 0.3166666666668 0.0999999999999 0.7166666666664 0.0 0.36666666666630005 0.24999999999970002 0.6666666666666 0.5166666666666999 0.8166666666666 0.0999999999999 0.1499999999998 0.18333333333309998 0.19999999999989998 0.2666666666668
0.766488413548 0.0 0.26559714795 0.329768270944 0.0 0.0 0.26559714795 0.413547237076 0.117647058823 0.09090909090900001 0.0 0.333333333334 0.238859180035 0.0 0.17825311942900002
1.0641842092870601 0.8128618070264 0.05604125050346 1.9710224044999798 0.0779622055705 0.7188718569682 0.3434428477912 1.65154766184914 1.62460371355286 2.2215763447322803 0.4085137921422 0.9566935536238 1.20475471561168 0.1291965166448 1.75872712019448
0.0 0.0 0.0 0.0 0.0 0.0 0.0 0.0 0.0 0.0 0.0 0.0 0.0 0.0 0.0
0.24203902250537 0.6318989664839001 0.0702521008404 1.0652071863246702 0.0 0.53636916835767 0.22948324157237 0.59554235487297 0.5395112527764401 0.59916352747965 0.17422293055187 0.1382430213466 0.39848932676507 0.40838983869400003 0.37118806143140004
0.24897470950069997 0.1132946001366 0.5150375939849 0.7853725222144 0.0 0.2262474367737 0.0905673274092 0.25666438824300003 0.7559808612439001 0.4832535885168 0.2042036910453 0.060150375939700004 0.279049897471 0.0377648667122 0.9434381408073
0.61108683535574 0.22165157868606 0.02021800281294 1.8958715975861 0.0 0.27406511127690003 0.4679806055225 1.07606835094778 0.54446959107828 1.4674893208441402 0.2408603414717 0.80568477224406 0.91421067872006 0.3912903380317 1.06905287542694
0.8898848201948 0.2124796295147 0.102564102564 1.2392629494385 0.025641025641 0.3104111964731 0.8609561529908001 0.8046091077071001 0.515822672902 1.3468821002000002 0.23826284335140002 0.3928744559274 0.7557192070464999 0.2107608468227 1.0938688892227
1.7819933823842 0.32075949138073 0.3285690768573 2.7383646515142197 0.2792328807374 0.88589917384963 0.6481552946206299 3.19701682046649 1.56031801551646 4.085390269277361 1.0795923797887301 1.10540925169593 1.9859081826145597 0.8061105135578 2.1972806157411906
1.2506625856075 0.1093710211356 0.0402568922305 1.2835238162261 0.0213903743315 0.4718924651204 0.2186373353166 1.3582058421452 1.1411533512929002 1.7034623658077 0.41842490584680003 0.6822621393055 1.1023933496837999 0.1775796442977 2.0207839116503
0.6898957038803 0.0831822509676 0.09089280382190001 0.8268485844555 0.039668469436200005 0.2446693440238 0.1277210485729 0.9827821675334 0.4072799630281 1.3255763736050998 0.3189088919681 0.44091208075460003 0.803443378474 0.1735520690354 1.4446668704416001
0.81313052516869 0.1825213851875 0.0628517823639 1.1540908612104899 0.0800304878048 0.490394552739 0.3991557223257 1.9266193416711699 1.2434045775439 1.6634036533674699 0.65934772196059 0.80177560657549 1.8031156588873 0.1907052938277 2.52945282936639
0.411138411138 0.2649467649475 0.135135135135 0.697788697788 0.0 0.5896805896805 0.313677313677 0.9627354627354998 0.562653562654 0.6924651924645 0.535626535627 0.151515151515 0.43284193284149997 0.1838656838655 1.06592956593
4.005885261972599 0.4485784142229 0.1319697260009 3.6109780654812 0.4861269342064 1.0404783915986 0.48411569102310004 3.9794205959570004 2.9428546160849 4.1410600162684 0.7847076551934 2.8216985270065003 1.7258875651996002 0.8253987041615001 4.5708398356266
1.0385361355277 0.14436150827029998 0.162563131313 1.4236637372211998 0.0549393748248 0.14876849678089998 0.1624204354308 1.2252605510407 0.7447850470566 1.9425688471555 0.6715572457008999 0.6512039101981999 1.0920468781304 0.0808090273991 1.4565156739456
0.2660107334524 0.088908765653 0.0116279069767 0.4821109123435 0.054025044722700005 0.11216457960630001 0.1388193202146 0.4622540250446 0.2851520572449 0.4588550983898 0.0116279069767 0.0232558139535 0.1313059033989 0.0656529516994 0.4082289803221
0.32080200501219996 0.0 0.1842105263161 0.4147869674187 0.0 0.0701754385964 0.9812030075183 0.1578947368421 0.2543859649125 0.1052631578946 0.0 0.140350877193 0.140350877193 0.0526315789473 0.17794486215519997
0.86434819142106 0.5619563812933 0.0900315208825 1.78396752674186 0.0220019342359 0.56426399544656 0.34517023541652 0.67337844546506 0.9710951804804 1.24199900815646 0.3624351464156 0.5618622970348001 0.99445661697326 0.23486333159630002 0.72817018843842
0.0 0.0 0.0 0.0 0.0 0.0 0.0 0.0 0.0 0.0 0.0 0.0 0.0 0.0 0.0
0.5693958215702 0.3505364201022 0.1194805194804 1.4298513081125999 0.0575569358178 0.6510069640504 0.143271221532 0.6458121588555 0.9465273856576 1.3849237718793 0.1766233766232 0.3677395068705 0.7964050442314 0.38264633916790003 0.9782232260495001
0.06256038647342 0.14173658784671 0.2383040935678 0.3857487922708 0.00869565217391 0.12342995169081 0.30547927790511 0.13550724637682 0.2830155097893 0.32772692601090997 0.01739130434782 0.14296974319861 0.23115942029000996 0.2134502923978 0.38282481566253
0.7885309555646001 0.225644964729 0.0743720117201 1.4591902248792 0.0240963855421 0.6308741908098 0.5249262523487 1.1966890235114 0.7770967619547 1.7776262380399 0.27828200645 0.5907162734131 1.1080475339072 0.17275431108290001 1.3711528660421999
0.5171997535745401 0.06737749546271 0.07554446460971 0.79996128806724 0.0344827586207 0.12998676301631001 0.30958307664100004 0.33272282255752 0.46890765747001 1.28805008408524 0.24786459980980002 0.13368937211732002 0.7067612680866101 0.1273331224295 0.7605354734506101
0.88232369453007 0.19743591498030003 0.08757796337344 1.4507096310030199 0.0666666666667 0.73438943917207 0.18465322213352 1.41730114106016 1.09448786669717 1.8490117536653898 0.52862361240239 0.75279664087799 1.01379410961857 0.28009291242872 1.4601354313871
0.84273320703252 0.0803066989507 0.02803583670182 0.87100712208932 0.0112994350282 0.21617514461991 0.12499451237821002 0.5452787880625 0.8515961380648001 0.9307951816983199 0.2070403652562 0.50377886066792 0.6354209934452 0.13344713816282 1.0180905778387102
0.40975679547889 0.42503563952408 0.11180124223590002 1.34475815447189 0.1221105205865 0.34513921127599 0.36836031324599 0.85140915552989 1.1445522447918701 1.1724003860198 0.44263153159949 0.7229798784640901 0.7899179379845901 0.3028955080318 1.44625148075688
1.2407248397947999 0.33239838891429996 0.045871559633 1.8419017846951 0.038560779816499996 0.5121567291432 0.1749804066201 1.5638990992505 1.2152509438785 1.5118400807164998 0.7713560635756 1.2867616616990003 1.7194766762965 0.16035884698709998 2.5844621389812
0.0 0.0 0.0 0.0 0.0 0.0 0.0 0.0 0.0 0.0 0.0 0.0 0.0 0.0 0.0
2.1747841782555 0.1011299435027 0.047710459780800005 2.1081533852076 0.3590091984152 0.7231819102447 0.34116854949150005 2.0878289080616 1.9333530493901003 3.3931202338934 0.8611396702834999 1.7248984501633 2.2979697830774 0.3064197512817 1.5401325289582
1.1617809070961997 0.22420315171059 0.0555555555555 1.76709771020948 0.053900986231799994 0.9493098099849 0.19733897681249002 1.10561896859279 1.2446878884980799 1.9137484541828895 0.4308826231352 0.87291125229758 1.45881629552617 0.11251366120209 1.4516337589570998
0.0625 0.375 0.125 0.562500000001 0.03125 0.3125 0.1874999999999 0.7499999999999 0.37499999999989997 0.3749999999998 0.1562499999999 0.125 0.25 0.0937499999999 0.21875
0.0222222222222 0.0444444444444 0.0444444444444 0.1333333333333 0.0 0.0444444444444 0.0222222222222 0.1111111111111 0.1333333333333 0.17777777777780002 0.0222222222222 0.088888888889 0.0888888888888 0.0 0.06666666666660001
0.39367973977063 0.29740292335486 0.04468268485783 1.46715606559219 0.0625 0.63557469070593 0.46575809411938995 0.7041001112315599 0.6794950948514301 1.6227818612756602 0.21191324320213 0.5015362800872 0.3633206972605 0.0837765957446 0.46632191794213007
0.0 0.0 0.0 0.0 0.0 0.0 0.0 0.0 0.0 0.0 0.0 0.0 0.0 0.0 0.0
0.08382352941159 0.26606973434579 0.01875 0.52278225806487 0.0294117647059 0.3974976280847 0.28923149905108003 0.31000948766577996 0.0834558823529 0.36561907020878004 0.04374999999999 0.15118595825408998 0.1650735294116 0.13142789373808 0.14191176470599998
0.0 0.0 0.0 0.0 0.0 0.0 0.0 0.0 0.0 0.0 0.0 0.0 0.0 0.0 0.0
0.9429644915836 0.3779407505407 0.1251905143277 1.6876905167985001 0.14755819179899998 0.45399483733129997 0.3002760336385 1.3606762873577 0.8970677715027 1.3117816774319 0.28234002915879997 0.7875172696507 0.8031387887556001 0.21822668781949997 1.3036361523035
0.8085211977200999 0.12129430499757 0.13092355586317 1.60910922954338 0.05678375501507 0.28369235190959996 0.53089966028214 0.49924720563697 0.7279437935827701 1.7861930328491702 0.25002046999107 0.304039522957 0.8339449265337999 0.07373290755737 0.98365408555887
1.82584681004706 0.44919678222197 0.09057723371962 2.22952013031827 0.54030227163001 1.0603946415038499 0.5541438661162099 2.13365660293532 2.42835554883656 4.43826766953821 1.0943720478000003 0.88015267857116 1.78444797650826 0.45712511853027 2.03364062172216
1.5508077123496 0.148514851485 0.0 1.267326732675 0.0 0.0823345492443 0.059405940594 1.139134966128 1.1459093277756 1.2188639916639 0.592496091715 0.5101615424696 0.5372589890566 0.187597707139 1.560187597708
0.5506540560505 0.128640827034 0.0942931098236 0.5574385812099 0.0294117647059 0.20843303783119999 0.09911471059499999 0.7678856089757 0.6741601063036999 1.0418644481922998 0.2312652607033 0.6613203576969 0.8586576521561999 0.0857232981978 1.0111371805262002
0.3307151715584 0.0835744798124 0.0 0.6754168389143 0.0243902439024 0.10796472371480001 0.07137935786130001 0.7649166322170999 0.2715309356482 0.6908502135868999 0.3420146065868 0.3750172247483 0.40567727711179996 0.08357447981249999 0.7729778145244001
0.0856255545697 0.0421472937001 0.0 0.18899733806570002 0.0434782608696 0.0842945874002 0.0408163265306 0.2133984028395 0.24755989352309998 0.4826974267969 0.0217391304348 0.2133984028395 0.1047027506655 0.1237799467613 0.1073646850045
0.72607871043156 0.25478321258454 0.0551390806865 1.9427008249578699 0.29562273279592 0.52560348075271 0.34321287574442993 0.82203755820973 0.9818717598865102 1.8858780241607802 0.36953107094956006 0.49921808586783 0.84676790907182 0.02391531033233 1.42763936356525
0.4719905665111 0.021978021978 0.0547945205479 0.5619699934765999 0.043956043956 0.16490039640710002 0.021978021978 0.5826132771341 0.571343268603 1.1552059812345001 0.1873952531485 0.7348236238662 0.6813638416383999 0.131567063074 1.6141201264485001
0.36842105263159997 0.263157894737 0.0 0.4736842105262 0.0 0.526315789475 0.0 0.8421052631583 0.2631578947369 0.31578947368419996 0.1578947368423 0.0526315789473 0.2105263157892 0.105263157895 0.42105263157889994
0.0 0.0 0.0 0.0 0.0 0.0 0.0 0.0 0.0 0.0 0.0 0.0 0.0 0.0 0.0
0.9503631425407 0.36197184469529997 0.0208333333333 1.8918528902133003 0.1279614005733 0.6567123096601 0.41409461276959997 1.1339597412240998 1.0344460901868 1.4916819730282 0.8213974454792 0.5416511036916001 1.0886342177893 0.08486918710409999 1.3795707077086998
0.0 0.0 0.0 0.0 0.0 0.0 0.0 0.0 0.0 0.0 0.0 0.0 0.0 0.0 0.0
0.2435021228123 0.3153919225351 0.1411406128154 0.6115332433064 0.0277777777778 0.5512312100979001 0.2218074865857 0.666674063226 0.36803112049450004 0.8561997958546 0.103448275862 0.3773941076899 0.6256860308584999 0.263374563867 0.6268076662166
0.10846560846549999 0.0571428571428 0.1396825396824 0.3280423280422 0.0 0.1597883597883 0.2111111111111 0.21693121693109998 0.1941798941801 0.24550264550259998 0.0 0.0 0.1481481481481 0.074074074074 0.11693121693110001
0.39326774919995 0.27588795385435 0.00757575757575 0.61097447749935 0.0869286081152 0.25641025641005 0.0871212121211 0.5190431037887501 0.45789873967835004 1.4112836316228499 0.2763225475089 0.30813183991140003 0.4928143890006 0.23931788550404998 0.57702184820805
0.34137557146914 0.037383177570119996 0.0064935064935 0.26745478820232 0.0194805194805 0.15908564955281998 0.04387668406362 0.21003762592562 0.29732006311444 0.62389529473682 0.2040692640695 0.0976526277459 0.2486240239511 0.12033175547182 0.32291944815314005
0.58167194523852 0.16342246541078 0.05280703830822 0.88034291393265 0.29152956957425 0.45757817941805 0.37446397844001 1.2302258168329598 1.24271494268314 1.8107805862000401 0.26362094133423003 0.50545472322434 0.7389462092245901 0.20057188827757 1.20586880190009
0.5462454212459 0.0 0.0428113553113 0.2435897435896 0.010989010989 0.0636446886446 0.0318223443223 0.14812271062260002 0.36217948718020004 0.4027014652014 0.20077838827830002 0.17010073260070002 0.25686813186839996 0.0208333333333 0.4993131868137
0.7633284241520999 0.3193826374236 0.0 0.7613806737511001 0.0103092783505 0.8544666905489 0.3303221483636 0.8081120885237 0.9428856691736999 1.4177380620681 0.37092902917610004 0.7882259284316999 0.8975984821348 0.2265254945665 1.5087953933308997
0.04938271604935 0.03950617283947 0.0 0.33703703703687 0.0 0.15308641975317003 0.0308641975308 0.35061728395050007 0.16790123456786998 0.25308641975291 0.10987654320977 0.06790123456787 0.16296296296287 0.03950617283947 0.23827160493834
0.1458333333333 0.062499999999900004 0.0 0.2291666666667 0.0 0.1458333333333 0.0 0.0208333333333 0.2916666666667 0.2708333333331 0.0208333333333 0.5 0.16666666666680002 0.0416666666667 0.1041666666666
0.9961848054439 0.098275058275 0.07073720570849999 1.203807130165 0.2410051088805 0.3655252964008 0.33109220247500004 0.7959796102670001 0.6964478461703 1.6095997101224 0.3495622716294 0.5700656346641 0.5678649442764 0.10182528861009998 1.002027886913
1.4682082523486 0.0576923076922 0.0483870967741 1.1131190990167 0.0384615384615 0.22146401985119998 0.057692307692200004 0.5512157272462 0.7175886731864001 1.7268931158709002 0.5740372131615 0.7814740836912 1.3633922055187 0.2307692307691 1.049605128718
0.0196078431372 0.0392156862745 0.0392156862745 0.1568627450981 0.0196078431372 0.1176470588236 0.0196078431372 0.13725490196060003 0.07843137254890001 0.0588235294117 0.0392156862744 0.0 0.0 0.0392156862745 0.23529411764679997
0.0 0.0 0.0 0.0 0.0 0.0 0.0 0.0 0.0 0.0 0.0 0.0 0.0 0.0 0.0
0.55987093647842 0.0371475953565 0.0 0.77380080653218 0.01965780851836 0.3430716376863 0.1541577825162 1.0753926112158603 0.7154070649594599 0.9803773594675199 0.05414056713906 0.29048312444732 0.38697848018121994 0.04404805242076 0.5654661730794
0.0 0.0 0.0 0.0 0.0 0.0 0.0 0.0 0.0 0.0 0.0 0.0 0.0 0.0 0.0
0.1553703032496 0.15559772296 0.0588235294117 0.6558997647626 0.0215053763441 0.3023758252847 0.311881258484 0.4637727508549 0.6959576146518001 0.7520414472426 0.08892110668110001 0.18188246665100002 0.2413918086261 0.26630492719 0.6482740976051999
0.125 0.0 0.0 0.2 0.025 0.0 0.0 0.05 0.05 0.175 0.0 0.07500000000000001 0.15 0.0 0.15
0.41485953738626 0.27232457465101 0.19100102713153 0.52306301514369 0.09666234358432 0.36749127270492005 0.16015196553744998 0.7290799529644 0.40968853495056 0.84902673276923 0.27257033891763 0.36506005992883 0.35630253104571996 0.2558870438127 0.7368310694726298
0.20347035736409996 0.0795290229291 0.0388349514563 0.5335674447427999 0.0 0.0989464986572 0.15533980582610002 0.2385870687872 0.4244990704394 0.3274116917985 0.0619706672175 0.1183639743853 0.30799421607079996 0.0212765957447 0.3902086345796
1.06436117455367 0.5572835651449 0.1799461150464 1.9614208256772803 0.0904574917483 0.7230870991031799 0.23019069864038 2.06930584286289 1.2730925004586802 2.3350687429968002 0.5534475023874901 0.59929185751709 0.79253253347318 0.2887126101262 1.2818014402687798
1.0471869328501 0.0114942528736 0.0 0.38959467634660006 0.0114942528736 0.1512401693889 0.0641258318209 0.0641258318209 0.36176648517890003 0.6823956442834 0.09860859044159999 0.3617664851783 0.1397459165154 0.0344827586207 0.5819721718096
0.1504141566264 0.0120481927711 0.0553463855421 0.1816641566264 0.0120481927711 0.03125 0.055346385542200005 0.2405873493975 0.0986445783132 0.3985316265064 0.0625 0.2575301204818 0.1312123493975 0.039721385542200005 0.2731551204822
0.9056193806194 0.0923076923076 0.0535714285714 1.2583666333664 0.0535714285714 0.2162337662338 0.16685814185800002 0.8005744255757 1.0961538461539 0.8438061938068 0.2664335664339 0.7386113886115999 1.0640859140848 0.0955294705294 1.3482767232779
0.0983606557375 0.4077868852458 0.0 0.2561475409834 0.0163934426229 0.3319672131147 0.0327868852458 0.7889344262296 0.2827868852458 0.1639344262293 0.0491803278688 0.0819672131147 0.0327868852458 0.4077868852458 0.0491803278688
1.0902477631190999 0.0625 0.0394345238095 0.8345939490439 0.0714285714285 0.26208484986339997 0.18321580224429998 1.0568983166511 0.43555694570889997 0.9522624734604 0.254777070064 0.5038055429171 0.5916268577499 0.10024264482850001 0.5613246891110999
0.5060931899647 0.0444444444444 0.0 0.6716845878141001 0.0322580645161 0.22795698924770003 0.18351254480329998 0.28028673835159995 0.6172043010759001 0.7928315412191 0.1634408602149 0.24802867383549998 0.356989247312 0.0767025089605 0.7985663082444999
0.1646274823405 0.1143542582968 0.0243902439024 1.1007863521260002 0.016393442623 0.269092363055 0.049180327869 0.38453951752649995 0.1810209249634 0.29537518326010004 0.0815673730509 0.0 0.1551379448221 0.032786885246 0.13074770091969998
0.0 0.333333333333 0.0 0.333333333333 0.0 0.0 0.0 0.0 0.0 0.333333333333 0.0 0.0 0.0 0.0 0.0
0.3951445873144 0.063829787234 0.0161290322581 0.7495125758475999 0.0425531914893 0.0566748258331 0.1982677461871 0.6187037250745 0.5512448296592 0.8610947455374999 0.1456077161824 0.22669019260130002 0.3050880400385 0.0676562946045 0.7018027101387
0.0 0.0 0.0 0.0 0.0 0.0 0.0 0.0 0.0 0.0 0.0 0.0 0.0 0.0 0.0
0.21294077370759995 0.0434782608695 0.0434782608695 0.3269428277988 0.0157480314961 0.3471413899347 0.0157480314961 0.5053064019183 0.21670660732679997 0.3546730571723 0.0944881889764 0.2601848681953 0.1417322834647 0.09072235535769999 0.3307086614175
0.0 0.0 0.0454545454545 0.3181818181825 0.227272727273 0.2272727272725 0.090909090909 0.681818181818 0.0454545454545 0.2272727272725 0.0 0.590909090909 0.22727272727300002 0.0 0.318181818182
0.3092643748722 0.15919787190509999 0.0 0.6272636586862 0.08870472682620001 0.21383261714739998 0.1658353795784 0.5633696541846 0.5054992838141 0.7130013300589 0.21034121137700001 0.232658072437 0.48698076529589995 0.1031179660323 0.6209330877847
0.19892473118280002 0.0238095238095 0.0 0.2403993855607 0.0 0.21658986175119999 0.1290322580647 0.18433179723489998 0.1443932411675 0.3840245775729 0.10368663594470001 0.0238095238095 0.1513056835637 0.0483870967742 0.1513056835639
0.9517974788369 0.1875 0.0 1.4277868768662 0.0881818181818 0.5713589845828999 0.37189317261689997 0.9705627632607999 1.1021589886732999 2.6501600519374997 0.3095461190855 0.6927165378481001 0.9816626794264 0.0374269005848 1.6572476281032
0.39120715350220003 0.09836065573769999 0.0227272727273 0.2749627421759 0.0454545454545 0.15648286140099998 0.0327868852459 0.2093889716845 0.4616244411335 0.4642324888232 0.1665424739195 0.18666169895719997 0.121087928465 0.0227272727273 0.34575260804780006
0.0967741935483 0.010752688172 0.010752688172 0.0967741935483 0.010752688172 0.010752688172 0.0 0.07526881720430001 0.053763440860200004 0.1720430107526 0.0430107526881 0.1182795698925 0.0860215053763 0.010752688172 0.20430107526910002
1.2318727950538002 0.22795163584619998 0.0516819571865 1.283176730569 0.0550458715595 0.2125784645104 0.1982456140346 1.0221512434693 0.7858281023649001 1.3861482680172998 0.3182037662967 0.6787261670174001 1.2534811489428 0.054054054054 1.2408541810752
0.0 0.0 0.0 0.0 0.0 0.0 0.0 0.0 0.0 0.0 0.0 0.0 0.0 0.0 0.0
1.0563175330789 0.0288461538461 0.07257257257250001 0.9995730507346 0.1263784687697 0.3134527821559 0.2645576611092 0.3955168696545 1.1138092740416001 1.9093483548127 0.2645860743685 0.4579311753225 0.7345644139117 0.2818824475495 0.9806631680704999
