2.9032677896081003 2.3057275680328 0.1127263040337 2.4032861310305003 0.66192368221 0.6258974159687001 0.42091801651359995 0.8414604267991 0.39623894370189994 0.3285537221029
3.1690878444282 5.9961074460832 0.3661637319117 3.1515832543843 0.6574384062116 0.8470983933182001 0.39389727346549996 1.3927578566312 0.414741076714 0.6111247168484001
0.4166666666666 0.7106060606060001 1.0818181818181 0.210606060606 0.1818181818181 0.05 0.18030303030300002 0.8515151515155001 0.1060606060606 0.210606060606
3.4909076081013595 2.4534144117404004 0.21345349284718 3.95050562214632 0.8913365398866 0.49650493162628 1.08633377910918 1.0859252436067 0.62553058354558 0.7060877873940801
1.0465631929039 0.425720620842 0.0487804878048 0.8462675535847001 0.07908351810780001 0.1581670362157 0.0 0.2246858832222 0.07317073170720001 0.0975609756096
0.6738173817383999 0.37137880454754996 0.0383204987165 0.51127612761295 0.05619728639525 0.1414558122479 0.0 0.0859002566923 0.0561972863953 0.06545654565455
0.4979951884521 0.19620422346940003 0.05747126436759999 0.4390537289495 0.11614541566440001 0.0462443197005 0.3116813686183 0.0693664795508 0.0578722266773 0.2079657845494
1.1111485916691 1.2658261651761 0.198529825153 1.4605048631023 0.28723224827120003 0.4768089053803 0.27479338843 0.3455894754601 0.19146005509629999 0.38810648226230005
0.0 0.292682926829 0.3902439024394 0.2439024390241 0.0487804878048 0.0487804878048 0.0975609756096 0.0975609756097 0.6829268292688 0.0975609756096
0.1428571428571 0.1428571428571 0.0408163265306 0.326530612245 0.12244897959180001 0.0 0.0204081632653 0.12244897959180001 0.0 0.0816326530612
4.23951143113186 1.6459339563347202 0.42420200125139995 2.24950881528194 1.2168023717907 0.39322580645155997 0.5296301849085999 0.6789995720335601 0.19235306570686 0.42983279510548006
5.06153397096696 3.05628414937679 0.40581000779719 2.89746839994745 0.76257333213209 0.54450681329588 0.7554990997158899 0.8250601086967799 0.17950579441230002 0.51175832365478
0.3392857142857 0.2678571428571 0.3785714285713 0.2785714285714 0.39285714285679996 0.0357142857143 0.592857142857 0.250000000001 0.7107142857146 0.7535714285713
4.679744205780901 1.93686882374948 0.28568847689409 4.06055952704014 0.59835752591419 0.57352247213088 0.6232473380738 1.2104083198331899 0.18784837321748998 0.8437549373652999
0.0947368421052 0.14736842105300002 0.0315789473684 0.23157894736860002 0.0315789473684 0.0526315789473 0.0315789473685 0.1578947368419 0.0947368421052 0.1263157894737
2.6712116111175 1.5669210339267998 0.15455055549309998 1.2786219279539 0.32912505143459997 0.2755171510865 0.041241162607999995 0.3811693412638 0.0263157894737 0.27532637564069995
0.0 0.0 0.0 0.0 0.0 0.0 0.333333333333 0.0 0.0 0.666666666667
2.0274151930916 2.1787939931983997 0.2589973585733 3.1706514295514 0.5963710959469 0.513270110303 0.053571428571300005 1.8892331303344 0.0535714285714 0.2581248318528
0.7017543859644 0.533771929825 0.0736842105264 1.4276315789487002 0.34561403508800004 0.0210526315789 0.1464912280699 0.41885964912269996 0.5885964912275 0.7425438596503
1.0385762385763 0.9359307359315 0.2624338624336 1.2543891293896 0.24747474747459997 0.2727272727278 0.0941798941798 0.4585137085138 0.41927609427629997 1.0164983164992
6.227503638648299 2.5341870599269 0.4859171119471 4.3659113298263 0.8506769822883999 0.5665801756632 0.305535330938 0.9656665392307001 0.30725431580490004 0.39076751572269997
5.8348303872599505 4.263076784318599 0.38623748397725 4.36962558573955 1.52549020653295 0.7645209245506 0.8908548073137 1.4613114722647 0.64123471872995 0.86281762931125
1.0196428571429 0.6363095238093 0.22023809523799998 0.5098214285714 0.1836309523809 0.0 0.3315476190476 0.4282738095244 0.4869047619043 0.1836309523809
6.7430819998422304 2.3945803226630296 0.3265948610635 4.08590858235751 1.6705818200244 0.5937955844425999 0.46089467353081004 0.77365257253204 0.26868238013591 0.6822272034066001
1.3705248151122 1.0409872583092001 0.2957854406128 1.143366301345 0.5468947696702 0.5152811191309999 0.0232558139535 0.5280049897543 0.1701149425287 0.3657845495854
3.6294348767246998 1.8854060794269 0.22567993600580002 1.4240518539412 0.6313899868263 0.33877517410150004 0.0499341238471 0.5968026538676 0.0673254281949 0.15119988706930002
1.952380952381 0.7142857142850001 0.047619047619 1.619047619048 0.523809523811 0.095238095238 0.095238095238 0.619047619047 0.190476190476 0.14285714285700002
1.0831856315719 0.6932234432235 0.24725274725270002 1.5466146756474 0.764976958526 0.1696207018787 0.16208791208780002 0.4358678955449 0.5949722320685 0.30219780219799997
0.457802197803 0.167912087912 0.34373626373640004 0.4257142857142 0.10791208791200001 0.065934065934 0.16989010989000003 0.511648351648 0.42967032967030006 0.31978021978000004
0.40476190476179996 0.3227513227512 0.0714285714286 0.7248677248676001 0.23703703703700002 0.0714285714286 0.6169312169312 0.1084656084656 0.9026455026456001 0.5396825396824
10.108315457250429 4.16237907302249 0.73247447215405 5.1711185374941 1.1634413319837402 0.7410098181057401 0.6201089023374201 1.46687888552653 0.40589281137743 0.42838071075535994
11.8898904589859 4.5406540492745 0.5435798327994 4.2663537458178 1.4395711023377 0.7624908658481999 0.7747465265058999 1.5656828320711997 0.4384770838127 0.7785535025467
2.0645292065588 0.5846075178129 0.7337108756559001 0.5345018293202 0.3362971156304 0.1209353306539 0.5712617387629 0.4681074335625 0.22711931705379998 0.35892963498700003
11.197078090425169 3.0557416890991003 0.8587268340223501 5.51024855517688 3.68992140007714 0.5973313969929301 1.3545366116204303 3.0031408363429697 0.64707137754004 1.0862032087058
1.5334390794279902 0.66842355057087 0.26487730955268 1.15889807575437 0.6003255647428001 0.30970699173189997 0.038364182882390005 0.8533709689511001 0.3154689048199 0.25712537156829
2.80478765417178 0.54420074123637 0.06318731393159 0.73376268303075 0.22218846831530004 0.180387629868 0.027522935779790002 0.24564068290929 0.05401300200499 0.12430888875387999
2.1927810252834004 0.8687267528142999 0.3297943932425 2.5755538526754 0.5624419768443 0.0682260091917 1.0972318384136999 0.6089701203306 0.6020324511323 1.0942415800757
3.0101154348328 1.24935257423418 0.28644733346462 2.27879055504808 0.7486939027658 0.55959206093318 0.1863138881517 0.8955221907433599 0.2860902010623 0.4990818587678
1.4528656126488 1.0279644268777 0.5378458498022001 1.0946640316204999 1.5952569169929998 0.0 0.3653820816863 0.6173913043478 1.2655467720721 1.043083003953
1.88152591510087 1.1580793676980399 0.24716375578424998 2.50465701872196 0.6772397294201 0.24319419237739998 0.34899356541781 0.65598557522274 0.6053554733230699 0.67780540693524
13.885856899434401 7.1800051563524 0.8127739970657002 8.540388571025598 2.6907733903102 1.8864096868697 0.8775095369704001 2.4624616782237 0.5492572165065 1.1145638672443998
14.76229457663312 8.02366015909753 0.98214040805701 8.44926316879674 2.61607572835731 1.6242497717086999 1.41801754069931 2.51792332908803 0.7086920754618099 0.89768324209651
0.75212580081631 0.54735650035562 0.3907073060246 0.42200867145493004 0.30913091309151003 0.14594577104764 0.25030738367941 0.43566297806233 0.20397333851011 0.54278133695681
17.116159210631402 7.9017155839444 0.738117745429 9.9057003954042 3.6234825214118 1.9198256142657 1.0360929247979 2.8552310816291997 1.4450985455177998 1.4585763769728002
1.3014358586829202 0.3651048554702 0.067825429813 1.07944454940428 0.12072548649152 0.3128660495 0.0678254298129 0.2943510296621 0.2116002267144 0.1788210844511
8.498224278199102 2.5870804692152 0.21534383542180002 5.7642418242568 1.0891455176702 0.7090344013882 0.22346868176379997 1.0301874134264002 0.32101395249729997 0.562259626161
2.4235826873863 1.8198275179468397 0.33128729976126003 2.86104878066762 0.89143926261646 0.23617512680226 1.13814438901576 1.13650528351378 0.50164451728476 0.6603451350067
4.4846168834945 2.7599029549547995 0.2832986623106 5.3666888981993 2.3324754806049 1.1009451754908999 0.36673854865190003 1.0504720949766 0.6777396844164001 0.5771216169047
1.4160959521032 1.6103124928363999 0.4325312214428 1.4821776568102 0.7232926873219 0.1182861204181 0.5676980469608 0.5494974109042 1.292310665239 0.8077977459637999
1.4763291074968 0.8720307713137999 0.2795639472513 2.4847538217105 0.6602509061079 0.1676884277515 0.5660480320877 1.1832524472821 0.5986470704207001 0.7114354685752
10.512804238645499 7.511463392083999 1.1121275573323999 10.3150907964264 2.8555672299565007 1.1241903167002 1.8938359017847999 3.1686031936165 0.9450113073261 1.5613060661278002
7.44363360948522 5.47138686158503 0.5640273795042999 6.77693818804634 1.52335572450706 1.21355594678326 0.6833180172311499 2.58366162685014 0.8471728101300401 0.8929498358763399
0.2933333333334 0.3199999999998 0.1066666666667 0.34666666666720003 0.1333333333333 0.0533333333333 0.08 0.2933333333333 0.2133333333333 0.1600000000001
8.68668191910514 4.856027900453981 0.50471729544303 6.37279409045765 2.67282512079127 1.2085775329224502 1.03147972971142 2.2860780311431603 1.10969061343049 1.27112776654213
1.7649765258222598 1.0303286384972201 0.20431924882626 2.08694835680738 0.46140845070456 0.39877934272216 0.076807511737 0.6457276995310001 0.0834741784036 0.24723004694821998
4.116217574422201 2.171604288315 0.5030630803098 2.8476596152004996 0.9267852014949 0.49005695414890005 0.336890973485 1.1722982674468 0.195761941227 0.2396621039529
1.8348022348023998 1.6094202094195 0.6879194879193999 1.3889295889288 0.3093129093131 0.12592592592590002 0.5372849372841999 0.6983608983611 0.1769489769489 0.6310948310945
3.1984362510013002 2.0980015110716006 0.39887370805090006 3.7754239590782 1.7581309513795 0.5480584830373001 0.5940374893067001 1.2490339307506 0.41658787005459996 0.9634158462696
1.2874380521451 0.6060214295506 0.4041331217799 1.7680084621275998 0.6876221817393999 0.4355252590554 0.5661985073755 0.8130261894959 0.5520832109063 0.879943585826
1.1912485041892 0.9968887116071001 0.45175109692840004 1.3389309932188 0.6543597925804 0.22165935380920002 0.3677861986437 0.5590506581575001 0.5468767451138999 0.6714479457518
8.5776380308035 6.844504054963502 0.7751217389944699 9.396544780176189 2.2671406919715 1.1853445730705001 1.2453533967106 2.58781542953918 0.80082260980908 1.3197146939649
5.53692904658374 4.06237454362385 0.47901812766409996 4.60045129464531 1.13659877400833 1.0422203842970799 0.78227930439492 1.3300492635388 0.40854298625309005 0.62153627498739
1.6233793860127 0.7059694777998999 0.4551457611103 1.2350640917323998 0.9105728459499 0.36960584143639996 0.6741442730664 0.6727494610677001 0.43266429041090004 0.9207045714087
6.91433998774286 4.90346316517043 0.42869821607107994 7.11139013936565 2.7498371286264804 1.40393619369231 0.7800588551600002 1.9499484455000902 1.24863459235638 1.50969327631261
0.9627054361567999 0.801689460981 0.15785541891729998 1.3320882657155 0.2620388461095 0.1846914147799 0.13130674635099998 0.7358924261581999 0.1829674750026 0.2487645098265
2.4494781963816 1.5635121672268002 0.1537701204882 2.3619342473831 0.8519929502897999 0.3176870429193 0.1650136928772 0.6253144000815 0.1576691282572 0.3536280540925
1.5971439655644 0.7239936450453 0.4486754355174 1.9843620106795 0.7052243631196999 0.38585099111419996 0.9343767896393 0.8514160093109999 0.5010229812859001 0.8679338087233
4.1651004260521995 2.5970622844395996 0.42042604990829996 5.5345993102073 2.1687664840735 0.8650994116453 0.4030604585105 1.5473990667470998 0.41279164130619994 0.8856948671124001
0.7750000000004 0.4916666666665 0.2999999999996 0.9833333333326 0.4999999999995 0.07500000000000001 0.2833333333332 0.5833333333338999 0.5166666666666 0.4916666666661
0.21554621848726002 0.13554621848738 0.14050420168057998 0.50546218487384 0.17151260504208 0.06613445378156 0.06126050420168 0.15268907562999998 0.32428571428538 0.22705882352950002
4.537291709476 4.3056709594487 0.43486711125630007 5.8052687482762 1.5764461289635 0.7295466977336 0.9856921473853 1.8087760826257 0.4151635678412 1.4012768469912
3.5719760252257595 4.16958978794482 0.43110870585832006 4.82500332015532 1.1921482178018 1.33956001125706 0.76252301946468 1.2239739231295401 0.6471469113221601 0.8369700778321001
0.6320326678764 0.5599667271625 0.4230187537809 0.40078644888090004 0.1394434361765 0.0689655172413 0.0526315789473 0.4060798548094 0.0868118572291 0.2302631578946
5.75498384010713 4.573541112445319 0.4249977130406601 7.629812886704 1.98461174756719 1.20727271914527 1.0615826939896902 1.7650120108446101 1.03301338636557 1.56517188979149
1.2518455736843201 1.3751691705035498 0.19006518590041 2.17663695839946 0.35959103243321 0.35450316578350005 0.16031242986629998 0.91235352724784 0.11689426758502 0.10262868859691
2.2465703772000998 2.0451375169832997 0.33309075231639995 2.9175021922359 1.1202109948302 0.3623496250971 0.32113449119400006 0.8857505321581 0.3573617991746 0.41089171881349995
1.69555222388684 1.6302161419292198 0.6695402298845999 1.7294352823580201 0.4550537231381 0.12953523238373 0.92564967516341 0.89363443278321 0.9817653673175201 0.88961769115501
2.5628291206953997 1.6458943256944998 0.5102149973053199 3.4687379646445198 1.4485510357295 0.87041212673642 0.47162651618984 1.29347373347502 0.30493518365726 0.42332499587385997
0.236046511628 0.34612403100780004 0.0565891472868 0.7213178294591001 0.2228682170542 0.0697674418605 0.2263565891474 0.2992248062021 0.4224806201559 0.3992248062016
0.4845429080722001 0.5770817417877001 0.2452253628724 1.0324420677365 0.316653934301 0.08744588744580001 0.2764705882353 0.3657499363382 0.2407690348867 0.3736185383246
4.1549708296736405 2.6188096528043205 0.18837895476694 4.68332285537618 1.2524980709660198 0.7558455607262001 0.7383005655292999 1.36462951392256 0.64067456554716 0.60256943069114
4.622703543369671 5.098640468198541 0.42990684636238 5.01766301476002 1.98749084284267 1.1537251074935702 1.0183245997870398 1.6892060680779102 1.1214066076281701 0.8609329014816399
0.2199546485259 0.4058956916097 0.7165532879812001 0.5170068027207 0.2312925170072 0.0 0.21995464852590002 0.3333333333331 0.7074829931966 0.6485260770969001
4.79966497445694 4.00001417231208 0.59463156556061 6.00608990775809 1.642370901684 1.2463728515431103 0.8823901403355899 2.0160730057757097 0.76289613847829 1.0494963420873902
2.5609677505893003 2.0556092010497 0.2394579546383 3.381183701934 0.5672439204132 0.4965405715222 0.33274605635 1.9898257086140998 0.6280870864002001 0.7483380484890001
0.7666288245365701 0.44500483882988007 0.05031452393354 0.72785304846288 0.27764646765435 0.11620170475697 0.07196363433325001 0.37924793419219 0.09414780763776999 0.07099121566288
1.8750118317143 1.6644855159237002 1.1563267775343 2.8222012337928 1.0470058561837 0.2777777777775 1.6321941964939 1.0828693243777001 0.5930569444955001 0.8490705417071
2.4328061719535 1.6210771456825 0.0535714285714 3.7553607960722 1.3860281891736 0.6890629022378001 0.6849310976094001 0.8949454509956 0.35022402409590003 1.131992793605
0.48035348360630004 0.2631589977643 0.14779247391939998 0.5948421199703 0.21284929210140002 0.0632684426229 0.1152570789865 0.2699515648284 0.3923947466467 0.4601317995527
0.8113970588232999 0.6078781512600999 0.5195903361351 1.4851365546217998 0.3982142857146 0.16066176470590002 0.42925420168050005 0.449789915966 0.5431722689073 0.5949054621848
1.6348495697974001 2.2163928143233 0.253340132687 1.9856524472856 0.7771162234032 0.5015125056728 0.173368298368 0.8263780436659 0.2622944661672 0.3690954986283
3.0821564825408503 3.8146979904553504 0.3441300972236 3.4198373503896002 1.4750785295033002 0.8192532793204501 0.89892587495885 0.98994857860645 0.3686327429755 0.7873390740239
0.121568627451 0.3921568627447 0.8151260504199 0.4137254901957 0.2644257703079 0.34845938375319996 0.3803921568627 0.6072829131649999 0.44705882352930004 0.2098039215686
4.1512457776418 3.3001383043063 0.178056713906 5.0425809765727 1.1121282728103 1.1061647192868 0.6733763730165998 1.4986848056414 0.8461705846818002 1.0914534721406999
1.08217825787974 1.24496338552432 0.30717643726969995 1.7138228749451399 0.47787838329873994 0.6808658008666 0.13812355868432 0.89554072096132 0.14746935307684 0.31198122749513996
1.0852564102574 0.8320283882781999 0.0955586080586 1.2456959706966 0.5129578754578001 0.2970924908423 0.162065018315 0.5968635531134 0.0153846153846 0.15709706959710001
0.8403138528146 0.4021645021644 0.33273809523840003 0.8009740259739001 0.2837662337662 0.09431818181809999 0.4601190476191 0.38598484848459996 0.1392857142856 0.2603354978354
1.9724700539407 2.0148202813348 0.1365794025022 3.3557564098031003 1.5260512663361 0.7348069209346 0.2552350037005 0.8470188722811001 0.45295007635170004 0.7043117128177
0.3472222222219 0.2757936507939 0.16269841269830002 0.9285714285715 0.2162698412698 0.14682539682520002 0.25396825396809997 0.8214285714282 0.765873015873 1.0813492063494
0.38909334225529996 0.2863834058213 0.1552358648377 0.7373703579797 0.37671462027429997 0.0327868852459 0.1923720307795 0.179993308799 0.4212111073943 0.2288390766142
3.5759176392622 2.7679866025540005 0.2663189071523 3.5817944215376 1.1923802506235 0.7612422491111001 0.33238377247559997 1.4287544592615 0.3737388809678 0.7194828170535
4.7213995921676 5.6142167333113004 0.4395455467547 5.4437003590937 1.6433052413317002 1.4164749491175 0.749256442555 1.2810559705646 0.8477221262178001 0.8433230388855001
0.0 0.153846153846 0.0 0.0 0.0 0.0 0.153846153846 0.0769230769231 0.230769230769 0.3846153846152
4.7515222823517 2.39594125174086 0.17520268407936 3.47753084819772 1.0795657770529599 0.24022206945512 0.6581192015121999 1.46597095576448 0.28607437338776 0.46985055645630003
1.3921550658363002 1.2201682415885 0.2068766372428 1.8959478502934 0.8924464194639 0.25422462759479997 0.289069483949 1.5642490943836003 0.5172382788511001 0.7676243007948
0.7427487213328001 0.8575592586483 0.0344827586207 0.9052521586095 0.3123246988945 0.1834680745751 0.09985150965180001 0.6275752076119001 0.0114942528736 0.22524335918149999
0.1159420289854 0.1304347826086 0.0579710144928 0.21739130434770002 0.072463768116 0.0144927536232 0.2318840579708 0.1159420289855 0.0289855072463 0.0144927536232
0.8687060523012 0.8058674824203 0.2845070422533 2.1593822361009 0.7218617891371 0.2800904977379 0.45254604550370003 0.9223440188641 0.26254965691590004 0.24214517876480002
0.3137254901957 0.0196078431372 0.078431372549 0.1568627450981 0.07843137254890001 0.058823529411600003 0.0196078431372 0.0588235294117 0.0980392156862 0.1176470588236
0.7139127561133 0.5186054196964001 0.24894249834749999 0.8706212822205 0.2591870456048 0.067415730337 0.26424322537980005 0.6091870456046 0.2558823529416 0.1920026437541
1.24069093000764 1.1262973654577402 0.13112166523158 1.51029302833932 0.46034035203498 0.26615079389512 0.25213945848089997 0.40536194772929995 0.15675704487866002 0.45084741394488
3.3082927302327003 3.4108761302350996 0.07314118629909999 3.7114386812894997 1.5432728584631001 0.6958123528518001 0.5567141767764 0.9974304711453 0.22564734027549999 0.477374072436
0.1842105263159 0.07894736842109999 0.1052631578948 0.31578947368480004 0.0263157894737 0.0526315789474 0.07894736842109999 0.0263157894737 0.0526315789474 0.078947368421
3.5399820285167998 2.7998661966852 0.34601093962060003 4.9275637126482 1.0508972991952001 0.7788755259211 0.6890937884027999 1.3495844904099998 0.9166340498096001 0.6014919687902999
0.1904761904762 0.14285714285700002 0.0 0.2619047619045 0.047619047619 0.07142857142850001 0.0 0.1904761904762 0.0238095238095 0.07142857142850001
0.3067915690864 0.42583918813390004 0.0 0.47501951600259995 0.339578454333 0.1206088992972 0.0163934426229 0.2099921935987 0.0491803278688 0.0565964090553
0.5769230769231 0.2010489510488 0.083916083916 0.795454545456 0.1800699300699 0.227272727273 1.0075757575750002 0.2517482517481 0.1858974358978 0.4900932400934
0.51022816679758 0.5564122738000901 0.03245476003143 0.86801730920515 0.3326121164439 0.10542879622335999 0.24331235247843 0.9697482297403599 0.3707317073168 1.0110542879642002
0.3644808743172 0.3544626593807 0.1830601092896 1.3225865209474 0.24335154826949998 0.049180327869 0.16029143898019999 0.4264116575591 0.44808743169439996 0.4480874316944
1.6934225963704002 1.0896996746374998 0.4052425100087 1.5808386854879 0.6359651414557 0.2793971721275 0.20184936560349998 0.3417781245084 0.35671879724719996 1.4150879325566998
