3.1304060811910004 2.0281159289967996 0.2041740763911 2.7309105515958 0.44352715678960003 0.5340359630517 0.6651352717869 0.7070617930107 0.2725598169742 0.28407336020959995
2.67521457235324 4.04211372992824 0.20519052057061998 2.3073905717955 0.45767966134042 0.38357560179192 0.18178571428569998 0.79822592611964 0.5590382769508999 0.38978542486472
0.904761904761 0.9307359307351 0.6493506493500001 0.7402597402593001 0.41125541125500004 0.1428571428571 0.108225108225 0.683982683983 0.25974025974 0.168831168831
3.5392588556508597 2.0192959912408 0.22055940016998 3.3057792718314203 0.46611570487810006 0.51529812427238 0.8057672149829799 1.3433695709864 0.28978770758448 0.49476815840337995
0.8151476251606002 0.974822032908 0.3521414400743 1.0240109697747 0.3796534017983 0.08825417201529999 0.0394736842105 0.3918485237495 0.2973509160928 0.6372972342154
0.6738173817383999 0.37137880454754996 0.0383204987165 0.51127612761295 0.05619728639525 0.1414558122479 0.0 0.0859002566923 0.0561972863953 0.06545654565455
1.9452483060802002 0.5767232662731001 0.0719640179908 1.5485919830764001 0.6361993421913 0.1392675755145 0.8782469230498 0.2668723777641 0.2698708785138 0.6670153295444
0.9464217374667 0.25677382319159997 0.3211442786066 0.8890929965552999 0.179104477612 0.0149253731343 0.46492537313460003 0.11940298507460001 0.30099502487560004 0.507213930348
0.1063829787234 0.40166061235080003 0.2376751427087 0.4198235599375 0.1733264141152 0.0243902439024 0.1977166580175 0.2615464452514 0.681888946549 0.4955889984427
0.5681965093725 0.37905623787980003 0.5857258287930001 0.7093360421092001 0.2742589343429 0.23416289592769998 0.12086065195290001 0.3788969433927001 0.46052036199089996 0.28898559423750003
6.1906103137708 3.4586234000414007 0.5609597373413999 4.329089918514899 1.1152695766131 0.7629459075472 0.7592891789396 1.3150224764263003 0.6762816672986 0.8319078235005
4.23208622413906 3.47091530001123 0.29689821565593 3.1025903253092197 0.8626416413667899 0.73324785713232 0.49201455023145996 0.77988704933049 0.25841110235507 0.77130773447142
0.5539513677814 0.1565349544072 0.131838905775 0.34460486322170003 0.23898176291789996 0.08168693009110001 0.09270516717329999 0.125 0.1854103343463 0.08928571428570001
5.02447966466492 2.57805341402836 0.55028931723016 4.221118924286801 0.7430158468022 0.6489490824842 0.5441857134229999 1.2711346661653202 0.43447154171546004 0.9843018291994199
0.6829721362241 0.29442724458239994 0.0904024767802 1.0256965944265999 0.119814241486 0.140866873065 0.0609907120744 0.3049535603712 0.1241486068111 0.1557275541796
1.7242359630425002 1.1254442075326998 0.12430703624729998 1.0292110874181999 0.2800284292822 0.2676616915422 0.0223880597015 0.32814498933909997 0.0 0.0985785358919
1.52708484436935 0.3804983869535 0.10542506418809999 0.83223882491025 0.23406836602699999 0.0323626613456 0.33093208796775 0.27484906066974996 0.1426733573348 0.1398673462353
0.899595203937 0.9863189178123 0.3794066407063 1.1138809182214 0.40379688460749996 0.1267421602786 0.1023519163761 0.268779463005 0.32186411149759997 0.3972637835622
0.2885623148779 0.27753474595570005 0.326930963773 0.1745272271587 0.2381863750286 0.0903167008429 0.3185691501477 0.3130553656868 0.7601048074732999 0.2122123490544
0.8905910099467 0.5024018991762 0.22061785287570002 1.2662551009339 0.1977842945583 0.1554252199412 0.7369516982418001 0.42788483917479997 0.4007304225048 1.2013576626486
4.73620512722447 2.29157548222387 0.48575240070486997 3.07113482381597 1.13436128511472 0.62716878656977 0.43986254633375005 1.57750317611582 0.21411099908556 0.42232537281457
7.458102045702681 5.063737692739941 0.4588475790022701 4.82539642104357 1.7835138748087398 0.6723657700615701 0.6546564440436401 1.25004089366834 0.75554494503207 1.0777943339007099
0.7331081081081 0.652027027027 0.108108108108 0.366554054054 0.14358108108099998 0.0 0.20608108108099998 0.5118243243242 0.1351351351351 0.14358108108110001
8.886905670593599 3.3075527545133996 0.5763191807769 5.6183433639682 2.3163890699888 0.8095604760124 1.0324226099131 2.0770316973446 0.9985007000290999 1.3769744768598
0.9345094894428998 1.2095696337883 0.344827586206 0.8866613205026 0.6212242715868 0.5650895482498 0.0232558139535 0.7594226142750999 0.1724137931034 0.4830259288963
1.755599472992 0.5986824769431001 0.1105401844531 0.7005270092222001 0.143346508564 0.2772068511202 0.032542819499300005 0.2687747035571 0.0412384716732 0.07154150197620002
1.10873015872979 0.44404761904786 0.11349206349203 0.86706349206363 0.23174603174619998 0.015873015873 0.36031746031800005 0.47817460317479 0.25119047619043 0.1293650793651
2.3480786607432 2.0923723335479 0.24184981684971002 2.3637804004971796 1.37135472054953 0.37179782582978993 0.21147920706738 0.69072432943337 0.93685402200498 0.37170868347284
1.2061183977333 0.4288124778444 0.8683729174044 1.0478341013822 0.43332860687710006 0.2293512938672 0.4314994682733 1.168153137185 1.3435306628844 0.8429989365466
0.7194749694753999 0.4421381088046 0.2031271197937 0.9531271197953001 0.242979242979 0.1290530457196 0.19637769637749997 0.27869352869340003 0.4491249491253 0.3859042192374
10.690382683712432 5.58729612031723 0.6731830654794201 6.623867865436541 1.65352872420541 0.8698216479218099 0.88503272239162 1.9315732578691298 0.49822975442899997 0.58708415823563
7.00142960292448 3.93904014354052 0.65029251885887 3.62522685263168 1.38163177328324 0.65785703970784 0.7411180967623401 1.5616944303328397 0.5709641605100699 0.87074538145304
0.46557971014547006 0.32246376811598004 0.22644927536258 0.07971014492756 0.1014492753625 0.13224637681159 0.07971014492760001 0.21195652173909 0.07246376811598 0.30797101449277
8.42397939067057 2.0284516531511296 0.75884287143124 3.8306672652148896 2.48827188540932 0.39995904026475 0.51491893075726 1.8234024562033297 0.9749013900982899 0.7566051167951601
0.81433038331719 0.30941678997197003 0.15836101882608 0.77260671710577 0.3273216263253 0.13874386964080002 0.11639539536739 0.6559972826354 0.2915119536186 0.41531496319449
10.418638590563999 1.8483769486812 0.165507429179 3.4372959304353996 0.8344456523329 0.5579249715919 0.1604200470087 1.0180692218427998 0.25368697273780005 0.30563423563360004
1.6312653031839799 0.8103387322746199 0.42880500962382 2.15181739620066 0.721359315465 0.06659912534524 1.5458686315835402 0.5164472392077399 0.5502926426888399 0.57720660442794
2.6086427151853 1.69527174710628 0.48659835616328007 2.26621740815044 1.3543496285646 0.7423244978134801 0.10938996969392001 0.6355523542105 0.47071921420518004 0.63093410890698
0.87166503521208 0.56951967262116 0.42158754112603003 0.5268877287434199 1.1231149903469602 0.0243902439024 0.22981279060283 0.44355439541013003 1.0270970987323 0.7623705033034601
0.6083743842359001 0.3366174055826 0.08210180623970001 1.8637110016425 0.224137931035 0.0689655172413 0.0862068965517 0.3152709359603 0.09934318554989999 0.3152709359611
11.848897522781341 6.6495898591059595 0.7521628012735001 8.80409472161012 2.83456918862288 2.1007268281513203 1.1922526868795802 3.0479959677967403 0.58328197711924 1.18642844665978
16.562533279510497 7.092709521317182 0.83242166807252 8.48614319212826 2.1295564218233 1.4966409835785002 1.19798472143676 2.7373160595839203 0.61199244211672 0.85270171042738
0.47058823529469995 0.30065359477139997 0.1437908496733 0.2875816993465 0.22222222222299998 0.0522875816992 0.1045751633987 0.19607843137250003 0.1307189542484 0.0915032679738
14.908255851656062 7.13221514539791 0.6656762883377101 8.92015109009801 3.50055538058251 1.90769880310759 1.26176506025352 2.3053591150809 0.9557733609521799 1.44254990453523
2.4408270581997202 1.044731136362 0.21143603861330004 2.25500211420268 0.40794670409212 0.6472542351535 0.12810270528 0.5659755022360999 0.5836617095352999 0.7150627963251001
5.4001843752525 1.6463030578532998 0.12224361575340001 3.3885916066842 0.7353067319384001 0.42316003811409997 0.1420874407531 0.5843510331088999 0.2503994035578 0.3073726969868
2.9067331499417 1.9749645243420397 0.29674721487815997 3.7210499541697204 0.73649783993956 0.26713602961616 0.9099959800888601 1.07972732971118 0.48969435201626 0.6174536252965
3.5890494209819197 2.1574898354000798 0.1571626403486 3.6364138046516397 1.5318250523444799 0.9529182021877002 0.34916611920776003 0.79809441544078 0.44954162685208 0.37833888258426
0.8571428571444 0.8367346938795001 0.2653061224488 0.7551020408166 0.4693877551032 0.061224489795900006 0.2653061224489 0.36734693877600005 0.6530612244890001 0.4693877551025
1.8069721230193 1.0496582657704998 0.4339577867671 1.9830974424932999 0.8252859633384 0.16148000203090002 0.47800104940630006 1.0049999153694 0.8443712868774 0.4121761649259
8.620101583956501 6.698500245752699 1.0268572245811 8.3183036988024 2.6639376037808 1.2823726031727 1.4990693298525999 2.7998061499084 0.9220082491657001 1.1690433110216998
8.88035775405506 5.77766490960413 0.78215712426367 8.232460065264119 2.11049175225682 1.2591858837772598 0.8536031896495699 2.22222912261306 0.8266395056190899 1.05521069289103
0.9671428571432001 0.9742857142857999 0.43571428571430004 0.9461904761907001 0.2890476190477 0.1290476190476 0.3823809523809 0.5261904761905 0.7276190476191 0.622380952381
10.045911987477501 5.33854611706754 0.53059698887886 7.35130829232944 2.61761404890446 1.0757810298667 0.98553783004706 2.4924401288632 1.0999578391379798 1.46230573743626
2.11896713615156 1.02112676056242 0.25671361502336004 2.55906103286818 0.47530516431906 0.49962441314476 0.0861971830985 0.7120187793424001 0.0661971830985 0.20478873239422002
4.646018898925201 2.3967698512287 0.529553146535 3.3377258403671 1.125460698184 0.6225072852746001 0.3766260728227 1.3444836979105002 0.2884771730149 0.33237733574089995
1.4959249409945 0.8926980166411999 0.2331162838202 1.7426909032551001 0.2466878973921 0.0718831507563 1.4028869409145002 0.41708453257760003 0.14252310026929998 0.3545042333772
2.88572012834911 2.19577664454163 0.28280358169573 2.91864453106683 1.2457468168529 0.43247217340850996 0.26404157375831 0.67952690479091 0.47584686636673 0.6194207791661099
0.5260719672489801 0.21477542065757999 0.16089009030164 0.63106305459227 0.2908699143991 0.12952733540960001 0.25368748898161 0.29474838886581 0.20545337015924 0.29291296938340006
0.7068616295433499 1.06968615468405 0.41355297988585005 1.2737252121497 0.600424209343 0.12049209581585 0.5796219580394 0.6669153674341001 0.56625937963835 1.00246101346895
6.357157962503759 5.23054341219464 0.7582917392578401 7.0977056872916595 1.90509934240946 0.9087202491642 1.2580249583969803 1.822106447327 0.66408780845462 0.9982623930010999
5.96100233270326 4.74974227562936 0.6038572586387001 5.5671291996912 1.3602403678686799 1.34716775210596 0.96312449567028 1.3546748504877797 0.46051406793196 0.6325473992702
1.3094611897422002 0.41014638197690007 0.5106354754238001 1.6285905440829 0.4436821584705 0.3192372910679 0.7834657412123001 0.26616373095220003 0.6630726208193 0.6655448662490001
5.59039061203028 3.71565197039711 0.47648440213042 5.565995166295661 1.5475648456429598 0.97411209888726 0.63501343104222 1.5394159291917902 0.8780148836589599 1.0773566607228402
1.2841483737494 0.9136162510063001 0.1904522468681 1.6332605447646 0.2876968164578 0.28251063096249995 0.1209631076885 0.9270773474327001 0.1470951614756 0.213179519596
2.5535440651548003 1.550610036678 0.1454940828004 2.1027032822700997 0.9151454840315 0.5766209195002 0.1432837887945 0.5366546937748 0.18164841694250003 0.2942952300537
1.0778036567512 0.5848170321849 0.215106373001 1.053897738108 0.4367910420543 0.057933294775200005 0.6559928928343001 0.43263303789589996 0.17747591431780002 0.30754901807519996
1.37370257658822 0.90342429160744 0.20590992087634 2.6071799553664596 0.7781750862238599 0.2472678704267 0.22850848718462002 1.0047467369980798 0.24442246567914 0.40666260904828
0.11869369369372 0.3308558558557201 0.16846846846840002 0.23738738738748 0.14774774774769 0.02500000000003 0.16441441441449 0.28513513513533 0.28513513513520006 0.23716216216216005
0.6585797281875001 0.3874686170765 0.2621267766364 0.9555503682955 0.2894667496626 0.1669457412598 0.15247743541839998 0.347680257288 0.4479541446204 0.3317501815543
2.43854025890135 2.84058608485465 0.20447138421318997 3.75834917462215 1.0866707812024798 0.6497974183135999 0.31275307228444 1.01061064180089 0.1313485655645 0.56687261824328
3.94423476464156 3.9088283045232206 0.48693170171682004 4.60253900005572 1.2252497271272 1.26572765869746 0.7582088875336801 1.4304296559145402 0.5191380330841601 0.8587122667030002
0.42105263157899997 0.315789473684 0.315789473684 0.21052631579 0.0 0.0 0.105263157895 0.315789473684 0.105263157895 0.210526315789
4.7209488135827 4.125102852492099 0.3735645121445 6.2442662500448 1.3375143514428 1.4660293689337 0.7868980117559999 1.4195096656564001 0.5824420032670999 0.9437241706782001
1.2636524585239801 1.9289655213894799 0.17181870519620002 1.81572597752669 0.5392529843844001 0.22864711202989002 0.37790270950029 1.15696178145978 0.3249241577307 0.19214859225539999
1.2578698122281 1.0846855395815 0.16359922689229997 1.6180671639866 0.5834878309880001 0.24935527481470002 0.12339437819879999 0.6032646564522 0.13137309860930002 0.1849030182481
0.9455522238877401 0.91493836415152 0.6695402298849 1.25721306013702 0.46199816758270007 0.12953523238373 0.74509411960691 0.42835665500561 0.8498209228721201 0.59795102448771
2.04671517812806 1.5622254060144596 0.68085057502669 3.22236013932086 1.53888387090629 0.5437951343195899 0.5455210687498899 1.3741080181668899 0.6119316666879999 0.8736089426800999
0.9281704781703 0.6825017325018999 0.2668052668055 1.1247747747748 0.3588011088009 0.1118503118503 0.5304227304224 0.6776853776856 0.7972279972291001 0.5217602217607
1.23076914560338 1.2790956698888698 0.49715459306238 2.30227078973978 0.7704465185284899 0.2196875588178 0.4054560954816 0.89533773983869 0.5954650634958001 0.80431682554448
7.40259837858306 4.282493831369531 0.40422492995306 7.78457138713242 2.63606585194453 1.7205696764304 1.0710099496316001 2.1696976458149897 1.09369025479699 1.4350780943468602
4.80175556037739 4.482948525687341 0.54928503668883 5.0705580219203 1.8081611028079703 1.15314259351404 1.0834473686100001 1.79902286546384 1.2355216450843498 1.01615727984695
0.2167800453514 0.3836734693878 0.1260770975056 0.428117913832 1.0312925170075 0.0222222222222 0.1548752834467 0.3523809523808 0.1789115646258 0.1056689342403
5.261591693177761 4.40807044987586 0.41415217142551997 5.69178875414984 1.27115651562082 1.1735963559581002 1.0583616126284399 1.48012680684772 1.05121598388132 1.1899396564267
1.16848779000384 1.73540913159373 0.29968066814008 1.7112065436200998 0.53181036600338 0.64742487513237 0.12464389274259 1.1642032091299 0.26506803095608 0.35206549267705
0.86191654879697 0.5944130127294799 0.04756011315414 1.05198019801884 0.41000707213537 0.12774045261657 0.10404879773677 0.52590169731311 0.19315770862777 0.08327439886839999
0.3947845804989 0.2947845804988 0.11496598639460001 0.9308390022682 0.3226757369617 0.0555555555556 0.48594104308440006 0.2188208616784 0.051927437641700006 0.1297052154195
1.65888760172678 1.1697637442678 0.07341269841260001 2.7356837217996004 0.87601702998266 0.5984595737669 0.29244081277539996 0.9230797872290599 0.14481957057122002 0.52743545946766
0.8793118169392999 0.5371173310977 0.21029247391939998 1.4167171199701 0.36909929210150005 0.1570184426229 0.4402570789865 0.4616182314951 0.8653114133133999 0.6632567995528
0.8759131878555 0.6641761543322999 0.33149509803879995 1.421311669829 0.11249999999999999 0.16066176470590002 0.5143540480707001 0.47382985452209997 0.5795777988616 0.8661804237831
3.2056175217397 4.4892184944419 0.366047765524 3.8860746893301 1.3170717347375 1.2651016150473 0.8038050545941 1.4304072674903001 0.42923868014500005 0.8074171769502
3.7268273270052994 4.622857609768279 0.28116491861943 3.0570808937286804 1.3338783517464399 0.7517388463797 0.74098579644493 1.18238705915637 0.45026577522784 0.8528134219201899
0.454901960784 0.5588235294117 0.2960784313729 0.5803921568627 0.1215686274509 0.0627450980392 0.3470588235297001 0.121568627451 0.2470588235293 0.2098039215686
4.3583351519482205 3.19104554051788 0.19762890751230003 5.44388750303284 1.39349046485158 1.23328511250766 1.0219286972948398 1.24408105548236 0.67297585035882 1.24334171649322
0.74451592021674 0.9852231257845201 0.2162673463608 1.1423943035153399 0.36099526641584 0.4470995670997 0.12513654569732 0.60982643524642 0.13448234008984 0.23405914957314
1.0628205128214 0.8662545787544002 0.09441391941380001 1.2122710622709998 0.4742673992681 0.30407509157490004 0.15050366300360002 0.6640567765572001 0.0153846153846 0.15595238095230002
0.7639249639254999 0.3762385762383999 0.4433862433864001 0.8963443963441 0.1708032708032 0.0818181818181 0.4587301587301 0.34848484848459993 0.15132275132259998 0.3089466089464
0.9705624535938 1.0288552237170001 0.0932128812255 1.5918890768097 0.6771546627066001 0.35207903638320004 0.1251705029839 0.5460282429945 0.24323316283060004 0.37181475675840003
1.0943825910924 0.5479684788897 0.3165847310583 1.3118854829373001 0.47588924233679997 0.2873770965875 0.29222093695810003 0.7959080393283 0.9507663389256 0.9270170618864999
0.60247535984421 0.51843605352424 0.34270902632751 1.0428582965122801 0.39892889509280005 0.0786539790214 0.25890397613710003 0.43083643858910003 0.7398689832068699 0.58632899174337
3.7090819963712 3.1427449498591002 0.5366336759385 4.0653869787443995 1.1736528926904 0.9122535606540001 0.4947231227427 1.4959989906373001 0.483691471267 0.9858323610926001
1.7255026824883797 2.3580418237679095 0.14503800463087002 2.6810213917115497 0.6943554476282701 0.6091476196967001 0.23843314724754003 0.6669442928908099 0.51491497062557 0.36660061931050003
0.21311475409839997 0.1967213114752 0.0163934426229 0.21311475409800001 0.0327868852458 0.0655737704917 0.0327868852458 0.09836065573750001 0.0327868852458 0.0983606557376
3.1574792470658 2.8485206416085 0.1773588712681 4.492729152032799 1.2214305073831 0.37750543871110004 0.9315541009569999 1.605429483317 0.40161451318150004 0.7863780444648001
0.33409183258882 0.23388866314462997 0.0708655018285 0.41235270215323006 0.13563592035781 0.12238927265360999 0.05542462413641 0.37017472572129995 0.10085331166171002 0.16432344575389998
0.7572677775945 0.7438266512678999 0.0689655172413 0.9990210636312 0.2705824121431 0.22339547929359999 0.0762580432271 0.6015618984772 0.0229885057471 0.2361326513774
0.1159420289854 0.1304347826086 0.20082815734979997 0.36024844720469995 0.072463768116 0.0144927536232 0.3747412008278 0.1159420289855 0.3146997929603 0.30020703933719994
1.1118433072034999 1.1951585834771998 0.6951297528756001 2.2023686614403 0.8478044739034 0.48325791855309996 0.5715936645511 0.9024345166022 0.40540679977290006 0.5850023216218001
1.0084533113927998 0.32564764512019995 0.2943918826271 1.8353756790891 0.6381825746927 0.22778691896330003 0.3507380719346 0.46625247639440004 1.1597509657364 0.6934204740493001
1.097861544037 0.8252990213850999 0.0337078651685 1.2943095324409 0.5277274374773 0.18714510088220002 0.3742902017646 0.42020055575649995 0.0860215053763 0.1534372357134
2.060844562023 1.6272219640355 0.34974182191520004 3.2555501593053 0.6693781018412999 0.3802818702677 0.8605289495572 0.7998333657269 0.3274434829014 0.6691757224228999
1.3287704066097001 1.456798810953 0.1179601625788 1.6728683941726 0.6929549358583 0.5100308013821 0.2033146366086 0.6418561299396002 0.037679425837299996 0.3377662960601
0.9526315789469 0.5701754385963 0.315789473684 1.4473684210529 0.1122807017543 0.257894736842 0.370175438596 0.2789473684207 0.25789473684200004 0.4368421052631
2.94281501276432 1.61152094613154 0.19927454472112 2.7392363421633403 0.65231949972012 0.39742675713692 0.60216811721114 0.8284382855394399 0.45821499238582003 0.5685855022299601
0.4948240165638 0.1863354037266 0.1304347826087 0.4358178053827 0.047619047619 0.07142857142850001 0.1304347826087 0.32091097308489996 0.11076604554870001 0.07142857142850001
0.0 0.0 0.0 0.0 0.0 0.0 0.0 0.0 0.0 0.0
0.2774725274723 0.5439560439555999 0.285714285714 0.19230769230789999 0.1153846153844 0.0192307692307 0.4313186813191 0.0384615384614 0.0576923076921 0.0384615384615
1.3135060310098001 0.8419461320493 0.0809557331567 1.2284241287720001 0.6076412510420999 0.1702744272167 0.4568429334549 1.0407618179990001 0.3071703649365 0.9524771803631
0.8468107994906999 0.6256024574297999 0.29557986329280006 1.7443952577716 0.4069806997836 0.24510195921640002 0.2888108248765 0.5478567303244 0.9750404600072999 1.0238209478122
0.47669666291721996 0.39373828271477995 0.1362242219723 0.7281589801274501 0.2470903637048 0.08178477690296 0.14596925384332998 0.14416572928389 0.20406449193863 0.44210723659546
