4.6658967776452 3.3941609259448002 0.2667994593277 3.8811013037965 0.7448848258617 0.8886446450512999 0.9837546261543002 1.1080584420567 0.46709329482609996 0.5996056993354
2.38294373134961 4.204995351298931 0.23541536908251998 2.18417704909783 0.55784502815641 0.57190957364332 0.31525592495800003 0.87057177322962 0.34095734530261 0.33592885388391003
0.6190476190472 0.4783549783548 0.5064935064930001 0.1926406926406 0.36363636363600005 0.0 0.060606060606 0.44588744588800006 0.212121212121 0.121212121212
2.9277597290125 2.1329131647860002 0.2752906452424 2.6969750731529 0.4185094954988 0.301542054932 0.6678291494802 0.9659827828785998 0.2595507129404 0.35364719207719997
0.3414634146346 0.121951219512 0.0243902439024 0.31707317073159996 0.0243902439024 0.0487804878048 0.0 0.036585365853600005 0.036585365853600005 0.0487804878048
0.1833333333334 0.20000000000010001 0.0333333333334 0.25000000000010003 0.1 0.1333333333334 0.0 0.0666666666667 0.0 0.0333333333334
0.9711835942490001 0.8324361075273 0.286456771614 1.6434015550367 0.4857106330565 0.0462443197005 0.597913252676 0.5519751752033 0.2027997629091 0.3818788280282
1.1032147073706 1.1724101872146 0.09040310339 1.1075021082815 0.3659099342216 0.4258998144718 0.0565289256198 0.29120931017030005 0.0965289256198 0.2903929836395
0.6827942823272 0.697220209473 0.2929319544171 0.9700283248789 0.6491008497467 0.0 0.3286674132138 0.4863315987087 0.8821553257363 1.0107700414993999
1.1771170006456002 0.8404654169359 0.3990534675408 1.9553236679302 0.9695585926672 0.5871040723975999 0.2652507156707 0.5238572352019001 0.4104072398187 0.8718625911897001
5.399016356088221 2.4046163188664598 0.50325562298996 2.8388446874644 1.2351874764733002 0.59540507734726 0.8399624137517 0.95912287782436 0.36124010836086 0.86334906082726
3.8444799877911002 3.1696820188184396 0.33993783993764004 2.30500234725177 0.7015675872623 0.54034430531544 0.36951876625807 0.75661500950721 0.27686986926097 0.6959822685977399
0.6468085106386999 0.46010638297869993 0.24255319148930002 0.6803191489361 0.0425531914893 0.313829787234 0.8212765957446999 0.25 0.34255319148929997 0.2
4.067688040266701 2.2662029498013796 0.5881719604419899 3.3599038336261398 1.43406012330269 0.5056075226530801 0.6045354567945 1.1897495890351901 0.25825690853259 0.725823615543
0.2239564428311 0.7085299455539 0.09764065335739999 0.6700544464609 0.09764065335739999 0.24319419237739998 0.0631578947367 0.3502722323055 0.2584392014517 0.2871143375683
1.4841020461607002 1.1500018703469699 0.12564620506478 1.08342123966528 0.34188082145709997 0.26231997905226 0.01623461639171 0.34446938241147995 0.00877192982455 0.18315190962471
3.1682047764559 1.1557336160123 0.7406746897797 1.1030741410491 0.3926981355615 0.0647253226912 0.5460747022503001 0.47425952484840006 0.180083556775 0.17447153457609998
0.6433913337596999 0.6698485474839999 0.229809462964 0.9600323198928001 0.3329136758238 0.1552294336502 0.0243902439024 0.677439963922 0.1341463414633 0.1727986771391
0.48245614035059997 0.6089912280700001 0.2210526315792 0.9769736842118 0.3570175438605 0.0631578947368 0.23114035087700002 0.4725877192973 1.0311403508784 0.5554824561411
0.8267622461174 0.43010752688130005 0.1804062126641 0.9689366786156 0.2078853046593 0.0645161290322 0.1983273596175 0.2724014336915 0.2819593787333 0.5686977299881
5.2728068624644 2.5977776852059 0.4457915430761 2.8693963462782 0.47808967923199996 0.5375868459498 0.5664784849187 1.1908271191241 0.30514722069219996 0.736098213058
5.186873233568639 4.048729982720819 0.40561060443331 3.7325169608165103 1.1124612756120902 0.523459518154 0.5332638346328 1.17662610468657 0.44069141506779996 0.83976707030562
1.2857142857141999 0.6857142857138 0.942857142857 1.1428571428576 0.2285714285716 0.2 0.0285714285714 0.3142857142866 0.5428571428572 0.6285714285716001
7.7246590094014 2.9014214680242993 0.3118072861781 5.0786503279013 1.7731434816696998 0.6747291288797 0.7280030974230001 2.1635824810115 0.446576062902 1.197427656612
0.6486042692933001 0.7816091954032001 0.275862068966 0.5977011494252 0.6502463054195999 0.32183908045959997 0.0 0.5517241379324 0.2331691297207 0.9392446633820001
2.38844579333892 1.0805547713152799 0.17520468661768 1.02384952004466 0.28349802371576 0.40734754376146004 0.0401185770751 0.44004093732368 0.048814229249 0.1121259175606
1.9587301587294998 0.9190476190474 0.4301587301588 1.4920634920629001 0.33174603174580003 0.015873015873 1.4769841269843 0.6031746031745999 0.49285714285730003 0.27936507936489996
2.1870443400671404 2.11556776556754 0.30185439560438 2.6806606699764197 1.204267103864 0.80265715467286 0.18965201465198 0.82862681673168 0.43307633226928005 0.25659340659347996
0.3247075505146 0.1084721729883 0.1963842609004 0.2396313364056 0.1407302375045 0.0652250974831 0.1033321517192 0.2403403048563 0.3745125841903 0.20666430343859998
0.6752136752146001 0.33482566815880005 0.26889160222499997 0.5546058879391 0.288156288157 0.12074345407670001 0.1180301180301 0.2881562881556 0.172975172975 0.1784018450684
9.69512920867766 4.484392697308761 0.85619357648246 6.12231840399132 1.37778866059706 0.78240693080322 1.3953135117489 1.7558776638035598 0.818941460532 0.71163788606276
12.798689623217221 4.69692907369578 0.6267425091283401 6.691959230113941 2.2976581970064003 1.18042579321486 1.1523807139505202 2.01082639328646 0.6699106617719001 0.87447780461474
2.2154059956309 0.5284891800679 0.2028985507253 0.4333928925946 0.42207663291689995 0.0144927536232 0.6525709747867 0.6670637284093001 0.3093110978759 0.5542981933693
8.90316831097763 2.66560506227691 0.5520590236023901 4.01635226080181 2.66184023117244 0.51526781833749 0.56356512614348 2.0191360006028303 0.27808039038786003 0.8249257756991398
1.8577675868389 0.5171174957126999 0.1354840589845 1.6103055665335 0.38887501144900005 0.3333458230292 0.2099304838208 0.8707002997037 0.434833664187 0.6416400097368
5.2884735540399 1.0626378226420998 0.0919486554534 1.9169961856957 0.42293656647780004 0.2801424760779 0.0697550989459 0.5082079738333 0.14583194203049998 0.21306972480389996
1.7421263622829999 0.9493374621919 0.7372941571848 2.6001368284607 0.6757525565316 0.046485669019199996 1.1153799990389999 0.6562725046811999 0.6906980651979999 0.7865163954107
3.5514021561597002 1.9220335669084803 0.32051152892528 2.56435894844154 1.2760638718004 0.77622280289808 0.09272330302732001 0.7252936566185999 0.28212272297697993 0.48926744223978
1.0289766702018 0.5082979851535001 0.34286850477180003 0.9861611876983001 0.6072110286314001 0.0487804878048 0.27715623895360003 0.7361611876995 0.6924885118433 0.7718981972421999
1.7798807363237001 1.011753521735 0.27175697865320003 2.6277763373946 0.39700544464629994 0.15607985480930003 0.2336660617062 0.5017500648172 0.4414484487079 0.5788825512058999
13.23819095316409 7.557229425677152 1.07873047461348 8.815225242853991 2.7329434137006903 1.7952057821985 1.3887794026481002 2.5942417391868 1.0789298848353899 1.7205236811179803
15.05732434087072 6.8887470473403605 0.9341958262716499 8.738070387434439 2.11714637241546 1.3587123608004301 1.43520237778426 2.6688994556903904 0.7238071782716999 1.0778946531233
3.5893233040228996 1.9852582444928 0.9265879128373 2.8631812400506 1.1030144776494 0.5763747191792 0.8589596474781 1.5398230950390999 0.7306065499944 0.8268708092504999
15.541901916042688 6.781097666132069 0.6891340252188001 9.64120105540038 2.8777246251699005 1.6949061738041902 1.08893060037759 2.7100682326491796 1.2404531977155 1.73458250749899
0.95966370678429 0.28071666981528 0.05516720196489 0.79674412746381 0.09540903079531 0.22847786384508 0.05516720196477 0.2310598904215 0.16096731532229 0.13662699162408998
5.983637589138649 1.9937005599775 0.18469048687085 3.8039450363566996 0.8231410352144002 0.6680596653937501 0.20721527701815 0.5748859183506999 0.3967408669725 0.36398356470400006
1.1024287130559 1.029217929065 0.27282295856600003 1.0351794347705001 0.35796112137520003 0.0876057457559 0.6558617105374 0.6613690062843001 0.3952893186414 0.40226406194680003
3.20505104666392 2.22884862917633 0.26959123031177 3.9137682996738894 1.6870922898475498 0.7680066027606499 0.33132768265615997 0.9223053485176401 0.3334118483343 0.34059702205868
0.812189873542 1.1762549988695001 0.2284495887906 1.0617256050222 0.3745983708847 0.07066707279920001 0.5503620803158 0.2433749619249 1.0419266406615 0.4404508071891
2.3530745925113 1.3906958243776 0.32013845398689994 3.0250452768215 1.0235608740541 0.2790270983902 0.3973341683451 0.9405375670687 0.7535857551495 0.5170003892963
8.49808280522049 6.336705367242691 0.90113343011359 8.30968581250158 2.143068947727 1.0700536122701 1.4386332167006999 2.65272313712086 0.5375312090923 1.1123824620196598
6.653385068108079 4.826805334815949 0.6626811873238599 6.77955422735303 1.58055462821248 1.29382255922211 0.6600339341575 2.11440084036376 0.6890100276926799 0.73975219274941
0.6088095238096001 0.5342857142856999 0.18404761904760003 0.6561904761910999 0.4607142857147 0.13071428571420002 0.4073809523809 0.5195238095238001 0.302619047619 0.19571428571440003
12.71928634993386 6.87712501868436 0.62183602823086 9.60205052907546 3.7578183152092604 1.2998040115658 1.4082594578164598 2.8485957852691595 2.0220374721006604 1.84318703211226
1.0369953051642502 0.96206572769974 0.11286384976514001 1.0893896713604398 0.50028169014139 0.1637558685444 0.11136150234745 0.5731455399056 0.12469483568055001 0.32544600938915
5.620074713295001 2.5392041950013002 0.6103758042012999 4.4697067569741 1.4470632907706 0.9082014102086999 0.5736473666829001 1.7210562048616 0.5332713786456 0.5773988793635
2.6090178991581996 1.6385132864008003 0.6575893589978999 2.4302739514002996 0.47157537298359997 0.1733959311423 2.0391405151963 0.9242197552056002 0.38300009849289995 0.6732738310203
3.66675814004791 2.57837411042813 0.37064958559423006 3.60657338097003 1.4218335614909 0.55116125722901 0.58933884471331 0.8193222264290101 0.6331909209473301 0.76279797214811
0.8213660848955999 0.5112460088926999 0.283243031478 1.3169454075335 0.5167522673403 0.3059979236447 0.37251101839330003 0.59827780063 0.5066298407473 0.7670306164421
2.0153674973261 1.7647896893474997 0.5774968843217001 2.7889621977135 1.0186244066837 0.3310415048389 0.6883520401248 1.2998370113928999 0.8387386132233 0.6767901550297
7.22547822325026 5.40318763938334 0.7933460144022402 8.07697961593866 2.10688746958076 1.1108171040995 1.19727634228948 2.2040564445584 0.70662429730512 1.1753468491913002
9.77771657544574 7.62327808707321 0.7155079304435101 9.295123787862561 1.8607346992048097 2.34596125801411 1.04963892008301 2.20524926843643 1.0633111503464001 1.06347832309973
0.6579460382272 0.7616615334929 0.4439688087572001 0.9143048297969 0.1785306433192 0.1374191092499 0.5769722347183001 0.20555767034619998 0.5899124476593 0.5337266844307
7.780781257759999 5.1232320992048 0.6784264880566001 7.6939101370956 2.6651172234323 1.5617461215918 1.1454815703799002 2.2564322601797 1.3979178998288 1.6969549424704
0.73704171934254 0.6556717618661401 0.12688196758982 1.0179289736811399 0.22664061602092 0.1404436271693 0.10918285254559998 0.6031490633261 0.1652683599584 0.21779105849912
1.5789110700102502 1.0400109006931197 0.10483260289752999 1.59413238979834 0.5805673944226 0.2054227592152 0.12511783022622 0.39666959287682 0.1202359731772 0.2540994866847
1.6343304632793998 0.8374394098079 0.6687777016722001 1.7610655702756999 0.5641220443854 0.18235054419240002 1.3593728462147001 0.6167822220453 0.4233966602385 0.9523625378888001
2.53878036539918 1.5445999508826003 1.16352329393224 3.38531633404906 1.13693874064292 0.3086934469466 0.62223297135162 1.15187792976074 0.41095396738962 0.7370829996476
0.7103603603609 0.539189189189 0.40180180180120006 0.8540540540535 0.5144144144139999 0.05 0.28108108108109997 0.5684684684684 0.5018018018017 0.5788288288283
0.9042161692270001 0.3993885830192 0.19784410315849998 1.2852651405388 0.32629093016489996 0.1348044045207 0.1990930165169 0.4681570559258 0.5192610837437 0.5656795131852
3.5635400681535603 3.3981852149174903 0.32091972324253 4.9095858654811195 1.34880126643948 0.7571151583141601 0.7132525714734201 1.63297032724203 0.3751969781311 0.9804328266012001
6.1823269141577 6.754980289701201 0.6624319625302002 7.2162164522627 2.2028764038441 1.5084271539149998 1.2496531724648001 1.7961313190080999 1.1404111881928 1.2865451439225
0.6897249755684001 0.5888128810085 0.48071106147389997 0.40078644888090004 0.2163665130995 0.0689655172413 0.0526315789473 0.23300293173240003 0.0868118572291 0.18218623481760002
6.5319927401056 5.034517847867799 0.5308751454453 7.9651896163924 1.6709147637842 1.5333069851762 0.8324176746231999 1.5989152154697002 0.8823671881108001 1.4195028230245001
1.18672938160098 1.8135809060049797 0.0564340898116 1.58495674675759 0.5007914459229 0.22864711202989002 0.22405655565419 1.00311562761378 0.2864626192692 0.1152255153323
1.46444302610491 1.3078246167388201 0.17614533698494003 1.8716448118607198 0.7583757990825 0.225065654468 0.19050433212541001 0.58099448085884 0.1840756537585 0.24092628801521004
1.0211306627383 0.9058295413699001 0.45755192579189996 1.2994835915385 0.5089025662608 0.15562218890540003 0.522795619734 0.40647132574039996 0.3093111339071 0.41290144401469997
1.0897350618574 0.8412496520991999 0.09556336779012 1.39759341361452 0.5128577245571 0.35065838860532 0.12343824725003999 0.47100424536061997 0.04770444763266 0.07019545123116
0.1930232558138 0.4480620155035 0.0782945736433 0.5356589147285 0.2364341085269 0.0348837209302 0.3131782945732 0.2496124031006 0.46124031007809996 0.4496124031006
0.82668980635745 0.5655888442334 0.42701863354065006 1.66969309462955 0.5471318962367 0.057556935817800005 0.51973572037625 0.47222628181775 0.37586773840045 0.53849104859315
4.9580526772396 3.7023746738192 0.21921188448020001 5.6768343335806 1.7299272329812998 1.1191537829309999 0.6894065379971 1.6592167888248 0.5486144131928 0.6972076749535
4.57894707976207 4.66457485518346 0.38686686621281996 4.84883510785954 1.6561832402521302 1.02731352370355 0.7530135268327101 1.49593717935914 0.7266289701202201 0.861699650714
0.7057971014496001 0.9260869565224001 0.1550724637682 0.8855072463764 0.4217391304345 0.1318840579711 0.0884057971015 0.2869565217392 0.2217391304349 0.176811594203
3.32426164392175 3.06717334397008 0.28918626972044004 4.80919801070559 1.12177864739385 1.07117568460917 0.6020921605744 1.4015606023113798 0.61633448004657 0.69723915674743
1.5184434618849698 1.5161303529027697 0.20298043068844 2.35568656349768 0.42532547285710004 0.6425530172768399 0.054409236059810004 1.8588798820933001 0.15119135347554002 0.27440022926359997
2.369723814485 1.3749720836752 0.1588997245589 2.1662324127171 0.7676989503460001 0.3179297253034 0.2407317799447 1.0695860939483999 0.2775813295613 0.2566440854614
0.4468313641252 0.7363050483352 0.2132116004297 0.9688506981745001 0.3238453276049 0.0 0.7239527389917 0.321160042965 0.093447905478 0.172395273899
2.17863220794574 1.27899277589121 0.1023519163763 2.96983996343933 1.2399030208088 0.5683709139665999 0.6920179540373099 0.68806172571462 0.3498882146642 0.9319413071555
0.2384500745153 0.15648286140069997 0.21957277694959998 0.2081470442123 0.1286636860408 0.0163934426229 0.1679085941379 0.21957277694969998 0.24987580725269998 0.3949329359162
0.67607173174799 0.54251455251048 0.32222744360888 1.13179571913596 0.3382518796995 0.09638157894729 0.5028907955364801 0.78391947611069 0.7610629396063799 0.8448838830956
3.3287547888723 4.675446190326901 0.3557232862567 4.438653316472999 1.470351180537 1.0522167449366 0.7352852514721 1.5602079990213 0.5529260097651 0.8304352323416
3.8689349163708995 4.1128341221783 0.2577324744015 4.1292385290147005 1.5419180139415003 0.7901899213101999 0.7210524943311999 1.2954756181578002 0.3409375016665 0.9416864086280999
0.4132352941176 0.7588235294115999 0.9627450980396002 0.7095588235300001 0.1299019607843 0.050245098039200006 0.1470588235294 0.42156862745129997 0.7095588235293 0.6973039215686001
3.1830112339777403 2.3681817991318104 0.18524733519697 4.12312601092201 1.2093962936464702 0.89755096487667 1.1283147071225998 1.18982523499895 0.58422156374407 1.1311248563804701
0.8086580086583001 0.8261471861469 0.2351515151513 1.3161904761913 0.313766233766 0.5741991341998 0.025974025974 0.6914285714291001 0.025974025974 0.1825108225106
0.8544871794879001 0.6891712454212 0.0735805860806 1.0039377289379998 0.3701007326009 0.2311584249083 0.140086996337 0.48697344322349995 0.0153846153846 0.1351190476191
1.0002917833804001 0.8631497043262999 0.38732882041680006 1.7378073451605 0.40132275132300005 0.0125 1.3538632119515002 0.7139705882345 0.8687597261122999 0.6610060690948
1.2651141761059501 1.36423692888603 0.041466419343659994 2.02925852280725 0.6403210983395999 0.37318887421202995 0.22805228445893 0.50608306867923 0.21484460339338995 0.33743402377686005
0.21064814814794003 0.17493386243367 0.09060846560837 0.54761904761865 0.11739417989417 0.09193121693114 0.14550264550271 0.49404761904734 0.4570105820103 0.67030423280377
0.8997219378797 0.9500939605511 0.2302797427158 1.0394252364291 0.26823063877889997 0.0853589598643 0.31394282920539995 0.3688448199468001 0.4744091179926 0.36969275663409995
4.3462060483861 3.5772933959578004 0.29747467576340003 4.3907796818002005 1.6471846479036003 1.0701317779958 0.4235219719415 1.7869151118338 0.6082428263654999 0.8522498620599
2.6960947128832 2.4162864498407 0.1940400741648 3.0481848926920003 0.9361558886875998 0.604128044977 0.3160512738019 0.8726312859365999 0.5452046832467 0.37122269376670003
0.48234552332919994 0.38902900378290006 0.0548549810844 0.40542244640560005 0.1289407313998 0.1040353089533 0.0712484237074 0.13682219419910002 0.0904791929381 0.1368221941992
2.1397903595185 1.8140597535454601 0.12586943226046 3.14492853330802 0.45890047231225994 0.45800794043902004 0.4626819045343 0.8747004377514799 0.12422832469956001 0.3968328416358
0.5043045985461201 0.6594205780382301 0.1134186933178 1.0080973830038302 0.51861464376221 0.20749565563221 0.05542462413641 0.5829406831686 0.14340650315101 0.2068766372432
0.3448275862072 0.29885057471279997 0.0689655172413 0.6436781609199 0.0919540229884 0.1149425287355 0.0229885057471 0.29885057471320003 0.0229885057471 0.0919540229884
1.0096313493734999 0.6551920641616001 0.0968059659491 1.480498100464 0.34722104966940004 0.0839102293513 0.4454762909813 0.6518643590824 0.13723793443069998 0.0921626565357
0.89563177535725 0.76014363282685 0.08450704225330001 1.4033503766644002 0.39463705308845 0.16587944219499998 0.08887083182835 0.39672945455 0.32024196460805 0.49000842662885
0.6167557932257001 0.2317290552582 0.19964349376100002 0.5204991087341 0.1390374331549 0.2406417112296 0.1711229946522 0.1194295900177 0.4010695187172 0.3600713012476
0.5810076114538 0.5331641899239 0.0112359550562 0.7325117796309001 0.34795215657870004 0.11972937054470001 0.23945874109019996 0.2404252748581 0.0860215053763 0.1084934154887
1.5765033155037402 2.39789725829844 0.27565303526208 2.74454769549562 0.61217879745308 0.33782878091782 0.52073974714 0.7166693527009 0.13374031506046 0.68424170216568
2.8436438879466 3.156066853352 0.139704098957 2.8865961182285 0.9701804456148 0.7191295228543001 0.3809210526311 1.1513146870113 0.23764083963569999 0.5148024937709
0.6350877192987 0.424561403509 0.2105263157898 0.8649122807018 0.0859649122807 0.1385964912281 0.15789473684219998 0.11929824561409999 0.1385964912283 0.22456140350870002
1.6144194273315202 0.88686356871994 0.12794007661252002 2.11731617275054 0.46310815692462004 0.59853884023422 0.34297136646914006 0.7020087690321399 0.67034544542452 0.47648817649835995
0.7875000000009 0.4874999999997999 0.11249999999989999 0.7499999999997 0.0 0.3374999999999 0.0 0.37500000000089995 0.0 0.1499999999999
0.22727272727290002 0.1363636363637 0.0454545454546 0.1363636363637 0.0681818181818 0.1136363636363 0.0 0.1818181818182 0.0 0.0909090909092
0.5384615384610001 0.2447552447551 0.09965034965030001 0.9650349650347001 0.40734265734270003 0.13286713286670002 0.8339160839161001 0.3374125874122 0.0961538461536 0.34440559440550006
0.6222609368943001 0.6490902051873 0.1355013550134 1.2531939605112 0.3708865660084 0.1160278745643 0.33739837398350003 0.4916376306619 0.3691444057293 0.6548586914449
0.15971896955519999 0.23700234192039998 0.1306791569086 0.39718969555079997 0.1227166276347 0.049180327869 0.13489461358319998 0.1962529274006 0.2861826697896 0.2861826697892
1.4790461676156998 0.8407791767961001 0.47052064056450005 1.1736758711611 0.5917690530627 0.20141901617139998 0.2183593986236 0.2637999685523 0.4700030238159 1.2906276836354
