2.7294077137328 2.01760622612496 0.1562231057396 2.35121538277484 0.41137157507850003 0.5058591611815999 0.3688664033524 0.760175126017 0.4089845716988 0.29029073430228
2.2698182493374097 3.5634005139356297 0.22222524069712 2.19199245534963 0.47710170828171 0.51436182605912 0.2770340404596 0.86769104011692 0.29577633545821 0.32059859030811
0.8333333333340001 0.34145021645010004 0.36363636363600005 0.7224025974023 0.702922077922 0.1428571428571 0.399891774892 0.564935064936 0.38474025974000003 0.543831168831
4.674204676339159 2.604853411216 0.33304427104308004 3.66556295506762 0.9731942258123 0.72311284336768 0.8642932673842799 1.0686195963495 0.40902631211678003 0.68408844130518
0.4993581514766 0.34563543003850006 0.10333761232319999 0.4618100128366 0.1428112965342 0.0619383825416 0.0131578947368 0.1550064184854 0.0629011553272 0.15404364569950002
1.6849284928484 1.3843417675102 0.1901723505682 1.7057205720567 0.5024935826911 0.7766409974328999 0.0 0.3988632196547 0.1024935826915 0.2543454345433
0.9767441860475998 0.2093023255816 0.0 0.5930232558138 0.3139534883734 0.0697674418604 0.34883720930240003 0.1046511627906 0.1046511627906 0.2790697674416
0.8670412379828002 1.1446210715693002 0.153328273458 1.2042538089615 0.16427728116020002 0.34635899814480003 0.2665289256201 0.39748482037450006 0.18319559228639998 0.2729099904423
0.24597107940989998 1.0299186912704998 0.0951847704367 0.8722430498068998 0.3674716393209 0.0 0.25419932810749996 0.46562636934569995 1.0303568820291 0.6390281902718
0.375888817065 0.3021331609565 0.11457198263910001 0.7862591190325 0.4088743189583 0.1764705882353 0.0823991134914 0.1962046357003 0.1624434389139 0.39475482500670006
6.15468865191388 3.1236750344747204 0.28314865695564 4.05427476808252 1.7744266021982003 1.4527070409065002 0.7574633137970999 1.794079378171 0.7136896554769401 0.8918468980247399
4.0872161005486 3.08118733768934 0.25566796729824004 2.10083955691277 0.6208846251636 0.54083603301804 0.35570996890206996 0.48511927629531004 0.11489687848367 0.35764225568824004
0.7384751773056999 0.2101063829787 0.0425531914893 0.4219858156031 0.2092198581563 0.063829787234 0.2712765957447 0.0 0.6675531914893 0.375
3.4394668106112993 1.89801480110498 0.5902933835252899 3.1437493774395397 0.8751301024368899 0.40856132199768 0.9254275699713999 1.0966205999765901 0.7137068371036901 0.9090291958291
0.5180740898901 0.7820593573185001 0.1270524180632 1.0671132699902999 0.1417583004162 0.2873118394361 0.07786377708959999 0.4238016440702 0.2731450838046 0.3018202199212
1.7756892230581 1.1340852130307 0.10977443609019999 0.9353383458644 0.2694235588974 0.1859649122807 0.0263157894737 0.2766917293236 0.0263157894737 0.26040100250639997
2.8136633596224 0.6597309511221 0.1602172169838 1.3986548650111001 0.4301620485085 0.0520670948431 0.5479401253024 0.4610905264032001 0.2347138032771 0.2417600089264
0.272727272727 0.2727272727273 0.181818181818 0.3636363636364 0.363636363636 0.0 0.0 0.5454545454542 0.0 0.0
0.46650717703309996 0.4244019138756 0.3291866028706 1.2033492822976002 0.2980861244025 0.0875598086123 0.2626794258369 0.45215311004829994 1.0272727272723001 0.4488038277505
1.2724091917656999 1.103267700042 0.1063321385901 1.5027269624063 0.2432388400129 0.34157240608850004 0.37028503157500003 0.7341618954527 0.4025702493443 0.9234355847265001
5.58655104791678 2.64298682500761 0.36079975866838 4.41061011744191 1.3142214457645303 0.64966698499107 0.22656508939776 1.21498328903326 0.28141308218381 0.31220235959410997
5.61772130895576 2.9907959208177504 0.47408052873619 3.26514358967195 1.4840620285854 0.63152374820228 0.2452011496922 1.04420790044779 0.5412948607594 0.70596896412769
0.8831081081081 0.027027027027 0.808108108108 0.579054054054 0.481081081081 0.0 0.856081081081 0.4493243243242 0.5101351351351 0.4060810810811
5.8385543586285 1.5241080761334298 0.12023606252420001 3.14533800771481 1.46117794339831 0.42784095080511 0.19417253687181002 1.42333197505022 0.36840423059 0.49683585827991006
0.7310879444 0.6605185779207001 0.0689655172414 0.42849505479829997 0.2079657845498 0.4060411654639 0.046511627907 0.2774659182041 0.0344827586208 0.1384656508955
4.66578439676302 1.8270633352137797 0.30313617541838 1.8852460944817602 0.48336627140965993 0.70194569922936 0.08135704874829999 0.75229390175028 0.103096179183 0.19671089779759998
2.22777777777699 0.8011904761902601 0.13730158730153003 1.67658730158723 0.49365079365139997 0.063492063492 0.979365079366 0.78769841269819 0.6321428571424299 0.20079365079359998
1.4526349994078 1.4879120879118002 0.1606227106227 1.6291267871915998 0.8083421954396 0.47129268580860006 0.1029304029303 0.5753987947536 0.21741699161009997 0.0943223443224
0.3247075505146 0.1084721729883 0.1963842609004 0.2396313364056 0.1407302375045 0.0652250974831 0.1033321517192 0.2403403048563 0.3745125841903 0.20666430343859998
1.4975552962265 1.097588852749 0.18114909781570002 2.2383551660827 0.7611159735047 0.8504378555993 0.5772004134836001 0.6375382238212 0.7219052661534 0.4371538545578
6.247832068948961 2.3473585726373605 0.44494581854056 4.00719780615462 0.73956335098976 0.56567820489592 0.6679164613208001 1.07592952042086 0.35798452934529995 0.54559366674546
13.084879553933401 5.1050142113964005 0.6370540687753 5.4598394793449 1.4410265188588003 1.0353790321703 0.6322429871765 1.4247075000583997 0.5564124744009 0.6234441738891
1.4886553787691699 0.33567316146218 0.22049689441018 0.45479168439266 0.23484784026799999 0.054865424430590004 0.37390453501239995 0.38115091182389 0.15465554893788 0.30095862049426997
12.30880511922094 4.064589301299851 0.96628020723142 5.5491974183923105 3.1500457905689196 0.5660506079598701 0.58462259632487 2.5336188862744997 1.2047430081204 1.07204706460945
1.3661604176556 0.44565733270060004 0.2607973421925 1.5056953013757 0.5840056953018999 0.3243948742287 0.0538680588514 0.9145704793552001 0.3073089700995 0.23754152823910002
4.65684829672616 0.9423179761987901 0.07060343784375 1.87726878559759 0.37502629875696003 0.22329715862938 0.06884524982939 0.46708450098147003 0.14407375401615002 0.17463454142724
0.9106234096692 0.7073213046489999 0.3616990515842 0.9529840388622001 0.3777758501036 0.0418979875086 1.3892840619934999 0.21729701596089998 0.5323849178817001 0.5087323617852999
1.95651659325945 1.07299393525098 0.05986634874923 1.3465960023919399 0.4128813369955 0.36534699213637994 0.11009315252152001 0.49939319368585 0.06364258480788 0.11266986020148001
0.48932997896408 0.59840383194046 0.26470094945693 0.62874239581552 0.46151572005196 0.0243902439024 0.17883478310303 0.31813633520953005 0.5589203479463001 0.47702541361056
1.5173415513692698 1.03369709540184 0.37285415733715 2.62385784209856 0.7449678270939 0.1215970961886 0.30106418082811 0.67102906168234 0.84897195967987 0.76461922832234
13.23230621735744 7.12634018536434 0.7687835708788002 8.485489801821199 2.4367484029460202 1.9579539268787598 1.20308524748102 2.8428066458378405 0.7407192083537402 1.20576679308762
16.14015147491832 6.72610093756521 1.1265858342873802 9.86169176812223 2.22033021312 1.5222858493980203 1.4845665386737201 3.0503969211937103 0.68008931267189 1.1878011500543701
1.2079070758753 0.6955811310030001 0.5061096902528001 0.6154802500713 0.2783816425128 0.1537368570615 0.3980534242686 0.2685421994885 0.3263711281614 0.5498366013072
9.81836547816566 4.90969830825811 0.49250560478676003 6.8461553354325595 3.1660652163395095 1.01288935065144 1.19857382646632 2.1065942054891 1.0426074408144301 1.40654523359948
1.5775552616672 0.47704515397749997 0.0976761760816 1.3107878329861 0.16550160589440002 0.3725675420373 0.0976761760815 0.3988286416023 0.2713017192516 0.23105989042110003
6.287672214677901 2.0232978983725998 0.19446206087360002 4.3582092386341 0.8015780259663999 0.6596242194316 0.1975293659768 0.7309964572644001 0.3042922568965 0.44233826190470005
3.2915190531768 2.1947795477191008 0.4936785395476 4.1788014496718 0.5253049966710001 0.2372468496304 2.0177893836778 1.2619503788918 0.8009128395394 0.9980169614757
4.00058818197216 2.0227781976432597 0.5082948277544 3.97766271689554 2.1708608529253 0.54932190069039 0.43264362035818 1.1392514256584299 0.55488728010007 0.64371099599979
0.35034013605423003 0.32993197278949005 0.10204081632646 0.32312925170039003 0.1904761904763 0.02380952380946 0.10544217687066 0.15306122448982 0.23809523809503003 0.18367346938782997
1.0217836529511999 0.7629398622229999 0.17096443865189997 1.3295941165510001 0.4514056972627 0.1495066095697 0.1617482777879 0.35389126792010006 0.3082293800038 0.2899366970767
7.22829574066793 5.59658638597991 0.86386253327547 7.31549271334342 2.2279967014726 1.00199879125 1.6868799173989402 2.1952105657376997 0.79495610200708 1.088720548875
7.97017878246262 6.534721850571419 0.71105989027533 7.973585947380069 1.38075719633961 1.4812557145496799 0.70347106557272 2.53698425914995 0.82392582094637 0.8840594727576099
0.9804761904757999 0.37428571428600005 0.11571428571430001 0.72619047619 0.1423809523811 0.062380952381 0.1890476190476 0.7128571428573001 0.3676190476195 0.329047619047
10.182194093197081 5.8090519226064 0.55305269968603 8.036488163204549 2.88657770270643 1.54664462561107 1.4337742492596601 2.4050620808785 1.3841470466043297 1.76300741625203
1.6479812206581 0.9882629107979001 0.211455399061 1.85089201878 0.6277934272301999 0.301690140845 0.1787793427229 0.7792488262913999 0.1187793427229 0.2951173708919
1.57240116779928 0.7545946204655399 0.21044318943212 1.13530200057466 0.3234301713413 0.18602230305338002 0.16890016272602001 0.46242940557069995 0.08422274337116 0.10225423566566001
1.6865195315900001 0.9975635215065 0.4944031451074 1.3029676635307 0.30880355950759997 0.1015127803859 0.7481416861685001 0.6330093485021 0.2544630122092 0.47261575148810003
2.7981073036304003 2.0678480023002996 0.3964614273492 3.4380336082012 1.8604335829607002 0.4343523426866 0.4149804717631999 0.9610953342592 0.6585834840900001 0.9701044427615999
1.514113337643 0.7119253295715 0.4069126951475 2.0901588607476 0.9203952909827 0.35827897592569996 0.7016219075045 0.9063896887415002 0.5510920452092 0.8391118685231
0.63495895702595 0.38129727989685 0.20980202800565 0.6173346209564 0.2712055367777 0.13640753259285002 0.1252213101561 0.1978110413648 0.18903911154025 0.23692258168355002
5.735294483949051 4.37605928679285 0.65437361936202 5.70779032522619 1.7994387385153 0.8157338010885999 0.7813153035939999 1.67197522871998 0.53202407648553 0.9259951362747
6.7573771845628405 5.750773357057101 0.55299634363832 5.7180730495812995 1.05094749224974 1.46052658840072 0.64417171380962 1.70053894788784 0.5374171710765601 0.82717815172886
0.6106487409301999 0.7305804524119001 0.1007255655142 0.8129534784459 0.1954225352112 0.0563380281689 0.1148100725563 0.1954225352112 0.08450704225330001 0.09859154929569999
9.54205427459591 5.128726344276799 0.72054055552271 8.34878869579863 2.60923399523283 1.3767292763718897 1.1931141458259802 2.33258180384106 1.0837894417044698 1.6644414668324499
1.1108535843048 0.9498376091290001 0.30600356706529996 1.7024586360854999 0.48426106833149996 0.2587654888539 0.279454894499 0.8099665002322001 0.1829674750026 0.9154311764945
3.1072322070765996 2.0287528089417 0.20189846273420003 3.2442871885594 1.1728485652639 0.3979009466627 0.24522759662100002 0.8178277690663 0.26996859349790003 0.51405586158
1.7961468356217498 1.00193885062335 0.8550725590203401 2.53448525158991 0.4359741136056 0.29324403666550997 1.7352603536805102 0.7987363513681099 0.71894333736387 0.83019831046117
1.9415873829429302 1.1773192491279603 0.31896189042324 2.68671984282034 1.00228961783578 0.28369344694663 0.29100490117565 0.7906498595853699 0.19998905510888 0.30778475403363004
0.53611111111122 0.69722222222272 0.4222222222219 0.9055555555549799 0.28888888888919 0.02500000000003 0.36111111111089006 0.31666666666683 0.5388888888897 0.90833333333256
1.17686428338807 0.65333937917375 0.5375194164504 1.88494764444504 0.60702397945147 0.25640676704897 0.31820041426504 0.6479352558387699 1.0825846864928 0.83517817343987
6.472724456332401 6.251944956312701 0.4684784457272999 8.6099129738787 2.5529836388889002 1.3907164429994001 1.1853527816376 2.7181858764354 0.7176605939642 1.6320398338278
4.7472199988217 5.4152482911011 0.42658087201299993 5.7056177838775 1.5302675166288 1.197882585903 0.8011889983085 1.466136271339 0.7463450255265001 0.9635126564837
0.7985213612503 0.6740222360176 0.6261075681478 0.4380044020545 0.35058411874280004 0.1379310344827 0.08510638297869999 0.4540323946049999 0.23110785033 0.20458265139100001
4.8730108532059395 3.5317633682859197 0.4306307442314001 7.00825498203897 1.6141233857749 1.0473840917859 1.0086050407272198 1.96899984148859 0.9040562350839001 1.61317145737969
1.51186724215672 1.8426664619444502 0.30544980128501004 2.54825125959136 0.42622158497921003 0.41084119395249996 0.35641210483920005 1.2211292585584401 0.18352482013111998 0.19363627256231
1.8667391595569 1.6362303472795001 0.2606845399907 2.4139918029015 0.8734909040568 0.3573145212043 0.20667452381489998 0.8585184209606 0.2301367796722 0.2962190005663
1.17615315149444 1.0181900277935199 0.5006553740679001 1.63135099117192 0.6230538239651999 0.18125937031473 0.83229920127641 0.31575834889571 0.30288101563282 0.41839869538901
1.08859821668636 1.2274280292612598 0.36310977268369 2.35454364082396 0.80385955684059 0.2924672774696899 0.34657999868948997 0.78227368028769 0.29587740125190004 0.44526242600300003
0.8049775177681001 0.5747078921495 0.1432980386467 1.0216949507647 0.34748746958029997 0.0926799787264 0.4147721961675 0.5507212042092999 0.6278376766753 0.42182307531130003
0.8999673387135501 0.7165227355765 0.32545310614365 1.87084786483795 0.8829065222938 0.11684547336710001 0.34241261722085 0.67868989493065 0.6108518506219499 0.55550259629535
5.3889474652965 3.8487254126126995 0.24948720644490002 6.158264073611 2.0366122926938 1.209962997551 0.8973555012864001 2.7331540002577004 0.5599517395706 0.9175393106728001
4.78149727781223 4.8052991079374205 0.5283804109851399 4.63456203323764 1.57435658159731 1.00865213949911 0.64169324381931 1.5033217991845 0.79778162153162 0.7244557843932999
0.6338164251209 0.8521739130434 0.08792270531400001 0.5487922705315 0.17681159420290002 0.1526570048309 0.0657004830918 0.2405797101451 0.1101449275362 0.1314009661836
4.348408820162399 4.06089164520737 0.3925746798911 5.38081215491345 1.1648362903996898 1.1851976471884 1.02935664495528 1.8056837681653 0.68531891616828 0.9469194329449898
1.5568144600018998 1.4163186768196998 0.18132318021760002 2.4432571849666003 0.426737902236 0.5206132809306 0.07983296487319999 1.7684844018674002 0.24441169245850003 0.3622062556288
1.08229568534017 0.76008928845178 0.35433316109234003 1.11282683995978 0.39645834884224995 0.44992331221196996 0.09176561453125001 0.52776278567779 0.14365275813277 0.08089220576188
0.7438267260927001 0.8165539988197001 0.3990830187875 1.5283659963467 0.56032812289 0.1111111111112 0.9179507957838 0.3433419344753 0.2918786741447 0.28755962154979997
1.3510871849088801 0.8106975381286998 0.0422473867595 1.9625007357226 0.71987277847296 0.4275846500664 0.3758852012727 0.44201712130176 0.19570107592732 0.67240632743946
0.9662467399402 0.6148123137109 0.6541076751114 1.1097126490321 0.5220054023852 0.1734118852459 0.6748323397911999 0.7478576751115 1.2606417660219 1.276371553652
0.38914473684219 0.33668546365938 0.40292919799467997 0.86320488721776 0.25930451127820003 0.07006578947369 0.22066102756897998 0.45839598997509 0.49501879699207996 0.5045895989974
2.9915457685675 4.4992287160179 0.5056194064999 3.4660407381890996 1.3795549355638002 1.0227167651002 0.6830186480182001 1.3266756041886 0.3879398408149 0.7376595770369999
3.5342439257208 3.8704116431527 0.3292277201285 3.5991062794439 0.9167712374385 0.7332605859651999 0.5658165203446 1.0674067657496 0.4621389753606 0.9216163466969
0.1249999999999 0.24999999999980005 0.0416666666667 0.3958333333335 0.0416666666667 0.0208333333333 0.0 0.0416666666666 0.062499999999900004 0.0208333333333
3.32112334977093 2.3784876639249197 0.1395086395085 3.85381249901714 1.1879633337343198 1.2267565657379202 0.8912815847594099 1.15080609726282 0.64426750757851 1.2059927587031
0.7227252498284 0.7729853946674 0.1548626451429 1.1319448153091 0.39077800703980003 0.22354978355 0.34294210462380004 0.515193591456 0.37097948780140005 0.374038920581
0.6474358974363 0.4970238095237 0.0636446886446 0.658424908425 0.35119047619120003 0.21176739926730004 0.0428113553113 0.4640567765573 0.0 0.0636446886446
0.1875000000001 0.1000000000001 0.037500000000000006 0.275 0.15000000000000002 0.0125 0.1125000000001 0.037500000000000006 0.025 0.0625
1.1263929484843 1.1973315580419002 0.0828133929158 1.8480309013239 0.8644302202488 0.45085298333369994 0.1690071011683 0.6019057455759 0.2869503152434 0.372284833666
0.44047083520760005 0.6145599040329999 0.1986804618382 0.5178812415648 0.22499625131200002 0.3072799520166 0.12711800869690001 0.3994601889336001 0.6248687959211999 0.5446843604742
0.6100750645084 0.4778129642660999 0.2297286730782 0.9350809289236 0.2301000860115 0.09674329501920001 0.1752091641254 0.3517475955899 0.4428806005165 0.4506216279612
5.0930968515022 3.7118191052026006 0.5452165927624 4.9772156863618005 1.5225150013569 1.0598398760104 0.6059867911829999 2.0964880187706 0.5027783321689 0.8850437446834001
4.05078005858305 3.3868801748344 0.27178253093147003 3.3476846979499997 0.99858055649066 0.81270673634419 0.31944331261601 0.8176733042704899 0.46131387906767 0.5331547489116799
0.48234552332919994 0.38902900378290006 0.0548549810844 0.40542244640560005 0.1289407313998 0.1040353089533 0.0712484237074 0.13682219419910002 0.0904791929381 0.1368221941992
3.0952814327723 2.0913186788303597 0.12259146023246 3.35710623133732 0.78320610089426 0.40787222089542 0.5844718105346 1.4379210621559801 0.37032900764225996 0.7499019947046
1.2575946467031 1.3399638617742 0.2764262927198 2.1306751277355 0.9813758461796 0.4948273924289 0.1662738724094 1.4296731133339 0.3663897222194 0.5568001244961001
0.8481713688610998 0.8463949843261 0.117816091954 0.6597178683388 0.2277951933129 0.5726227795201 0.0478578892372 0.40397074190179993 0.0114942528736 0.2641588296762
1.3638086724776999 0.788568023241 0.27242403926549996 1.2331835224606 0.3196848177857 0.0484029829744 0.6773603489532 0.8383946233632 0.2338705005011 0.2243024689828
0.6687060523012001 0.6058674824203001 0.08450704225330001 0.9593822361009 0.5218617891371 0.2800904977379 0.0525460455037 0.3223440188641 0.26254965691590004 0.24214517876480002
0.151515151515 0.2095088819226 0.060606060606 0.49216300940420005 0.09926854754440001 0.09090909090900001 0.1102403343782 0.2716823406478 0.3239289446189 0.1901776384534
0.6310076114537999 0.5831641899239 0.1862359550562 1.1075117796309 0.39795215657870003 0.11972937054470001 0.33945874109019997 0.6404252748581 0.6360215053763 0.3584934154887
2.5561146956183 1.8955459825616 0.2120310628597 2.2401000370611 0.7835119147273001 0.3277927311076 0.3819688598691 0.5582718386583 0.26974304598599996 0.7749198315496
3.8431050721053 4.165535016712199 0.1645483468242 3.3070714850549 1.4323460685134999 0.9313189433280001 0.5244921121321 1.0251097418531998 0.1361925708698 0.4702806425978999
0.3684210526322 0.1578947368424 0.2105263157898 0.6315789473686 0.0526315789474 0.1052631578948 0.15789473684219998 0.0526315789474 0.105263157895 0.157894736842
1.7978131629413 1.3940709213341003 0.1910470365516 2.1494499391824 0.954412591436 0.41687732409260003 0.3864342634838 0.8774484490223 0.37455616398 0.45789014797409994
0.715476190477 0.4678571428566 0.07499999999990001 0.7619047619042001 0.047619047619 0.2964285714284 0.0 0.4404761904771 0.0238095238095 0.1714285714284
0.45454545454510004 0.2727272727271 0.090909090909 0.2727272727271 0.1363636363636 0.2272727272731 0.0 0.3636363636366 0.0 0.181818181818
0.1346153846153 0.11538461538460001 0.0 0.19230769230789999 0.1153846153844 0.0192307692307 0.28846153846210004 0.0384615384614 0.0576923076921 0.0384615384615
0.1867779204106 0.1765083440307 0.0648267008986 0.4749679075737 0.3587933247749 0.06290115532729999 0.11168164313219998 0.1559691912708 0.1643132220795 0.2432605905013
0.33045067687220003 0.3101730736277 0.155069400811 0.6898726223802001 0.1714971154396 0.0979608156739 0.13489461358319998 0.22064317130299999 0.43252413320440003 0.45691437710640004
0.7609516552373199 0.5846753026841801 0.1391888917111 1.0154093641531499 0.3223130979598 0.14070950808566002 0.17346541359743 0.19404284141909 0.24357294047913 0.42567098467495995
