4.2817889131775 2.6442565754123004 0.2973573572524 3.6059787109608 0.7532028237341 0.6663901346128001 0.9337057723083 0.9687393854941 0.3624259506058 0.48615437644170006
2.7821181989256405 4.534298930454341 0.27779488038582 2.8236168336839 0.52710211627502 0.53113796223092 0.4824144310819001 1.04981993714634 0.5340281202613 0.45766858955512
0.7880952380948001 0.9058441558438999 0.6175324675320999 0.7582251082249001 0.22943722943710002 0.3357142857141 0.513636363636 0.4396103896105 0.15367965367960001 0.258225108225
4.4543410840164 2.9255650810312 0.36739738760479995 4.0452753977153 1.0703093126885 0.5065578824014 0.8918518020207999 1.6602737548340998 0.4474592096724 0.6309690880159999
0.8408215661099 0.4675866495505 0.1277278562256 0.7788831835686001 0.16720154043660002 0.11071887034649999 0.0131578947368 0.191591784339 0.09948652118080001 0.2028241335043
1.2944444444443999 1.0518518518520998 0.10740740740740001 1.0277777777771 0.285185185185 0.5407407407404 0.0 0.2518518518517 0.18518518518500002 0.2555555555554
0.244927536232 0.2014492753624 0.5478260869562 0.7188405797098 0.1014492753624 0.0 0.43478260869540003 0.2579710144928 0.405797101449 0.0869565217392
1.2567011019275 1.0018319559227 0.18292011019239998 0.9535055096419001 0.20264462809900002 0.2843181818182 0.2565289256198 0.35626033057860007 0.0965289256198 0.4087603305781
0.21220604703239998 0.6082675552404999 0.3115833174008 0.6213913090974 0.37937344659039995 0.0243902439024 0.3774479010186 0.4468767923959 1.1942069756648 0.8242564116566
0.8034906270194 0.5437621202324 0.2813140640871 1.3211007479923 0.4624942284601 0.5871040723975999 0.16791947548230002 0.32448517868679994 0.17963800904959998 0.32869147659030007
3.8528383354913 1.7379115575101798 0.19686667592766 2.47549367825308 1.2669047602404198 0.6592949531376999 0.26563218390816 0.79174774595716 0.3353617559821 0.41794835359140003
6.270053564386361 3.40961118978019 0.40521704485989 3.93275267972555 0.76648317708509 0.80836297254848 0.46404009106988997 1.12939484165398 0.2292023452736 0.5848820936238801
0.21428571428549997 0.142857142857 0.42857142857200003 0.142857142857 0.0 0.0714285714285 0.0 0.0 0.0 0.0
3.7907316272385003 1.3424023983207 0.3589473258882 2.7269546084311003 1.0161460458529001 0.44079134031940004 0.5653575154777 1.0982337735026 0.22633516216369998 0.4341002028031
0.8022846162067 1.2241646204773 0.22178926016880002 1.7618501120967003 0.2364951425218 0.44520657627849997 0.17260061919480002 0.8974858545973999 0.5573556101206 0.6807675883426001
2.8445367149226 1.8021359368557 0.1879661841169 1.5670556989461 0.4278981034679 0.36941607750720007 0.039931919350600004 0.48403471365 0.0175438596491 0.25948079153090003
2.3801745743684 0.7058335493900001 0.0744965862932 1.0521303258138 0.30446806671869997 0.039408866995 0.4761213378272 0.2847636332206 0.5314493129373 0.1511537464348
1.3796661023523002 1.3107013261413 0.2787087344247 1.6429160350929999 0.6142100894369 0.334275116964 0.1023519163761 0.5959534964599 0.32186411149759997 0.41935307125419996
0.2192982456138 0.2826754385965 0.0736842105264 0.2927631578946 0.1570175438598 0.0210526315789 0.1048245614033 0.2094298245612 0.33640350877190006 0.3028508771937
0.6749398749396 0.572294372294 0.2624338624336 0.6862073112067999 0.15656565656549998 0.090909090909 0.0941798941798 0.32215007214979996 0.396548821549 0.7437710437708
9.029942587855 3.88114661525567 0.8592216677145001 5.36050547738851 1.11197019948037 0.78242399411387 0.45853652579340004 1.61279984170614 0.47332986328587 0.43012322740577
4.483074176548801 2.7718618458272997 0.2210774359564 3.1967144414347 0.9642205669748001 0.6520034282839999 0.5348108739393 0.9384936797267001 0.4881686514446 0.7495748998629
1.3535714285715 0.8869047619047 0.447619047619 0.8267857142858 0.3386904761905 0.1 0.3345238095238 0.2922619047621 0.1809523809527 0.2386904761905
5.41163934220374 1.79911020060188 0.27424877727700003 3.52612118737556 1.39660634790191 0.47960433087604004 0.45452993143773 1.58486087375206 0.41439758479121 0.6588814237819101
1.1689375135244002 0.9298761471982001 0.2513409961684 0.8655885235676999 0.6595931823688 0.45972556357550004 0.0232558139535 0.5057827675321 0.23201970443349998 0.9038797876801
2.6723602484503 1.7649068322970003 0.1593167701861 1.0183229813657 0.6695652173921 0.0878881987577 0.0260869565217 0.45186335403739997 0.0391304347825 0.110559006211
2.6924603174578 1.2380952380959 0.2936507936507 1.9007936507945 0.5218253968266 0.031746031746 1.1289682539692 0.5813492063489 0.2857142857141 0.3253968253968
1.6457668675400399 2.01098901098774 0.14331501831498 2.2241817322469197 1.0871883492845 0.57504726456286 0.15338827838827998 0.60799952735428 0.32318622237938 0.22893772893768002
0.197802197803 0.1648351648351 0.2637362637364 0.3626373626373 0.3186813186811 0.065934065934 0.4175824175821 0.5054945054940001 0.4835164835162 0.21978021978
1.2638362129504 0.7989261912565001 0.1591710758377 1.6959857033602 0.5375286791214999 0.5806722230021 0.46572552324800004 0.4670482745704 0.5731844360167999 0.45792168063540006
7.82931304583694 3.97353417488958 0.6545179809803998 4.74848978539382 1.2866167842559602 0.5178118401193 1.1416695664759202 1.6136494890073603 0.70183839864398 0.53255893439772
11.40161601157901 4.909620758354779 0.47070141657524994 5.1163339301796995 1.6592007413773802 0.8757417788307701 0.64397973583149 1.70605720566521 0.5131446491098101 0.70360377249868
0.7619047619042 0.1428571428571 0.238095238095 0.4761904761902 0.047619047619 0.095238095238 0.0952380952381 0.095238095238 0.0 0.047619047619
9.46135336007984 3.00921192402432 0.89670299602585 4.858841552344099 3.51555315605465 0.6031771720925301 0.85971478278003 2.41375726982274 1.07957693961934 1.30211084715539
1.5824633402956 0.46763625890989996 0.0660954712362 1.1661986704107 0.2643818849446 0.2953896368831 0.1037391700866 0.4889600883196 0.24983800129590003 0.3152974776201
9.532627694802 1.5015462380253 0.1267849470516 3.0542977733986 0.7562327191860001 0.5048156291859001 0.1712457350821 0.9408689059058999 0.218022594586 0.1935577627817
1.17897522684758 1.03483560944382 0.46862110955432 1.64201517552116 0.8663107380879 0.04742841056394 0.95582699383284 0.49233204142814 0.6163925732915401 0.69726212143004
2.5125178858694 1.1536296092212 0.2223046774322 2.4541766279489 0.47365333854749997 1.1571956736198 0.1877482913997 1.0609852558242998 0.2804770749827 0.49731156515819996
1.5146606574764 0.6684252385997 0.39854188759250003 1.1759809119823998 0.9412513255572 0.0731707317072 0.34272711205359996 0.925980911984 0.8861965358801001 1.0730646871682
1.53513093077497 0.92375334888924 0.16174055829215 2.1496413447402603 0.4060798548097 0.2087114337567 0.26043557168820997 0.47886958776274 0.39767522253967 0.47796214674633997
9.2568275507456 6.016697362142 0.6384090359931001 7.2302337030911 2.3751930768072 1.5734751844938 0.9591551485388 2.4811500634142 0.5366428193125001 0.9322160554609001
13.60425228381052 5.925799479839269 1.02862927736997 7.61222273832479 2.58741994352723 1.1311568967006 1.17416098154413 3.2610818976829803 0.47955535168239 1.19572114951658
2.4847153587099 1.4309807579213 0.5692216034504 1.2886040841925999 0.6043968527290999 0.3863383780834 0.5320396489772 1.3852899946699 0.5025193449893 0.8158939762744
15.98365407720415 7.8507682266674 0.67033518845655 9.228766810217202 4.1824892922305 1.6185055513974 1.1937131714997502 2.7630187382392 1.2022048461894999 1.30654409790565
2.2088607594951 0.7552742616035 0.11884669479599999 1.9135021097034 0.2376933895919 0.5886075949378 0.0632911392405 0.4553445850915 0.3087201125181 0.34985935302349996
7.2047027823617 2.2809398197706 0.20319568532760002 4.825458146931401 0.9413160172324 0.6945587172482 0.214996614885 0.8139658895788999 0.3479603791677 0.47290594749410003
3.83753012321461 2.1891858533364204 0.31855043221117996 4.78927202409992 0.5040230431801 0.23896798636287 0.5481146394031 1.2080841777144697 0.54387427042967 0.8223974500442699
2.80958206331482 1.6949917575150597 0.30971059370699 2.81074985091464 1.0471774379651 0.55600376449001 0.46608200878975997 1.15969194771889 0.56299533955561 0.5830152360281999
0.6632653061227001 0.6836734693889 0.22448979591820004 0.5408163265302 0.36734693877610003 0.0510204081632 0.21428571428549997 0.2755102040816 0.591836734693 0.38775510204130004
1.3234860615087003 1.0848291328855 0.7769788933835499 1.2715487212462 0.8326429816691501 0.08074000101545001 0.51900052470335 0.8524999576853501 0.7721856434381501 0.48608808246305
9.341047094328939 6.43776919548186 0.8623442782933199 8.34867104545348 2.7592098778018004 1.1997338632977401 1.1324947153248999 2.9248580251367198 0.66091371185542 1.33295819302464
7.5992081682781105 5.169763875913009 0.38647327183116004 6.5538327114118395 1.58184873926941 1.13565648367986 0.6175764116792 2.2664930310545794 0.70004893617271 0.98909837071094
0.8009523809524 0.5085714285716 0.11142857142850002 0.6523809523809 0.1247619047618 0.08476190476180001 0.0980952380952 0.1457142857141 0.2552380952381 0.21809523809530001
10.57231081851305 5.47178814175027 0.56903134668237 7.840180944083859 3.5771813848506997 1.22097231899964 1.13852159606273 2.9922888263305003 1.2516341240803701 1.36609049863574
1.45399061032887 1.07746478873155 0.19906103286368998 1.48544600939007 0.8272300469483 0.17417840375568 0.27605633802838997 0.9262910798127 0.17605633802798998 0.40422535211249
3.7601504947394497 2.04225158590088 0.41953391987377997 2.60882176004198 0.92128424016178 0.4837014745505 0.25998432960539003 1.06484259558158 0.2017969764758 0.237632623073
1.7978243978239 1.3258741258732 0.2127428127426 1.2854700854693002 0.24195804195759998 0.1555555555555 0.5670551670548 0.46293706293660003 0.2958818958817 0.6547008547005
2.3746849362611697 1.53111277644699 0.3691726969303 2.45805757148658 1.03154877852109 0.39608146815819 0.7452208934606999 1.10250147250609 0.35122535305089 0.6403940531784
0.99039431157168 0.6489146147965801 0.28484613425764 1.56615462968497 0.8165842001131001 0.1405163463986 0.53852265381731 0.65987659399381 0.59505043975624 0.7591400756104001
1.19202317720975 1.18396617063905 0.6496519029010501 1.0380185242089 0.6401463207642999 0.24649927571205 0.3911762726248 0.3733573299385 0.5045854001140501 0.78057562588665
7.762662697340531 5.82127280229745 0.88919374744292 8.539428066789991 2.3189126516117002 1.2499200579665999 1.13132923479636 2.36075523237288 0.6048023109788501 1.3217231984117999
9.8629609077674 6.7753206242564 0.8388370341672 6.9166483602788995 1.6298222518158 1.7625529970159999 1.2313868686309 2.4592412464643 0.6087874733824 0.9144422362173
0.45155783183919995 0.4805804524119 0.1007255655142 0.7447716602639 0.5249679897571999 0.0563380281689 0.1148100725563 0.1613316261202 0.08450704225330001 0.2804097311137
7.126587843012531 3.75085885594578 0.50948538159984 5.85525937835518 2.21495368158104 1.2132383693492799 1.15355138359671 1.38547033724334 0.60453349876365 1.1860612705477
0.87989886219964 0.83748994368434 0.15934950005742 1.21273416848634 0.30456269394292 0.16641765314329998 0.14165038501309998 0.7719802321572 0.2302034248934 0.29571313642111996
1.46606629095048 0.9140609992008402 0.08919440982124 1.24273920094396 0.44890049321168 0.19470998128104 0.0782208417657 0.350564188993 0.045369663016739996 0.1701739308165
1.8105402184365 0.7486597683963501 0.3719298127191 1.8108053042273502 0.7105457960725 0.21464281332685 0.70576767945205 0.6862828968097999 0.29222739091140004 0.64859831965125
1.06301075268858 0.7423655913985999 0.18075268817204002 1.3229032258070599 0.42204301075272 0.1747311827957 0.13946236559142 0.46784946236554 0.13870967741942 0.3481720430107
0.8583333333329001 0.8749999999996001 0.4916666666669 1.3083333333328002 0.5166666666665001 0.07500000000000001 0.4749999999996001 0.6416666666674 0.7749999999998001 0.9833333333330001
1.6318388658132699 0.88609173937685 0.4997561630011 1.77419964154124 0.49990705860896995 0.32576043444187 0.37811326829564 0.73253946789377 0.6813501185908 0.59044324243087
3.80731509783794 3.4533228855309104 0.27470567056137 4.56943965832468 1.2954745475888998 0.8571325747973001 0.36684270973464 1.41092382697597 0.32275627512120003 0.6420867535166
5.2079970149923 4.863702643224401 0.5645774741930999 5.0112561740572 1.3971447151418 1.3701948491193998 0.8161521142284001 1.2348509088744999 0.6396679352375999 0.8944561709346
0.3092443140129 0.41966250917069997 0.6397040841283 1.0771582293961999 0.5588163365143 0.0689655172413 0.6702127659573001 0.44387380777729996 0.307043286867 0.5053191489359999
5.08826122924604 3.8531860619390197 0.33416024893210006 6.71516734213817 1.6766336403677 1.1744477901167 1.22044293710872 1.8460013720010902 0.8097942098167001 1.28190516833889
1.4031613631582998 1.5725375915554 0.1966441332688 2.446373800505 0.4845910324325 0.35450316578350005 0.1866282193401 1.0505114219852 0.18268374126929998 0.1223655307022
1.21773869465621 1.10308961539362 0.19417062619654 1.5918492778289202 0.5800061461367 0.2159184927785 0.16656029123211 0.51050752901634 0.19752736212549998 0.22263196463621
1.004655566953 0.9177069360059 0.44509981851230007 1.6537802527319998 0.5815079302455 0.20734632683640003 0.8489313613865 0.48132080576229996 0.3694096560742 0.4902413454924
2.3764187502396 1.5702716282834 0.4645564080816 3.456668407164 1.496839350219 0.7854791821855001 0.44390292176080004 1.4781040549532 0.39128629651710006 0.5364730005965
0.6366795366795 0.4612612612608 0.1342342342341 0.7931788931782999 0.27863577863559996 0.027027027027 0.4191763191759 0.2549549549547 0.5534105534111 0.4414414414413
1.4052590206042002 1.1286588943881999 0.6058391736138 2.9787336278395 1.24120636397 0.1599096555617 0.7155157715273001 0.9906433719750999 0.8558585489548 0.9183755715725
5.0412276525888 3.6737502179750003 0.2197636376862 6.1096885940173 1.8405546287582002 1.0756838537527997 0.9317107780355999 2.6613435689062 0.7989447354967 0.6473323327859
5.8677433329867 6.0663218799249 0.5661146926246 5.2629571518399 1.4484100157711999 1.6446318113844 0.7108829618128 1.9031699351752003 0.7117145615511 0.8180536569240999
0.3615794143746 0.6934338952976 0.1850044365574 0.5195208518192 0.3890860692102 0.0652173913044 0.3108547766936 0.3726708074538 0.603371783496 0.49926057379440003
5.18805347584064 4.83399681044991 0.65830460576871 6.338902022490739 1.5902864469901101 1.3953984048889099 0.9173584254826099 1.9278776274835099 0.92755239258901 1.222269788009
2.2980423629992 2.1404283733837994 0.2804388766066 3.4002264404518 0.6238025055265 0.7344223368537 0.17905312880250002 2.3564164245545003 0.4162593844318 0.5709101663849
1.3132102241623 0.8479512701384001 0.36893339931170005 1.3406798884220001 0.5669619593537 0.5482678741117 0.07444353457899999 0.7462964341557 0.148514851485 0.044740564282
0.3216045038707 0.3216045038706 0.1505981703027 0.7909922589728999 0.31386347642530005 0.0 0.5805770584100001 0.23223082336430004 0.1787473610134 0.10978184377200001
1.55205129608694 1.48861044780396 0.1424603174602 2.8831334411389 0.95381483026812 0.54683775061434 0.44496054184991995 1.1203373940562602 0.23760836072851999 0.6301856199926
0.6131659836064001 0.33347149776429996 0.17904247391939998 0.8057796199703 0.29097429210150005 0.1101434426229 0.1777570789865 0.3324515648284 0.5955197466467 0.5616942995528
0.6446631878558999 0.46000948766610006 0.1419117647059 0.9650616698294 0.07500000000000001 0.11691176470589999 0.391437381404 0.3321631878556 0.3420777988619 0.530763757117
2.2327410996844996 3.20812409685825 0.25128842791515 2.6326475074938003 0.79065989044465 0.7095046430693 0.34120046620019995 1.022867650777 0.28595927286295 0.5250069446956
3.0511938934583 3.3499944017856995 0.1937161073293 3.0335718921898995 1.1346441253278 0.6565198315888 0.6026873089974 1.0261396321394 0.26642919746439997 0.6851036097187999
0.0333333333333 0.3333333333329 0.385714285714 0.2666666666662 0.17619047619029998 0.3190476190473 0.0333333333333 0.3190476190473 0.0999999999999 0.0333333333333
4.92746922413625 3.1299800153273 0.25661092859010004 4.44896098671728 1.3187478199067 0.95949940767198 1.0488422115251501 1.7309485145126802 0.85385116899183 1.32508972261862
0.43549783549790005 0.9605947675518001 0.1521212121212 0.7628157349897 0.43583286278949995 0.3302164502168 0.1804065499715 0.4698136645958 0.0934500282325 0.17925089403349997
0.8544871794879001 0.6891712454212 0.0735805860806 1.0039377289379998 0.3701007326009 0.2311584249083 0.140086996337 0.48697344322349995 0.0153846153846 0.1351190476191
0.5035714285714 0.31428571428570007 0.1035714285714 0.7214285714285 0.34285714285710006 0.025 0.439285714286 0.17499999999989999 0.16428571428560002 0.2107142857143
0.9121408240724499 1.01085216965263 0.06285491864236 1.3878419730178502 0.5445473722992 0.26269331553953 0.09718271924152999 0.29416161005353 0.15310547295859 0.27461962452476
0.9030214424954999 0.33911166805890003 0.28543581175160004 1.4185463659142 0.44521024784249996 0.1874129768866 0.3490671122256 0.9674185463657 0.975215817322 1.1295600111395
0.135135135135 0.2702702702701 0.08108108108100001 0.054054054054 0.0 0.0 0.08108108108100001 0.108108108108 0.16216216216200002 0.10810810810810001
2.8284669196284598 2.3111278760918506 0.32017363436909 3.31190117822694 0.8472194829842801 0.74889247823689 0.37538623803918003 1.17661825752378 0.37953639228060004 0.70067754261629
2.0401779138622 2.5249681548198 0.2423406466106 3.2154795926459006 0.9788373967381 0.4197677563126 0.46360180386559996 0.9749552559473 0.6741243036022999 0.46574717559699996
0.571428571428 0.0 0.392857142857 0.0 0.142857142857 0.0 0.0 0.142857142857 0.0 0.75
2.7665873973009996 2.8358199413430993 0.1740452368683 5.1541574657049 0.9718373754006 0.5508278335346 0.8931643112851 1.376620189083 0.3606982937994 0.9162419556815999
0.24162812210950002 0.334505087881 0.0734505087882 0.5326549491209 0.25235892691899997 0.15559666975050002 0.0086956521739 0.2802960222018 0.0473635522664 0.0734505087882
0.4269592476488 0.3312434691745 0.0344827586207 0.4491118077327 0.1368861024035 0.14838035527690002 0.029676071055400002 0.2766980146293 0.0114942528736 0.15506792058510002
0.56278668917937 0.39281342338519004 0.07738849022090001 0.84894470240582 0.20984240889267 0.04920149148727 0.33868017447587 0.38390319403391004 0.08311172083847 0.05332770507947
1.3775138260433 1.2590212075502998 0.0 2.0669363316422 0.8101021527496 0.5879587732538 0.286519036519 0.902352712647 0.14423076923060002 0.565365190365
0.5060331825034 0.1734539969833 0.23227752639510002 0.3491704374057 0.3092006033179 0.0972850678731 0.2888386123683 0.2126696832582 0.44419306184069995 0.38687782805470006
0.5810076114538 0.5331641899239 0.0112359550562 0.7325117796309001 0.34795215657870004 0.11972937054470001 0.23945874109019996 0.2404252748581 0.0860215053763 0.1084934154887
2.231334273462 1.6808378085994997 0.23944287756420002 2.0751313603519 0.7145278754395 0.24798130046709999 0.3432948267198 0.5537563265459 0.1983251555072 0.7153681953398999
1.9085809394764002 2.1598071711321003 0.0346632710808 1.7802178682866 0.9069766878817 0.3716741266653 0.2059108499856 0.9074149287742 0.3031663761348 0.42158778058199997
0.0 0.0 0.0 0.0 0.0 0.0 0.0 0.0 0.0 0.0
1.679709353171 1.4670626454404998 0.20643065706039998 2.2739360418665 0.9940479630651 0.9473362376893001 0.3357971674581 1.4621228145434 0.6876109768658 0.9459461428356999
0.5250000000008 0.3249999999996 0.07499999999990001 0.4999999999997 0.0 0.2249999999999 0.0 0.2500000000009 0.0 0.0999999999999
0.3912071535023 0.3002980625931 0.0454545454546 0.3494783904618 0.2649031296573 0.162816691505 0.0163934426229 0.2965722801789 0.0491803278688 0.12369597615500001
0.1346153846153 0.11538461538460001 0.0 0.19230769230789999 0.1153846153844 0.0192307692307 0.28846153846210004 0.0384615384614 0.0576923076921 0.0384615384615
1.752266911706 1.5000618514562 0.2001313603967 2.3670570012776997 0.8947636268745001 0.288246777447 0.4960902452828 0.647443845649 0.3484402062063 0.505498173707
0.26596980255499997 0.3112659698024 0.138675958188 1.1117305458766 0.1725900116143 0.0487804878049 0.0857142857142 0.2053426248547 0.3177700348436 0.34216027874559996
0.6100299962508199 0.52707161604838 0.1495575553057 1.06149231346205 0.30042369703820004 0.10845144356956 0.21263592050993002 0.19749906261729003 0.25739782527183 0.57544056992856
