3.22886496058824 2.6294446193959202 0.1249146425737 2.9371900780013602 0.36064260248558 0.7598439778952001 0.6294785332971801 0.55890674573428 0.29505828325058003 0.47565555678178006
2.4101386787080097 4.503260112522531 0.25294548064262 2.83648884915043 0.23074971676251 0.51648175964362 0.019801980198 0.8686857104374199 0.14114575636660998 0.22030195556871
0.33333333333299997 0.121212121212 0.36363636363600005 0.121212121212 0.36363636363600005 0.0 0.060606060606 0.30303030303100004 0.212121212121 0.121212121212
3.3358835494873 2.3498288459508005 0.3465175547736 3.7234532833892 0.8888583027728001 0.2477452879835 0.6847240270954 1.6543632590059 0.8119340151739999 0.9566918743695001
0.473684210526 0.671052631578 0.2368421052628 0.43421052631580004 0.3552631578959 0.0394736842105 0.0394736842105 0.3552631578959 0.078947368421 0.3157894736835
2.3230473047289 1.2595892922623 0.1495782911624 1.9062156215626 0.2321965529885 0.4954528786211 0.0 0.31767510084320005 0.1321965529885 0.1840484048405
0.6704089815564 0.32264100507899995 0.1149425287355 0.6804330392944999 0.12763966853800002 0.0692328254476 0.5070836674683 0.10384923817149999 0.0808607324244 0.322908313285
0.9274751222815001 0.8763703828642001 0.0947883285544 0.9230898971157 0.2055995952098 0.37476808905330006 0.0247933884297 0.2843649856643 0.0247933884297 0.2639568223985
0.34111718595560003 0.32425400171290003 0.1621434688098 0.43686186680679995 0.3531058560043 0.0 0.17973124300109997 0.2294479942034 0.5270239114687 0.44631447203759994
0.8260073260069 0.4322344322341 0.6886446886445999 0.5934065934067 0.30769230769230005 0.1630036630035 0.8589743589747001 0.2783882783881 0.38278388278360004 0.46886446886440003
5.02809387570698 2.3217845295104 0.3627079249406 3.1460496923084005 1.0173038107793202 0.6341724337521999 0.54840686799486 1.0057464558884601 0.46282139912864 0.47291300999034
2.8710910126789 1.81275560427344 0.22734507555924 1.9336343756526702 0.4031815176269 0.36355985391174 0.29611320265917 0.5544555508986101 0.15243284148557001 0.38543096525354
0.8936170212773 0.1702127659573 0.0851063829787 0.5106382978719 0.0851063829787 0.127659574468 0.0425531914893 0.0 0.0851063829787 0.0
6.7601770684638 3.8321444062357997 0.6027646595098 5.9328203206884 1.1893696221777001 1.0031261801953002 1.3255370901972 1.9452442685513 0.2942235321496 1.1145928518274
1.310423116615 0.5346233230140001 0.119814241486 1.5894220846223999 0.33059855521139997 0.3516511867907 0.2423632610943 0.3784829721359 0.805521155831 0.3371001031995
2.4635843339698997 1.325945460666 0.13082332697409998 1.0527699846611 0.23742191299129997 0.2360827441737 0.039931919350600004 0.31260614222129995 0.0175438596491 0.1832903153405
2.1871921182281 0.4532019704427 0.039408866995 0.5714285714277001 0.216748768473 0.039408866995 0.11822660098509999 0.1970443349751 0.07881773399 0.0985221674875
0.6222415795588 0.6335656213709999 0.24099883856010001 1.3841463414645 0.1698606271775 0.14372822299659999 0.3815331010453 0.4892566782818 0.6579558652734 0.2767131242739
0.77261335156 0.8883401686032999 0.6561175666439 0.8055080884025001 0.597676008203 0.1778765094554 0.6645819093184 0.8682786511721001 1.6601845522915997 0.9088231943507001
0.6230585424141 0.5491551459291999 0.9634749957321 0.8393070489861001 0.15232974910379998 0.0645161290322 0.179808841099 0.216845878136 0.7607953575688 0.6507083119988
9.68862238126772 4.360662346259621 0.67959542776532 6.91071263153262 1.61342767437012 1.04940036621432 0.5210380974026001 2.07122015888792 0.42859963350801 0.67672128280122
5.81524187734258 3.4211019010924 0.37897965097759 3.1067594857198904 1.34153627315279 0.6116701302892 0.4952583629423 0.8915630714435702 0.3122161234049 0.6256731236292
1.6964285714286 0.9714285714283999 0.7607142857147999 0.8857142857156 0.6571428571428 0.0 0.3821428571428 0.6285714285718 1.3357142857139999 0.6821428571436
5.4511009399989 2.4727453033941997 0.2961799070494 3.2659845334993998 0.7353453179444 0.4219460542397 0.5789511928471 0.9439642143803 0.1893945862863 0.6443879503599
0.2528735632181 0.39080459770170006 0.1379310344826 0.2988505747125 0.2298850574713 0.16091954022990002 0.0 0.2758620689655 0.0689655172413 0.1839080459768
4.99714144550972 1.81968520609678 0.26216120835648 1.8281973461293601 0.5661067193682601 0.49430406550046 0.0835968379446 0.65743224167118 0.1140316205532 0.1773433088648
0.8587301587301901 0.36071428571456005 0.08571428571433 0.67261904761943 0.1761904761908 0.015873015873 0.2630952380959001 0.31150793650799 0.15396825396823002 0.1015873015873
1.29268876285076 1.32957875457876 0.05228937728933 1.27482571192306 0.76022391587083 0.41188408365803 0.0862637362637 0.49340954744159005 0.2711804324711 0.027655677655660002
1.0083161999303 0.3409003899324 0.6046366536684 0.7621198156682001 0.3454165189651 0.16341722793320002 0.3216093583833 0.816504785537 1.0138603332143998 0.6232187167666
1.47033939511858 0.90492758634284 0.4637769637766 1.66841712859338 0.53364956904842 0.36544854686432005 0.44279483217526006 0.57852946790958 0.77460461531246 0.7975118948566401
7.1305777285245 3.00438340941778 0.52454589944078 3.8404429844932997 1.03616261937442 0.45895184944558 0.49311090816034 0.93726251547546 0.32580999408980005 0.24875209157652
11.965301360684801 4.955717448978 0.5481566307246001 6.4441289402112005 2.0330206432841 1.1218478766713 0.7604600118660001 1.7553934569807002 0.5952636432036 0.8207099873851
0.6188557614819 0.2723609991937 0.411764705883 0.068493150685 0.054794520548 0.0588235294117 0.2409347300559 0.12328767123289999 0.0410958904109 0.109589041096
10.0219162290667 3.2069751428582003 0.8553832606073 5.2318845972147 3.393119549238 0.6637428217878 0.9360127445405 2.8695657411122 0.7415424292232 1.0798574843474
1.04723407110789 0.36527071048717 0.10447630704648 0.79498408910657 0.26484400369710004 0.1783070633392 0.10619131373469 0.5220910885778 0.2551711014881 0.36143025141499
4.218010794668579 0.8665147908231698 0.07558400814649 1.52715111278295 0.3337587162492 0.2299744067275 0.05231632420959001 0.39440101348779 0.11599647307929001 0.18629235982818
1.06288107926518 0.69462048105992 0.29484132699602 1.39730663978146 0.4351865187959 0.03233472562294 1.04462528205794 0.34495174996404 0.41994334821693996 0.27330884824074
3.9591931834218 1.8788779860116795 0.66413400952588 2.7844802597274403 1.6409988777103 0.65987800779708 0.16114848751452 0.9971747252818001 0.52814581178788 0.7259686512205799
0.221794871795 0.29871794871780005 0.29871794871790003 0.47179487179499996 0.3641025641024 0.0 0.1551282051282 0.30512820512820005 0.5692307692321 0.31538461538460005
0.99818511796731 0.6347549909254799 0.10344827586195 0.97640653357482 0.18194192377511997 0.13974591651531998 0.17422867513611 0.23502722323041997 0.32214156079915 0.2341197822142
9.241935875425089 4.90874520249537 0.62388013433468 6.17080705889461 2.0831853774350497 1.27779727115146 1.02183394243866 2.0706165992871 0.56548192857889 1.03571660996674
15.89897834004168 7.623668424517839 1.11354342582171 8.9646230272604 2.33640663385469 1.6019682903382702 1.61879383247682 2.97592905361622 0.8071257875025799 1.0589631845818
0.0 0.0 0.0 0.0 0.0 0.0 0.0 0.0 0.0 0.0
12.92579587716795 7.466956949256249 0.6889920621584 8.5881118173997 3.3154968161227 1.68430354557825 1.3139589850478501 2.272297824668 2.07877892669685 1.6653071959034
4.0364160211631 1.3989860822471 0.2443006486552 3.4742899426901 0.458750551042 1.0445084703064 0.160967315322 0.9236176711391999 0.6077996095473 0.65036368789
7.079764852315519 2.06236327834432 0.14511562643742 4.64372917140382 0.92335070958872 0.4671263388761 0.1586024030743 0.8649157204945299 0.22345297688761 0.43157892257162
1.9704543257895097 1.1873097687256597 0.16191179857833998 2.6399609440184397 0.33410389521185996 0.15934984173853 0.33257416468156 0.5816342709772501 0.28884943034793 0.34385155993217
6.0382337676121995 3.0172331356574005 0.5041184732809 5.7215919602562995 2.6017329905897 1.1956608418567 0.6048546474006999 1.4359280661283 0.9935098300894001 0.8871362871319999
0.6629361421987 0.9822251481234 0.18367346938770002 0.7781435154699999 0.3298222514818 0.0408163265306 0.5503620803158 0.18367346938770002 0.9822251481243 0.3061224489801
1.2451539411996 1.0460219021343 0.512139604949 1.3540065334024 0.6725586906109 0.1342072747582 0.3670919584975001 0.6413635517338999 0.5898258323319 0.43763071038050005
7.3894992040092 5.124880063380661 0.8171461538394901 6.52444020230793 2.2048699097225 0.9127993481769299 1.31338456372723 1.93803977431043 0.8718493252855899 0.9030914552373299
7.662197705120759 4.73092744826763 0.58258799123697 6.51843949387605 1.40792523990635 1.17749919993081 0.54552107755987 2.26599034780981 0.48460331431552006 0.6243081819803199
0.3533333333336 0.0799999999999 0.24000000000000002 0.30000000000000004 0.053333333333299995 0.0633333333333 0.1766666666666 0.0766666666666 0.26 0.39666666666670003
8.02637057098244 4.70021212779166 0.42222031267634996 5.76960199978329 2.18705930804429 1.1990285251172899 0.8372293222374 1.7729702676941301 0.9959227981314501 1.08938476753679
0.8369953051644501 0.70873239436624 0.09953051643184001 0.8760563380273401 0.42028169014119 0.12375586854440002 0.11136150234745 0.47981220657229995 0.09802816901395 0.24544600938955002
2.31152903935764 1.0090800489639198 0.23078237232743998 1.9106866764263604 0.6376951113059001 0.41234729764951994 0.23650092519965998 0.72074685403518 0.25778377074536 0.27284790398979997
1.3213809664512 0.7975117214552 0.4701089208132 1.3291784897407999 0.30631715702129997 0.0422535211267 0.5818635198907001 0.5774278929208001 0.1873819451281 0.3865758654489
2.7113388600854997 2.1761282916986002 0.31898092052640004 3.226802351641 1.4692101986439001 0.4812137536927 0.3889741364803 1.0463146325047 0.3998286107954 0.7812082439305
0.9088472312003 0.6794209711851 0.2420665608898 1.7306708977310001 0.7715033985618001 0.2177626295273 0.4969454075334 0.7429233511579999 0.4873236567353 0.7225358954769001
0.97164423823895 1.22403398077105 0.51181384945105 0.9860440527292 0.5918734847053 0.09875296538105001 0.4894770305028 0.6434371065642 0.57770865500055 0.90521463665695
4.308103804091201 3.3302194131118203 0.44750717953489005 4.49724535122162 1.4087648649061402 0.55810953109487 0.8009164190958 1.41781830100656 0.47485247918953 0.75646265674806
7.773501225395319 6.24884043411859 0.6763435404727101 7.856228785684579 1.6795855534319701 2.2610698974557604 1.10688289016891 1.86785311773717 0.61703641638762 0.91265813914838
0.776170536734 0.19375713741900003 0.3840883136655 1.4036652346510001 0.24895317853049997 0.193757137419 0.47403338952600005 0.2759802055575 0.7172766327700001 0.3323182337265
6.8816825765845895 4.078696364640019 0.7504751391790199 6.8298066741725 2.7953075134932996 1.4201632348357 1.2943043316058203 2.13037848692889 0.58873016428059 1.23045551428311
1.26139236869294 1.16703539822924 0.22590794161561997 1.58935754510904 0.45066659004672 0.2719371336628 0.1741179174806 1.1680841282611 0.306502126192 0.38499885070651996
2.6064746871642996 1.6439114720847 0.1619414512214 2.2486362966242 0.8155641443191 0.34665680466709997 0.1498627361629 0.6188915358799 0.09073932603340001 0.3173215458432
1.0317663607143999 0.52974710211515 0.18800847090310002 1.10721941642985 0.4615579418213 0.13106849291035 0.54527028211245 0.4757565810196 0.208653070495 0.32095228147844995
2.06220075065988 1.1399827551223698 0.89658399269608 3.20961148306159 1.0179853925755902 0.2579529316297 0.40525334753478004 0.78567533982468 0.43791463785738005 0.78683936904018
0.6631381381382 0.7864114114111002 0.4323573573573001 1.0012762762759 0.48663663663640006 0.07500000000000001 0.4171921921921 0.6934684684693001 0.7156906906905 0.7288288288285001
1.10439253606946 0.5684538387510801 0.30708572573318 1.40678189538924 0.40710221764318 0.16609188247455997 0.3560242334478799 0.4793387137739 0.59435808550698 0.6103708712096
4.006403610703339 3.96403713791561 0.38061593959597 5.15929485926188 1.5511418701966 0.8581317690529 0.74780231298924 1.81847651958637 0.3116876681442 1.2024083125459002
5.41153636535314 5.68116199058881 0.6194014911032201 6.1060773005839 1.6349703470980699 1.33252291817315 0.79156685676497 1.50731833569313 0.9178875656740301 0.9975568289654901
0.7065407465840999 0.6992444427282001 0.5163238249697 0.7765663241006999 0.8096562021346999 0.0689655172413 0.1903695408734 0.6270445004664 0.2671030106444 0.3381858902576
3.77360370522442 2.4277090066808 0.25988214710915003 3.9818102901175396 1.01378846871809 0.69849990475019 0.49122322341658003 0.9019157997573699 0.4464553907969401 1.00511206343333
0.63743360695368 0.7572428778365801 0.0564340898116 1.1624215354903902 0.4162844036694 0.05963302752289 0.09729599227419002 0.53832689521958 0.2019555770158 0.0729719942056
1.6846480549065999 1.4194135730525999 0.2221766327499 2.1703684192145998 0.7341154460499 0.37487828736699996 0.1317625790356 0.8877834849039999 0.14810950028300002 0.2267440224322
0.38980509745111996 0.31139430284883995 0.043103448275840006 0.5719640179913299 0.16439280359824002 0.07781109445269999 0.13800599700142 0.12136431784102 0.052023988005919994 0.13013493253361
1.3321265243905 0.8661204268286999 0.18250762195109999 1.9160060975612998 0.7576600609758999 0.3797637195123 0.229382621951 0.8135670731705 0.32408536585360004 0.1987804878048
1.1576923076927998 0.6141025641032001 0.0948717948717 0.9166666666669001 0.39102564102509996 0.0615384615384 0.4410256410258 0.5589743589741 0.5358974358979001 0.2282051282052
2.4723840524361003 1.8220380642376999 1.6217800954369999 4.5240099201764 1.5117691345336999 0.3348014304533 0.6802216538789001 1.5456726564158998 1.8530828932372 1.6342400992015
5.46667356061798 4.17396075692508 0.23535740399708 5.656898340252059 1.85248193429429 1.11069482666238 0.7343830841795 1.6487852621644803 0.54848492372058 0.57227990718379
3.3147216000762394 3.3070849890352796 0.39853987246357003 2.82561354779234 1.28477633116735 1.12206427172779 0.5727412937351399 0.9031037732613699 0.67829749182078 0.59305682892171
0.12244897959180001 0.36734693877560004 0.1632653061226 0.3673469387756 0.36734693877540003 0.0 0.12244897959180001 0.2857142857146 0.0816326530612 0.12244897959180001
4.60284573654269 4.45075127856163 0.5676427026433299 5.12078637387479 1.03051696852533 1.06268815128223 0.95002652461349 1.5899358146702598 0.76490696795496 0.85989948132183
1.1259313845891699 0.83014001473797 0.08220748382854 1.72766723982638 0.2296732989438 0.30680422500614 0.04957831818541 1.2840006550388 0.14152951772674 0.22246786211379999
1.3132102241623 0.8479512701384001 0.36893339931170005 1.3406798884220001 0.5669619593537 0.5482678741117 0.07444353457899999 0.7462964341557 0.148514851485 0.044740564282
0.8356634607865001 0.6356634607863001 0.2580811635 1.6730784267735002 0.5918680115728 0.1111111111112 0.9402142466188999 0.4249745875361 0.2213777465008 0.307967784815
2.2730474602461 1.2021065059324 0.0535714285714 3.3671148428915005 1.2532778226572 0.7231327285152 0.5641427950031 1.2724027700119 0.3991512873088 0.8920523588589
0.8858932563335 0.6061987704916 0.5426788375553999 0.9875978017883 0.38188338301060004 0.1101434426229 0.6323025335318 0.6960879284645 1.0500652011928 1.107148845008
0.8113970588232999 0.5007352941172999 0.1981617647058 1.0922794117646 0.11249999999999999 0.16066176470590002 0.28639705882350003 0.34264705882319996 0.18602941176479998 0.3091911764705
3.1395441736718 4.0908555102759 0.5282509854473999 3.8262241512689004 1.3804161795843 1.1664567969972999 0.9597491105381001 1.6636612501222001 0.4644549923304 0.7803868497638999
3.42228589417105 3.86229160037995 0.42517017033300003 3.5616675400626 1.2769093157902 0.8701702404354501 0.80904592994735 0.9431211970741501 0.5613312114235 1.2680069003813002
0.2833333333334 0.8333333333331001 0.18333333333329999 1.0583333333332 0.1166666666666 0.075 0.0333333333333 0.1166666666667 0.225 0.075
2.12575748191705 1.4820673288059998 0.09686393853049999 2.51736380902958 0.8138780033705 0.65812284870238 0.74318153665925 0.50552308668248 0.31728310605112997 0.7399588602487199
0.7513695027710001 0.7907059918277 0.18162560181249998 1.1933600356026999 0.3651074159485 0.3404329004329 0.2372860784071 0.5739385847793 0.2559776671921 0.31019622122409996
1.4801282051286002 1.2128891941402 0.1415293040292 1.5603479853492002 0.7252289377297 0.4766712454211 0.12790750915750002 1.0953067765575 0.0076923076923 0.1722985347985
1.118253968254 0.7026455026453 0.3552910052908 1.8132275132274 0.7227513227512 0.05 0.9896825396822999 0.34999999999979997 0.36560846560820004 0.5325396825398
1.1765847643408998 1.1596290857489 0.0806821056182 2.114846758102 1.0973799218689 0.45750259970210005 0.2364836570079 0.6129458137777 0.4370995053541 0.6268457884826
0.074074074074 0.074074074074 0.0185185185185 0.1666666666665 0.0185185185185 0.037037037037 0.037037037037 0.1666666666665 0.14814814814820002 0.2592592592592
0.2796929582642 0.4204970276397001 0.2590856162283 0.3856867071152 0.109410430839 0.0277777777778 0.1700833486547 0.35640742783580004 0.5533186247474999 0.438040080897
4.26326174293046 3.710057050638751 0.50699350368579 4.84512992552024 1.56820298129318 1.0581106198785901 0.31961124467777996 1.6426227830263802 0.6182452327489001 1.4677649156025903
3.8704485339482 3.8743365692956 0.358516966825 3.7873355510941 1.2939314593977 0.8365763519657 0.5348171616552 1.3401270623789001 0.6461053565271 0.45780498691180005
0.6403940886692 0.12068965517209998 0.1773399014776 0.29310344827549994 0.2807881773398 0.0172413793103 0.0172413793103 0.24630541871919998 0.0862068965517 0.1206896551724
3.7404217363557994 3.7272920575073 0.10839415408019999 4.5485128946716 0.7868488440121 0.5465465230321 1.0167769559499 1.5335743734106002 0.9647299346729001 1.0269025263036
1.6565217391318 0.12173913043460001 0.0521739130435 0.7972826086955 0.6233695652174001 0.1130434782611 0.0086956521739 0.1739130434783 0.2135869565217 0.2396739130435
0.5791068580539 0.7783094098883999 0.0833333333333 0.43867623604460004 0.17862838915469997 0.44178628389209995 0.053269537480000004 0.302711323764 0.0 0.144178628389
0.9537489964329 0.4816626523966 0.15562949536089998 0.8981451592876 0.24722104966939998 0.0339102293513 0.4454762909813 0.48715847672920004 0.1460614638425 0.1509861859475
1.1744250065493 1.1469399720216997 0.08450704225330001 2.0006775421015 0.8191434290656 0.6372800402214 0.2621420050997 0.9939275007408 0.3042163235825 0.5767411383608
0.0 0.0 0.0 0.0 0.0 0.0 0.0 0.0 0.0 0.0
0.7310076114538 0.6831641899238999 0.1612359550562 1.4825117796309 0.4979521565787 0.11972937054470001 0.5394587410902 1.4404252748591 0.23602150537629998 0.1084934154887
0.6652937021860001 1.2832795368889502 0.0618263067915 0.99054766761 0.26805811336170005 0.18756807065460002 0.1217086806998 0.15963682449135 0.09064865970935 0.17143243760580001
2.1122442491446 2.6397891213649998 0.1130541407281 2.7148285978233 1.0165470305265 0.4330081588377 0.21124312005489998 1.0295961638752 0.2681326775189 0.4615567401263999
0.1842105263159 0.07894736842109999 0.1052631578948 0.7703349282298 0.0263157894737 0.0526315789474 0.07894736842109999 0.0263157894737 0.5980861244024 0.078947368421
3.4902916225102207 2.61162140125834 0.29085749566422003 4.25016072451274 1.28230014995192 0.9125551002519201 0.58813992747034 1.34958978287034 1.09111341554272 1.13337037996316
0.8681451612913 0.6004032258063 0.14475806451599998 0.9596774193547001 0.0967741935485 0.3697580645161 0.1290322580647 0.45564516129129995 0.0645161290322 0.3112903225807
0.3912071535023 0.3002980625931 0.0454545454546 0.3494783904618 0.2649031296573 0.162816691505 0.0163934426229 0.2965722801789 0.0491803278688 0.12369597615500001
0.2774725274723 0.11538461538460001 0.0 0.33516483516490003 0.1153846153844 0.0192307692307 0.8598901098901 0.0384615384614 0.0576923076921 0.18131868131849999
1.3447454198051998 1.3189127421246 0.044453186467299996 1.5382713274141 0.5482185006183 0.20847476677510002 0.37568843430459997 1.051118354502 0.29488966318250004 0.2752276048113
0.34146341463450003 0.1463414634146 0.0487804878049 0.5853658536588999 0.0975609756097 0.0975609756097 0.0 0.0487804878049 0.2926829268297 0.341463414635
0.3101449275363 0.353623188406 0.0701449275362 0.710144927537 0.1066666666667 0.0533333333333 0.17681159420280002 0.28057971014469996 0.4544927536241 0.48405797101439996
