2.77490381522374 1.4057976881038197 0.1469912617081 2.5032175623214603 0.8912869294400801 0.4729511052795 0.42302899065418004 0.7292115839384801 0.22771250203417998 0.42489856129588
2.11005712249791 3.7131096383830298 0.16337882281631996 1.8622395769944302 0.28950446785171 0.55970109421562 0.129351669639 0.7633026925529199 0.17295951366711 0.23639540138321
0.6666666666676 0.060606060606 0.18181818181810003 0.060606060606 0.34848484848510003 0.0 0.19696969697000002 0.3181818181825 0.1060606060606 0.060606060606
3.6561633860887 2.3399158629994994 0.32573605499270003 2.8357142086396 0.7050881099296 0.3436420843408 0.9215052717627 1.7831506837166002 0.5143926169742999 0.5746917205533999
1.2044579297459 0.6494048313685 0.1277278562256 0.9910043956897001 0.1975045707396 0.17132493095249998 0.0131578947368 0.343106935854 0.09948652118080001 0.2028241335043
1.8325632563243999 1.0882104877148497 0.1445911257791 1.6449394939500501 0.27599926659315 0.4873303997065 0.0 0.29844151081750003 0.0759992665933 0.15192519251915
0.6621689155425 0.48075962018920004 0.1869065467264 1.0429785107447 0.135932033983 0.0689655172413 0.6876561719144 0.1614192903547 0.1414292853573 0.43178410794620004
0.8797746803175299 0.37615229636942 0.5760371695247101 0.72424653591593 0.7577402244965 0.15061058344640998 0.26796595534721 0.5519921055880199 0.54557789564591 1.16990255334991
0.053191489361599995 0.1276595744683 0.0212765957447 0.1489361702127 0.07446808510639999 0.0 0.0744680851063 0.1063829787235 0.17021276595739998 0.2234042553192
0.5934065934063 0.4395604395607 0.21624803767659997 0.729984301414 0.3025902668761 0.0576923076924 0.11773940345360001 0.3410518053377001 0.0384615384616 0.1632653061224
7.2439084839718 3.7110220452787805 0.43021648335855994 4.14067567250958 1.01565807175492 0.8742122487145999 0.53621189405326 1.0392296578437599 0.59866592571 0.4101995167959
2.37437751885576 2.22892440958159 0.24434537684519 1.80865066481615 0.5716573764397901 0.38322964027158 0.31473801560729003 0.47748107461208 0.16087083206640002 0.43572509090367995
0.0 0.0 0.0 0.0 0.0 0.0 0.0 0.0 0.0 0.0
5.3477844397054 2.9751965483991 0.8186156081334 5.5595540716732 1.2623588562123 0.8107712292666001 1.0045715366688999 1.5252745400311003 0.7518502194567 1.9440229504532
0.0947368421052 0.14736842105300002 0.0315789473684 0.23157894736860002 0.0315789473684 0.0526315789473 0.0315789473685 0.1578947368419 0.0947368421052 0.1263157894737
2.4978865073152 1.33170613099872 0.12113492686928001 0.9901881569594799 0.2303519994018 0.18161822466606 0.042550405865360005 0.27830396887748 0.0350877192982 0.29117195974995996
2.1871921182281 0.5301250473658 0.2701780977641 0.7252747252737 0.216748768473 0.039408866995 0.19514967790819998 0.3508904888211 0.2326638878362 0.2523683213337
0.6081754735799 0.717846460619 0.0757726819542 0.8793619142591 0.0757726819542 0.1186440677966 0.0 0.4147557328018 0.0 0.1096709870389
0.3086124401914 0.3717703349279 0.3291866028706 0.7296650717716 0.2454545454548 0.0875598086123 0.2626794258369 0.39952153110059996 0.9220095693782999 0.3435406698565
0.5622119815675001 0.3348694316434 0.0322580645161 0.7572964669756 0.0967741935483 0.1121351766512 0.25652841781860003 0.3517665130565 0.1920122887863 0.30414746543820004
5.89298288472944 2.8939897822033 0.33680391168437995 3.55472117204026 0.69842124321909 0.6286900848588 0.34914631410915997 1.03928963755135 0.17455134893557 0.431403620672
3.16170457255084 2.04870211622315 0.31384683859958 1.94964892976434 0.77907151041559 0.22373260562908 0.1940828574257 0.55206933902366 0.3778791396885 0.39926209067888996
0.3366795366796 0.18893178893169998 0.155727155727 0.16833976833980002 0.1572715572715 0.0 0.09060489060480001 0.4290862290863 0.31608751608780006 0.1572715572716
5.73371093807305 2.2260786086916498 0.49706565241458 4.099545935597581 1.15907610535506 0.43873090924397 0.9014173213266301 1.1353955524114 0.7000461224744099 1.1089328544042
1.3869451763601 0.8455849594592001 0.2268199233714 0.9939410139885 0.6224284314095 0.43482134901589997 0.0232558139535 0.3900739552704 0.23087027914599995 0.8452590980249
4.4208309806203 2.0095943911154 0.31253058535640005 1.8583051006933002 0.5518445322802 0.6934829663101 0.0726613965744 0.7891727837376 0.0900527009222 0.20152456239400002
0.93412698412669 0.39642857142876 0.06587301587303 0.74801587301663 0.2079365079374 0.031746031746 0.18174603174669998 0.24801587301578998 0.08849206349203 0.097619047619
0.9246130213863001 0.8507326007326 0.15934065934070002 1.0382842963494001 0.7827011697985999 0.13594470046079998 0.11813186813180002 0.28107645043130003 0.42895545314839995 0.28021978022000005
0.556703296704 0.211868131868 0.47560439560400003 0.568571428571 0.15186813186800002 0.098901098901 0.22483516483500002 0.687472527472 0.5945054945051 0.42967032967
0.8335359330940001 0.5664689293008 0.0796703296703 1.3606437809995002 0.32655839735470005 0.32745794028970004 0.3009335796945 0.3091753379362 0.535981717398 0.35957405426419997
4.773829090583611 2.18364554173599 0.4395290716976101 3.54498256247708 0.69659857817208 0.4005768753371601 0.6850537739273801 1.26447590342997 0.62144592373597 0.38986267890438003
8.63258252504804 4.10536985717712 0.4183425921989 5.11474669793982 1.3288446083889003 0.9538541304339401 0.7279155440830399 1.44629518749544 0.6441273880445 0.6279214691885
0.8061594202891 0.394927536232 0.32789855072530005 0.1594202898551 0.20289855072489998 0.1394927536232 0.1594202898551 0.2989130434777 0.1449275362319 0.3659420289855
8.924520009456531 3.61898915973997 1.00661762160042 5.26075467570271 2.92007056452752 0.5837618560052 0.8925092805682001 2.36647123399579 1.09815104927569 1.32815454912809
1.3623635500712001 0.2880873279539 0.1334440753042 1.548410061699 0.3807150767286 0.34068976427779996 0.0412118335705 0.6071824078467 0.19545957918040002 0.1024363233664
3.2758620343371803 0.6516387577653201 0.06731954533654 0.9982254929479499 0.25937855095990003 0.1969165554878 0.03578739858969 0.29522745976879006 0.07467415902979 0.14497004577868
2.1045477459326802 0.96734775378742 0.7971140542687198 2.20791270038816 0.4692774278868 0.06642563471384 1.55598891842274 0.44722447723703995 0.89267062094494 1.4914906664217398
2.9464548790357004 1.4895159156874 0.8529808410698999 2.3919391280676 1.0578753720889 0.7727486627117001 0.1437524625471 1.2393058307746 0.4251217299284 0.6803051780889
0.5432926829268 0.3481707317071 0.287195121951 0.7963414634143 0.2731707317073 0.0243902439024 0.2115853658536 0.5463414634146999 0.4987804878059 0.47073170731689995
1.5775862068959001 0.8362068965511 0.2931034482757 0.7931034482765 0.275862068966 0.0689655172413 0.1637931034482 0.2241379310343 0.3879310344824 0.379310344828
11.05456470515939 6.38718303042195 0.8863482205958799 6.46756636705509 2.31174525030429 1.3813764750223998 0.9664588623697 1.7560834852179 0.7387466604455901 1.04992694342118
21.5945020140756 9.908934756370599 1.3994769336431003 12.2408635095082 2.7753398124438 2.0070053435045003 1.7974459355613002 3.6656764610569 0.9520542444689 1.6587009893712001
2.0808093721342003 1.0342778523372 0.49160339271319997 1.6554929015573001 0.5810846530881 0.44531176768239994 0.5442021655389 1.2457054479807 0.48189653967479995 0.43961590729140004
15.34595141981323 5.98308807450066 0.5653395416661899 8.70498233476048 2.68210562106978 1.83267930880578 0.85000545809079 2.33066638400456 1.15373239897466 1.55144945831781
1.0253164556970997 0.2531645569627 0.037974683544299996 0.8481012658222 0.0759493670886 0.2531645569627 0.037974683544299996 0.1898734177218 0.1518987341771 0.126582278481
4.9422636399583 1.3036222297657 0.14173278022980002 3.5662455951371 0.6461873969931999 0.3198354998287 0.0919254949248 0.5934825620192 0.10917030567699999 0.28553449547500004
2.14102288766241 1.2307880295936597 0.23549039389594 2.52959305104284 0.28393667113116 0.13928295210633 0.83424640548346 0.60504564221515 0.52296314272203 0.47763082414657
4.4834969704875 2.4594028475033998 0.3888751848974 4.6952747617135 2.4328093823373003 0.8426736163768 0.41553052512040006 1.0777580783195 0.6010182324813 0.6031604007618001
1.103170782036 1.2565709962381997 0.3100822418517 1.2644905819821002 0.5464219390222 0.09107523606450002 0.45885450954609996 0.4270484313132001 0.9385691686402 0.6037161133115
0.7778812139267 0.8143335904458999 0.46988618269509996 2.2549401943367 0.4227306807827 0.1251163656673 0.510250961656 1.0976289080003 0.8623776048832 0.6648542976034
9.442513622628521 6.813656138111889 1.0627740962885799 9.0865386447291 2.8280153569533404 1.07806566760915 1.19761351093054 2.5422427230155 0.681481642546 1.26709859718611
10.8487420369164 7.1879925843854995 0.9674954749334002 10.0144218624746 2.1401112588343 1.7017382742534 0.9566179428952999 2.9019925845538 1.0738910753757 1.2069969053743002
1.9283549783544 0.876103896104 0.222380952381 1.2637662337664 0.27571428571440004 0.11571428571430001 0.6417748917748 1.6061904761906 0.5809523809528 0.4890476190470999
10.0821093327053 5.7510628061863 0.43295046395360004 7.6149386016213 2.7605079792254 1.4429415472836 1.1983296620865 2.2897028305601 0.9618478213072 1.465608955075
1.6836955063724002 1.1311200536551 0.2828839704896 2.0651777330659 0.6277934272301999 0.301690140845 0.28592219986580003 0.8863916834343 0.2616364855801 0.4736887994635
2.8742820905512705 1.6877333205726697 0.30951469321295 1.8799176797166801 0.7171077821400201 0.34489566382621 0.14334258638814 0.78520149325341 0.11511677993661999 0.14288791040466
1.8410168860867 0.9890979130419 0.2668899175938 1.3865655471284 0.27388292458700003 0.1311424100155 0.8021099401371001 0.5208400363329 0.2915000492462 0.4969543758275
3.689467515056 2.7949197147003995 0.8850238055166001 4.1041512795149995 1.8300678984503 0.5611357809831 0.9522879766362 1.9015193108665998 1.1577623339924998 1.1236643842815002
0.6460719672489801 0.4547754206575801 0.24089009030164002 0.99106305459227 0.5308699143991 0.12952733540960001 0.37368748898161 0.45474838886581 0.52545337015924 0.6529129693833999
1.3416832867983999 1.2229756681289998 0.370881531711 1.804148384523 0.6665337056233 0.2607897885918 0.352134024731 0.7477463103313999 0.530355005984 0.7027522935776
6.8586145742814795 4.85525431280047 0.7035783939222899 7.3266468090746795 2.03369940286797 0.9861216309389 1.2470231472894302 2.0811307575168203 0.70038844432767 1.20754252698451
5.884050603417901 5.246615185766899 0.43122413349570005 6.193293553997201 1.6030941597947 1.2897384221841999 1.0004985752044 1.5349393607046 0.5991188512647 1.2174271541743997
1.4993007619336 0.8343888062199 0.49191889788320003 1.4258912825593002 0.4191723545489 0.3192372910679 0.45522535414730003 0.6191049074232 0.5202154779622999 0.4155448662487
7.48678691516219 4.44136105868992 0.6917055702996899 7.07867617937775 2.38968986050624 1.35606814151821 1.0926239118854302 2.35289939769398 0.73084592959337 1.37934303527071
0.59418457648554 0.47385358004814 0.09441443512231999 0.8231237788761401 0.14871853809892 0.1144696011953 0.07671532007809999 0.43431789449510005 0.1003332950234 0.13986898057712
3.9091062661108005 2.3807535773499 0.2277309249057 3.1960047176766 1.1445115127406 0.5177094362462 0.1761785256367 0.9478389043015999 0.09073932603340001 0.40942680900149997
1.8132656816883 0.8336137546669 0.1832246700668 2.0274068037235002 0.525579683475 0.2459908512536 0.9680188232817 0.7546006624949999 0.2582286134915 0.3900704558603
0.7535377358497999 0.44575471698110003 0.10023584905659999 1.6014150943398 0.4716981132069 0.0754716981132 0.1314858490566 0.2824292452832 0.06898584905659999 0.06898584905659999
0.29444444444469997 0.4222222222224001 0.16388888888890002 0.5472222222225 0.18888888888900002 0.05 0.2361111111112 0.3416666666671 0.3972222222224 0.3583333333333
0.43109243697509997 0.2710924369748 0.2810084033618 1.010924369749 0.3430252100836 0.13226890756339998 0.12252100840329999 0.3053781512604 0.6485714285722 0.4541176470592
4.3364726686551 4.1018231798333 0.3522442519626 5.7759590840546 1.7863962942192 0.9635451356515 0.5268933789992001 1.8562304770156 0.38291767387680004 0.9175178557272999
4.64756182010818 4.49843699652689 0.5463706928859 5.49992629859743 1.48225222269537 1.41898091918634 0.96882306402544 1.2196343256792401 0.79852911848917 0.91948454180004
0.1578947368421 0.2280701754385 0.0350877192982 0.2456140350877 0.08771929824550001 0.0 0.0526315789473 0.0526315789473 0.0350877192982 0.1052631578946
6.27594740097609 4.3746307893776395 0.41617909295085 7.5400131095661695 1.70514282962439 1.0002004481472802 0.909718825868 1.5181041409146399 0.77718741697174 1.4828759456054004
0.9296257244845699 1.19250936290288 0.20193700553418004 1.6175100037512702 0.39919935988489996 0.1756040832148 0.28542850162658 0.83279794280358 0.20738381184089 0.1580042039556
2.5018348867024005 2.2459226075986 0.34611445178050004 3.0382740757196 1.3176576160064999 0.6148993352738 0.2977285186345 0.9067351972107999 0.36029671736339997 0.37053659371229997
1.3968099283684798 1.02153923038522 0.18199233716463997 1.8842828585716098 0.40352323838034004 0.12998500749607 0.47206396801641 0.52788605697121 0.3771447609531 0.6047726136932999
3.0874814083987 2.2892614490893997 0.6360910401152 5.1748508307156 1.9974630495275998 0.8889387557924 0.6466386346788 1.8407213098254 0.6073405619535 0.8312129598968999
0.15810810810800002 0.27792792792790005 0.1009009009008 0.3193693693693 0.1238738738738 0.027027027027 0.21441441441450002 0.1882882882882 0.3153153153157 0.2747747747748
1.5690454047225 1.088000022143 0.45893258489160005 3.0423738665422 0.9405730671713999 0.21663843402959998 0.4546035805629 0.9486691909961 0.6032401102736 0.6779237386657
6.27941814169288 4.4302585644314805 0.21404159997448 6.9730743811334595 2.62384952410509 1.5709538351390802 0.8474402369073001 2.1436943854123798 0.7584234078508799 1.1588459233580901
6.0603784133741 6.395872354830599 0.6169063416566 6.1896148060227 1.9038472296909 1.8293645183910998 0.9585238021178 2.2605673061586 1.0053095789728 0.7796156487801
0.2167800453514 0.3836734693878 0.1260770975056 0.428117913832 0.3170068027215 0.0222222222222 0.0834467120181 0.2095238095238 0.1074829931972 0.1056689342403
4.424683437503 4.0910016020648 0.30794149385970004 6.3633370425002 2.1260960202453 1.6074581881474 0.899264647934 2.1682365421047 0.7836074078859001 1.2283736177487001
0.7992917383107401 1.21988864324983 0.22246786211388 1.3907311880773001 0.44988946204848 0.38659624989727004 0.08110210431489 0.8036927863757 0.28932285269778 0.35701711291175
1.47086466165377 0.68984962406078 0.10808270676684 1.0921052631583401 0.47462406015127 0.27960526315807 0.07471804511267001 0.6818609022555101 0.044642857142770005 0.08364661654130001
1.019289191781 1.3534997180948 0.42211625121870006 1.868984859522 0.632511286426 0.0555555555556 1.3361206793686 0.6062611372436 0.2892140038107 0.41644731697809995
1.858045406405 1.2338591005709 0.0357142857143 2.8839920332571003 1.0422141085168 0.5493670717526 0.5203719725249 0.6799762097102 0.26794446155319995 0.9285153499961001
0.5607069672132 0.2717725409836 0.2592213114754 0.7169569672132999 0.3529713114761 0.1265368852459 0.1577868852459 0.32172131147539995 0.6029713114758 0.6293545081967999
0.18216318785559998 0.3457237733802 0.5115546218483 1.0418473841151 0.4285714285718 0.0294117647059 0.49322309569 0.34287747357 0.8027920845759 0.8218351856881
2.2030263491107402 3.3525663563940196 0.48884256634967 2.86924748870128 1.00792372727827 0.8240540105946002 0.3826601082533 1.2534881800976398 0.23479654957601 0.38339466364814
3.16136257820002 3.04984465419637 0.14445378145585003 2.8977932819091996 0.97066022190819 0.49229724114351997 0.45070474009703004 1.0239733522774 0.23893662051915 0.56997352829236
0.0 0.0 0.0 0.0 0.0 0.0 0.0 0.0 0.0 0.0
4.256788888431199 3.3924408861705 0.2360397802223 4.4059872236901 1.4370869316332997 1.6125125740366 0.7535813532222 1.4023881315381999 0.6185368074529001 0.8846374236074
1.3407614192660002 1.4744160241767998 0.283154913622 2.2824063001883 0.8932767273359999 0.4573160173163 0.7541412265101 1.0560886979744 0.7139136767337 0.7445249968772999
0.6461538461545999 0.5120879120878 0.052747252747200005 0.7956043956044001 0.2659340659341 0.1582417582416 0.1296703296703 0.30989010989009996 0.0153846153846 0.1142857142857
0.8901515151520001 0.442424242424 0.07500000000000001 1.125757575757 0.481818181818 0.055303030303 0.225 0.43863636363600006 0.05 0.215909090909
1.0545427848569 1.1552149147511 0.0824627617797 1.9439694239982 0.9597434507303 0.4715168449517 0.1613984055161 0.44759298260249997 0.2842329239389 0.43932550687780003
0.25543478260860003 0.27096273291949996 0.1071428571428 0.7329192546588 0.2911490683233 0.0357142857142 0.2298136645963 0.3649068322978 0.4083850931676 0.3035714285714
0.9158350734304 0.8133416692327 0.48325513620660004 1.5762974407494998 0.579036928508 0.1017524024873 0.5705726478961 0.3650742377228 0.8512711950898001 0.7435632686782001
3.8204475413193997 2.8581585647114 0.4931229875367 3.9796691454785993 1.2719370664354002 0.7258772855841 0.5552603148994001 1.6384933034442999 0.6386839166974001 1.0183498738973
1.95572030218658 2.3619914813900103 0.21616647831296998 1.67753656846145 0.75758802302477 0.4996827180954 0.31818555743554 0.6722180598663099 0.23533624971967004 0.30557456150420004
0.5513110405703999 0.509718658955 0.08933773970499999 0.6985258946810999 0.2668717658826 0.1212766882636 0.0884898030177 0.2402704700613 0.1766860894898 0.2575118493716
2.992699043275 2.168411724278 0.1388417793086 4.5341555490894 1.0686108742525 0.415921169903 0.7020659871228999 1.3148419971093999 0.7259117462282 0.9385401294336
0.34778285941532 0.53768144760363 0.0612447802743 0.77331477430833 0.45774507854481006 0.09445217737111 0.04672897196251 0.4090276396903 0.11731954662931 0.1547027241997
0.9006434581757001 1.1207171533847 0.0344827586207 1.1333223340489 0.4000439971408 0.2010119342242 0.13493922895 0.8030138041036001 0.0114942528736 0.2603310784797
0.1159420289854 0.1304347826086 0.0579710144928 0.21739130434770002 0.072463768116 0.0144927536232 0.2318840579708 0.1159420289855 0.0289855072463 0.0144927536232
1.6487117526672002 1.6520944419653 0.2843986998916 2.8942295300201 1.2164611348337 0.7334338863751 0.2136390995545 1.0365306722172 0.5411249548575 0.7793758276153999
0.1628205128204 0.07692307692309999 0.07692307692309999 0.5628205128208 0.24871794871779998 0.0192307692308 0.16794871794869998 0.07692307692309999 0.406410256411 0.2012820512819
1.0398481973419 1.1252371916507 0.7703984819722001 0.8159392789368001 0.6015180265655999 0.0860215053762 0.48323845667320003 0.3004427577476 0.9740670461734999 0.8032890575568
2.4351235691922 2.5621239697931 0.3070672665918 2.9036206951477 1.1260862083885 0.5083947377964 0.3294875247792 0.8182391257999 0.2668292930724 0.7430276094398001
2.0107400303851 2.532951110526 0.06799660441409999 2.4003693834383 1.149400930305 0.4024317024228 0.3232214560462 1.0973391711981 0.3255148609833 0.6900347502784
1.2017543859657 0.6912280701755 1.1105263157898 1.3982456140350998 0.11929824561409999 0.1719298245615 0.7578947368422 0.48596491228039995 0.4719298245617 0.591228070175
3.3652705678759802 2.43181714644738 0.32951200932709 2.62479183561557 1.6664740928199901 0.3513577656908 1.0374912820963902 1.16089902621229 0.65428885407179 0.37809741984129003
0.6086956521740999 0.0869565217391 0.2608695652171 0.347826086956 0.0 0.0 0.2608695652171 0.2608695652171 0.1739130434782 0.0
0.1639344262294 0.16393442622939997 0.0 0.2131147540981 0.19672131147549998 0.0491803278687 0.0163934426229 0.1147540983607 0.0491803278688 0.0327868852458
1.0961538461533 0.8409090909088001 0.0611888111888 0.9073426573423 0.38811188811069997 0.15209790209750002 0.872377622379 0.2604895104894 0.1346153846153 0.2867132867134
0.1867779204106 0.27650834403060004 0.0648267008986 0.4749679075737 0.3587933247749 0.06290115532729999 0.11168164313219998 0.5559691912708 0.2643132220794 0.6432605905012999
0.170731707317 0.0731707317073 0.0243902439024 0.2926829268294 0.0487804878049 0.0487804878049 0.0 0.0243902439024 0.1463414634148 0.1707317073172
0.9805054610116 0.5069850139697 0.25327025654040003 0.6007112014227001 0.3022606045218 0.14249428498859998 0.0480060960122 0.1424942849886 0.14478028956060002 0.8784925069845
