0.3469696969696 0.7424242424245 0.8227272727282 0.3924242424245 0.6954545454551
1.0453418490272 10.081944208956699 6.5176085371379 6.7169833949630995 2.6381220099117004
0.766292425959 5.1936958170353 5.3279293158099 4.382775845898501 2.329306595296
0.42607711705839 5.515081187156 6.19015954385808 6.6760590255789705 1.19262312635279
0.21828014105869997 2.2268836362788 2.1214157750828 2.026954411709 1.4064660358735002
0.08928571428570001 0.30357142857130004 0.24999999999970002 0.0892857142856 0.2678571428572
0.9487337928307901 10.44184784666215 10.169399819133961 7.509718191301529 1.93030035006648
0.3369791158674 4.633059554370099 5.9503347724004 4.2390732406385006 1.8405533167252999
0.38545543020482 5.86225092863436 6.92086024087095 6.79176946207346 2.03966393821169
0.4879746565663 2.0668129795538 2.97028761246505 2.2769020186603 1.1980227327567499
0.45334620334599995 1.229922779923 1.0622908622904 0.6708494208493 0.5835907335905
1.1838654068146 13.919852354729102 12.892499693046899 11.703961262233301 5.299821283176301
1.1078379898692998 4.8930249347806996 8.5135363228916 4.709005301460599 1.7765954509939998
0.61573937558059 6.63770455813631 9.51104047613794 6.957975330235431 3.27754025990969
0.6926929392443 3.2933319331492 3.4690059316957997 2.8334119346757 1.711557261238
0.1428571428571 0.095238095238 0.380952380952 0.3095238095236 0.07142857142850001
1.45993703311333 11.68078160442665 20.61850464413089 11.289686969145 3.95108974918003
1.16899083531762 6.78681663707203 11.21468050247984 6.16460937331623 2.664902651821151
1.11668265494932 10.4106487713118 18.82659261823823 9.52234442626834 4.12373152922283
0.4452268481988 3.0260752587478 3.9617164006478 5.1229646887068006 2.4440168036965
0.27141279210700003 1.25429778137267 1.4031763251719198 1.3175227874116602 0.75359031393852
1.83308285533062 15.89810983113961 23.64068613294173 18.366053858103758 6.26206732248588
1.2015069624724601 14.394764919181771 20.28566667831603 12.52233958079532 4.59572185923539
0.9936378646122301 12.72505891667048 19.20436207981236 13.34251824852152 6.734422890381051
0.41426975837745994 3.76682612544862 4.3108931841687 4.79359424163138 1.71441669037628
0.2133333333333 1.0084848484847 1.3745454545453 0.8375757575762001 0.5660606060603
1.85019847234106 13.180048875754078 13.810110227915121 13.833912077098693 5.32573034689256
1.4224785107879299 11.85352712360993 10.91730974762444 10.89346039293142 4.913224225051679
0.88618487529725 11.225176000796958 12.779557488054401 10.24546388340837 4.86361775245079
0.5947817649221601 5.2675844030717 4.59195370096772 5.71416891924452 1.83151121179146
0.2505162012203 0.6315765188998002 1.136333974362 1.4274393288475002 0.5541339766687
0.9451967712315401 8.084441156726529 7.258530744274511 8.802324984484688 2.9095063432870494
0.64812179349839 6.60591236930035 5.8197119047904895 7.3051114387127 2.62114249369927
0.90027971196512 10.85544089172877 11.86860002569703 13.245608360721548 5.13007100989225
0.3057854307855 1.6372613872620003 1.2267226017236 1.4428443178439 1.3873862623861999
0.47238418864489995 1.3623006525858 0.8596619943107 0.7630742299621999 0.5425789344968999
1.84274727586804 15.01124678612338 11.25079392908156 13.635722898881623 6.259489110042341
1.0189196734067 10.8173673258734 8.008116529989 9.9343880161693 4.221208454561199
0.94163708976014 9.206067575510051 8.06445548016821 12.08725500403534 3.7005848505238097
0.96532969431974 5.380893718356459 4.29130508741188 5.052578365406049 2.30989313450285
0.0 0.333333333333 0.5 0.0 0.166666666667
1.55526949403831 11.4811245799761 9.119349866656592 9.85849859161943 4.98575746771758
0.28697297061079 5.04387866137706 5.06422728020172 5.672628578486612 1.9322925093246601
0.5777670578841301 7.023920129877849 5.20241123179674 6.64895947524267 2.54694210518731
0.37805490562414 3.69489816260201 2.4289933611156096 3.9455249060526807 1.5525286646077099
0.7416666666667 0.9666666666658 0.4999999999997 0.6624999999997 0.12916666666659998
0.53914400557661 9.69310962569011 5.97216821430578 8.201738597177581 4.593839557251901
0.8600001135119999 8.73903175695852 4.77970232249508 6.112862263935661 2.5084035430977405
0.35897782655996 8.261922615427649 6.175573090986781 7.99418271708367 3.20934374994673
0.20340909090909998 1.3402597402593002 0.988149350649 1.5508116883113001 0.9173701298701
0.1998956385617 1.5527786232985998 1.365449841285 1.2408901161027 0.6409857807545001
1.1885698068836001 8.598000978303 7.615014612691899 7.492733166721701 3.1056814353988003
0.5422017200407 6.6264842033604 5.122692968480299 5.4402676896962 2.2683534184209
0.1382847392414 6.169363391238449 4.1300059090246 7.04234140416195 2.5200045563424998
0.25120911481270003 2.0337687085275 1.5549535765920002 2.8072044774904996 1.3528641225773
0.5052631578945 0.9368421052628 0.5368421052631 0.549122807018 0.47192982456110005
0.3248670344362 4.3421871109936 3.2177148231604003 3.5140058930027 1.601225138407
0.43796418298208 4.16544924872966 2.8411032117902 3.170977042486 1.38450631401288
0.2752371578047 4.725572560497199 3.1067800742248 5.0005472115261 1.8918629959467002
0.26561583577689996 3.2877012772170007 1.8670772775618998 2.3143574167771996 1.2652481926682002
