0.5439393939389999 1.784848484849 1.295454545455 0.468181818182 0.907575757576
0.6795383953712999 8.300535394155299 5.1358824898305 5.9320901245467 1.9519535960988998
0.5815894730213 5.636961555446481 5.07861626746162 4.32148617040096 2.3813465336670605
0.6991430708933801 8.14267858782226 8.03905662155664 9.873689207826422 2.2454325119007796
0.2731940716533 2.2812942995327 2.0128546111327 1.672945383619 0.7597116340593
0.7976190476199 1.7095238095235998 1.152380952381 0.339285714286 1.0011904761908998
0.80906751073734 5.70575788104989 5.50232862665107 3.64666774439451 1.3361782371656699
0.7799922888435 4.3903316416883005 7.2220072901047 5.0693818412411 2.5382869381171
0.45949785077286 5.136418824931339 5.668732988871381 5.28973985722816 1.4456104781963
0.5592237539676 2.4588755846505004 2.68491013817275 2.3151251279788 0.9818653952319499
0.216216216216 1.108952702703 0.7989864864859999 0.45777027026999995 0.418074324324
1.22235733346626 8.48263947000597 10.046534310823471 7.703277852549679 3.54519103315333
0.71683796629298 3.73548628742535 5.083204478969929 4.243586976978841 1.2208842903351698
0.86360299619186 7.663293609747901 11.73781124535288 7.63351216744714 4.10177998126076
0.2984126984125 3.4121553511090004 3.9578811369506006 3.4024121872957 2.9291386262326005
0.3167701863354 0.1387163561076 0.6418219461692 0.6573498964807998 0.24534161490709996
1.71622039165239 13.350073934547494 22.31505894918189 12.66773005911627 5.9509166654947
0.8899209300997 5.933628519169599 8.9414983775658 6.166953905765701 2.0679982673987
1.2464439299893 10.98204554031503 21.54563500562099 11.149491483137648 5.076384040942121
0.36805367567181 1.5279747362923901 1.85585820032433 1.93176536322143 1.3163480244905499
0.4686418597588 1.4134833707635701 1.43545497329662 1.20829172480616 0.47412807137492
2.12448414310632 14.0070016603167 21.13577658915609 17.034488253727396 5.698249353697871
1.2889057191325999 13.734645658941202 16.28245168963596 12.495182941528359 5.1988139907679605
0.7969642394631 13.1845575333556 20.5689394068841 13.525730843350201 4.9238079769372
0.5523049758708001 5.0662551448068 5.3199643012563 5.713980995131301 2.3474945829387996
0.6963203463202999 2.3082251082252 1.6880952380952001 0.9901731601733 1.317186147186
1.7453450611343302 14.2222410479919 15.452582847913451 14.906220768523943 4.67361027443543
1.4527223542424998 15.175513268613098 12.4435808754228 14.150654333688303 5.777529168033
1.2202933426251 14.51667293955625 17.16723455698112 14.183883429098099 6.91191573175229
0.55906015736936 5.1967956925667 5.3821495562354595 5.7398395657600805 2.1221550280690598
0.1288945795987 0.4829278702513 0.6421254801533001 0.4699103713184 0.2761416986766
2.0590057107576 19.51340314975356 17.42721357520432 20.576855724670757 6.42352183961708
0.7229649023626399 6.744334951148081 5.70009022946022 8.180863281321292 2.65174663570516
1.29327486497787 8.32571280423672 8.84601090556539 10.293646281659797 5.24135514356535
0.40534704001159994 3.9985848106271003 3.4338572737636 5.1707423418062 1.9914685337949996
0.282941396043 0.9115341545353002 0.4483016050763 0.6211272863005 0.7360955580451001
2.04272444681118 16.36434666190648 12.80636027875174 16.243111617253703 7.54345699527726
0.8047797718098599 9.322707286997721 6.894263080717621 8.683681490454418 3.29456837002106
0.6588045969286 11.665926467596869 9.28544547387327 12.990454631978928 4.39936882962123
0.59690864168794 3.7807454603874606 2.51087513930408 3.54392645393815 1.56754430468215
0.14648526077090002 0.7006802721088 0.3020408163264 0.428117913832 0.4226757369618
0.87702011241319 8.877420005689078 6.09412133327432 7.89370712582957 3.2577314227936798
1.0717779164488999 12.5006907670965 11.445465946454402 12.001772886515301 4.9802924834924
0.6490656959101899 13.179871971540749 9.820163431710181 12.172070655324868 5.17882824550923
0.41973349346984 2.99883871828219 1.39401888630459 2.60887258237578 1.57853631957065
0.0710784313726 0.6274509803919 0.40196078431360005 0.6017156862748001 0.29779411764700003
0.7502627970622 9.8475038847046 6.6219287215507 8.369321265244098 3.4109833314421
0.5523951582751401 7.31121641295397 5.14916715540837 5.64329303996723 2.3439282333943496
0.22663079447540002 6.9390533421105 5.409457012442999 7.514889029776599 2.9099698211928
0.7760802037518001 3.2398952470469 2.2703456851365997 3.1852979593741004 1.5283809046908001
0.5539977264111999 1.5822281167119001 1.7663887836297 1.2211064797271 0.8762788935199001
0.5553823979924 5.77089132898117 4.16854570218767 4.8726916962050195 1.6324888746352604
1.1224217058852002 10.431047066429398 8.042902202859601 8.732060027826199 3.6715689969983
0.15994473196066 5.60540358516176 3.8460832813196597 6.43211218022322 1.9564562213392598
0.390009541675 3.0892146428001 3.6288189790895 4.7911804404167 3.1007763960198
0.1719298245615 0.8035087719299 0.7368421052631999 1.0157894736844 0.2719298245611
0.48916813913650004 6.8654467415138 4.4953210239534 5.0851410042809 2.0649230911214
0.556904541712 4.731314854864101 2.7663698874944 4.2125894320972 1.7328212838314
0.16477921294106002 3.5025972447443903 3.35455593651979 3.90053686959848 2.07753073619777
0.1288066771938 1.5589679138062 0.8979085430693001 1.2842480100550002 1.1300688558759
