0.3469696969696 0.7424242424245 0.32272727272720003 0.22575757575750002 0.36212121212110004
1.3735655224533 10.47454276727785 8.0547690892187 7.3321356740757 2.76498694697795
0.13776101411480002 3.44247248567954 2.8868664232835 2.6861198501303405 0.8467802267956
0.60298238651598 6.10805784182726 6.24165970432284 6.39826594245782 1.64903412488118
0.22287540440269998 2.6446393332773 1.6578122561064998 2.0222705910862 1.4524024151280002
0.5425531914895 0.7419452887536 0.9750759878422 0.2765957446808 0.463829787234
0.95368954750564 10.633125081420689 9.56827318870987 8.16043003325271 2.6844821491179696
0.9952146594432001 6.355336704333901 8.2899888843952 5.2735194693607 3.0859402824710007
0.70640729771113 6.6414317565718 6.8049057820640595 7.06553563309593 2.7817195305576004
0.6594329387005402 2.43702763023308 3.16935973367271 3.35538107505876 1.3787986223344697
0.595238095238 1.2285714285718001 1.1190476190471998 0.8857142857142 0.1714285714285
0.5801227808022901 7.125507825116021 7.90792890938372 5.75054912985531 2.6358913548446905
0.9036331773222 5.508454953717201 7.8977369087177 5.0898411893781015 1.6003337708654
0.7408971388633 9.10640090543275 12.526442698320599 8.700653180587631 3.92560607678102
0.21579091406673004 1.7958907727768199 1.87594353432369 1.4772679828413597 0.6351067959938299
0.2737740718688 0.6210045662099 1.1782807226518 0.32777446893 0.5991661703399
0.90633646917633 8.17881929315242 12.606753267111397 8.0898098104301 3.2182811601218497
1.16154216196257 8.665271442860499 14.470252619689493 8.65609263432763 3.04684114115591
0.6232659697251701 8.122205879485538 11.937227117588048 6.953213204033431 3.36408782916839
0.51057027473103 2.7991110607650103 3.11361290805419 2.8927520529636697 1.6839537034891898
0.2521385917852 0.8252480766468 0.7728732739490001 0.8937492411464001 0.2559908164731
1.2528774846108899 12.58731163327038 20.804995616886764 15.06206280864863 4.29275245658403
1.09755316690028 11.929944167375528 15.35687234070574 9.93150819598975 4.68412212902965
0.9159118809563 15.705974053772898 22.1982213572757 15.546481713255197 6.633410994751901
0.49285660789320007 4.410586022549099 3.64592443864852 4.529055562994679 2.92157736791382
0.6290476190476 1.6676190476191999 1.6947619047623 1.3871428571431 0.6214285714286001
1.87155496093148 14.85722110579182 16.513848307287148 15.660484685376222 5.096890940616669
1.61815537403408 12.41214568400307 10.79381207770617 11.476841958714477 5.69904490554393
1.4526404824722399 15.18389882160675 15.272905629994423 14.078123626217991 7.01243143971064
0.30293078856431 2.5123729165974305 2.24646077969994 2.7861057669507603 1.15212974818581
0.9329572850698 2.5718384838097 2.6442306583149 1.9568236610472003 1.8941499117561
1.83733293092081 14.281800637535271 13.8292326242545 14.85419550296704 5.19743830432245
1.75526328116172 11.43187483756242 10.00476202693538 11.2529438096681 4.555156044668161
0.92826040256638 11.304543144079581 11.144526208817432 12.430109021561872 5.19256122297626
0.7191003413056 5.3011507931521 3.9220311629017997 5.0296804052179 2.0280372974243996
0.1765584173198 0.8636618141095 0.5706420306083 0.7009145203432999 0.6882232176184999
1.3372425291253 10.299068001719759 7.36701361110628 8.826653910499441 4.17002194754186
0.611080017263 7.30869274529916 5.06799948832054 6.4870533123852 2.5251744367292597
0.63311343124799 7.0502901493714 5.23920123673652 8.1211292468062 2.9562659358342005
0.9112109203732 4.40640909725036 2.88426858991046 3.86288868489323 1.9352227075732102
0.2040816326532 0.7346938775514 0.34693877550999996 0.6530612244895999 2.0612244897941996
1.16835379319723 12.98016921718299 9.750130349319768 11.427377936524541 4.673968703780931
0.26215772495823003 6.77512405827227 5.8284378706789095 6.40199769341728 2.73228265267345
0.37027722452753997 6.82220889809469 4.7641966669758 7.406407835427419 2.6369093749672996
0.52044204538774 2.17917685658911 1.1584203143042102 1.8065943713185801 1.33536641240021
0.0294117647059 0.29411764705890003 0.2352941176471 0.20588235294130003 0.235294117647
1.07560571151195 12.6628405221817 8.30364887249905 10.1978641483278 5.7600407454740505
0.58221628494094 5.0654754988165696 2.99729984688482 3.7844750106393796 1.5705333587173502
0.36344108857159996 7.4168010574504 5.581630951343399 7.5674424523191 3.0706844503166
0.6913802016601001 3.4180829208861003 2.5893577519742 3.5071646595001997 1.794014465976
0.7095110231767 1.4373940079135 0.8846806105142 0.7312747314858 0.2371396269076
0.7694098346046 5.02981129946357 3.79696071720987 5.31765320535402 2.0861649433686598
0.48860412375063 3.91487734863833 3.69311554083699 3.52003151959463 1.38337146717663
0.14942072852516 2.86377279436866 3.38759880252516 3.94845535890222 1.65075231567826
0.27817951944950003 1.7720957010403997 1.7204211021208 2.045033685576 1.1842699918111002
0.4 0.3000000000001 0.9454545454551001 1.1212121212114001 0.233333333333
0.2304680102018 5.013913230044301 3.4715868485751002 4.349116125411399 1.9349157857688
0.6107140450138799 6.9208062431460595 4.2596105328787 5.688888982792601 2.5199801961666806
0.4776306929655 4.4833887207998 3.9368400626933 4.397149197057399 2.7049913264868994
0.037500000000000006 0.8648809523810002 0.4767857142859 0.573214285714 0.047619047619
