0.8701298701289999 0.8419913419918 0.8311688311682001 0.3658008658006 1.090909090909
0.74727710130572 8.76112425241685 5.223347668653339 6.17006015651152 2.0981908211162703
0.492000438383 4.4676408354824 4.3471524375285 3.8986396419819003 1.7945666466253
0.20464229255201 2.9991438233785397 2.83414400919384 3.00238200056485 0.95968787430941
0.7322374481188 1.2409139965129001 0.900518748511 0.7634640638598 0.3628657429955
0.34017223910899996 0.722897669706 0.9893617021278 0.44921479229979994 0.4983535967579
0.73385025840329 7.31008681586745 6.71242521145911 5.32141919351683 1.9222185207559297
0.747301631782 4.6965520712401005 5.2838882174394 3.4503854908536997 1.8218725886843998
0.67030258664422 5.99703913802014 6.77890778772442 6.74458482878138 1.8091656588308398
0.8683320685210001 2.0013042690932 3.7316732661516996 2.023023853572 1.3756665426617998
0.203346203346 0.9799227799229999 1.0622908622904 0.4208494208493 0.33359073359049995
0.95297053801497 8.62402784520472 10.457669489718771 7.128060405591469 2.8372717214680603
0.8952104982011 6.1059809005249 9.243391401124502 7.6652902060484 2.0901269941031
0.55413242462972 7.15390499787242 11.383911160007631 8.076491080911051 3.8315603365730295
0.1736453201969 2.2965434503132003 1.6169664337270002 1.2735835847304 0.6392612110337
0.5237740718688 0.8710045662099 1.4282807226518 0.5777744689300001 0.5991661703399
1.5046351854219302 12.21749698789255 18.36817445595045 11.875702837016911 5.0339905337299
1.17538585809196 6.614366674101941 11.632241008275372 6.961657528387409 2.6163489311458203
0.61684063125253 7.084023559144559 11.998651706340329 5.871252516697051 3.42923158655838
0.50735767891025 2.7820285935285503 2.5642408865168003 2.5423838401384 1.6039890009062998
0.8861836813928001 2.4016418448556 2.7567843969266 1.3711657930489998 1.5842242837729
1.87176160778563 12.77726572294147 21.626669104861993 15.65393554493325 5.07036801946712
1.1409877372306 10.98321263464085 12.497566326365952 8.8588379492156 3.519395352551
1.1231977313815 17.13520482346764 25.261779386024422 17.35759670645022 7.1222213526787215
0.28471698795185996 3.84026127891502 4.70521442937602 4.71560155560946 1.4542057481483999
0.2907142857142 1.1659523809524 1.5247619047620002 1.9704761904766 1.0480952380954
1.50664381150247 15.413314855259479 15.924182822743102 17.192784302385252 5.96307420810758
2.08367866866081 17.92127511263068 15.00832923621331 17.57328133138297 7.413435651109969
1.09031366759358 14.8918407295526 17.102740374467142 14.386781986118061 7.528323242276
0.7422413371704999 6.4939067817913 4.821009517346701 6.085791245792099 2.8570511178958995
0.7971830985915 1.050704225352 1.0478873239440003 0.39436619718300003 0.7098591549295
1.5432628587198198 13.72452527657986 12.345160203173041 13.60470171374074 4.78234994778479
1.4781278519867 10.59525431450235 8.8803023759756 9.936642747287552 4.1096727102347
0.60418915225258 9.45940099503451 10.58554499310662 11.46451728943834 4.886347570164659
1.03803692340004 5.15452873732256 3.60208229426892 4.91740800083849 2.2879440441726597
0.1765584173198 0.6136618141095 0.3206420306083 0.45091452034329993 0.43822321761849997
1.09828889804626 10.543555986945892 7.2859116095341605 9.278573836359111 3.79366966910131
0.67074007810406 8.280340517033322 6.293994625688621 7.72388566705572 3.03103911212056
0.9192230294639899 11.45568023259147 9.37459019623568 13.33160271735222 3.91890382435139
0.47852266852065 3.8826498985412896 2.57414754023488 3.74597035763867 1.3187095350648699
0.325820763088 1.9912156166822002 0.5363797692992001 0.8275953859806 1.3189884649514
1.1240711019061398 10.04860554366022 6.35300700035287 9.27856305484918 4.19575329923119
0.6183560042797001 8.605239422309202 7.805935663197699 8.645971461543699 3.324497448681
0.59935659335307 6.735164303680859 7.604645914243889 7.883202973956582 3.17763021475951
0.37629445758769997 4.5013099716867 1.9591904872703998 3.0970368071973997 1.0661682762549
0.6710784313726001 1.3941176470586998 0.5352941176468 1.035049019608 0.3644607843136
0.7901708940413101 11.279860056627609 7.43803865867278 9.314180617400881 4.177749773264099
0.538984800083 6.5964208069849 3.7316846095420004 4.681478494408901 2.4514312889839
0.24445585873719 8.50854780160446 6.15669838609797 9.209099712217151 3.88119824133886
0.5610181139383 3.6074514616566997 2.8546775611028004 3.8329391489427995 2.1439137143572
0.0517241379309 0.310344827586 0.15517241379289998 0.3275862068962 0.1551724137931
0.9558936807388001 9.952300084010602 6.5804295840314 8.3545320087549 3.15684464246
0.46776393868980004 4.190367551775201 4.118070375151699 3.7501690897891997 1.4736290445909
0.37137986729370004 6.4878991682987 4.0722208617031 7.1396983934569 1.928801709251
0.2405941598125 1.8889941617679002 2.2591414607772 2.2170546292193 1.394215588424
0.1719298245615 0.8035087719299 0.7368421052631999 1.0157894736844 0.2719298245611
0.3580067504171 5.479871687309299 3.5037640089716002 4.0498848853653 1.6084726679399999
0.29037404399618 2.74101362340736 1.6827916511815 2.2652169110441 1.02060377037148
0.2915121898655 4.9463517974371 4.8757072858767 5.6822460922807005 2.2041826345435
0.4877998345746 2.0338532435311 0.9853775256994999 1.6347630863757998 1.8582063098197998
