0.3469696969696 0.7424242424245 0.32272727272720003 0.22575757575750002 0.36212121212110004
0.6030083999318201 8.246262280945801 4.77466923692524 6.4379687607128195 1.9380913214888202
0.4311633000948 4.00927829680108 3.60979951187292 3.27510481428696 1.6746540769464597
0.26436160755029997 3.8287487483286 4.0587202249376 5.267295013941 1.5808744052465
0.086456771614 0.7024220447911 0.7442732122310001 0.8071371291095 0.6597108422539
0.5178571428577 0.5178571428568 0.46428571428520005 0.2321428571426 0.2678571428572
1.0771069956044 8.8624195435324 9.1581930905274 8.087003729145799 2.8152766411952
0.30595051209121993 4.0495165859952795 6.2419031039510005 3.0769048907927794 1.32572490717296
0.7540666445185 6.6541013471154 6.884252806174899 7.083260001750899 1.6243192004406999
0.3466053379009 2.1167005183359997 4.6271230976296 2.4878799593532994 1.4216910867804
0.095238095238 0.6285714285718 0.8190476190471999 0.2857142857142 0.1714285714285
0.62674698821211 7.3110810740498495 8.52420377758772 6.0965483895335 3.44141977061773
1.0282564112985102 6.01940339126155 9.72031740946055 6.416766603198338 1.8152561847840398
0.7669885195896 10.47736289549015 14.0978622864098 9.25867157092763 5.39911472757242
0.16587301587293002 2.04545177045072 2.29682539682529 1.79993894993976 1.6919108669115301
0.9834368530019999 0.8488612836442001 2.4099378881988 1.4689440993777998 1.2888198757768998
1.2644260398907798 9.66754430590613 16.342560417428448 9.124186687904402 3.6012825488839795
1.14665967633066 8.04247771780334 10.31343453158907 6.590831791078611 2.90659628320472
0.6425487532179 7.86197206464633 15.286221645612091 7.318831615215879 3.89042592130329
0.7556655124725 3.4366817403813004 4.4758991230417005 3.9378450548763 2.3939085692300996
0.5892699883797999 1.9819304820503996 1.9767992144478996 1.4771262931909 0.9748740219297001
1.62302974688353 12.81489151114939 19.93666735424739 14.792053214964168 4.83335817275393
1.1703604727410601 13.011312061541979 15.1524090089238 11.053914136037397 4.61200432075396
0.89137999509535 12.807048610169302 17.24406943192185 12.48030986678582 5.57719209603589
0.62088999883436 4.791584851608921 5.256974063519021 5.917710248390359 2.4128408376501
0.6046536796536001 1.1347402597405998 0.6502164502164001 0.6692640692641 0.9411255411259001
2.3685022116205 14.785900161229538 14.59859685812388 15.14520694201405 6.101793827018459
1.05222504837209 9.329916816713588 7.85745000734679 8.918050024932228 3.84235810262853
1.1126689020462301 12.853943903154589 14.5228656096837 12.82140904097544 5.68911254414601
0.83494553438232 4.3199799887109 3.9280151095647797 4.309429891964199 1.60762947537542
0.090909090909 1.347727272727 1.6045454545450002 1.0681818181809999 0.888636363636
1.4453537422966303 14.70600071081687 13.646463538300502 15.41491831337481 4.787263695199461
1.17585296166812 9.935073403945092 8.47625375472134 9.170471291915229 3.2423485877502403
0.78489161517625 11.837476637646589 13.34026093084537 14.025015745789878 6.012355070540241
1.13628335129254 5.62440807268226 3.39299224535462 4.700038043200689 2.1462782874631094
0.35588972431039995 0.315789473684 0.3358395989973 0.7092731829568999 0.2832080200498
1.5516498239031202 13.708487320994909 10.488843772531581 12.683153733562209 5.56786534900521
0.9002917441934 11.51893050284532 8.788466384329961 11.35701600663028 4.43529536200208
0.57026780101039 7.56446290054836 5.6372078614319 9.31296775663141 2.91509368038108
0.42346507415838 4.45026295296953 2.97261916066302 4.05922624006659 2.09442657214309
1.3723060238590001 1.8918958887915 0.7669920141972 1.0128561569559 0.955949916199
1.2808563515237599 11.16678906776117 8.59538698843081 10.194587095089831 4.7623804971906
0.5019848864606 7.710903400964801 7.869089730844399 8.633080138858 3.2849418428784
0.49280177809961 9.28928158205754 7.59959250802652 9.154391028595528 3.4639331032136593
0.33391031125474 3.00267760621371 1.67643630630971 2.77171181260008 1.21526396362461
0.0416666666667 0.333333333333 0.1666666666665 0.3958333333335 0.0625
0.6387601263948901 10.574017171644371 7.634821099688271 8.47758158150874 3.6748200207600807
0.6250941234765 7.465800140061121 4.56899811937298 5.28555440395556 2.05455321313214
0.2636477651978 6.6739769057456995 5.148290141130699 7.195540192413899 2.7185449955102996
0.7064031840434198 3.90193227333484 2.45210432091398 3.35110156977016 1.58845865193926
0.115384615385 0.8653846153850999 0.9807692307708 0.6346153846168999 0.4038461538469
0.7775914811968001 9.4554746258861 6.0024641321598 8.852449539688802 2.9120202210709
0.5096062454502299 3.9478724198729305 3.48912984140589 3.8099177138293303 1.2434737794412298
0.15394469917816 5.241098991369561 3.6166825859030602 6.36692545145682 2.62134827209156
0.2163121447892 1.0243971419870301 1.37423723160367 1.41405620293943 0.9709972786789101
0.1052631578948 0.2368421052632 0.23684210526329996 0.31578947368480004 0.1052631578948
0.4912763462993 5.314171691400801 3.5629989110550997 4.999389537971501 2.6321635132726997
0.4611775339117 4.2629643532692 2.5814104802072 3.3986619231406 1.2957857094741
0.20719360729352998 2.34392997250578 1.94689195337328 2.2142257184294802 1.28775874839963
0.22653394992089998 2.6639212937601 1.5472675174296 2.7012060520130996 0.8610711868777
