0.4898268398266 1.0995670995673001 0.6084415584413999 0.4400432900431 0.36212121212110004
0.87417061495312 9.17434867455436 5.60408220085792 6.16742789754645 2.1799706120924096
0.7772715457894002 5.62295597032444 5.740909105971699 5.510755742519939 2.3481076353969
0.463082743571 3.7674621664966006 4.8036815727364 4.4157012977575 1.5500722194406
0.1897943839372 1.1725910151469001 0.9460674027556001 1.0967973971928 0.5947498009666999
0.08928571428570001 0.30357142857130004 0.24999999999970002 0.0892857142856 0.2678571428572
0.77740859289099 7.46914061283145 5.25900601063116 5.407166530055929 2.08727825359608
0.4290627753679 4.1262625876653 6.015450024530301 4.4998984188679 1.9293261935683002
0.45604059763609994 4.5567423500011 6.4332710061725 5.0927771929353 1.4611688532551002
0.39055463592640005 1.8709409465309 2.0193072203071503 1.0353127513738 0.68388444586275
0.5698412698409999 0.6253968253969 1.0428571428572 0.6761904761902 0.0857142857143
0.7660084242786 8.531145241931402 10.6704523253901 7.868487737810799 3.1639062705859
0.8262050712801 7.216878026102101 10.278510082635 7.8553128075904 1.8230940123892998
0.33269718627473 6.37416111377346 9.83797184213226 6.432325920548821 3.02284393727255
0.16499726327310002 3.1223687521609005 2.8504359669556 2.2916772170181 1.570520800593
1.0118490815041 2.1457815109365 2.5157686064288 0.7714909668462001 1.5551098342854
0.87421639949588 8.7363082532427 17.751720125492483 10.121906488178082 3.5158487336058197
1.2033441231987 7.8352533716165 12.1204105619077 8.0053967062991 2.8355952369849
1.03525467292934 7.78626214841205 13.339134678975 7.935532972136509 3.90381552754769
0.51324424459565 3.38316378157825 4.9365586781449995 4.392978665737701 1.7740546299427997
1.4777472874493 3.0445829096304 3.2565882136733006 2.0382268015458003 2.182854787701
2.67051099723068 18.522517162119435 28.692244892811537 22.527324426454598 6.587402521379089
1.46295852724928 13.18922015983817 16.05241758816134 10.99571607560777 4.29968764914187
0.93632734808541 15.942840347264939 21.365318918145938 15.710795731966169 7.044717654548929
0.7898518493786999 4.663452767589699 5.9495243592766 5.803746657416399 2.7934243663414997
0.2138095238096 1.3728571428577998 1.7909523809535 1.248095238095 0.37428571428599994
2.67028388525938 16.30212915915546 18.75641702674496 18.86788494295026 7.403284985886399
1.21494891097154 11.889845181265219 11.05247998369485 12.26004383641374 4.5826820876554795
0.9564824743165998 13.068998169467301 14.49658644047168 12.76487277597702 6.71306013977386
0.7812864131170001 5.0145923247319 4.4509266164198005 5.455461596308701 2.2977330494228
0.6297497128066 2.6800613673852003 2.8867923395245 2.9876634184824002 1.8157331617965002
0.8905107439116201 9.025692003507041 8.556412985199229 9.2012327511929 3.3261515161908997
1.50267870231685 11.524615507539549 10.702023800178551 12.13420895852085 5.136473031455149
0.74512219649702 10.18476873393844 9.59088032580097 9.95316967733988 4.526059066429499
1.80895956932264 4.512237845027961 3.95772764991232 4.3928173512459905 3.3282575844855096
0.49234789100380005 1.4557670772665 0.8469578200823 0.6614408361333 0.5434863755135
2.0648003904008405 15.49614969626792 11.371391593925171 13.95715690905298 7.110501410342319
0.93843974467347 10.491354962018558 7.154689730539371 9.31455885827066 4.10095670449586
0.40015390285655 7.95539643273842 6.42733383013527 9.001327782023079 3.2157880522426794
0.40866081045921 2.3182087859794995 1.84846818023428 2.37443139416599 1.0502308291626101
0.1237799467613 1.1095829636202001 0.6486246672581 0.4010647737357001 0.7169476486247
1.62439034879456 12.482760294459112 8.67511250050669 10.425861446910032 4.79187540933337
0.9737231441293701 6.37921385323561 6.5300076843750805 6.662218206601151 3.45483711166225
0.77158215724414 8.72841430598646 6.4985422512566595 8.491424963589738 2.5100363219168997
0.7404021587764 6.1145594757977 3.2956456927637 5.073763706111101 1.7756289665462999
0.4416666666667 0.333333333333 0.36666666666650005 0.5958333333335 0.2625
1.06086787258781 12.81174952725721 8.28104300049958 9.605961928843278 5.240377670814699
0.6714507655771 5.9193548859873 3.4340865400525997 4.633152334989299 2.3419554733933006
0.1756735041552 3.68003131784683 2.83874933045464 3.6667565669960704 1.63878928054863
0.55011205142852 2.30289936724194 1.6129307221797802 2.3959543694746603 1.13810348967306
0.0 0.0 0.0 0.0 0.0
0.6749399561488 6.1868915136212 4.9526875652443 4.519225153010099 1.6662558119802005
0.47661633055880004 5.394647515112501 4.967632655393301 5.312739288834299 1.8483642101045
0.16725817563085998 6.50107033228066 5.78967573961476 7.13369404922792 2.4083017032447604
0.2957820971552 2.25526192420413 1.71767416355337 3.10527316756293 1.62600864752461
0.5719298245615 0.7035087719298001 0.7368421052631 0.7491228070179999 0.2385964912281
0.53369695135533 5.14658620986663 4.1647385367846494 4.291783605319581 1.8631946966727297
0.2752800761572 3.5395540168204 1.6529919339198 2.6136672351799004 0.9185067379269
0.17964142221162 4.02734110530375 3.04659915580575 4.729456225540341 2.01696209114131
0.5951097581704 1.7502109099416001 1.422154043947 1.3631088231554997 0.869416464788
