0.0 1.8 0.575 0.125 0.5
0.91835379948334 10.411652933583012 6.447042885090861 7.319670628743871 2.9032797531022805
0.5622099309411 6.0151100462865 5.4928651026966 4.4231316552054 2.5066832648694004
0.50150305580071 6.57750778453994 7.317674807591539 7.67431809565945 1.92899625641021
0.26874175235819997 2.7228008190010007 2.3018010470055 2.3342510943995 1.3724052872336001
0.0 0.0 0.666666666667 0.166666666667 0.166666666667
1.3362404901375 9.817033702091502 11.54790850348985 6.889113742307799 2.40970356198065
0.5561062406785 4.752074005440999 6.4994672596587995 4.2961728489778 1.8961796452416
0.9169027089137001 6.282754475574 6.7201735900632 6.449232578468002 2.6309366469820006
0.18326190730340003 2.6341731610959 4.1815225182704 2.1555453034188 0.8454971099144
0.22023809523799998 1.0348214285718 1.5065476190471998 0.7232142857142 0.5151785714285
1.19915484619208 9.209915914480051 9.50167974681812 7.89358072101084 3.19566877150038
0.65326483428033 4.611091910676399 6.13786115727059 4.351186483606 1.2465956141714798
0.5968185691746299 6.012740874954689 9.1781489677461 5.49161143657768 2.7206801515449603
0.32134646962220004 2.6577586206896 3.1533798576906 2.2116995073894 1.6558155446087999
0.29710144927567994 0.21014492753625 0.63768115942065 0.46376811594274 0.3913043478267
1.14943005323784 8.017532470330242 13.334194116749039 7.681506982151159 2.8173363775373397
0.8817479830758299 6.47717751725669 11.43914110954887 7.314974495322179 1.8869588948048
0.70545918591267 7.40410379170676 12.79250068516726 7.65139753087067 3.446538806337571
0.44262747083685 3.28248278438235 3.62722018023 3.9466464269344996 1.7010231376151999
0.9575393803118 1.7665602824007003 1.4045297936385 1.1896166539745 0.6817538896745
1.79532996693165 15.142447940950271 25.608525728647642 17.56948935717815 5.88420700629392
1.2256476383055601 13.67599488295348 16.703658425643603 11.3159699352525 4.07872911783996
1.01695971778913 14.01142120201976 18.99274161279621 14.08163114578459 6.897246321614321
0.67951677813974 2.16721741048378 2.2248463433537804 2.76435199980427 1.1640674682181802
0.1604761904762 1.8146753246764 1.8321645021653001 1.1256709956713 1.0670129870129
2.19122594811774 14.987798728015042 16.63168424357831 17.464251912522435 6.725039167781489
1.2578101417049998 10.66031857182805 10.33270489677637 10.560433317845881 5.188733071840249
1.0083265062375002 12.584425669042071 12.941777205549661 11.479452899419481 5.98601771975339
1.0238736120421998 4.986747837451199 4.1956351212693 4.6457883483229 2.1479550809121
0.4634564141607 0.6712980586218001 1.377997716026 0.9269128283208001 0.56033498287
1.4463810679845102 13.1944475224481 12.06826746668788 13.563814937487392 4.72708900538582
1.3165215578556202 10.291965216450823 9.363183651578382 10.992954617265697 4.03537495684696
0.9234547582141199 11.64956652016621 11.25371051268028 13.473758328965008 6.69950987997692
0.56523426848286 4.5356443096287204 3.21984495045816 4.102691562692541 2.5765849087331993
0.45810647307909996 0.8933756805805 0.4688445251055 0.8625983061100001 0.3170750151238
2.0813146098968 16.614888246625096 11.9535840314755 14.5286173975841 6.821595714408301
0.6936732551649399 7.743548726170359 6.16937103509628 7.29783765200126 3.09556933156288
0.7507843564745 10.62150696005215 8.621230253607578 11.78812887388142 4.218349555981391
0.4701834862384 4.1657891237847995 3.2260249080373997 4.9116052829875 1.2263971989542999
0.6172335600905 1.7687074829934 0.6886621315189999 1.2272108843536 1.6981859410439997
1.3178331676609 11.929920798225737 8.22804812770579 10.007960563420463 4.51623734298805
0.7460223084342 8.5814960235439 8.1468060881376 8.852506100136699 3.6731694797483003
0.9016871026765001 13.14540848049432 10.14492386175146 13.028769502641538 4.77921105242894
0.33486448865924 5.40875092114801 2.41903095062491 3.92935806108358 0.90799557848211
0.40184766214190004 1.2915535444939998 0.689140271493 1.0222285067872001 0.5952300150826
1.10225782310564 9.85358491632884 7.12101778621561 8.657277519990867 4.26586195435944
1.1515575739733999 9.1023388892168 5.130616468148999 6.3008145826251 3.3146724860358003
0.39717431791539004 8.23652799849446 6.47230191974507 8.547859868736351 3.34613589511076
0.33203138220300005 2.8910017572844002 1.638104275177 2.3638731000140996 1.7749894853216999
0.08451102317669999 0.6873940079135 0.3846806105142 0.6062747314858 0.2371396269076
0.6306608925438 9.1691441790322 7.071367370026801 7.865867390561301 3.2629601678381
0.52705464176703 3.65090691726533 2.99686819442189 3.21869649203113 1.6064737545163301
0.46030368171650005 9.57673613029 7.328705929711001 11.0669910758827 3.5672631823995005
0.3033830278561 2.0660150853393 1.4708956055779 2.1872769412574993 0.9724293399682
0.666666666667 0.333333333333 0.0 0.0 0.0
0.3254045625544 7.273438458861699 4.830532980207801 6.140692265905299 3.4299317324777996
0.26537978218978 2.7346654729821602 1.976042923506 1.9688393192451001 1.05507250207638
0.18193835145179998 4.6865620403023005 3.861701429639 5.116344080533601 2.1534540980715
0.3063241106716 2.2168266516091 1.8385093167711999 2.0112930547706 0.6270468661766999
