0.7800735225104399 0.16478277853304 0.0 0.0418848167539 0.50110980229464 0.02094240837694 0.0 0.5527524005343 0.14191237255468003 0.03380703066564 0.0 0.398531669488 0.01952131637994 0.10426327599098 0.47181404982474 0.94864325533938 0.46849251602650005 0.0 0.53445141246264 0.0970254876013 0.0390426327599 0.13664921465958 0.5181220267745801 0.0261780104712
0.0 0.1428571428571 0.333333333333 0.0 0.047619047619 0.0 0.0 0.1428571428571 0.190476190476 0.666666666667 0.0 0.095238095238 0.0952380952381 0.047619047619 0.0 0.0 0.047619047619 0.0 0.0 0.0 0.047619047619 0.0 0.1428571428571 0.0
0.0 0.0 0.0 0.0 0.0 0.0 0.0 0.0 0.0 0.0 0.0 0.0 0.0 0.0 0.0 0.0 0.0 0.0 0.0 0.0 0.0 0.0 0.0 0.0
0.2975206611569 0.0743801652892 0.0247933884297 0.173553719009 0.09917355371889999 0.0247933884297 0.0247933884297 0.37190082644629996 0.0 0.0 0.0 0.39669421487660006 0.1487603305787 0.0 0.0495867768594 0.4710743801653 0.247933884297 0.0 0.1735537190081 0.0495867768594 0.0495867768594 0.0743801652892 0.2231404958677 0.0247933884297
0.358208955224 0.044776119403 0.0 0.089552238806 0.671641791045 0.0 0.0 0.268656716418 0.044776119403 0.0 0.0 0.134328358209 0.089552238806 0.0 0.179104477612 0.358208955224 0.179104477612 0.0 0.268656716418 0.0 0.044776119403 0.044776119403 0.223880597015 0.0
0.18551189521530004 0.1841753541833 0.0229885057471 0.0 0.0692328254477 0.0930232558139 0.0 0.3688853247794 0.0348837209302 0.4140604116544 0.0229885057471 0.1971398021919 0.1387329591017 0.1152098369418 0.3918738305271 0.19580326116040003 0.0692328254476 0.0689655172413 0.1154771451483 0.0346164127238 0.0 0.09302325581420001 0.1381983426895 0.0459770114942
0.0 0.0 0.0 0.0 0.0 0.0 0.0 0.0 0.0 0.0 0.0 0.0 0.0 0.0 0.0 0.0 0.0 0.0 0.0 0.0 0.0 0.0 0.0 0.0
0.9211305183906001 0.32892414536220005 0.0654468818852 0.21072261072320003 0.17236462167959998 0.45339105339179997 0.0 1.3094508738345998 0.3981721981722 0.18518518518509997 0.0 1.0052933368008001 0.4383640712403 0.4054760054759 0.37554409061250005 1.0488312296528002 0.1622882444799 0.049350649350600004 0.34763987914710004 0.3454397454396 0.0671328671328 0.09213252500920001 0.4578347071494 0.1598845598845
0.058230683090699994 0.10078387458009999 0.0 0.0 0.0263157894737 0.031914893617 0.0 0.1270996640537 0.4596864501684 0.1478163493841 0.0 0.0475923852183 0.1433370660695 0.1534154535275 0.0425531914894 0.1696528555434 0.0 0.0526315789474 0.06382978723409999 0.1741321388584 0.10582306830909999 0.031914893617 0.0106382978723 0.0526315789474
0.0 0.0 0.0 0.0 0.0 0.0 0.0 0.0 0.0 0.0 0.0 0.0 0.0 0.0 0.0 0.0 0.0 0.0 0.0 0.0 0.0 0.0 0.0 0.0
0.0 0.0 0.0 0.0 0.0 0.0 0.0 0.0 0.0 0.0 0.0 0.0 0.0 0.0 0.0 0.0 0.0 0.0 0.0 0.0 0.0 0.0 0.0 0.0
0.5863831527306 0.2502555714579 0.0410958904109 0.0 0.4146391331029 0.4440809650378 0.0 0.7016969944793999 0.1269679002247 0.1306481292168 0.0 0.4330402780614 0.0410958904109 0.1717440196276 0.8433858106737999 0.7507667143732999 0.2913514618687 0.0447761194029 0.12328767123269999 0.0821917808218 0.0 0.0447761194029 0.4778163974645 0.0
0.46153846153820005 0.11538461538460001 0.0 0.0384615384615 0.076923076923 0.0 0.0 0.076923076923 0.1923076923076 0.1923076923077 0.0 0.2307692307692 0.0384615384615 0.1538461538461 0.1538461538465 0.30769230769210004 0.11538461538450001 0.2307692307696 0.11538461538450001 0.1538461538462 0.1538461538461 0.1538461538461 0.0384615384615 0.0
0.0 0.0 0.0 0.0 0.0 0.0 0.0 0.0 0.0 0.0 0.0 0.0 0.0 0.0 0.0 0.0 0.0 0.0 0.0 0.0 0.0 0.0 0.0 0.0
0.0 0.0 0.0 0.0 0.0 0.0 0.0 0.0555555555555 0.222222222222 0.0 0.0 0.0 0.0555555555555 0.277777777778 0.166666666667 0.0555555555555 0.0 0.0555555555555 0.111111111111 0.0 0.0 0.0 0.0 0.0
0.7491770063076 0.08597359735971 0.151898734177 0.4625851192714 0.48663575218259997 0.0 0.0 1.01151564523641 0.09636963696360999 0.019801980198 0.0 0.45016710531841 0.0 0.12908468061972 0.5558194427036 2.9602059573053197 0.33737728203162 0.00990099009901 0.24888666081771996 0.0463696369636 0.046369636963609996 0.13960396039591 1.01225717508461 0.0
0.7464613127978 0.1277777777778 0.0 0.0888888888888 0.3394756142278 0.0 0.037037037037 0.5568573524025 0.1321965529885 0.0 0.037037037037 1.0476347634754 0.0562706270627 0.0351851851852 0.5474697469741999 0.9201136780344998 0.4584158415841 0.0562706270627 0.6337917125041 0.053703703703700006 0.0562706270627 0.1784928492848 0.8906490649066999 0.0
0.0 0.0 0.0 0.0 0.0 0.0 0.0 0.0 0.0 0.0 0.0 0.0 0.0 0.0 0.0 0.0 0.0 0.0 0.0 0.0 0.0 0.0 0.0 0.0
0.1667496266799 0.0 0.0 0.0 0.2608262817325 0.0 0.0 0.3782976605285 0.0 0.0 0.0 0.2364360378305 0.065206570433 0.1667496266799 0.0 0.1428571428571 0.12643106022900003 0.0 0.1020408163265 0.0 0.0204081632653 0.179193628671 0.15480338476840003 0.0
0.0394736842105 0.118421052631 0.0 0.0 0.118421052631 0.0 0.0 0.078947368421 0.0394736842105 0.0394736842105 0.0789473684209 0.2763157894735 0.19736842105250002 0.39473684210640003 0.157894736842 0.5131578947365001 0.0394736842105 0.0394736842105 0.0 0.276315789475 0.1184210526314 0.0789473684209 0.3552631578948 0.0394736842105
0.181818181818 0.0 0.0 0.0 0.0 0.030303030303 0.0 0.030303030303 0.212121212121 0.030303030303 0.0 0.151515151515 0.09090909090900001 0.272727272728 0.0 0.121212121212 0.0 0.121212121212 0.060606060606 0.121212121212 0.27272727272700004 0.242424242424 0.060606060606 0.0
0.0 0.0 0.0 0.0 0.0 0.0 0.0 0.0 0.0 0.0 0.0 0.0 0.0 0.0 0.0 0.0 0.0 0.0 0.0 0.0 0.0 0.0 0.0 0.0
0.5213309347323 0.0633100697906 0.0 0.22607178464670002 0.2588719349198 0.0147058823529 0.0294117647059 0.502499747135 0.0169491525424 0.0314419061656 0.0 0.1915340933719 0.0461477885185 0.0780159521435 0.1723416706402 0.6087137139314001 0.0316550348953 0.0434782608695 0.34646784284890003 0.0780159521435 0.06555333998 0.27570910457069997 0.3830681867442 0.0147058823529
0.0588235294118 0.0441176470588 0.0 0.0 0.0 0.0 0.0 0.20588235294090002 0.0 0.0 0.0 0.1764705882348 0.0735294117648 0.0588235294117 0.0 0.10294117647060001 0.0 0.0294117647059 0.0147058823529 0.117647058823 0.0588235294118 0.0294117647059 0.0147058823529 0.0147058823529
0.64695616890314 0.0778681626927 0.0644593223778 0.04 0.38218723261588 0.1066666666666 0.0533333333334 0.54228690888858 0.0778494623656 0.04 0.0133333333333 0.38125874372614 0.08943396226414001 0.2501327546816 1.4280774828654001 0.87850362098334 0.3247498831229 0.00943396226414 0.27860506143793995 0.0722580645161 0.0 0.26768918644719997 0.7966776928029999 0.17823899371054003
0.0 0.0 0.0 0.0 0.0 0.0 0.0 0.0 0.0 0.0 0.0 0.0 0.0 0.0 0.0 0.0 0.0 0.0 0.0 0.0 0.0 0.0 0.0 0.0
0.0 0.0 0.0 0.0 0.0 0.0 0.0 0.0 0.0 0.0 0.0 0.0 0.0 0.0 0.0 0.0 0.0 0.0 0.0 0.0 0.0 0.0 0.0 0.0
0.0 0.0 0.0 0.0 0.0 0.0 0.0 0.0 0.0 0.0 0.0 0.0 0.0 0.0 0.0 0.0 0.0 0.0 0.0 0.0 0.0 0.0 0.0 0.0
0.30273752012849997 0.0402576489533 0.0555555555555 0.0217391304348 0.18921095008049998 0.1207729468598 0.0 0.29790660225480003 0.0 0.086956521739 0.0 0.058776167471800006 0.0217391304348 0.037037037037 0.2657004830915 0.1207729468598 0.0185185185185 0.0 0.0434782608696 0.0402576489533 0.061996779387999995 0.0652173913043 0.1296296296297 0.0217391304348
0.5714285714276 0.039408866995 0.0 0.0591133004925 0.0985221674875 0.11822660098509999 0.0 0.25615763546770004 0.039408866995 0.0 0.0 0.23645320197050002 0.0591133004925 0.2561576354676 1.53694581281 0.19704433497520002 0.039408866995 0.0197044334975 0.0591133004925 0.0 0.0197044334975 0.216748768473 0.1379310344825 0.039408866995
0.0 0.0 0.0 0.0 0.0 0.0 0.0 0.0 0.0 0.0 0.0 0.0 0.0 0.0 0.0 0.0 0.0 0.0 0.0 0.0 0.0 0.0 0.0 0.0
1.3758109275908001 0.3647941795781 0.0330578512397 0.16644707214040003 0.2764563224965 0.47895848294199994 0.0 1.2049988437064 0.050914994096800004 0.132231404959 0.123711340206 0.6530340559154 0.1500885478158 0.6311527039023 0.8774175683738 1.1208951545169 0.3492526686056 0.1073528158814 0.2694348762763 0.23787564356899998 0.0178571428571 0.306647780523 0.9671232001358999 0.1044864226683
0.3600820232396 0.27655502392319997 0.0315789473684 0.181818181818 0.0631578947368 0.0869674185463 0.0 0.2172248803827 1.4898838004121 0.4942811574389 0.0 0.0238095238095 0.1263157894735 0.5019366598306 0.1739348370925 0.5097060833902001 0.1778765094554 0.328115743905 0.0 0.2924812030085 0.3440419229895 0.1385281385281 0.0947368421052 0.0869674185463
0.0 0.0 0.0 0.0 0.0 0.0 0.0 0.0 0.0 0.0 0.0 0.0 0.0 0.0 0.0 0.0 0.0 0.0 0.0 0.0 0.0 0.0 0.0 0.0
0.0 0.0 0.0 0.0 0.0 0.0 0.0 0.0 0.0 0.0 0.0 0.0 0.0 0.0 0.0 0.0 0.0 0.0 0.0 0.0 0.0 0.0 0.0 0.0
0.9364085814239 0.1673103924228 0.08358023369260001 0.23367601913320002 0.33668879845829996 0.19425465838519998 0.031746031746 0.7344060112804001 0.0848385331145 0.13852002570150002 0.0 0.8176596225696 0.09519704433489999 0.3022601794342 0.46586528164450003 0.33923276457 0.22434318554990001 0.050465838509300004 0.27461923799980004 0.09072309083550001 0.0810904071773 0.5435300207047 0.6516896313748001 0.12189440993799999
0.3231780167268 0.074074074074 0.0 0.0645161290322 0.0925925925927 0.1290322580644 0.0 0.5256869773012001 0.1571087216247 0.050776583034600004 0.0 0.2120669056157 0.27240143369229997 0.1523297491038 0.1063321385901 0.1385902031064 0.0645161290322 0.0 0.0830346475507 0.1200716845877 0.1248506571086 0.0322580645161 0.2443249701318 0.0322580645161
0.2417907295956 0.10260268187089999 0.09090909090900001 0.0 0.0668883961566 0.0357142857143 0.0 0.49633090486709996 0.2715922289091 0.095818815331 0.0 0.2283549783548 0.12108013937269999 0.4448843839088 0.19755041706239998 0.47468588322289995 0.14372822299659999 0.036585365853600005 0.08499630450840001 0.1576655052263 0.1210801393732 0.0728011825572 0.48463731390639997 0.030303030303
0.3103448275863 0.0258620689655 0.0 0.0172413793103 0.04310344827582 0.0603448275864 0.0 0.04310344827576 0.0 0.00862068965516 0.0344827586207 0.0689655172414 0.0172413793103 0.02586206896546 0.0862068965516 0.13793103448285998 0.0 0.0172413793103 0.043103448275860004 0.0258620689655 0.00862068965516 0.01724137931032 0.00862068965516 0.0
1.2033674169031001 0.12577126971987 0.0 0.046953862190100004 0.30195673182426996 0.0379520229144 0.0 0.4828508816353 0.05967098377807 0.050431711145970004 0.02003205128207 0.4643398530891 0.08452977312127 0.17001638712167 0.42793478400869994 0.96828560012247 0.34504133539324 0.0104166666667 0.28611793907854 0.08012820512829999 0.07126504447927 0.15697221163500003 0.59554860209727 0.0104166666667
0.8840234915662999 0.1211349268694 0.0190476190476 0.041435678749099994 0.3765982119472 0.039931919350600004 0.0 0.5151086671891001 0.0175438596491 0.0 0.039931919350600004 0.7932966745219999 0.0621553884711 0.0700071073205 0.8086522275831001 0.9207758201474 0.2360827441737 0.0223880597015 0.3445180114465 0.0380952380953 0.0494557288744 0.19932667489599998 0.40049003104709996 0.0
0.0 0.0 0.0 0.0 0.0 0.0 0.0 0.0 0.0 0.0 0.0 0.0 0.0 0.0 0.0 0.0 0.0 0.0 0.0 0.0 0.0 0.0 0.0 0.0
0.9349593495941999 0.0 0.0833333333333 0.109756097561 0.0731707317072 0.25 0.0 0.1930894308941 0.0833333333333 0.0731707317072 0.109756097561 0.0365853658536 0.0833333333333 0.2032520325206 0.422764227644 0.45934959349619997 0.3292682926832 0.0 0.4329268292689 0.0 0.0 0.2195121951216 0.5691056910568 0.333333333334
0.0421052631579 0.0736842105263 0.0 0.0 0.021052631579 0.0105263157895 0.0 0.16842105263169999 0.0526315789473 0.021052631579 0.0 0.0315789473684 0.0526315789474 0.1578947368419 0.0210526315789 0.126315789474 0.0526315789473 0.0210526315789 0.0315789473684 0.0105263157895 0.0105263157895 0.0210526315789 0.0315789473685 0.0421052631579
0.5106382978716 0.0 0.0 0.0 0.32826747720329996 0.0425531914893 0.0 0.1276595744679 0.6565349544067001 0.0 0.0 0.0851063829787 0.142857142857 0.0 0.297872340427 0.127659574468 0.127659574468 0.285714285714 0.0 0.0 0.7993920972637 0.0851063829787 0.38297872340399997 0.0
0.6078431372549999 0.0441176470588 0.0441176470588 0.0441176470588 0.0441176470588 0.166666666667 0.0441176470588 0.6519607843126001 0.333333333333 0.0441176470588 0.0 0.563725490196 0.166666666667 0.1764705882352 0.0441176470588 0.25490196078460003 0.25490196078460003 0.0 0.3529411764706 0.0 0.0441176470588 0.29901960784299997 0.44117647058820003 0.3774509803928
1.1596938809128001 0.2968255090495 0.0235294117647 0.21375312061159998 0.41816623608860004 0.423076923078 0.0470588235294 1.3298433460860999 0.1388221153845 0.21809954751100002 0.0468749999999 0.8057137107657 0.302884615384 0.540810912284 0.9815824611078 1.4536993744031999 0.27754639537709996 0.0 0.6223423537619001 0.0704044117646 0.140625 0.3549295911995 1.1337172599345 0.0
0.0833333333332 0.166666666667 0.0 0.0 0.166666666667 0.0833333333332 0.0 0.12499999999980001 0.0 0.0 0.0 0.16666666666660002 0.291666666668 0.12499999999980001 0.12499999999980001 0.12499999999980001 0.0 0.0 0.12499999999980001 0.0416666666666 0.0 0.12499999999980001 0.166666666667 0.0833333333332
1.3499859386289002 0.08276643990919999 0.1959256821013 0.3195187460093 1.0374424850853001 0.0510204081632 0.0668934240362 1.6388947477951998 0.1471831451025 0.0736412844708 0.0255102040816 1.0856580757366001 0.1154371133565 0.671854460544 3.2792639866343998 1.8364925258159 0.4766968275979 0.17021663034129997 0.8519666035315999 0.0572562358276 0.0668934240362 0.30982669714699995 0.9647372050402001 0.124917709019
0.17762326169404002 0.15170670037932 0.0 0.00884955752212 0.16055625790119998 0.12452591656142 0.00884955752212 0.37420986093574 0.48166877370434 0.08912768647283999 0.0 0.05309734513272 0.22313527180771997 0.053097345132740004 0.16055625790123998 0.24020227560041998 0.1864728192162 0.0 0.12452591656133999 0.0442477876107 0.1428571428572 0.05309734513272 0.13274336283132 0.00884955752212
0.1 0.1 0.1 0.0 0.0 0.0 0.0 0.1 0.0 0.2 0.0 0.1 0.0 0.0 0.1 0.0 0.0 0.0 0.0 0.0 0.0 0.2 0.0 0.0
0.041666666666700006 0.00833333333333 0.0 0.05 0.0750000000001 0.0166666666667 0.00833333333333 0.1250000000003 0.0 0.0 0.0 0.11666666666666001 0.00833333333333 0.024999999999990002 0.0166666666667 0.15833333333333 0.08333333333340001 0.0 0.05000000000006 0.0416666666667 0.00833333333333 0.05000000000003 0.11666666666663 0.0
0.7517989417991999 0.23183421516779998 0.0 0.18412698412650003 0.28289241622539996 0.3620634920636 0.0 0.2768253968251 0.08754850088169999 0.0737742504408 0.0214285714285 0.6902998236328 0.0966313932979 0.1413756613756 0.4936684303353 0.8520458553796001 0.1380599647265 0.0 0.1587125220457 0.127142857143 0.16999999999999998 0.13984126984099998 0.6985008818345 0.0214285714285
0.06468253968253 0.0079365079365 0.01626984126983 0.024206349206329997 0.03214285714283 0.0416666666667 0.0079365079365 0.1797619047619 0.031746031746 0.124206349207 0.0 0.20039682539696 0.06587301587300001 0.14444444444436 0.4309523809518 0.18174603174643 0.0079365079365 0.041666666666700006 0.0476190476191 0.0079365079365 0.0 0.11269841269870001 0.20317460317473 0.02500000000003
0.0 0.0 0.0 0.0 0.0 0.0 0.0 0.0 0.0 0.0 0.0 0.0 0.0 0.0 0.0 0.0 0.0 0.0 0.0 0.0 0.0 0.0 0.0 0.0
0.6670026402164 0.2646371485656 0.054499072356100006 0.1930926216639 0.25118631368600003 0.2211270871987 0.0 0.6698926073931001 0.061224489795900006 0.25544098758420003 0.0 0.4077262023688 0.0737833594976 0.4155844155845 1.4431996574855 1.0545169116592 0.2738333095473 0.1020408163266 0.39090373911799997 0.09531539888679999 0.0874661053232 0.2588126159555 0.6974900099907999 0.061224489795900006
0.0967741935483 0.1641261963841 0.065934065934 0.065934065934 0.0322580645161 0.131868131868 0.0 0.2300602623181 0.9138603332142999 0.1297412265153 0.0 0.065934065934 0.29386742289940004 0.524636653669 0.912442396315 0.22864232541629997 0.16341722793320002 0.1963842609002 0.065934065934 0.0981921304501 0.3275434243173 0.227224388515 0.0652250974831 0.0
0.0138888888889 0.0277777777778 0.0 0.0 0.0277777777778 0.0416666666666 0.0 0.0694444444445 0.0555555555555 0.0555555555556 0.0 0.0277777777778 0.0 0.08333333333340001 0.208333333334 0.0555555555555 0.0 0.0 0.09722222222219999 0.0 0.0277777777778 0.0555555555556 0.11111111111110002 0.041666666666700006
0.0 0.0 0.0 0.0 0.0 0.0 0.0 0.0 0.0 0.0 0.0 0.0 0.0 0.0 0.0 0.0 0.0 0.0 0.0 0.0 0.0 0.0 0.0 0.0
1.3884285829604999 0.1760001147696 0.10879883169040001 0.10384168523689999 0.32147896097050005 0.144578313253 0.09369369369370001 1.2137585395737 0.0 0.23526916589580002 0.0 1.2555192141626 0.28598868914610004 0.7779721357398001 1.1770289186238 0.7588685398556 0.370794106837 0.0 0.48043881022689994 0.1406954939983 0.0543994158452 1.0891203217774001 1.6750921491641002 0.14823431657660002
0.3321123321124 0.096052096052 0.0 0.148148148148 0.26617826617810003 0.032967032967 0.0 0.5832315832316 0.12210012210000001 0.196174196174 0.0 0.5063085063082999 0.196174196174 0.288156288156 0.392348392349 0.20716320716300002 0.170126170126 0.196174196174 0.155067155067 0.366300366301 0.255189255189 0.070004070004 0.2580382580381 0.16198616198600002
0.12379807692309999 0.026614010989 0.09375 0.0595810439561 0.032967032967 0.015625 0.0 0.24296016483549998 0.14869505494500002 0.021978021978 0.0 0.159684065934 0.046875 0.2065590659341 0.0439560439561 0.075206043956 0.048592032967 0.032967032967 0.021978021978 0.010989010989 0.010989010989 0.31129807692309996 0.20999313186809998 0.0549450549451
0.3388429752069 0.00826446280991 0.0 0.00826446280991 0.033057851239620004 0.0165289256198 0.0 0.033057851239620004 0.00826446280991 0.0 0.0247933884297 0.04132231404952 0.00826446280991 0.04132231404961 0.0330578512397 0.1735537190084 0.04132231404952 0.00826446280991 0.0578512396696 0.00826446280991 0.02479338842971 0.00826446280991 0.08264462809920001 0.0
2.32590017556549 0.1705561838179 0.0437956204379 0.28471297427528997 0.5734999597536 0.0437956204379 0.0 1.0839531616220899 0.0437956204379 0.0 0.00775193798449 0.48025116693489 0.0641513313456 0.08119730662569999 1.0568496704205 1.5882658595149 0.4579851655627001 0.0422535211267 0.51420046334698 0.280045234913 0.0 0.5601319112557899 0.2312136839593 0.0656934306568
1.4317476002253 0.1318887634103 0.09374647092022 0.224018915867 0.44112083568565996 0.0608695652173 0.0 0.79701439864372 0.0913043478259 0.0227272727273 0.0227272727273 0.92240259740172 0.0454545454545 0.18627188029328 2.71278938452846 1.3392010163739598 0.49430406550046 0.0608695652172 0.6655350084690199 0.07101919819300001 0.08481789949176 0.49508752117526 0.58235460191892 0.0227272727273
0.0 0.0 0.0 0.0 0.0 0.0 0.0 0.0 0.0 0.0 0.0 0.0 0.0 0.0 0.0 0.0 0.0 0.0 0.0 0.0 0.0 0.0 0.0 0.0
0.49420472001119997 0.09090909090900001 0.0 0.030303030303 0.6735092864123 0.047619047619 0.0 0.4883396173715 0.0 0.0 0.0 0.43988269794740004 0.030303030303 0.21798631476039998 0.2089093702 0.3831867057675 0.3175534143273 0.0 0.44658567239229996 0.030303030303 0.0 0.610948191595 0.3281664571983 0.161290322581
0.0689655172413 0.1149425287355 0.0 0.0459770114942 0.16091954023010002 0.0 0.0459770114942 0.1379310344826 0.0459770114942 0.0 0.0 0.1379310344826 0.0689655172413 0.2298850574713 0.0919540229884 0.2298850574716 0.1149425287357 0.0689655172413 0.0229885057471 0.16091954023 0.0689655172413 0.0689655172413 0.0919540229886 0.0229885057471
1.085714285715 0.2857142857148 0.114285714286 0.171428571428 0.2285714285716 0.0571428571428 0.0 0.342857142858 1.3357142857139999 0.125 0.0 0.3535714285708 0.1714285714288 0.5142857142866 0.1142857142856 0.685714285714 0.0 0.364285714286 0.0 0.171428571428 0.3071428571428 0.2857142857148 0.2857142857148 0.0
0.0 0.0 0.0 0.0 0.0 0.0 0.0 0.0 0.0 0.0 0.0 0.0 0.0 0.0 0.0 0.0 0.0 0.0 0.0 0.0 0.0 0.0 0.0 0.0
1.0989994542477 0.0502092050209 0.0521739130435 0.0515190103692 0.2041113334545 0.0341277060214 0.0 0.4249590685832 0.0502092050209 0.0682554120428 0.0 0.2188830271056 0.13454611606380001 0.1023831180642 1.45766781881 0.7173367291262001 0.11780971438940001 0.0 0.37474986356219997 0.0502092050209 0.0 0.2704020374752 0.5047116609055999 0.0167364016736
0.08 0.04 0.02 0.04 0.02 0.04 0.0 0.08 0.02 0.02 0.0 0.13999999999999999 0.06 0.12 0.04 0.06 0.0 0.06 0.0 0.02 0.0 0.0 0.06 0.0800000000001
0.80518247189638 0.07330306698944 0.21277967372766002 0.0856537530266 0.60329499596446 0.18906700221838002 0.00847457627118 0.67837087630996 0.0710473902627 0.11676167597696 0.00847457627118 1.67492311872152 0.038950766747379996 0.91414463022678 3.77371942383644 1.2256258539725398 0.4175504439061 0.0761904761905 1.30092904170876 0.023712671509279998 0.16978410008074002 0.56189826377704 0.8011128322946 0.16904831811290003
0.04310344827582 0.0603448275864 0.0 0.0172413793103 0.07758620689646 0.0 0.0 0.04310344827576 0.02586206896548 0.0431034482759 0.0 0.08620689655161999 0.00862068965516 0.06896551724135999 0.1206896551723 0.02586206896548 0.03448275862062 0.0 0.03448275862062 0.0603448275864 0.0344827586206 0.05172413793102 0.16379310344839998 0.0
0.0 0.0 0.0 0.0 0.0 0.0 0.0 0.0 0.0 0.0 0.0 0.0 0.0 0.0 0.0 0.0 0.0 0.0 0.0 0.0 0.0 0.0 0.0 0.0
0.08290155440409999 0.0932642487049 0.0103626943005 0.124352331606 0.20725388601 0.0103626943005 0.0103626943005 0.25906735751309995 0.0310880829015 0.0103626943005 0.0 0.155440414508 0.0 0.020725388601 0.0414507772021 0.1243523316061 0.4041450777205 0.0 0.1036269430052 0.0310880829015 0.0 0.0829015544041 0.17616580310889998 0.020725388601
0.886953748006 0.0701754385964 0.0350877192982 0.1311802232855 0.472615629984 0.0909728867623 0.0378787878788 0.6052472089313001 0.1308452950558 0.1887878787877 0.02 1.4015151515157 0.1481818181818 0.3832854864432 0.9361881977675 0.8175119617236 0.31539074960130004 0.17583732057440002 0.2147049441785 0.191307814992 0.1481180223285 0.419585326954 1.0322966507164002 0.1463317384366
0.35028085841893997 0.12393777905814002 0.0 0.0283018867924 0.13877286475578 0.14280570358644 0.0 0.40688463200403996 0.0606366124154 0.5684862451383 0.0 0.52686158721054 0.0660377358493 0.24794757309534 0.3517211580002 0.2735128906812 0.03233472562294 0.15627250468108 0.11990494022752 0.1428057035864 0.05523548898164 0.2923808152095 0.72223822555134 0.19264006913494
0.0 0.0 0.0 0.0 0.0 0.0 0.0 0.0 0.0 0.0 0.0 0.0 0.0 0.0 0.0 0.0 0.0 0.0 0.0 0.0 0.0 0.0 0.0 0.0
1.7190976325912 0.5885338745204001 0.2309016013829 0.30152737323379997 0.5048341898322 0.4629442562307 0.0 1.1695416025232999 0.45169650986959997 0.2645753321214 0.047619047619 1.1698909304979002 0.2458680593507 1.2133933134215 2.6378105268092003 1.0819318852097002 0.46732603588489996 0.14782462988040002 0.8667837426205 0.7817980495956001 0.18526277127059998 1.7170045758022998 1.5301604866804 0.2136735730525
0.0333333333334 0.1987179487179 0.0 0.0166666666667 0.0666666666667 0.0333333333333 0.0 0.2333333333334 0.5692307692321 0.1217948717949 0.0 0.1717948717949 0.1 0.2884615384615 0.0833333333334 0.2320512820511 0.0 0.10512820512820001 0.0166666666667 0.253846153846 0.21025641025640002 0.1102564102564 0.1551282051282 0.0
0.0 0.0833333333333 0.0 0.0 0.0 0.0 0.0 0.0 0.1666666666666 0.3333333333332 0.0 0.0833333333333 0.0 0.0 0.0 0.25 0.0 0.0833333333333 0.0 0.0 0.0 0.0 0.0 0.0
0.117647058823 0.0 0.0 0.0 0.0 0.0 0.0 0.0 0.0 0.117647058823 0.411764705883 0.0 0.0 0.0 0.117647058823 0.1764705882347 0.0588235294117 0.0 0.0 0.0 0.0 0.0 0.0 0.0
0.2380952380952 0.102380952381 0.0 0.0178571428571 0.1047619047618 0.07142857142850001 0.0 0.20357142857139998 0.034523809523800006 0.08333333333330001 0.0 0.28809523809550003 0.0178571428571 0.1547619047618 0.2226190476191 0.1916666666667 0.0166666666667 0.0166666666667 0.1178571428571 0.0178571428571 0.0 0.3595238095237 0.6892857142850001 0.0511904761904
0.15698729582596999 0.04310344827587 0.00862068965517 0.03493647912887 0.21778584392007 0.06125226860256999 0.0263157894737 0.52586206896517 0.13883847549919998 0.06987295825764 0.00862068965517 0.3920145190566 0.10480943738647 0.17513611615274 0.25998185117934 0.182395644283 0.078947368421 0.034482758620670004 0.06125226860247 0.043557168784 0.03448275862064 0.0263157894737 0.15698729582568 0.15744101633447
0.6276729559743 0.35660377358553996 0.00943396226414 0.0660377358493 0.0666666666666 0.00943396226414 0.0 0.6264520902690001 0.36163522012644 0.08553459119488001 0.0 0.9247132815399 0.27610062893014 0.23270440251554 0.2959304476505 0.23270440251553998 0.01886792452828 0.18553459119459997 0.061635220125699997 0.46163522012639996 0.17610062893043998 0.5443581206073 0.37081021087604005 0.00943396226414
0.1951219512192 0.0081300813008 0.0 0.0325203252033 0.0569105691057 0.0243902439024 0.0 0.0813008130083 0.0 0.0081300813008 0.0243902439024 0.07317073170720001 0.0081300813008 0.0 0.0569105691059 0.1707317073172 0.0162601626016 0.0081300813008 0.081300813008 0.0243902439024 0.0081300813008 0.0487804878049 0.07317073170749999 0.0
3.1894279222305997 0.4016102549142 0.0153846153846 0.2486197428801 0.6793205583091 0.26817588507230006 0.0 1.3241919868515002 0.1307193847578 0.21252336124370003 0.0521072796935 0.7334829727479001 0.14694937224440002 0.6209241221804 4.4319220239005 2.8385100691013 0.7685783391912 0.0 1.0742833713049 0.20798657236970003 0.15541477689369998 1.1553173995566999 2.1571827642086 0.18736722495340002
1.70272337122289 0.16387301478899 0.025641727327500002 0.11331412540790001 0.20348434050237998 0.02157100614149 0.0183486238532 0.45754112774098005 0.02241934503919 0.030745318068100002 0.0 0.60772347415769 0.02241934503919 0.190732142328 1.9442611969944 0.66303045032079 0.2116257828743 0.0275229357798 0.5214058072682799 0.1200671942653 0.02241934503919 0.2136915219839 0.6018616758191799 0.0935771280401
0.0958904109589 0.0 0.0 0.0 0.027397260274 0.027397260274 0.0 0.027397260274 0.0410958904109 0.0958904109589 0.0 0.027397260274 0.095890410959 0.0958904109589 0.27397260274 0.068493150685 0.0 0.0 0.027397260274 0.0 0.013698630137 0.054794520548 0.027397260274 0.0
2.3126122124768 0.0526315789474 0.0 0.24220655312779998 0.543203716901 0.0717703349282 0.0132450331126 0.9922104468305999 0.0526315789474 0.0264900662252 0.0 0.5393033011616 0.0132450331126 0.35779312463440005 0.9318497342345 1.1117379822887 0.3186947127814 0.1391614629797 0.6377379790666999 0.1654772524534 0.22266231502900002 0.4934838218018 0.6694850806745001 0.0923666782851
0.040816326530500005 0.0306122448979 0.0102040816326 0.0204081632653 0.0 0.0102040816326 0.0 0.1122448979591 0.05102040816310001 0.0 0.0 0.051020408163000006 0.0204081632653 0.173469387755 0.0714285714285 0.1020408163264 0.0306122448979 0.0204081632652 0.0102040816326 0.0918367346941 0.061224489795900006 0.0408163265306 0.0306122448978 0.0204081632653
0.0 0.0 0.0 0.0 0.0 0.0 0.0 0.0 0.0 0.0 0.0 0.0 0.0 0.0 0.0 0.0 0.0 0.0 0.0 0.0 0.0 0.0 0.0 0.0
0.3035855713157 0.05470756233949001 0.00775193798449 0.2054023567817 0.14242686058509002 0.0588235294117 0.0 0.21634626922979003 0.1543307653538 0.03716370269039 0.0 0.56117551059689 0.235294117647 0.0485516115871 0.0294117647059 0.12080303357568001 0.1476948184413 0.00775193798449 0.19420644634849 0.015503875969 0.0175438596491 0.11668706650340002 0.29542563659489 0.0294117647059
1.5078677686685 0.1278164582695 0.0643080891837 0.1819587025138 0.337399074503 0.079233462318 0.0246913580247 0.43218530230889995 0.0121457489878 0.0764538381715 0.0242914979757 0.3018361483928 0.051762480146799995 0.31518147752709996 1.7358290270017 0.7492720831292 0.06628799323199999 0.0 0.4333102816994999 0.0364372469635 0.0760539781225 0.7787580317041 0.5626284531749 0.0242914979756
0.0 0.0 0.0 0.0 0.0 0.0 0.0 0.0 0.0 0.0 0.0 0.0 0.0 0.0 0.0 0.0 0.0 0.0 0.0 0.0 0.0 0.0 0.0 0.0
1.12985928600482 0.2773974516613 0.1786472331935 0.1591886091277 1.0070222344819602 0.0694277915208 0.08839595760836001 0.7612949526746599 0.126177355681 0.14915322889786 0.009900990099 1.3939489107072802 0.12578389918115998 1.0611197708287998 3.2642160877855 1.18164511729926 0.5585191515234 0.064448680893 1.1421600507790999 0.13504331261070002 0.103989011618 0.7138754462813599 1.15242620646526 0.146359263076
0.250731707317 0.1687804878048 0.0 0.10439024390240001 0.37756097560970003 0.0765853658536 0.0243902439024 0.2297560975609 0.26097560975600004 0.12 0.0 0.1897560975609 0.052195121951200005 0.2175609756097 0.2995121951222 0.1253658536584 0.0243902439024 0.08 0.1131707317072 0.0487804878049 0.2521951219512 0.4107317073168 0.5609756097558 0.0121951219512
0.0 0.0 0.0 0.0 0.0 0.0 0.0 0.0 0.0 0.0 0.0 0.0 0.0 0.0 0.0 0.0 0.0 0.0 0.0 0.0 0.0 0.0 0.0 0.0
0.7717752659574 0.1033078457445 0.0212765957446 0.1306515957445 0.5134640957446 0.218750000001 0.0546874999999 0.5894281914889999 0.0820312499999 0.1185172872337 0.0212765957446 0.7656250000007999 0.1306515957445 0.2734374999997 0.3768284574466 0.7534906914902 0.628906249999 0.0851063829787 0.5073969414889999 0.191406250001 0.0820312499999 0.6046376329777 0.7079454787229 0.2673703457455
3.0807917089838 0.2026728559926 0.1326856349758 0.3659955292973 1.1551466489757 0.11190900039209999 0.0451127819549 1.1943276827184999 0.4075561406979 0.5914163068828999 0.15387853497970003 2.2707247725535997 0.1000512928822 0.9420867074037 2.3182993406329 1.7836825540551002 0.6007601680701 0.07551067857970001 0.4156498684888 0.2427888622179 0.3174411266476 0.4737172198856 1.8888627882107 0.1289317945317
0.41716051555857003 0.0919634649611 0.06604862211267 0.04930665571397 0.43642551194141 0.057677638913299994 0.02591484284847 0.9129848031441099 0.1237262610259 0.1972266228554 0.00584795321637 1.21731307085984 0.18392692992257 0.33609106378067 0.88626806704644 0.45052709812524 0.12372626102599998 0.02591484284847 0.23323358563647 0.0602006688963 0.00584795321637 0.26419448845149995 0.7507285493547999 0.07774452854536999
0.0 0.0 0.0 0.0 0.0 0.0 0.0 0.0 0.0 0.0 0.0 0.0 0.0 0.0 0.0 0.0 0.0 0.0 0.0 0.0 0.0 0.0 0.0 0.0
1.8187999373633 0.6632021253419 0.062227802409 0.35446860254439994 0.80615386804 0.452786950863 0.0555555555555 1.4284317835848 0.8719469881907 0.4624409829851 0.027341079972599998 1.5812776929959003 0.5248426305587 0.7622233078671 2.4339365648401 2.0193963842559 0.8312856266186 0.2679234839114 0.9474024279641 0.5227579155709999 0.0987830741368 0.9050701705496 1.7430473512282 0.3586976926538
0.102040816327 0.1836734693883 0.0 0.0204081632653 0.12244897959180001 0.0 0.0 0.12244897959180001 0.5102040816319999 0.1632653061224 0.0 0.2653061224485 0.0816326530612 0.2040816326531 0.1836734693882 0.32653061224589996 0.0408163265306 0.0408163265306 0.1020408163265 0.224489795919 0.1836734693877 0.0408163265306 0.061224489795900006 0.0204081632653
0.0388349514563 0.0485436893204 0.0485436893204 0.00970873786406 0.00970873786406 0.0679611650488 0.0 0.07766990291286 0.0776699029126 0.00970873786406 0.0 0.1650485436891 0.0194174757281 0.06796116504838 0.0388349514563 0.17475728155352 0.00970873786406 0.00970873786406 0.0582524271844 0.0 0.0 0.00970873786406 0.048543689320359996 0.00970873786406
0.0 0.0 0.0 0.0 0.0 0.0 0.0 0.0 0.0 0.0 0.0 0.0 0.0 0.0 0.0 0.0 0.0 0.0 0.0 0.0 0.0 0.0 0.0 0.0
1.08194872838659 0.33223157923379004 0.05535395200968 0.2073161357268 0.27610003422009 0.4027462101922 0.0525991623552 0.8488503680739 0.166826173666 0.24398497269689995 0.0323971421532 1.2242894553149 0.24812976684689 0.7746636061410899 0.6137382925936 0.9399438396056701 0.4217612605341 0.0474347361382 0.61940326572549 0.0556402439024 0.040404040404 0.8655828963790899 1.3355784798106 0.11307565789499
0.2221374045803 0.100693962526 0.0152671755725 0.0090909090909 0.17994448299819998 0.0243580846634 0.0152671755725 0.2370575988894 0.2741151977795 0.1461485079805 0.0 0.1916030534351 0.0548924358084 0.20138792505200004 0.1370575988896 0.3020818875779 0.0701596113809 0.13122831367100002 0.2276197085358 0.13088133240810002 0.09451769604440001 0.0821651630811 0.10978487161679999 0.0425399028452
1.4798729086842002 0.4284184438394 0.092280390417 0.1578142501376 0.25586786438709996 0.1810421319952 0.0738916256157 1.5400703009837 0.6866872686102 0.0900774102744 0.0 1.9504911409858 0.2056726738669 0.6558149496682999 0.7832158350606 0.5404404640411999 0.2650985431652 0.0696692470091 0.8667263007166001 0.45620047119210005 0.2571367377538 0.9091432675028 1.0297372322251 0.0246305418719
0.8069858329252 0.024279433317100002 0.0 0.10254030288229998 0.8815339521248999 0.2108939912071 0.0 0.538788470933 0.2963849535912 0.024279433317100002 0.0521739130435 0.2199316072304 0.14855886663419998 0.052173913043500005 0.2398632144604 0.6833414753311999 0.235173424524 0.0260869565217 0.152906692721 0.15290669272129997 0.0789936492428 0.5489985344418999 0.1753786028335 0.347826086956
2.05182434837516 0.35294315921528996 0.02904640116917 0.751033923067 1.18982249304172 0.39492907132709 0.12428428493607 2.04090606138304 0.09169681633449 0.45931496407883005 0.0 1.37966964274202 0.16647853451622 0.45441909189924995 4.94741506782092 2.99739021422773 0.8318110553772 0.02904640116917 1.1447644630057499 0.47526974455647 0.44948668415366 0.77728386841842 1.76385532630715 0.09730838287729
2.9859712623620003 0.33018417251201 0.00609756097561 0.29808668920312 0.44366853630781 0.1074923110352 0.0336428431308 1.6478085130124998 0.2051602939608 0.0511100920391 0.0643431635388 1.4007264076345198 0.10139475005961 0.42863639984801 2.80242287692131 1.53290385731811 0.4334834957453 0.02356480988391 1.1859311720935 0.32692362604461 0.0511100920391 0.59642708354411 1.92461730785731 0.01829268292681
0.0 0.0 0.0 0.0 0.0 0.0 0.0 0.0 0.0 0.0 0.0 0.0 0.0 0.0 0.0 0.0 0.0 0.0 0.0 0.0 0.0 0.0 0.0 0.0
1.192827442828 0.0955041580041 0.0 0.1490384615384 0.30175230175260004 0.08038189288190001 0.082201019701 0.9238751113761 0.027027027027 0.1330375705376 0.0 0.4760605385608 0.0922866547866 0.3288040788041 0.46638327888369996 1.0649750024748 0.3514936639935 0.0 0.2962577962578 0.0414501039501 0.0796827046826 0.9544661419661999 0.8091401841404999 0.0533548658549
0.1492537313433 0.07462686567150001 0.0 0.0597014925373 0.0298507462686 0.0298507462686 0.0 0.22388059701480004 0.0298507462686 0.0298507462686 0.0 0.35820895522389995 0.0298507462686 0.14925373134320002 0.07462686567150001 0.1641791044776 0.11940298507460001 0.0 0.0597014925372 0.0149253731343 0.0597014925373 0.07462686567150001 0.1791044776119 0.08955223880589999
0.0 0.0 0.0 0.0 0.0 0.0 0.0 0.0 0.0 0.0 0.0 0.0 0.0 0.0 0.0 0.0 0.0 0.0 0.0 0.0 0.0 0.0 0.0 0.0
0.7067510548522 0.32753164557000003 0.0337552742616 0.23417721519009999 0.2262658227846 0.0 0.438818565401 1.3122362869186 0.4883966244728001 0.10126582278480001 0.0 2.5094936708888 0.2183544303799 0.32753164556979997 0.3095991561186 0.8655063291145 0.4862869198308001 0.0 0.6313291139256001 0.0416666666666 0.1508438818563 0.3275316455696 1.2626582278474 0.0
2.47835973026665 0.0867723776913 0.023139599505150002 0.1333462098475 0.7975169985995999 0.028106267347699998 0.11079532804270001 1.0410220385329 0.0729122795039 0.13624594273155 0.0 1.2872064565436998 0.0870714926498 0.65933528308625 2.09837420071875 1.8392764640089 0.34739758935025 0.0144628099173 1.02485711612385 0.1904695348574 0.10213701429724999 1.1201135080191 1.2429861702525 0.07809558810335
0.129032258064 0.0 0.0 0.0 0.0645161290322 0.258064516129 0.0 0.129032258064 0.0 0.1290322580644 0.0 0.0645161290322 0.0 0.0 0.0645161290322 0.3870967741922 0.0 0.0 0.0 0.0 0.0 0.0645161290322 0.258064516129 0.451612903227
1.2313678350354 0.2582167364611 0.0858342986865 0.1957063259522 1.0453406487493 0.0576923076922 0.04911097980223 1.09999082682553 0.24363499244865996 0.39832845985683 0.021178018908429998 1.4282989238263997 0.14250296016213 0.7618178284165299 1.5939717264528999 1.7660012007618597 0.4412612249635 0.10655572111872999 1.3308915803373 0.2629265848927 0.29717944527163004 0.758248899716 1.3313532329923001 0.09258924067183
0.4089473684211 0.3563157894737 0.0 0.00877192982455 0.14631578947365 0.0526315789474 0.00877192982455 0.26912280701775 0.2301754385965 0.2575438596491 0.0 0.10140350877195001 0.20877192982455 0.31140350877195 0.1238596491228 0.39140350877189994 0.0175438596491 0.08877192982455001 0.09263157894735001 0.0838596491228 0.2175438596491 0.2838596491228 0.1715789473687 0.16877192982455
0.0 0.0 0.0 0.0 0.0 0.0 0.0 0.0 0.0 0.0 0.0 0.0 0.0 0.0 0.0 0.0 0.0 0.0 0.0 0.0 0.0 0.0 0.0 0.0
0.4316546762586 0.2374100719419 0.0431654676258 0.1726618705038 0.2374100719427 0.17266187050389997 0.0215827338129 0.8417266187044 0.0215827338129 0.0215827338129 0.0 0.7553956834527 0.1079136690647 0.19424460431679996 0.1726618705038 0.6258992805757 0.2589928057548 0.0431654676259 0.34532374100769997 0.0863309352518 0.0215827338129 0.6906474820159 0.4532374100727 0.0431654676258
1.4591408478130499 0.09107235260089999 0.0515021459227 0.1575537619425 0.6111414487802 0.089634303119 0.049784958860800005 1.1142695398643 0.09042968263574999 0.10886286235935 0.0883685053697 1.0466693295042 0.13298287412525 0.50737912434205 0.8426560439322 1.3083451577875 0.3946797843733 0.0494862790999 0.6818531250226 0.14905619682170002 0.0515021459227 0.51343346415365 1.348242576448 0.0619534892012
0.2812961686202 0.1260711119866 0.0140845070422 0.0280705210282 0.1685216192257 0.1122820841129 0.0140845070422 0.3784103220719 0.0703240421549 0.32354968974619996 0.0280705210282 0.6019895597356 0.0700285629863 0.25253619619859996 0.18211366098669998 0.36540923864880004 0.0281690140845 0.0842115630847 0.1121835910567 0.0421550280705 0.0421550280705 0.14035260514140002 0.5057618437897999 0.0281690140844
0.0 0.0 0.0 0.0 0.0 0.0 0.0 0.0 0.0 0.0 0.0 0.0 0.0 0.0 0.0 0.0 0.0 0.0 0.0 0.0 0.0 0.0 0.0 0.0
0.88837663015368 0.2142294178798 0.01114206128132 0.10562547049362 0.28579898595637 0.17223634773598 0.00557103064066 0.7166452391861899 0.27361125249479 0.0831178189236 0.0 0.50547812014892 0.34697468512646 0.20977759892033002 0.52373072169452 0.7181189168608 0.37594490132803 0.0464285714285 0.23342851738855003 0.0887732556139 0.02663139329804 0.52052223927963 0.3921176719988 0.2557191521687
0.1563279857396 0.18780748663100003 0.0 0.0269162210338 0.0855971479499 0.0723707664883 0.0588235294118 0.42766488413540005 0.3651693404635 0.1828163992868 0.0 0.1760427807484 0.2832442067736 0.2632442067734 0.36445632798600003 0.23618538324410004 0.1479500891265 0.10413547237060002 0.24046345811050002 0.10766488413559999 0.18795008912650002 0.2242780748662 0.0739750445632 0.0269162210338
0.1238095238094 0.0666666666666 0.0 0.07301587301580001 0.07936507936500001 0.0 0.0 0.0888888888888 0.0888888888888 0.14603174603160002 0.0 0.13015873015860002 0.1015873015872 0.18730158730139998 0.22857142857180002 0.1142857142856 0.0 0.21587301587340002 0.07301587301580001 0.0 0.1079365079364 0.1238095238094 0.0507936507936 0.0
0.0 0.0 0.0 0.0 0.0 0.0 0.0 0.0 0.0 0.0 0.0 0.0 0.0 0.0 0.0 0.0 0.0 0.0 0.0 0.0 0.0 0.0 0.0 0.0
1.3882575778227 0.0781297593664 0.0802311234722 0.21617295227919997 0.466488478645 0.5585935025882 0.0544217687075 0.9809396620297001 0.2523432880304 0.243825238645 0.0 1.2972963084536997 0.3802859552917 0.7965871124079 0.6335503803764 1.1013608799563 0.3625108692092 0.09803929386079999 0.3770394712709 0.0900381094846 0.1116447360377 1.0222277442007 1.1432175002073999 0.2667982876512
0.0710011966493 0.036218587953700004 0.0178699641005 0.027044276027100002 0.1250897487037 0.0086956521739 0.0 0.23039489429600002 0.0632628639808 0.0796968488233 0.0 0.1159154367769 0.036218587953700004 0.115915436777 0.2781810929406 0.13378540087750002 0.07243717590740001 0.0366972477064 0.11400079776640001 0.08887116075 0.10043877143999999 0.0898284802552 0.0883925009971 0.0700438771442
0.2896020684795 0.1112663665062 0.0707964601769 0.0584795321637 0.28960206847950004 0.052786834342399995 0.212389380531 0.5512173615338 0.20514412875840002 0.0410909279096 0.0 0.44222707892980007 0.1466645965947 0.5331052273289001 0.1055736686848 0.4331605619448 0.069388214125 0.0233918128654 0.2724005668816 0.1829734592888 0.1055736686848 0.2613047822643 0.4419802626609 0.0998809708637
0.1428571428575 0.0274725274725 0.0 0.010989010989 0.0494505494506 0.043956043956 0.0 0.1428571428572 0.0164835164835 0.010989010989 0.0 0.0824175824176 0.0164835164835 0.0054945054945 0.021978021978 0.20879120879130003 0.0054945054945 0.010989010989 0.043956043956 0.021978021978 0.0054945054945 0.0494505494505 0.0824175824176 0.0
1.5652550865224302 0.17903212088835 0.052054497095949996 0.2016292374698 0.7696038709875199 0.08980347414486001 0.06521239183275 0.90661015692172 0.12097254432929999 0.22182220784825998 0.0131578947368 0.9756136761653799 0.15042437418892 0.52195267498743 2.0059420669133097 1.6365120104919098 0.45543268433296 0.07837028656965 1.05965231619613 0.11119313610380001 0.09195154625426999 0.5634459826503 1.05930285448642 0.10505290788387
1.18876882174634 0.24271963750182 0.08674659920095999 0.1602709070127 0.20249594769405996 0.13082465449994002 0.0529801324503 0.6609338242800401 0.16324943882601997 0.10567627069972 0.07554800421174 0.7176088132022 0.030128266487979997 0.36620006250439996 0.48002856740840005 0.72941042043246 0.35936716519921996 0.00296735905044 0.73061493936296 0.1685133157149 0.0655204098643 0.46918179559100004 0.71571031513954 0.09453433191934
0.146666666667 0.0666666666667 0.0133333333333 0.0 0.053333333333299995 0.0133333333333 0.0 0.0933333333333 0.1466666666667 0.0133333333333 0.0 0.0266666666666 0.0666666666667 0.0266666666666 0.08 0.0266666666666 0.0133333333333 0.0266666666667 0.08 0.0266666666667 0.0133333333333 0.0266666666666 0.0266666666667 0.0133333333333
0.40100272232332 0.13073275862056 0.04 0.09965592861450001 0.2849826073803 0.08 0.01875 0.68405399274028 0.1175 0.10842785843902 0.0 0.62920447670872 0.1700438596491 0.43978448275869997 0.2501096491228 0.66621143375666 0.26011040532359997 0.0775 0.43090819721706003 0.02616454930426 0.00862068965516 0.5189919842710999 0.5298737144585 0.02737068965516
0.1733333333333 0.0533333333333 0.0 0.0266666666666 0.1466666666667 0.0666666666667 0.0 0.21333333333350002 0.0666666666666 0.04 0.0 0.1199999999999 0.0933333333333 0.2666666666663 0.0933333333333 0.17333333333349998 0.0133333333333 0.0 0.0266666666666 0.12 0.0533333333333 0.1733333333337 0.0799999999999 0.0
0.05 0.2 0.0 0.0 0.227272727273 0.0 0.0 0.0954545454545 0.14545454545449998 0.2409090909091 0.0 0.05 0.0909090909091 0.0954545454545 0.0 0.1818181818181 0.05 0.0 0.0 0.0454545454545 0.4772727272727 0.0 0.05 0.0
0.11981220657275 0.0940845070422 0.02347417840375 0.098779342723 0.08544600938949 0.0 0.0469483568075 0.13164319248805 0.0133333333333 0.00469483568075 0.0 0.31173708920220006 0.00469483568075 0.10028169014095001 0.05014084507035 0.2319248826291 0.0634741784036 0.0 0.13314553990595 0.02272300469479 0.02272300469479 0.10422535211270001 0.31868544600889004 0.01802816901405
2.8776089467813 0.2755857455436 0.0273972602739 0.49557424728359994 1.0075577587479 0.2777407073045 0.09938375789909999 1.5815556822866998 0.1504178701743 0.2519565898342 0.0343839541547 1.4625794738354 0.1622362961752 0.5997974335944 1.6503512972482999 2.1115415903775 0.5705184299259 0.0547945205479 0.9071180695851999 0.1681516662086 0.2511538665788 1.1832056133668 1.4918353886277997 0.3075538336385
0.30402930402920003 0.043956043956 0.0 0.102564102564 0.0 0.062271062271 0.0 0.4139194139211 0.010989010989 0.1794871794873 0.0 0.1428571428574 0.113553113553 0.241758241758 0.021978021978 0.31135531135510003 0.010989010989 0.032967032967 0.021978021978 0.29304029304 0.010989010989 0.14652014652 0.4505494505493 0.084249084249
0.61835184540134 0.16951733482743 0.035088442666859995 0.15798573661702997 0.85410560424709 0.19950076500492 0.0732899022802 1.03290226519483 0.07017688533371999 0.16939854067623 0.01332481205072 0.82774308941551 0.0906073475448 0.5353127465174299 0.6501772231897501 0.85477357561666 0.25105897126707 0.014657980456 0.66673993540002 0.19221962561192002 0.19977195590844002 0.35513016231467 0.85869299541249 0.10947225704670999
0.0742857142857 0.06613445378159999 0.0 0.0171428571428 0.02285714285712 0.00571428571428 0.0 0.22621848739506 0.1813445378144 0.055546218487400004 0.0147058823529 0.08655462184856 0.0873949579832 0.12168067226868 0.0922689075631 0.09226890756308 0.06613445378156 0.02042016806718 0.0489915966386 0.1396638655463 0.1789075630252 0.03184873949578 0.22697478991578002 0.14294117647098
0.0 0.0 0.0 0.0 0.0 0.0 0.0 0.0 0.0 0.0 0.0 0.0 0.0 0.0 0.0 0.0 0.0 0.0 0.0 0.0 0.0 0.0 0.0 0.0
0.328293010752 0.0215053763441 0.010752688172 0.0430107526881 0.0645161290323 0.042002688172 0.0215053763441 0.5735887096783 0.03125 0.0840053763441 0.010752688172 0.23655913978530002 0.052755376344100005 0.2002688172042 0.052755376344 0.23454301075250003 0.1612903225812 0.0625 0.1280241935483 0.0537634408602 0.0 0.29032258064530003 0.285282258064 0.010752688172
1.42380143096221 0.18187343794292002 0.02475027746947 0.12593284933584 0.6596625516716401 0.10354852384227 0.04393840075897 0.8306724336208 0.13698524241881 0.14318779412114002 0.0641385488205 0.76316431942479 0.14472774233839 0.43021141872133006 0.75018283052114 1.31048543538226 0.41478797988129 0.01176470588234 0.57150055349931 0.130822133268 0.12527237980126998 0.30527215380377 1.2089377913156398 0.09437906519301
0.22484094852550002 0.0707538075959 0.0 0.04930595720059999 0.1242529400423 0.040678619626 0.00641025641025 0.33477925583205004 0.0300751879699 0.22879313668805001 0.0 0.51523038365195 0.09663582032005 0.14150761519190003 0.1030460767301 0.1844033159821 0.045112781954700004 0.040678619626 0.1180836707151 0.03648544438015 0.0278581068054 0.20609215346075 0.3342972816658 0.0406786196259
0.0 0.0 0.0 0.0 0.0 0.0 0.0 0.0 0.0 0.0 0.0 0.0 0.0 0.0 0.0 0.0 0.0 0.0 0.0 0.0 0.0 0.0 0.0 0.0
1.4311167008868 0.3897877365058 0.052029904709299996 0.1831716509093 0.616107857762 0.0417654808959 0.0522972206466 1.1559484620078 0.20745360705010002 0.241409981339 0.0243902439024 0.8495068740851 0.2639930551026 0.703589591359 1.2189333219742 1.3093103877573002 0.5762685125595 0.24632882612749998 0.7579675730263 0.7191140971263 0.1012275446055 0.532386105479 1.1493261014685001 0.17656916271509998
0.2659159159159 0.129054054054 0.0 0.225000000001 0.2227477477477 0.08888888888879999 0.0 0.42627627627630005 0.5823573573573 0.31163663663670005 0.09091591591590001 0.07777777777780001 0.2783033033033 0.3068318318317 0.2222222222222 0.5303303303302 0.07500000000000001 0.108108108108 0.11996996996990002 0.16666666666660002 0.3214714714714 0.16996996996990005 0.1805555555556 0.1
0.0724815724815 0.0227272727272 0.0113636363636 0.0 0.08108108108100001 0.0909090909091 0.0 0.15202702702690002 0.11517199017190001 0.18488943488930001 0.0 0.1563267813268 0.1308353808353 0.1378992628992 0.0340909090908 0.1335995085995 0.0795454545454 0.0810810810811 0.1108722358722 0.0113636363636 0.027027027027 0.2076167076168 0.1363636363637 0.0227272727273
0.0 0.0 0.0 0.0 0.0 0.0 0.0 0.571428571429 0.142857142857 0.142857142857 0.0 0.0 0.0 0.0 0.142857142857 0.0 0.0 0.0 0.0 0.0 0.0 0.0 0.0 0.0
0.9977044102310999 0.25502821566559997 0.108550573514 0.13093142366420002 0.4367233024596 0.1723670490093 0.0 0.8363522051152998 0.18759124087580004 0.2096500644054 0.0 0.8357357541555 0.1590198123046 0.3873811568422 0.43069373734899996 0.8020456357726 0.1980463718333 0.0220588235294 0.4232426547259 0.20407593694419998 0.0506302521008 0.5573391400354 0.5015058578177 0.0933263816476
0.3539378458918 0.1528735632185 0.0344827586207 0.0 0.1924648786717 0.1491272882077 0.0 0.3697743720729 0.1591741166452 0.1456364410385 0.0 0.36717752235019996 0.23043848446159998 0.24648786717760002 0.4269050659862 0.2232013622817 0.099957428693 0.08641975308630001 0.1652192422306 0.058024691357999994 0.0456790123456 0.1775649212431 0.20455512984250002 0.11089825457639998
0.3325396825394 0.3499999999999 0.09841269841259999 0.0333333333333 0.2325396825394 0.1166666666665 0.111111111112 0.9476190476191001 0.4301587301585 0.15000000000000002 0.0 0.7936507936515 0.3658730158729 0.596031746031 0.39920634920639997 0.38174603174620003 0.065873015873 0.2333333333333 0.42539682539660006 0.3166666666674 0.5 0.247619047619 0.8238095238108 0.0484126984127
0.24507389162555 0.03866995073885 0.0 0.0142857142857 0.042857142857150005 0.09334975369465 0.0 0.1261083743844 0.0142857142857 0.0428571428571 0.0214285714286 0.35270935960560007 0.02857142857145 0.0142857142857 0.2022167487689 0.21896551724119998 0.0357142857143 0.00714285714285 0.0642857142859 0.1088669950738 0.00714285714285 0.07733990147785 0.24384236453215 0.0
1.6383779570896002 0.137259357184 0.1186377646742 0.3106769285177 1.2873950572611 0.325200363546 0.0915062381227 2.1965231861502 0.2446808944765 0.5349462086595 0.0 1.3729850540989998 0.36491262496910004 0.3182836899939 2.0148840843745996 2.8081527357659 1.5838531517078 0.08971226142269999 1.0520789292317 0.46826225305999997 0.2783335314972 0.7276099656812001 1.9899746434576997 0.0457531190613
0.9395631458317001 0.23646823163079997 0.0430155714598 0.1569984453111 0.4959451882826 0.032320384294 0.0106951871658 0.7350503598572999 0.042780748663100006 0.1175423518689 0.0 0.8928579805144 0.0808533142124 0.35274851567349996 0.8656020621963 1.1049507123423 0.3359616175013 0.032320384294 0.7345974673755999 0.18804000866710002 0.08660549546759999 0.6275241356519999 0.8396001143682998 0.0479585773703
0.112676056338 0.056338028169 0.056338028169 0.0281690140845 0.0 0.056338028169 0.0 0.1408450704225 0.1408450704225 0.112676056338 0.0 0.253521126761 0.0845070422535 0.112676056338 0.112676056338 0.112676056338 0.112676056338 0.056338028169 0.0845070422535 0.0 0.0845070422535 0.1408450704225 0.112676056338 0.0281690140845
0.2970658328154 0.26083476272129 0.00884955752211 0.14213229304220001 0.2138941594942 0.15174385363109 0.0363636363636 0.9061754630962999 0.09671569594749 0.13307933231131 0.02398842322029 0.5564899285053 0.0515025020618 0.23096383774329 0.1362497912844 0.48771434498582 0.40552730511011004 0.00628930817609 0.4417006936964 0.1643224699833 0.11794046661311 0.7015184403735901 0.42264859312810005 0.00628930817609
0.311688311688 0.12987012987 0.0 0.103896103896 0.181818181818 0.077922077922 0.0 0.49350649350599995 0.12987012987 0.051948051948 0.0 0.20779220779199997 0.181818181818 0.493506493506 0.155844155844 0.545454545454 0.103896103896 0.0 0.12987012987 0.207792207792 0.12987012987 0.103896103896 0.12987012987 0.12987012987
0.054054054054 0.08108108108100001 0.081081081081 0.0 0.0 0.0 0.0 0.216216216216 0.405405405406 0.16216216216200002 0.0 0.08108108108100001 0.054054054054 0.081081081081 0.216216216216 0.08108108108100001 0.081081081081 0.135135135135 0.108108108108 0.081081081081 0.027027027027 0.027027027027 0.027027027027 0.0
0.15416331456152 0.06194690265492 0.035398230088419996 0.058125502815800006 0.06446098149632 0.01769911504424 0.0 0.24517296862444 0.0 0.026548672566359996 0.0 0.49155269509282 0.0113636363636 0.2627715205153 0.0821600965405 0.35760257441672005 0.1680410297668 0.0 0.3361826226867 0.02021319388572 0.0606395816572 0.118765084473 0.3804304102982 0.046761866452
0.7291625435361799 0.1668670699906 0.0739135489872 0.3377689283602 0.49282428831809 0.42517913128240004 0.0697609114249 0.8171335009359 0.02000762195119 0.22749827194649996 0.0288461538461 0.83620362497969 0.0928076249429 0.42357414385978 0.8755141273629999 0.72756572827988 0.30510288143539 0.0060975609756 0.45934701327059996 0.0435673514167 0.073152216846 0.7054248569654 0.96840751429379 0.0942733847928
0.0833333333331 0.06666666666650001 0.0666666666667 0.0 0.0166666666666 0.0 0.0 0.1499999999999 0.0166666666666 0.0166666666666 0.0 0.1666666666669 0.0666666666667 0.0666666666667 0.0166666666666 0.0166666666666 0.0 0.0333333333333 0.0166666666666 0.0666666666667 0.0 0.0833333333332 0.0333333333332 0.0166666666666
0.81922432038704 0.20694226839990001 0.0119402985074 0.08821637668 0.679262069029 0.09932748779104 0.0165745856353 0.75891903282791 0.142454394693 0.1424543946931 0.032167889832570004 0.5776998982979 0.0762760781726 0.48300669763504 0.4979229084777 0.9929578626193399 0.2374197154195 0.0 0.6437453615893999 0.12053636055450001 0.0838862776357 0.39589162841290004 0.8812337941952699 0.0119402985074
0.4285714285722 0.2142857142861 0.0 0.214285714286 0.2571428571432 0.17142857142810003 0.0428571428571 0.9857142857153 0.1285714285713 0.128571428571 0.0428571428571 0.5142857142854 0.0428571428571 0.3000000000002 0.1714285714284 0.42857142857130004 0.1285714285713 0.0 0.1714285714284 0.214285714286 0.2142857142855 0.214285714286 0.9000000000013 0.0857142857142
0.0714285714285 0.0 0.142857142857 0.0 0.0 0.0 0.0 0.0 0.0 0.0 0.0 0.0 0.0 0.0714285714285 0.142857142857 0.0 0.0 0.0 0.0714285714285 0.0714285714285 0.0 0.428571428572 0.0 0.0
0.1585365853658 0.0365853658536 0.0121951219512 0.1463414634146 0.1097560975609 0.05 0.0121951219512 0.3317073170731 0.1243902439024 0.0621951219512 0.0 0.2073170731706 0.1621951219512 0.1231707317073 0.08536585365839999 0.1585365853657 0.1097560975613 0.05 0.3097560975609 0.0243902439024 0.05 0.38170731707250005 0.28170731707310004 0.0121951219512
0.4484625555651 0.09827867670700001 0.0 0.0721034169494 0.49681591440299 0.11993896890429001 0.047576359095800005 0.69864422882869 0.12491806443188 0.12914422822760002 0.0123456790123 0.55865210395088 0.11013789059989 0.17338279655159003 0.326572033486 0.5359404076623 0.30886356249389 0.0372670807452 0.2303086340699 0.12052032671189 0.16273689207920003 0.41206534612007995 0.57636259607369 0.19896223732799
0.09497751124432 0.06926536731621 0.0 0.0173913043478 0.06064467766112 0.017316341829079998 0.025937031484209998 0.21664167916034 0.03478260869562 0.12068965517234001 0.00862068965517 0.26881559220383 0.0608695652174 0.07803598200897 0.07803598200897 0.25074962518772 0.051874062968489995 0.0258620689655 0.04325337331333 0.0432533733133 0.00862068965517 0.12113943028494001 0.28598200899591 0.0172413793103
0.0 0.0 0.0 0.0 0.0 0.0 0.0 0.0 0.0 0.0 0.0 0.0 0.0 0.0 0.0 0.0 0.0 0.0 0.0 0.0 0.0 0.0 0.0 0.0
0.5420376214693501 0.2565241169839 0.02913896413035 0.12679188316265 0.25864484248995 0.12712979496595 0.032640232108199996 0.771244584719 0.09214005675209999 0.14111978418735 0.0 0.46330272261600003 0.11220960065640001 0.39965549547375 0.3229321909228 0.7091365461375501 0.39841875454819997 0.031914893617 0.5702686870175999 0.1261756758753 0.2375522555693 0.2515078125954 0.8275348326798501 0.17197865132495
0.0333333333333 0.0 0.0 0.0166666666667 0.0666666666667 0.0 0.0 0.0333333333334 0.1500000000004 0.1333333333334 0.0 0.0166666666667 0.1500000000001 0.0666666666667 0.08333333333330001 0.1 0.0 0.0333333333333 0.0 0.0333333333333 0.0166666666667 0.05 0.0 0.0166666666667
0.0 0.0 0.0 0.0 0.0 0.0 0.0 0.0 0.0 0.0 0.0 0.0 0.0 0.0 0.0 0.0 0.0 0.0 0.0 0.0 0.0 0.0 0.0 0.0
0.0 0.0 0.0 0.0 0.0 0.0 0.0 0.0 0.0 0.0 0.0 0.0 0.0 0.0 0.0 0.0 0.0 0.0 0.0 0.0 0.0 0.0 0.0 0.0
0.8227992814104998 0.31294128697830004 0.07101675960770001 0.18186608608 0.4484648862274999 0.30911199770270004 0.1224617958248 1.0511668308244002 0.0447678703021 0.13489292892649998 0.0 0.8157128650911001 0.3891944154293 0.7806260130581 0.5806001790118 1.1027529345481002 0.43516404426640004 0.1053268765132 0.5511294899293999 0.10062730205920001 0.0452700855614 0.7325361915731 0.78005252637 0.0815173527037
0.4847709834918 0.4040145702546 0.0588235294118 0.37127024723060004 0.27687359528820005 0.2625745950558 0.0724637681159 1.1687592032856 0.5127102224288 0.117647058824 0.0588235294118 1.0018987832296 0.4847709834921 0.5625823451908 0.3442610245684 0.78036115632 0.090909090909 0.1497326203208 0.254281949934 0.3715415019775 0.38556924746160004 0.7116562039842 0.7476168332954001 0.3260869565229
0.0 0.0 0.0 0.0 0.0 0.0 0.0 0.0 0.0 0.0 0.0 0.0 0.0 0.0 0.0 0.0 0.0 0.0 0.0 0.0 0.0 0.0 0.0 0.0
0.28403100775170004 0.2130232558139 0.0 0.015503875969 0.1330232558137 0.0710077519379 0.0 0.3615503875966 0.031007751938 0.031007751938 0.015503875969 0.9215503875977 0.30852713178290003 0.015503875969 0.24403100775199998 0.5320930232557001 0.0465116279069 0.015503875969 0.07751937984480001 0.299534883721 0.015503875969 0.1020155038759 0.226046511628 0.04
1.69026039392386 0.5738095277469 0.11442909746286001 0.39329586697872 1.6852247118511603 0.1947828671183 0.07348473889766 2.25770599277946 0.440974357415 0.34770079251478003 0.0169491525424 1.444468771626 0.17277754242240004 0.6819423040720201 1.4276423556245001 2.7911732333826995 0.9025982576858 0.14622517569336 0.82258166388366 0.411031319103 0.1720016050572 0.6913533551631 1.39455401055636 0.15303290649916002
0.4275200565542 0.18322465028379997 0.0322199371202 0.20415753470099998 0.45469869861689993 0.0418348130212 0.0112994350282 0.8747747260968 0.1062746872618 0.0899277660144 0.020920502092 0.8726286439217001 0.0322199371202 0.5451313258208001 0.4325923074239 0.8957014193503999 0.36357885233879994 0.0322199371202 0.8204422066202999 0.2046128665868 0.1481156914457 0.5295025794631 0.6345666129718001 0.0418348130212
0.0877192982457 0.0526315789473 0.0 0.0350877192982 0.140350877193 0.0 0.0 0.0877192982456 0.0350877192982 0.0526315789473 0.0 0.0350877192982 0.0175438596491 0.0350877192982 0.0526315789473 0.0701754385964 0.0 0.0175438596491 0.0 0.0175438596491 0.0526315789473 0.0701754385964 0.140350877193 0.0
0.6891789663886 0.0721003134796 0.020202020202 0.1985452586207 0.4906309865899 0.0349317528736 0.0583692528735 0.7577009317309 0.1989942528736 0.1658503134794 0.020202020202 0.7851657741199999 0.0114942528736 0.3907147988507 0.33627764716209996 0.7221133751301 0.3607110980493 0.0468749999999 0.3983286529081 0.0316962730756 0.0234375 0.5298975748877 0.6106049721359 0.0459770114943
0.1776315789473 0.0592105263157 0.0 0.0394736842104 0.0394736842104 0.0394736842105 0.0 0.49342105263150005 0.11842105263149999 0.0394736842105 0.0 0.2368421052637 0.0 0.375 0.1776315789477 0.49342105263159997 0.0 0.0197368421052 0.1184210526314 0.315789473684 0.0 0.0592105263157 0.1184210526316 0.078947368421
0.1914700544465 0.169092945129 0.0344827586207 0.038517975055 0.1397459165156 0.0425531914893 0.0 0.1773564505543 0.9894620998569 0.09518477043679999 0.0 0.1074834922963 0.4 0.38900258717279995 0.2308954705181 0.2969455921534 0.0689655172413 0.0212765957447 0.038517975055 0.148936170213 1.1464493956831001 0.0730007336757 0.1581071166543 0.0425531914893
0.0321100917431 0.0137614678899 0.0091743119266 0.00917431192659 0.022935779816500003 0.00917431192659 0.0 0.07798165137619001 0.0045871559633 0.0091743119266 0.0 0.14678899082577998 0.0 0.09633027522939001 0.0091743119266 0.11926605504588 0.05963302752289 0.0 0.11926605504580001 0.0137614678899 0.0275229357798 0.0275229357798 0.1926605504588 0.0
0.27786324184912 0.03254806140793 0.0045871559633 0.04718546862752 0.18864117788360002 0.08561761002019 0.0045871559633 0.28899689174995 0.013761467889890001 0.013761467889890001 0.0 0.42570772743531005 0.08812168034760001 0.10899135950152 0.23995884783652 0.23482695952013002 0.10158591120749001 0.0091743119266 0.11382601078783001 0.05559060391289 0.0192245631829 0.1704830283722 0.40385534626322994 0.0711039504621
0.43076923076939994 0.0 0.0 0.0615384615384 0.0 0.123076923077 0.0615384615384 0.6153846153847999 0.36923076923079995 0.1846153846154 0.0 0.5538461538464 0.0615384615384 0.184615384615 0.123076923077 0.43076923076979995 0.0 0.0 0.30769230769239997 0.184615384615 0.0615384615384 0.1230769230768 0.123076923077 0.0
1.1449732078116 0.1563057202957 0.0155279503105 0.2848508606149 1.2536688599866999 0.1424976533324 0.2027451251781 1.6421948275307 0.2716642367837 0.3325331517615 0.0 1.2185749723763002 0.0316051207285 0.5499244561095 1.2312613762859002 1.5362506171484998 0.4994238414011 0.016077170418 1.0641825816639001 0.33150693457089997 0.031055900621 0.6613662088193999 1.2864446439547998 0.09536458229309999
0.20625 0.13125 0.0 0.0562499999999 0.0749999999999 0.1125 0.0 0.29999999999969995 0.0375 0.056249999999999994 0.0 0.2999999999999 0.075 0.22499999999979997 0.3 0.28125 0.13125 0.0562499999999 0.01875 0.0375 0.1125 0.075 0.33749999999979996 0.075
0.0 0.0 0.0 0.0 0.0 0.0 0.0 0.0 0.0 0.0 0.0 0.0 0.0 0.0 0.0 0.0 0.0 0.0 0.0 0.0 0.0 0.0 0.0 0.0
0.3827751196175 0.215311004785 0.0 0.2870813397131 0.3110047846883 0.143540669856 0.023923444976 0.7177033492813001 0.0 0.0 0.0 0.6220095693764001 0.0478468899521 0.095693779904 0.2631578947362 0.4306220095684 0.1913875598084 0.0 0.1674641148324 0.0956937799043 0.0 0.406698564594 0.5263157894733 0.0717703349281
0.13910318225657 0.05400192864017 0.0 0.022902603664369997 0.15887174541954002 0.00819672131147 0.0294117647059 0.16513982642214 0.0163934426229 0.037608486017370005 0.00819672131147 0.2374638379942 0.05231436837027 0.09161041465764 0.09667309546777 0.10486981677900001 0.04749276759877 0.00819672131147 0.07208293153317 0.0851012536162 0.01639344262294 0.20443587271007 0.27483124397304 0.06870781099317
0.31700680272119997 0.11950113378669999 0.0 0.0306122448979 0.1501133786846 0.211337868481 0.088888888889 0.5589569160996 0.083446712018 0.5564625850345001 0.0 0.23061224489770002 0.1195011337869 0.34761904761900003 0.3056689342408 0.2947845804988 0.0222222222222 0.1446712018142 0.1140589569159 0.1446712018142 0.0444444444444 0.3782312925172 0.7371882086171 0.0
0.0588235294118 0.0 0.117647058824 0.0 0.117647058824 0.0 0.176470588235 0.0 0.0 0.0 0.0 0.0588235294118 0.0 0.0588235294118 0.0 0.0 0.117647058824 0.117647058824 0.0 0.0 0.0588235294118 0.0 0.1176470588236 0.0
0.92810594791816 0.2481077537396 0.1871236108522 0.25875805674700003 0.5154485883786 0.17752237792093 0.0338983050847 1.11712155249586 0.19552697219673 0.3706346473785601 0.0 0.6199813776652301 0.28039690452423005 0.69973113936943 0.4932970552916 1.2774738678518298 0.40073824198033 0.16521109262043 0.40257203605423003 0.19443454376933 0.0425531914894 0.25103786139809997 1.03279056913893 0.10753430612993001
0.46767883755570006 0.20696721311479999 0.0 0.032018442622900004 0.1116803278688 0.0945184426229 0.015625 0.2694672131146 0.9279061102838001 0.5014204545453 0.0 0.20182097615490002 0.5677626676608001 0.629494225037 0.2302300670638 0.2763366244411 0.0945184426229 0.29349850968679997 0.04841188524580001 0.251769746647 0.41796292846469996 0.09375 0.23591188524610002 0.03125
0.0689655172414 0.0 0.0 0.0689655172414 0.0344827586207 0.0 0.0 0.0344827586207 0.10344827586210001 0.1724137931034 0.0 0.0344827586207 0.0 0.0 0.0689655172414 0.10344827586210001 0.0 0.0689655172414 0.0344827586207 0.0 0.0689655172414 0.0689655172414 0.0344827586207 0.0344827586207
0.0 0.0 0.0 0.0 0.0 0.0 0.0 0.0 0.0 0.0 0.0 0.0 0.0 0.0 0.0 0.0 0.0 0.0 0.0 0.0 0.0 0.0 0.0 0.0
0.45642249748179997 0.14142642974759 0.03002654280029 0.08813192754799 0.13922681805888998 0.0340909090909 0.10273046769409999 0.7416439332492901 0.09302575634679 0.0857264862739 0.0113636363636 0.67710560593738 0.1227635233109 0.5412457912452 0.09978433974789999 0.45476357246409 0.27091167145887995 0.00729927007299 0.16684791958519002 0.05275381552759 0.0 0.31848288235219996 0.34556329720547 0.01866290643659
0.0441176470588 0.0441176470588 0.0 0.0294117647058 0.0294117647058 0.0441176470588 0.0294117647059 0.22058823529459998 0.0 0.0735294117647 0.0 0.0294117647058 0.0588235294117 0.0882352941176 0.0735294117647 0.0441176470588 0.0 0.0 0.0294117647058 0.0 0.0294117647059 0.0 0.0588235294117 0.0735294117648
0.6191722418998999 0.3134510691332 0.0666666666667 0.0247933884297 0.12994391971650002 0.1855076741437 0.307142857143 0.8272497704313 0.300595238095 0.23509445100340004 0.0 0.6491243604868 0.31544339498859997 1.0084087629560001 0.4205939262765 0.3493555686739 0.5340121999208001 0.0 0.37414075823230003 0.3978010625744 0.1202380952381 0.3530844155845 0.4413944641213 0.0267857142857
0.2441860465116 0.0697674418604 0.0 0.0 0.3832153690594 0.2002022244694 0.0 0.5313447927193 0.173913043478 0.1132457027299 0.104651162791 0.45348837209340004 0.0783619817997 0.0697674418604 0.104651162791 0.3225480283113 0.0348837209302 0.0348837209302 0.24418604651160003 0.40091001011210003 0.0 0.17441860465120002 0.19160768452959998 0.0697674418604
1.0277300383913 0.31435691401597005 0.0171673819742 0.22892616251921 0.78309803208687 0.304041317696 0.046459586660910004 0.9479511512381501 0.41630817565834 0.2228947687103 0.0171673819742 1.05732015737137 0.1723836178953 0.20320385202004002 0.74489113853635 1.9656785775139103 0.6653668194292099 0.08644926674342 0.56064642134957 0.5918276851425 0.11163562319247 0.40341151969858 0.93419634763782 0.17688806254637002
0.5368867713839001 0.015037593985 0.0 0.328593761632 0.20940966277079998 0.07444353457899999 0.0 0.4932628601207 0.0 0.0 0.0 0.5383756420748 0.029702970297 0.3725898905688 0.150003722177 0.44703342514680006 0.25415022705269996 0.0 0.3432591379438 0.0898533462369 0.0748157522519 0.4771086131168 0.4169582371768 0.148514851485
0.0 0.0 0.0 0.0 0.0 0.0 0.0 0.0 0.0 0.0 0.0 0.0 0.0 0.0 0.0 0.0 0.0 0.0 0.0 0.0 0.0 0.0 0.0 0.0
0.2691803278686 0.0491803278688 0.0491803278688 0.11639344262290001 0.1363934426229 0.02 0.0 0.2255737704917 0.0763934426228 0.02 0.0 0.2455737704916 0.0655737704918 0.0655737704917 0.13999999999999999 0.6803278688526 0.1147540983606 0.0 0.21639344262280003 0.0399999999999 0.059999999999899994 0.1675409836066 0.22196721311470002 0.02
0.050847457627 0.08474576271180001 0.0 0.0 0.0254237288135 0.01694915254234 0.00847457627117 0.12711864406761 0.05932203389824 0.00847457627117 0.0 0.05932203389817 0.0169491525423 0.08474576271197 0.05084745762697 0.1440677966105 0.00847457627117 0.00847457627117 0.0338983050846 0.0593220338985 0.02542372881347 0.0254237288135 0.0677966101694 0.0338983050847
0.0 0.0816326530612 0.0 0.0 0.12244897959180001 0.0408163265306 0.0 0.2040816326532 0.0408163265306 0.0816326530612 0.0 0.0408163265306 0.0 0.2857142857146 0.1632653061224 0.24489795918380003 0.0 0.0 0.0408163265306 0.204081632653 0.2040816326532 0.1632653061224 0.0408163265306 0.0408163265306
0.1690821256038 0.07246376811579999 0.0 0.096618357488 0.2173913043477 0.0 0.0483091787439 0.6521739130435 0.0241545893719 0.0241545893719 0.0 0.7971014492747999 0.0483091787439 0.9903381642497 0.1207729468599 0.3381642512074 0.24154589371989998 0.0 0.38647342995190004 0.0241545893719 0.0483091787439 0.1207729468599 0.5555555555559 0.0241545893719
0.8594460520868998 0.08357447981249999 0.0121951219512 0.060975609756 0.5671076202277 0.1635662119331 0.0243902439024 0.7690505718619001 0.0853658536585 0.0243902439024 0.0 0.6510265950120999 0.0469891139589 0.3741215378248 0.7080749621051 0.7844839465348 0.4889072619542 0.0 0.2991594322727 0.0695879840153 0.0939782279179 0.220959073997 0.5064765054429999 0.106173349869
0.0363636363636 0.0545454545454 0.0 0.0181818181818 0.0545454545454 0.0363636363636 0.0 0.18181818181840004 0.0727272727272 0.0 0.0 0.1636363636364 0.0909090909091 0.0545454545454 0.0 0.0727272727272 0.0 0.0181818181818 0.0545454545454 0.0 0.0 0.0363636363636 0.0363636363636 0.0181818181818
0.5938561783646 0.268723504474 0.100725388601 0.1965379180405 0.6349717381055 0.0757575757574 0.17402653477799998 1.0615740304597001 0.0775435704192 0.311515151515 0.102176165803 0.9001232532586001 0.0811155597424 0.3951970482031 0.2362027005807 1.8974360182143 0.4573732140044 0.0589393939394 0.5095399591776 0.391960276339 0.17938451876260003 0.512070183702 0.6296137541210001 0.1536363636362
0.0408163265306 0.0408163265306 0.0 0.0 0.061224489795900006 0.0 0.0 0.0816326530612 0.20408163265360002 0.061224489795900006 0.0 0.0204081632653 0.0816326530612 0.1020408163266 0.0 0.0408163265306 0.0 0.061224489795900006 0.0 0.0204081632653 0.1020408163265 0.061224489795900006 0.0 0.0204081632653
0.0 0.0 0.0 0.0 0.0 0.0 0.0 0.0 0.0 0.0 0.0 0.0 0.0 0.0 0.0 0.0 0.0 0.0 0.0 0.0 0.0 0.0 0.0 0.0
0.0439560439561 0.010989010989 0.0 0.021978021978 0.021978021978 0.032967032967 0.021978021978 0.1318681318681 0.010989010989 0.0 0.0 0.07692307692309999 0.0 0.054945054945 0.032967032967 0.1868131868136 0.032967032967 0.0 0.032967032967 0.021978021978 0.010989010989 0.1428571428571 0.0989010989012 0.010989010989
0.429413950033 0.2065902426725 0.054054054054 0.020618556701 0.3977497379563 0.044428080510500005 0.0103092783505 0.271636879884 0.07786357786350001 0.1795366795365 0.0 0.45567806392500004 0.32882882882849995 0.23569372022950003 0.122974963181 0.5708514110577 0.3018814101285 0.0 0.2015218458516 0.0984821345645 0.17247144051250002 0.16028473244969998 0.4326049171408 0.2265254945665
0.25 0.25 0.0 0.0 0.1 0.15000000000000002 0.0 0.35 0.0 0.3 0.0 0.4 0.0 0.15000000000000002 0.15000000000000002 0.3 0.05 0.1 0.0 0.05 0.05 0.55 0.7000000000000001 0.1
0.0 0.0 0.0 0.0 0.0 0.0 0.0 0.0 0.0 0.0 0.0 0.0 0.0 0.0 0.0 0.0 0.0 0.0 0.0 0.0 0.0 0.0 0.0 0.0
0.1766381766381 0.04344729344736 0.017094017094 0.051994301994360004 0.15170940170935998 0.03490028490026 0.0370370370371 0.22079772079785998 0.0 0.15598290598277997 0.0 0.11609686609681999 0.02635327635326 0.04273504273499999 0.13746438746436 0.18589743589752 0.15527065527056 0.0 0.13675213675216 0.00925925925926 0.008547008547 0.09686609686612 0.15954415954436 0.03561253561252
0.0185185185185 0.0925925925925 0.0 0.0185185185185 0.0185185185185 0.0 0.0 0.074074074074 0.14814814814820002 0.037037037037 0.0 0.037037037037 0.1296296296297 0.09259259259250001 0.0185185185185 0.0555555555555 0.037037037037 0.0185185185185 0.0555555555555 0.0185185185185 0.037037037037 0.0 0.09259259259250001 0.0
0.151322751323 0.2455026455028 0.0 0.0571428571428 0.0 0.342857142857 0.0 0.3280423280421 0.20846560846540002 0.19682539682529998 0.0285714285714 0.1597883597882 0.0 0.14285714285700002 0.0857142857142 0.3026455026453 0.0 0.1396825396824 0.0941798941798 0.0 0.074074074074 0.12275132275120001 0.2624338624341 0.0571428571428
0.0 0.0 0.0 0.0 0.0 0.0 0.0 0.0 0.0 0.0 0.0 0.0 0.0 0.0 0.0 0.0 0.0 0.0 0.0 0.0 0.0 0.0 0.0 0.0
0.6099043062199 0.20499999999989998 0.052982456140399994 0.1955128205131 0.5006747638329 0.3525033738191 0.2395104895103 0.7851533554158 0.1078205128205 0.21997300944660003 0.0 0.7703085510989001 0.20660839160820002 0.5256931664824 0.1911538461537 0.9407422402169 0.2955465587046 0.052982456140399994 0.4556864188441 0.0821794871794 0.0 0.39420623236390007 0.6904030180355001 0.1254545454545
0.0 0.1921921921921 0.0 0.138138138138 0.135135135135 0.0277777777778 0.0277777777778 0.1659159159159 0.21771771771760004 0.08108108108100001 0.0 0.21846846846829998 0.0555555555555 0.1366366366365 0.0 0.1629129129129 0.0 0.054054054054 0.0277777777778 0.0 0.1096096096095 0.0277777777778 0.1103603603603 0.111111111111
0.2482466063349 0.2595588235294 0.0678733031674 0.0576923076923 0.24338235294160002 0.0951923076923 0.1347850678733 0.9671380090497002 0.3345588235295 0.17437782805430002 0.0 0.7053167420815 0.37302036199090005 0.6041289592767 0.2707013574666 0.2889705882353 0.2686085972851 0.0294117647059 0.28478506787330005 0.540441176471 0.0 0.4397624434391 0.5339932126696001 0.0780542986426
0.2333333333333 0.0 0.0333333333333 0.0 0.0 0.0 0.0 0.1333333333333 0.0333333333333 0.0 0.0 0.1333333333333 0.0666666666667 0.0333333333333 0.0 0.1333333333333 0.0666666666666 0.0 0.0 0.0666666666667 0.0 0.0333333333333 0.0333333333333 0.0
0.91278244443965 0.41411087020360005 0.06513632601185 0.16322121082965002 1.12221747656085 0.2672765325066 0.0234741784037 1.17357112916055 0.16666662741299998 0.24088156047064999 0.0 0.83331585877205 0.15553883095 0.3212184466229 0.5267023526362 1.6206971736059996 0.45758229662965 0.0710447423497 0.5504073460904501 0.3333332548264 0.14847865820865 0.5501938093341 0.81110413162505 0.0710447423497
0.5267857142863 0.1092261904762 0.0 0.494688644688 0.4109661172165 0.0340659340659 0.0186813186813 0.5272206959712 0.0 0.0938415750916 0.021978021978 0.8041208791204001 0.0630723443223 0.38788919413990003 0.18328754578780002 0.7755494505501 0.4579899267398 0.0520833333333 0.6461080586086 0.0659340659341 0.0674679487179 0.6592948717956 0.5920558608067 0.0076923076923
0.0333333333333 0.0 0.0 0.0 0.16666666666660002 0.0333333333333 0.0 0.1333333333332 0.0999999999999 0.0 0.0 0.0 0.0333333333333 0.0333333333333 0.0 0.16666666666629998 0.0333333333333 0.0 0.0 0.0 0.1 0.0333333333333 0.133333333333 0.0
0.11521739130440001 0.08840579710150001 0.0 0.0434782608696 0.1528985507247 0.0 0.0 0.2137681159421 0.0166666666667 0.027536231884100003 0.0 0.158695652174 0.0166666666667 0.1818840579714 0.1318840579711 0.0826086956522 0.2260869565218 0.0 0.0876811594203 0.0442028985507 0.027536231884100003 0.1927536231885 0.12028985507250001 0.0717391304348
0.0934579439253 0.11214953271030001 0.0 0.0 0.0373831775701 0.14953271028 0.0 0.2616822429908 0.18691588785 0.07476635514010001 0.0 0.09345794392510001 0.0747663551402 0.1682242990651 0.1308411214954 0.16822429906550002 0.0 0.0 0.03738317757 0.0934579439253 0.0560747663551 0.0747663551401 0.1308411214953 0.0560747663551
0.0833333333334 0.0416666666667 0.0 0.0 0.25 0.0 0.0 0.4166666666666 0.0416666666667 0.0 0.0 0.1666666666667 0.0 0.1250000000001 0.0416666666667 0.2083333333335 0.0416666666667 0.0 0.0 0.0833333333333 0.0833333333333 0.0 0.33333333333369997 0.0833333333334
0.0916017316017 0.0652813852813 0.0133333333333 0.1056277056277 0.11792207792189999 0.0 0.038961038961 0.1828571428571 0.012987012987 0.012987012987 0.0 0.3793939393936 0.0393073593073 0.2751515151514 0.025974025974 0.39549783549820006 0.30147186147189997 0.012987012987 0.31376623376609997 0.0652813852814 0.1179220779221 0.1316017316017 0.3000865800864 0.0
0.5852608207682101 0.3240691943589 0.0113636363636 0.032404967549809996 0.27157322012391 0.31439149953621 0.0454545454546 0.75123822768761 0.1205106621773 0.2212401795733 0.0 0.62048138388732 0.1708754208754 0.1963938905965 0.21771336553941 0.5818816181132099 0.20369394427352 0.0 0.15767091201841998 0.02104133118621 0.0350729517396 0.43671131605891 0.61979700385411 0.06115990826130999
0.0 0.0 0.0 0.0 0.0 0.0 0.0 0.0 0.0 0.0 0.0 0.0 0.0 0.0 0.0 0.0 0.0 0.0 0.0 0.0 0.0 0.0 0.0 0.0
0.8005878992105699 0.10603720083799 0.0 0.26385509025099 0.6455090998039801 0.06617009120339 0.0692788743404 0.64161549673966 0.0398671096346 0.06617009120339 0.0398671096345 0.8641452433444899 0.1794019933555 0.36026222072348 0.3607028650592 0.7064642773120801 0.53066710316249 0.0199335548173 0.5616889623575899 0.20570497492459 0.04852004496069 0.33556933364348995 0.92851292494549 0.1594684385382
0.067415730337 0.0224719101123 0.0 0.0112359550562 0.0224719101123 0.044943820224700004 0.0 0.1348314606742 0.0 0.0224719101124 0.0 0.14606741573049997 0.0 0.08988764044959999 0.056179775281 0.1123595505618 0.0337078651685 0.0 0.0337078651685 0.0449438202248 0.0112359550562 0.0449438202246 0.1011235955056 0.0
0.0 0.0 0.0 0.0 0.0 0.0 0.0 0.0 0.0 0.0 0.0 0.0 0.0 0.0 0.0 0.0 0.0 0.0 0.0 0.0 0.0 0.0 0.0 0.0
0.179487179487 0.0897435897436 0.0 0.0641025641026 0.07692307692300002 0.0128205128205 0.025641025641 0.1794871794874 0.0128205128205 0.025641025641 0.0 0.217948717949 0.025641025641 0.051282051282 0.0897435897435 0.24358974358970004 0.0897435897436 0.0 0.11538461538450001 0.0512820512821 0.0 0.20512820512860003 0.20512820512820001 0.0384615384615
0.54875395342 0.010752688172 0.0 0.0774022652034 0.5149578217419999 0.0958590711506 0.04560176188620001 0.6191171607299001 0.1644718408516 0.0947043989911 0.0907459625736 0.5681202407759 0.0 0.2822938495451 0.4939051348332 0.8390328163949 0.1917181423014 0.0 0.1652431180083 0.06885757583970001 0.0714485850377 0.1870625949231 0.7159870588011 0.1539639588183
0.1553398058251 0.0776699029125 0.0 0.0388349514562 0.09708737864059999 0.0776699029125 0.0 0.1941747572814 0.0 0.135922330098 0.0 0.3300970873786 0.0 0.0776699029125 0.0776699029125 0.0582524271843 0.0194174757281 0.0388349514563 0.0582524271844 0.0388349514563 0.0 0.1359223300971 0.3300970873787 0.0582524271844
0.0 0.0 0.0833333333333 0.0 0.0833333333333 0.0 0.333333333334 0.0833333333333 0.0 0.0 0.0 0.1666666666666 0.0 0.25 0.0 0.0 0.0 0.0 0.0 0.0 0.0 0.0 0.0 0.0
0.5600466967095 0.4519027474663 0.0 0.2072982438522 0.7009088284397 0.2930469603204 0.0420458682198 0.7508997724345 0.3106389236085 0.3031394750397 0.0 0.3817707091121 0.27416115386080003 0.3984902473094 0.29602199264390006 0.9917671046422001 0.07652862684049999 0.0 0.4489716502191 0.09881626351 0.10091887074290001 0.3859346784045 0.8325069354661 0.094184251158
0.0 0.0 0.0 0.0 0.0 0.0 0.0 0.0 0.0 0.0 0.0 0.0 0.0 0.0 0.0 0.0 0.0 0.0 0.0 0.0 0.0 0.0 0.0 0.0
0.17561807331669999 0.0144927536232 0.0144927536232 0.0869565217391 0.0 0.1884057971013 0.0 0.159420289855 0.0588235294118 0.0434782608695 0.0 0.2054560954818 0.0 0.24978687127 0.0434782608695 0.30690537084360003 0.0144927536232 0.073316283035 0.073316283035 0.0144927536232 0.0878090366582 0.0579710144928 0.1023017902813 0.0289855072463
0.0 0.0 0.0 0.0 0.0 0.0 0.0 0.0 0.0 0.0 0.0 0.0 0.0 0.0 0.0 0.0 0.0 0.0 0.0 0.0 0.0 0.0 0.0 0.0
0.6255783689998999 0.6964888181997001 0.0238095238095 0.3512808463464 0.4569657316366 0.056891025641 0.076923076923 1.0291413630233999 0.13267543859640002 0.13038003663 0.0 0.9792028147287001 0.41804029304 0.7111769809138999 0.2768459610567 0.8208562271056 0.3812415654527 0.0550595238095 0.2993421052629 0.1808367071525 0.1842105263156 0.7443970503184001 1.2180149893958 0.15064102564100001
0.19354838709709998 0.0 0.0 0.7715053763451 0.2150537634408 0.1720430107531 0.0430107526881 0.365053763441 0.19301075268819998 0.3 0.0 0.1290322580644 0.0860215053764 0.5575268817203 0.4505376344091 0.3220430107528 0.0430107526881 0.0 0.19301075268819998 0.322043010753 0.15 0.0860215053763 0.3645161290322 0.0430107526881
0.0694444444445 0.2379605918338 0.0 0.0138888888889 0.1049935979513 0.1188824868402 0.0138888888889 0.34976525821580007 0.1406494522692 0.104797979798 0.0140845070422 0.1255868544599 0.18133802816900002 0.3076006544313 0.0281690140844 0.0978090766823 0.0138888888889 0.0422535211266 0.2159090909093 0.2108763693277 0.0702269170579 0.104797979798 0.32090268886019996 0.11228482003130001
0.1694915254237 0.0555555555556 0.0 0.0 0.3267419962336 0.0 0.0 0.1789077212805 0.3022598870057 0.0555555555556 0.101694915254 0.2711864406785 0.123352165725 0.0 0.2683615819206 0.4406779661015 0.0 0.0338983050847 0.2250470809793 0.0338983050847 0.0 0.0677966101695 0.1789077212807 0.16666666666660002
0.6179054634704 0.28064431731909995 0.0 0.2989319712104 0.4814908577842 0.1189097432248 0.0581407293271 0.9841302978284998 0.30342713261480003 0.22534394828870002 0.0267857142857 0.9866408544788999 0.1431521674672 0.24977774527920002 0.9915865086092001 1.9457192316329 0.541115718451 0.09466731898229999 0.7804593818005001 0.3978251200853 0.0981251998992 0.6401861685496 0.7107919851688 0.0242424242424
0.1259968102072 0.07208931419450001 0.0 0.0526315789473 0.1598086124404 0.0175438596491 0.0181818181818 0.1422647527911 0.0 0.0357256778309 0.0 0.23253588516740004 0.0720893141945 0.21626794258370002 0.05390749601270001 0.2488038277511 0.0902711323763 0.0 0.21180223285500002 0.053269537480000004 0.0 0.12535885167469998 0.0714513556618 0.0
0.285714285714 0.0 0.0 0.0 0.0 0.0 0.0 0.0 0.0 0.0 0.0 0.285714285714 0.0 0.0 0.0 0.0 0.0 0.142857142857 0.142857142857 0.0 0.0 0.142857142857 0.0 0.0
0.31764705882309996 0.0 0.0 0.247058823529 0.10588235294100001 0.0 0.0 0.42352941176410003 0.0 0.0 0.0 0.141176470588 0.0 0.10588235294100001 0.10588235294109999 0.3882352941171 0.49411764705899996 0.0 0.176470588235 0.0705882352941 0.0 0.17647058823509998 0.2470588235291 0.0
0.0 0.0 0.0 0.0 0.0 0.0 0.0 0.0 0.0 0.0 0.0 0.0 0.0 0.0 0.0 0.0 0.0 0.0 0.0 0.0 0.0 0.0 0.0 0.0
0.0172413793103 0.0862068965518 0.0 0.0 0.0517241379309 0.0 0.0172413793103 0.1551724137929 0.051724137931 0.0172413793103 0.0 0.0517241379309 0.0172413793103 0.0862068965518 0.0344827586207 0.0517241379309 0.0 0.0172413793103 0.051724137931 0.051724137931 0.0344827586206 0.0862068965518 0.08620689655159999 0.0344827586207
0.5798913043478 0.0521739130435 0.0 0.043478260869500004 0.0260869565217 0.0 0.0086956521739 0.2483695652174 0.0173913043478 0.0086956521739 0.0 1.076630434784 0.1875 0.113043478261 0.3836956521739 0.0782608695651 0.1043478260872 0.0 0.095652173913 0.1875 0.0521739130435 0.4358695652174 0.1043478260868 0.1961956521739
1.0531468531476 0.0923076923076 0.0 0.2181818181818 1.1160839160842 0.2727272727266 0.0 0.8055944055936 0.041958041958 0.0923076923076 0.0 1.1244755244756 0.062937062937 0.24335664335600002 0.5370629370636 0.6671328671323999 0.4279720279718 0.0 0.5622377622376 0.041958041958 0.041958041958 0.2601398601396 1.1538461538442 0.1846153846148
0.0 0.0 0.0 0.0 0.0 0.0 0.0 0.0 0.0 0.0 0.0 0.0 0.0 0.0 0.0 0.0 0.0 0.0 0.0 0.0 0.0 0.0 0.0 0.0
0.39021894823069997 0.0718232044198 0.0 0.02762430939225 0.13484755473695 0.01657458563535 0.0165745856353 0.13812154696110002 0.0110497237569 0.02209944751375 0.0 0.1254348270922 0.0165745856353 0.0978105176998 0.0552486187845 0.29957028852024997 0.1016983834662 0.0 0.03867403314915 0.059136484550800006 0.0110497237569 0.13484755473690002 0.1514221403723 0.07959893595245
0.0 0.0 0.0 0.0 0.0 0.0 0.0 0.0 0.0 0.0 0.0 0.0 0.0 0.0 0.0 0.0 0.0 0.0 0.0 0.0 0.0 0.0 0.0 0.0
0.0 0.0 0.0 0.0 0.0 0.0 0.0 0.0 0.545454545455 0.0 0.0 0.0 0.0 0.0 0.0 0.0 0.0 0.0 0.090909090909 0.0 0.0 0.0 0.363636363636 0.0
0.3548387096783 0.161290322581 0.0 0.322580645162 0.22580645161329999 0.25806451613 0.0322580645161 0.4516129032264001 0.0 0.0322580645161 0.0 0.5806451612907001 0.0 0.2258064516127 0.0967741935483 0.3225806451622 0.0967741935483 0.0 0.1612903225805 0.0645161290322 0.0322580645161 0.2903225806454 0.29032258064540006 0.0
0.322580645162 0.061669829221899994 0.0 0.09392789373799999 0.4724857685015 0.0 0.0322580645161 0.37855787476239994 0.1470588235291 0.0588235294116 0.0322580645161 0.4487666034162 0.0 0.0967741935483 0.3026565464903 0.6631878557879 0.1290322580644 0.0 0.1290322580644 0.15559772296 0.061669829221899994 0.12333965844389999 0.2580645161292 0.0322580645161
0.0 0.0 0.0 0.0 0.0 0.0 0.0 0.0 0.0 0.0 0.0 0.0 0.0 0.0 0.0 0.0 0.0 0.0 0.0 0.0 0.0 0.0 0.0 0.0
0.0 0.0 0.0 0.0 0.0 0.0 0.0 0.0 0.0 0.0 0.0 0.0 0.0 0.0 0.0 0.0 0.0 0.0 0.0 0.0 0.0 0.0 0.0 0.0
0.663540119818 0.30845127641962 0.00884955752212 0.0815289022782 0.21061037923912002 0.1832898476653 0.0663627152988 1.01774811951232 0.23695283111301998 0.18120074239444 0.0 0.77877265606322 0.10408765276012 0.26461252925193995 0.28856180081652 0.54393026339642 0.47039805540382 0.0 0.2158125821828 0.15302734758429998 0.05646860514112 0.33708565331561996 0.36996888757359997 0.45873947524750003
0.0 0.0 0.0 0.0 0.0 0.0 0.0 0.0 0.0 0.0 0.0 0.0 0.0 0.0 0.0 0.0 0.0 0.0 0.0 0.0 0.0 0.0 0.0 0.0
0.0769230769231 0.18131868131849999 0.0 0.0192307692307 0.0 0.134615384616 0.0 0.2774725274727 0.0384615384614 0.7252747252741001 0.0 0.057692307692200004 0.0 0.0 0.142857142857 0.11538461538460001 0.0192307692307 0.0 0.0192307692307 0.0576923076922 0.0 0.0576923076922 0.0576923076922 0.0192307692307
0.0 0.0 0.0 0.0 0.0 0.0 0.0 0.0 0.0 0.0 0.0 0.0 0.0 0.0 0.0 0.0 0.0 0.0 0.0 0.0 0.0 0.0 0.0 0.0
0.0185185185185 0.0 0.0 0.037037037037 0.1296296296295 0.0 0.0 0.2037037037037 0.0 0.0185185185185 0.0185185185185 0.037037037037 0.0185185185185 0.0 0.0185185185185 0.24074074074090002 0.037037037037 0.0 0.0925925925927 0.0555555555555 0.0 0.0185185185185 0.0555555555555 0.0
0.0533333333334 0.1066666666667 0.0 0.086956521739 0.086956521739 0.0968115942028 0.0 0.3733333333337 0.35768115942129997 0.08 0.0 0.1866666666667 0.33391304347819994 0.246956521739 0.1669565217391 0.21333333333370003 0.0533333333333 0.0434782608695 0.0266666666667 0.0266666666667 0.0701449275362 0.08 0.2133333333337 0.0968115942028
0.10442073170720001 0.03125 0.0121951219512 0.0 0.0121951219512 0.0243902439024 0.0121951219512 0.28353658536579995 0.0487804878048 0.09222560975609999 0.0 0.18597560975599997 0.14786585365889998 0.37347560975599997 0.0121951219512 0.1425304878048 0.0243902439024 0.0 0.0800304878048 0.0243902439024 0.0 0.0975609756098 0.1913109756097 0.0990853658536
0.0322580645161 0.0 0.0 0.0 0.1290322580644 0.0322580645161 0.0 0.1935483870966 0.0 0.0322580645161 0.0322580645161 0.0322580645161 0.0645161290322 0.0322580645161 0.0 0.2903225806462 0.0322580645161 0.0 0.0967741935483 0.0 0.0 0.0 0.0 0.0
0.3434576023391 0.1818713450292 0.0 0.1307602339181 0.5460964912280001 0.048538011695899996 0.02 0.451505847953 0.0263157894737 0.0726315789474 0.0 0.6405336257317 0.0948538011695 0.32350877192960004 0.1573538011695 0.7129532163739 0.2517178362572 0.0 0.4731871345029 0.309846491228 0.048538011695899996 0.4277631578946 0.7385672514621 0.0
0.1438152011924 0.10730253353210001 0.0 0.0227272727273 0.1046944858421 0.0163934426229 0.0454545454545 0.1438152011922 0.0163934426229 0.0 0.0227272727273 0.23099850968700003 0.0163934426229 0.2283904619971 0.0163934426229 0.1728763040237 0.1173621460505 0.0 0.1855439642324 0.0819672131148 0.0227272727273 0.1829359165425 0.08830104321900001 0.0327868852459
0.0 0.0 0.0 0.0 0.0 0.0 0.0 0.0 0.0 0.0 0.0 0.0 0.0 0.0 0.0 0.0 0.0 0.0 0.0 0.0 0.0 0.0 0.0 0.0
0.1418886198547 0.0481840193704 0.0444444444444 0.2799838579503 0.4334409470007 0.0444444444444 0.0 0.28786655905290004 0.0222222222222 0.0222222222222 0.0508474576271 0.33344094699980004 0.0809523809524 0.1253968253967 0.0767554479418 0.4508474576274 0.14342211460840001 0.0 0.5509550712934 0.0391713747646 0.0169491525424 0.2058918482647 0.34670433144999996 0.2539682539685
0.0483870967742 0.0322580645161 0.0 0.0 0.0 0.0161290322581 0.0 0.1290322580646 0.0645161290322 0.1129032258066 0.0 0.0322580645162 0.1129032258066 0.0967741935485 0.0 0.0967741935484 0.0322580645162 0.0 0.0322580645161 0.0483870967742 0.0483870967742 0.048387096774300004 0.048387096774300004 0.0
0.07894736842109999 0.0 0.0 0.0 0.0 0.0 0.0 0.1315789473684 0.0526315789474 0.07894736842109999 0.0 0.1052631578948 0.078947368421 0.0263157894737 0.0 0.07894736842109999 0.0526315789474 0.0263157894737 0.0263157894737 0.0263157894737 0.07894736842109999 0.0 0.1578947368427 0.0
0.0375 0.11249999999989999 0.0 0.0 0.0375 0.0 0.1875 0.1499999999999 0.0 0.0 0.0375 0.7500000000009 0.0375 0.45000000000099993 0.0 0.2999999999998 0.1499999999999 0.0 0.33749999999979996 0.0 0.0749999999999 0.0 0.3374999999999 0.0
0.7865718929944 0.47665647298799996 0.0 0.0222222222222 0.3833374659057 0.156982670744 0.137614678899 0.8912968013878001 0.1221478359092 0.0 0.0680937818552 0.7593905832431 0.1347604485219 0.8400969777110999 0.045871559633 0.871559633029 0.137614678899 0.0 0.359688128495 0.229357798165 0.054054054054 0.3891946992862 0.9268810094499 0.2066066066064
0.24390243902470002 0.19512195122 0.0 0.0 0.0 0.0 0.0 0.2926829268297 0.19512195122 0.0 0.0 0.0975609756098 0.146341463415 0.1463414634146 0.0975609756097 0.0487804878049 0.0975609756097 0.0487804878049 0.0975609756097 0.0975609756097 0.0 0.0 0.0975609756098 0.0975609756097
