0.34042632759844005 0.042370979805439996 0.0 0.0418848167539 0.36331338818254 0.02094240837694 0.0 0.2808900523558 0.036649214659680004 0.04809274495134 0.0 0.37183994016399996 0.02666417352274 0.13283470456228 0.40093492894574 0.54899027673888 0.26664173522789997 0.0 0.37950635751724004 0.0799925205683 0.0533283470456 0.18664921465978 0.35186985789058 0.0261780104712
0.047058823529300006 0.047058823529300006 0.0 0.0235294117647 0.0117647058823 0.0117647058823 0.0235294117647 0.1411764705881 0.035294117647 0.0117647058823 0.0 0.05882352941170001 0.035294117647 0.0117647058823 0.0117647058823 0.07058823529410001 0.15294117647060002 0.0235294117647 0.0 0.0470588235295 0.0117647058823 0.047058823529300006 0.16470588235289998 0.0117647058823
0.0 0.0 0.0 0.0 0.0 0.0 0.0 0.0 0.0 0.0 0.0 0.0 0.0 0.0 0.0 0.0 0.0 0.0 0.0 0.0 0.0 0.0 0.0 0.0
0.09917355371881 0.0247933884297 0.00826446280991 0.0578512396696 0.03305785123961 0.00826446280991 0.00826446280991 0.12396694214870999 0.0 0.0 0.0 0.13223140495882002 0.04958677685951 0.0 0.0165289256198 0.15702479338851 0.08264462809920001 0.0 0.05785123966943 0.0165289256198 0.0165289256198 0.0247933884297 0.07438016528931 0.00826446280991
0.7639682024673 0.1649253731343 0.0108695652174 0.0733290071383 0.6592066839719 0.1233695652174 0.0375 0.5732478909799 0.111664503569 0.0326086956522 0.0 0.1909717715771 0.040720311486 0.0483695652174 0.1298101881895 1.1558160285544998 0.2374188838416 0.0 0.32053049967549996 0.0326086956521 0.0524253731343 0.0524253731343 0.18821382219340002 0.0
0.16252338946820002 0.10371558406840001 0.0114942528735 0.0 0.0462443197006 0.0930232558139 0.0 0.23095429029680004 0.0348837209302 0.2186581128044 0.0114942528735 0.1741512964447 0.104250200481 0.0692328254476 0.24244854317 0.115343491045 0.0462443197005 0.0344827586206 0.08099438652759999 0.0231221598502 0.0 0.09302325581420001 0.0807270783213 0.0229885057471
0.1 0.0 0.0 0.0 0.0 0.0 0.0 0.0 0.0 0.0 0.0 0.0 0.0 0.2 0.0 0.05 0.1 0.0 0.0 0.0 0.0 0.05 0.5 0.0
0.9034667007267001 0.42692984336780004 0.0808314972698 0.2517482517486 0.26467231398729996 0.2311688311686 0.0 1.4148639792475999 0.457431457431 0.111111111111 0.0 0.9693959009033 0.4828085156847 0.1912309912308 0.5088774239459 1.1137884946098 0.1178438000355 0.049350649350600004 0.3955031270104 0.4058386058384 0.097902097902 0.1075171403938 0.2800569293718 0.13766233766230002
0.0 0.0243902439024 0.0 0.0487804878048 0.0243902439024 0.0 0.0 0.121951219512 0.3414634146344 0.0487804878048 0.0 0.0 0.0243902439024 0.0 0.0 0.12195121951200001 0.0243902439024 0.0487804878048 0.0 0.0243902439024 0.1463414634146 0.0 0.0 0.0
0.28985507246270004 0.2898550724637 0.0579710144927 0.0 0.0579710144927 0.4057971014497 0.0 0.6376811594201001 0.507246376811 0.333333333333 0.0 0.289855072463 0.0 0.23188405797040001 0.0 0.2898550724627 0.0 0.333333333333 0.0579710144927 0.115942028985 0.0579710144927 0.2898550724637 0.6376811594197 0.115942028985
0.0 0.0 0.0 0.0 0.0 0.0 0.0 0.0 0.0 0.0 0.0 0.0 0.0 0.0 0.0 0.0 0.0 0.0 0.0 0.0 0.0 0.0 0.0 0.0
0.4605440864364 0.0684931506849 0.013698630137 0.0281690140845 0.23596372757099998 0.40806482732000005 0.0 0.25197761913940003 0.0273972602739 0.013698630137 0.0 0.2801466332239 0.18271271464400002 0.0555662743584 0.0837352884429 0.3463245224772 0.1103607949064 0.0 0.0692649044955 0.1119043025274 0.0 0.056338028169 0.1674705768859 0.0281690140845
0.5431711145993999 0.1562009419152 0.0204081632653 0.058869701726800006 0.076923076923 0.0204081632653 0.0 0.30141287284150003 0.1923076923076 0.1923076923077 0.0 0.29199372056510003 0.0792778649921 0.1946624803767 0.1742543171118 0.45054945054920004 0.11538461538450001 0.2307692307696 0.1766091051804 0.2150706436421 0.17425431711140002 0.21507064364200001 0.12009419152270001 0.0
0.2 0.04 0.0 0.0 0.2 0.04 0.04 0.32 0.08 0.04 0.0 0.28 0.08 0.04 0.0 0.16 0.04 0.0 0.04 0.12 0.0 0.12 0.08 0.08
0.0 0.0 0.0 0.0 0.0 0.0 0.0 0.111111111111 0.444444444444 0.0 0.0 0.0 0.111111111111 0.555555555556 0.333333333333 0.111111111111 0.0 0.111111111111 0.222222222222 0.0 0.0 0.0 0.0 0.0
1.293879037714 0.35599077949143 0.1306329113923 0.2236817306942 0.31022094510091996 0.08 0.0 0.9092099773064701 0.15581980878471 0.019801980198 0.0 0.7695083119817498 0.0309278350515 0.09271293761235999 0.24432155240842002 2.23823175225002 0.26463379601674 0.00990099009901 0.27344275286174 0.31638681909531996 0.06896413868182999 0.08960396039601 0.7893444777070301 0.3327835051545
0.4296296296298 0.1277777777778 0.0 0.0888888888888 0.10185185185180001 0.0 0.037037037037 0.2796296296295 0.09259259259250001 0.0 0.037037037037 0.2555555555554 0.0166666666667 0.0351851851852 0.07222222222220001 0.5240740740744998 0.3000000000001 0.0166666666667 0.1981481481481 0.053703703703700006 0.0166666666667 0.13888888888880002 0.17777777777769999 0.0
0.0 0.0 0.0 0.0 0.0 0.0 0.0 0.0 0.0 0.0 0.0 0.0 0.0 0.0 0.0 0.0 0.0 0.0 0.0 0.0 0.0 0.0 0.0 0.0
1.2319011418326 0.11212121212119999 0.0 0.0 0.35173537264160004 0.2 0.0 0.4237522059831 0.0454545454545 0.0 0.0227272727273 0.504617856012 0.198539903766 0.1667496266799 0.0 0.4367965367966 0.3537037875021001 0.0 0.2611317254178 0.0 0.1537414965983 0.2473754468528 0.28965186961690004 0.0
0.0131578947368 0.0394736842105 0.0 0.0 0.0394736842105 0.0 0.0 0.0263157894736 0.0131578947368 0.0131578947368 0.0263157894736 0.09210526315779999 0.06578947368419999 0.13157894736859999 0.0526315789474 0.17105263157919998 0.0131578947368 0.0131578947368 0.0 0.0921052631582 0.0394736842104 0.0263157894736 0.1184210526314 0.0131578947368
0.0909090909091 0.0 0.0 0.0 0.0 0.0627705627705 0.0 0.2532467532466 0.1060606060606 0.0151515151515 0.0 0.0757575757575 0.09307359307350001 0.3268398268401 0.0 0.060606060606 0.1428571428571 0.060606060606 0.077922077922 0.10822510822510001 0.1363636363636 0.121212121212 0.2207792207792 0.047619047619
0.20731707317130002 0.036585365853600005 0.0121951219512 0.0121951219512 0.0243902439024 0.0 0.0 0.23059866962300002 0.1274944567627 0.0 0.0 0.1341463414633 0.2849223946783 0.036585365853600005 0.0 0.2671840354764 0.0487804878048 0.0 0.0731707317073 0.0 0.1031042128603 0.0243902439024 0.2860310421286 0.0909090909091
0.5098715481466 0.133077511651 0.0 0.22607178464670002 0.1459632729716 0.1774965800279 0.0294117647059 0.3926244522244 0.040204966495899996 0.15648403626340002 0.0 0.19456746040939998 0.0549108488488 0.1245275800504 0.1288634097707 0.5392833128530001 0.0316550348953 0.0 0.1668251060771 0.1245275800504 0.08880915393349999 0.3309837928079 0.3658791068654 0.0379616963064
0.294117647059 0.22058823529369997 0.0 0.0 0.0 0.0 0.0 1.029411764705 0.0 0.0 0.0 0.8823529411764001 0.367647058824 0.2941176470587 0.0 0.5147058823516999 0.0 0.147058823529 0.0735294117647 0.588235294117 0.294117647059 0.147058823529 0.0735294117647 0.0735294117647
0.7983824216932001 0.1086208508648 0.0737634408602 0.0599999999999 0.5175128564752 0.16 0.0800000000001 0.6630294530152 0.127526881721 0.0599999999999 0.02 0.42476858345060003 0.12000000000000001 0.2510051425898 2.1602057035930002 1.3705750350647 0.5112014960271 0.0 0.35229546517160004 0.1137634408601 0.0 0.1744086021505 0.7129406264618 0.13999999999999999
0.0 0.0 0.0 0.0 0.0 0.0 0.0 0.0 0.0 0.0 0.0 0.0 0.0 0.0 0.0 0.0 0.0 0.0 0.0 0.0 0.0 0.0 0.0 0.0
0.0 0.0 0.0 0.0 0.0 0.0 0.0 0.0 0.0 0.0 0.0 0.0 0.0 0.0 0.0 0.0 0.0 0.0 0.0 0.0 0.0 0.0 0.0 0.0
0.2203389830509 0.0338983050847 0.0 0.2372881355934 0.1864406779661 0.0 0.0169491525424 0.32203389830580004 0.0 0.0 0.0 0.135593220339 0.0169491525424 0.1186440677966 0.0169491525424 0.23728813559349998 0.1016949152542 0.0 0.152542372882 0.0 0.0169491525424 0.0169491525424 0.1694915254237 0.0
0.9277924169226 0.1673327477673 0.08333333333330001 0.0798418972331 0.7439540330852001 0.24154589372 0.0 0.9217537695801999 0.0652173913042 0.2669082125603 0.0727272727272 0.7112135851268999 0.1889328063245 0.24114331723000001 0.704238032499 1.1969696969703 0.634438588787 0.0326086956521 0.289042599912 0.2870297174644 0.19847020933960002 0.2924022837068 0.6096252378859 0.0434782608695
0.4285714285707 0.0295566502462 0.0 0.044334975369300006 0.0738916256156 0.08866995073879999 0.0 0.1921182266007 0.0295566502462 0.0 0.0 0.1773399014776 0.0443349753694 0.1921182266007 1.152709359605 0.14778325123140001 0.0295566502462 0.0147783251231 0.044334975369300006 0.0 0.0147783251231 0.162561576355 0.1034482758619 0.0295566502462
0.0714285714285 0.0 0.0714285714285 0.0 0.0 0.0714285714285 0.0 0.0714285714285 0.0 0.0 0.0 0.0 0.0 0.0 0.0 0.0 0.0 0.0 0.0 0.0 0.0 0.0714285714285 0.642857142858 0.0
0.90628689492322 0.28637839433256 0.0330578512397 0.12699232585596001 0.1389462809918 0.3841499409684 0.0 0.65495867768646 0.04198642266826 0.132231404959 0.025974025974 0.2612898465171 0.14115997638726 0.33227567886666 0.73420897284526 0.53106552538426 0.13592089728460002 0.0661157024794 0.159681227863 0.1237455726092 0.021915584415559998 0.1746605667062 0.5182260920899799 0.068772136954
0.1849624060149 0.0315789473684 0.0105263157895 0.0 0.021052631579 0.0448621553884 0.0 0.0421052631579 0.4879699248123 0.1373433583958 0.0 0.0238095238095 0.0421052631579 0.20050125313269998 0.0897243107769 0.1872180451127 0.0448621553884 0.034335839599 0.0 0.1451127819551 0.1478696741854 0.047619047619 0.0315789473684 0.044862155388500004
0.0 0.0 0.0 0.0 0.5 0.0 0.0 0.0 0.0 0.2 0.5 0.0 0.0 0.0 0.5 0.0 0.0 0.0 0.0999999999999 0.0 0.0999999999999 0.0999999999999 0.0 0.0
0.0714285714285 0.0 0.0 0.0 0.0714285714285 0.0 0.0 0.0 0.0 0.0 0.285714285715 0.142857142857 0.0 0.0 0.0 0.0714285714285 0.0714285714285 0.0 0.0 0.0 0.142857142857 0.0 0.142857142857 0.0
1.0259530948811 0.1464339258941 0.0785767830369 0.1969265367315 0.3910366245446 0.2268633540377 0.0 0.7369940029983999 0.0689655172415 0.1493895909188 0.0 0.8478528592847 0.09519704433489999 0.23462732919219997 0.5745609338183 0.2607303491109 0.17672413793089997 0.0613354037266 0.2863514671234 0.0857196401798 0.0869565217391 0.4917701863362 0.6442707217821 0.1327639751553
0.3692609660351 0.16931216931210002 0.0 0.0322580645161 0.2354497354497 0.0645161290322 0.0 0.3474995733063 0.22008875234660003 0.1298856460146 0.0 0.1152927120669 0.23937532002050002 0.2944188428055 0.090203106332 0.2015702338283 0.0798771121351 0.0 0.0507765830345 0.0878136200716 0.10872162485049999 0.016129032258 0.1314217443249 0.016129032258
0.2417907295956 0.1859360152042 0.09090909090900001 0.0 0.1502217294899 0.2857142857143 0.0 0.6629975715337 0.3549255622424 0.095818815331 0.0 0.2283549783548 0.12108013937269999 0.4448843839088 0.19755041706239998 0.6413525498899 0.14372822299659999 0.036585365853600005 0.08499630450840001 0.1576655052263 0.1210801393732 0.0728011825572 0.6513039805734 0.030303030303
0.3103448275863 0.0675287356322 0.0 0.0172413793103 0.04310344827582 0.0603448275864 0.0 0.16810344827576001 0.333333333333 0.09195402298845999 0.0344827586207 0.0689655172414 0.058908045977 0.10919540229885999 0.1695402298849 0.22126436781616 0.0 0.0172413793103 0.043103448275860004 0.0258620689655 0.13362068965516 0.01724137931032 0.00862068965516 0.0
2.06365151110628 0.25424283685918 0.0 0.12331610654469 0.8729901289686899 0.07774794128170001 0.0 0.92725393755328 0.0991463893248 0.04963893249589 0.050480769230699996 0.71001030459768 0.1815387552265 0.1678071607043 1.5902372898325898 2.1899594534104 0.60753038749558 0.03125 0.42351838516709006 0.2519230769231 0.13213893249599 0.24561825069569 0.91874945008538 0.03125
0.42005012531389996 0.0922305764411 0.0380952380952 0.0380952380952 0.18446115288225 0.00877192982455 0.0 0.34561403508765 0.00877192982455 0.0 0.00877192982455 0.3175438596495 0.04536340852125 0.09523809523799999 0.10827067669160001 0.45388471177889994 0.15087719298250002 0.0 0.22556390977449997 0.0761904761906 0.027819548872149998 0.1406015037595 0.21378446115275 0.0
0.0 0.0 0.0 0.0 0.0 0.0 0.0 0.0 0.0 0.0 0.0 0.0 0.0 0.0 0.0 0.0 0.0 0.0 0.0 0.0 0.0 0.0 0.0 0.0
0.4727642276419 0.0444444444444 0.0416666666667 0.081029810298 0.091056910569 0.125 0.0 0.10047425474249999 0.0416666666667 0.0243902439024 0.0365853658536 0.1677506775068 0.0416666666667 0.1177506775067 0.16869918699210001 0.3364498644985 0.1542005420053 0.0 0.2526422764227 0.0 0.0 0.22872628726289998 0.30636856368529997 0.166666666667
0.0 0.0 0.0 0.0 0.0 0.0 0.0 0.0 0.0 0.0 0.0 0.0 0.0 0.0 0.0 0.0 0.0 0.0 0.0 0.0 0.0 0.0 0.0 0.0
0.0 0.0 0.0 0.0 0.0 0.0 0.0 0.0 0.0 0.0 0.0 0.0 0.0 0.0 0.0 0.0 0.0 0.0 0.0 0.0 0.0 0.0 0.0 0.0
0.0 0.0 0.0 0.0 0.0 0.0 0.0 0.0 0.0 0.0 0.0 0.0 0.0 0.0 0.0 0.0 0.0 0.0 0.0 0.0 0.0 0.0 0.0 0.0
0.5526101781489 0.0973557692307 0.0 0.11621352785139999 0.1549831081081 0.211538461539 0.0 0.6115548157575 0.07331730769219999 0.0384615384615 0.03125 0.3803968922507 0.1826923076922 0.21025588751879998 0.535831421607 0.6860393218152999 0.0910213097712 0.0 0.2292928704565 0.03125 0.09375 0.11621352785129999 0.5559717542475 0.0
0.0833333333332 0.166666666667 0.0 0.0 0.166666666667 0.0833333333332 0.0 0.12499999999980001 0.0 0.0 0.0 0.16666666666660002 0.291666666668 0.12499999999980001 0.12499999999980001 0.12499999999980001 0.0 0.0 0.12499999999980001 0.0416666666666 0.0 0.12499999999980001 0.166666666667 0.0833333333332
1.3747051905641001 0.07482993197269999 0.4500219442631 0.2961330163129 0.8027375998941999 0.0510204081632 0.0629251700679 1.4837537896466002 0.1158609074696 0.1341891595347 0.0255102040816 1.7535563552061 0.09205138366009999 0.7272733083213 2.3272906719843 1.4685621821555002 0.3866983686674 0.1194769169802 0.6689372585854999 0.0493197278911 0.0629251700679 0.32317931870509997 0.9273501132372 0.2216919025668
0.10619469026544001 0.00884955752212 0.0 0.00884955752212 0.0176991150442 0.05309734513282 0.00884955752212 0.08849557522113999 0.053097345132740004 0.01769911504424 0.0 0.05309734513272 0.00884955752212 0.053097345132740004 0.01769911504424 0.09734513274321999 0.1150442477876 0.0 0.053097345132740004 0.0442477876107 0.0 0.05309734513272 0.13274336283132 0.00884955752212
0.0 0.0 0.0 0.0 0.0 0.0 0.0 0.0 0.0 0.0 0.0 0.0 0.0 0.0 0.0 0.0 0.0 0.0 0.0 0.0 0.0 0.0 0.0 0.0
0.08333333333330001 0.0166666666667 0.0 0.1 0.15 0.0333333333333 0.0166666666667 0.2499999999999 0.0 0.0 0.0 0.23333333333309997 0.0166666666667 0.050000000000100006 0.0333333333333 0.31666666666640003 0.1666666666667 0.0 0.1000000000001 0.0833333333334 0.0166666666667 0.1000000000001 0.2333333333337 0.0
0.4365079365082 0.0714285714286 0.0 0.1042328042328 0.1412698412697 0.3206349206351 0.0 0.0941798941798 0.0285714285714 0.0142857142857 0.0142857142857 0.2857142857138 0.0428571428571 0.0470899470899 0.279894179894 0.3809523809524 0.0571428571428 0.0 0.10687830687819999 0.0714285714286 0.1 0.0613756613756 0.3269841269842 0.0142857142857
0.154365079365 0.015873015873 0.040873015873000004 0.056746031746 0.07261904761900001 0.125 0.015873015873 0.467857142857 0.063492063492 0.356746031747 0.0 0.4424603174609 0.1817460317458 0.32222222222200003 1.078571428571 0.5134920634931001 0.015873015873 0.1249999999999 0.09523809523809999 0.015873015873 0.0 0.258730158731 0.50634920635 0.07500000000000001
0.0 0.0 0.0 0.0 0.0 0.0 0.0 0.0 0.0 0.0 0.0 0.0 0.0 0.0 0.0 0.0 0.0 0.0 0.0 0.0 0.0 0.0 0.0 0.0
1.8221362162948997 0.34727855378210004 0.11066059657590001 0.043956043956 0.24008399008369996 0.15313937497020003 0.037037037037 0.9602865375438001 0.1763171622325 0.13724510783330002 0.0 0.8289734368849001 0.21952563377580003 1.1414141414132 2.1547080677151 0.9021437612985999 0.4259793414719 0.0 0.47115467765850005 0.0824915824915 0.1716051140243 0.4644288786789 0.833206569122 0.2762281751515
0.0483870967742 0.2008153137184 0.043956043956 0.043956043956 0.0161290322581 0.1201701524281 0.0 0.1802552286422 0.7651542006394001 0.1348812477844 0.0 0.043956043956 0.2066643034384 0.4572846508327 0.5599078341026 0.1362991846862 0.0981921304501 0.1524282169444 0.1407302375043 0.0923431407302 0.3312655086854 0.1568592697625 0.0703651187522 0.0
0.0 0.0 0.0 0.0 0.0 0.0 0.0 0.125 0.0 0.25 0.0 0.0 0.0 0.0 0.375 0.125 0.0 0.0 0.0 0.0 0.0 0.125 0.0 0.0
0.0 0.0 0.0 0.0 0.0 0.0 0.0 0.0 0.0 0.0 0.0 0.0 0.0 0.0 0.0 0.0 0.0 0.0 0.0 0.0 0.0 0.0 0.0 0.0
0.6738117427775 0.0344827586206 0.0 0.027027027027 0.1724137931036 0.0 0.027027027027 0.9767008387712001 0.0 0.103448275862 0.0 1.081081081082 0.08853681267460001 0.16495806150960002 0.41099720410060003 0.5778191985086 0.1500465983223 0.0 0.31500465983229997 0.0959925442683 0.0 0.2758620689649 1.6178937558250002 0.2068965517236
0.3679283679291 0.11803011803000002 0.0 0.0493827160494 0.16198616198610002 0.065934065934 0.0 0.5862162528843 0.059015059014999996 0.1330891330889 0.0 0.45706145706119994 0.10839777506430001 0.2306335639667 0.192104192104 0.1303757970423 0.0933387600053 0.0837064170397 0.12494912494900001 0.177045177045 0.140008140008 0.10297110297100001 0.3679283679281 0.24989824989800002
1.0360576923076 0.322458791209 0.1875 0.1816620879122 0.14285714285700002 0.1081730769231 0.0 1.0724587912088 0.7204670329666001 0.15934065934060002 0.0 0.5453296703295001 0.324519230769 0.6535027472528 0.1648351648352 0.6407967032966001 0.549107142857 0.065934065934 0.44780219780220004 0.560439560439 0.353708791209 0.8245192307702 0.8286401098898 0.10989010989
0.0 0.0 0.0 0.0 0.0 0.0 0.0 0.0 0.0 0.0 0.0 0.0 0.0 0.0 0.0 0.0 0.0 0.0 0.0 0.0 0.0 0.0 0.0 0.0
1.8931010021111998 0.22965253607949998 0.0583941605839 0.2248526035124 0.5308964226851001 0.077811636312 0.0194174757281 1.2371566508786 0.077811636312 0.0194174757281 0.015503875969 0.5279040512392 0.0751990630622 0.2351038471825 1.658415617026 1.6231442783061003 0.464134234822 0.0140845070422 0.6537517917169 0.3437204618115 0.0388349514562 0.414891677515 0.4403738505853 0.1264261923321
1.4030208921521 0.110615471485 0.0985601355165 0.224717673631 0.3773009599096 0.0347826086956 0.0 0.6068746470912001 0.0521739130434 0.0227272727273 0.0227272727273 0.6402597402591 0.0454545454545 0.17392715979650003 1.7180688876410999 1.2940146809714 0.45105872388560003 0.0347826086956 0.5632834556740999 0.0758328627894 0.08070299265950001 0.4457086391878 0.5006775832857 0.0227272727273
0.0 0.0 0.0 0.0 0.027027027027 0.0 0.0 0.027027027027 0.0810810810811 0.08108108108100001 0.0 0.027027027027 0.0810810810811 0.2432432432431 0.0810810810811 0.0 0.0 0.054054054054 0.0810810810811 0.054054054054 0.054054054054 0.027027027027 0.027027027027 0.054054054054
0.1252688172043 0.05 0.0 0.0 0.3043010752691 0.0 0.0 0.1930107526882 0.0 0.0 0.0 0.2360215053762 0.0 0.1322580645161 0.1037634408602 0.20752688172039999 0.0322580645161 0.05 0.07526881720430001 0.05 0.05 0.2935483870975 0.0430107526881 0.0537634408602
0.0344827586207 0.0574712643678 0.0 0.0229885057472 0.080459770115 0.0 0.0229885057471 0.0689655172414 0.0229885057472 0.0 0.0 0.0689655172414 0.0344827586207 0.1149425287359 0.0459770114942 0.1149425287357 0.0574712643679 0.0344827586207 0.0114942528736 0.0804597701152 0.0344827586207 0.0344827586207 0.0459770114943 0.0114942528736
0.2122023809525 0.07886904761909999 0.0190476190476 0.0285714285714 0.1318452380952 0.0720238095238 0.0 0.1508928571429 0.1809523809527 0.0 0.0 0.2568452380952 0.0285714285714 0.24196428571450002 0.0815476190476 0.23928571428569997 0.0 0.0190476190476 0.03125 0.0285714285714 0.0095238095238 0.07886904761909999 0.11011904761909999 0.0
0.1638981173864 0.0232558139535 0.0 0.0232558139535 0.046511627907 0.0 0.0 0.0232558139535 0.0952380952381 0.0232558139535 0.0 0.1882613510521 0.5714285714280001 0.046511627907 0.0930232558141 0.1860465116285 0.16279069767499998 0.0 0.0232558139535 0.0 0.0 0.236987818383 0.093023255814 0.0
0.82793090016132 0.0633997588823 0.0782608695652 0.09025631854671 0.29531670587623 0.13196597219411 0.133333333333 0.77617344437522 0.0464506063399 0.16167205738311 0.0 0.63209732273102 0.1728897837444 0.15804480923842001 1.0572933978363999 0.77510917614041 0.08452489236543001 0.0 0.37831040865663 0.0464506063399 0.050847457627099996 0.4551220028588 0.56341692284152 0.02113325296081
0.0 0.0 0.0 0.0 0.0 0.0 0.0 0.0 0.0 0.0 0.0 0.0 0.0 0.0 0.0 0.0 0.0 0.0 0.0 0.0 0.0 0.0 0.0 0.0
0.8226720018052801 0.07501412429373999 0.2611342649968 0.11955205811129999 0.38238297013685996 0.24080335297094002 0.0127118644068 0.7785091641078801 0.07215788704369999 0.09501502990092 0.0127118644068 1.9650407523223001 0.02794995964488 1.04815732779094 2.35429538998426 0.9604457175911401 0.32787328490702006 0.0380952380953 0.8831966184315999 0.02033091202584 0.09783091202586 0.5134262295607 0.6681067250072399 0.22258635043544
0.1316614420061 0.1434169279003 0.0 0.0344827586207 0.155172413793 0.0 0.0 0.1316614420062 0.21081504702140003 0.1316614420063 0.0 0.1724137931033 0.0626959247649 0.22884012539180001 0.35501567398100004 0.16536050156729998 0.0689655172413 0.0454545454545 0.0689655172413 0.120689655173 0.1371473354232 0.26253918495399997 0.35031347962470005 0.0227272727273
0.0 0.0 0.0434782608696 0.0 0.0 0.0434782608696 0.0 0.260869565218 0.0434782608696 0.130434782609 0.0 0.0434782608696 0.0 0.0 0.21739130434759998 0.0 0.0434782608696 0.0869565217391 0.0434782608696 0.0 0.0434782608696 0.0 0.0 0.0
0.16580310880819998 0.18652849741 0.020725388601 0.248704663212 0.41450777202 0.020725388601 0.020725388601 0.518134715026 0.062176165803 0.020725388601 0.0 0.310880829016 0.0 0.041450777202 0.0829015544042 0.248704663212 0.808290155441 0.0 0.2072538860102 0.062176165803 0.0 0.165803108808 0.352331606218 0.041450777202
0.6376927166398999 0.0467836257309 0.0233918128655 0.10194045720360001 0.37652844231785 0.04412546517795 0.022727272727250003 0.28110047846880004 0.06884635832 0.0750930356193 0.0 0.6609516214775999 0.022727272727250003 0.14167995746925 0.5942317916005 0.5207336523130001 0.17663476874005 0.11975013290794999 0.1068580542263 0.0854598617756 0.06127060074425 0.2126528442322 0.5540935672511 0.064726209463
0.25867780498364 0.08576984012674001 0.0 0.0283018867924 0.10823851361068 0.10463776465503999 0.0 0.31528157856844 0.05300302462909999 0.3852801382683 0.0 0.45815929713404 0.0660377358493 0.22504680973643998 0.3288203946414 0.2200777761773 0.02470113783664 0.11047097796338001 0.08937058908241999 0.104637764655 0.03996831340914 0.2389457007056 0.62300158432984 0.13157136684464
0.0 0.0 0.0 0.0 0.0 0.0 0.0 0.0 0.0 0.0 0.0 0.0 0.0 0.0 0.0 0.0 0.0 0.0 0.0 0.0 0.0 0.0 0.0 0.0
0.9246811656199001 0.44569370049010004 0.1324991160369 0.15171650036985002 0.41479580629860996 0.13458830504715 0.0 0.58246103283131 0.37006054822025003 0.12351152218362 0.047619047619 0.78734863348004 0.16637000978005 0.6178840511994501 1.7893065116079498 0.82677115372054 0.39098628248906997 0.0802788589025 0.52275306519595 0.3969513386893 0.10754027783462 0.9294913408533201 0.9524330859521 0.10425864557635
0.1804347826087 0.34183389074689996 0.0 0.039492753623200004 0.1289855072464 0.0644927536232 0.0 0.3789855072464 0.8641583054655 0.1779542920847 0.0 0.25295429208459996 0.1789855072464 0.44244704570779997 0.1974637681159 0.3483556298772 0.0 0.1384615384614 0.039492753623200004 0.3618171683388 0.3204013377925 0.329821627647 0.2134615384615 0.0
0.0 0.0 0.0 0.0 0.0 0.0 0.0 0.0 0.125 0.0625 0.0 0.0625 0.0 0.0625 0.0 0.25 0.0 0.125 0.0625 0.0625 0.0 0.1875 0.0 0.0
0.0 0.0 0.0 0.0 0.0 0.0 0.0 0.0 0.0 0.0 0.0 0.0 0.0 0.0 0.0 0.0 0.0 0.0 0.0 0.0 0.0 0.0 0.0 0.0
1.4639386595999002 0.1269189091566 0.0353982300885 0.13488802600690003 0.4398186959373 0.5724218891101001 0.150970809668 0.8230273816039 0.088653603034 0.19739931370730002 0.0 0.9447718064902 0.28605291674239997 0.3377778796104 0.7138439776915999 1.3534684577837 0.1413988392874 0.1415929203538 0.4814116836801 0.079081632653 0.13598074284529998 0.442952296491 0.7487812652474999 0.1594500632111
0.105263157895 0.0 0.0 0.0263157894737 0.1315789473684 0.0526315789474 0.0263157894737 0.4999999999997 0.0526315789474 0.0526315789473 0.0 0.236842105264 0.078947368421 0.1578947368424 0.078947368421 0.07894736842109999 0.078947368421 0.0 0.0526315789473 0.0263157894737 0.0 0.0263157894737 0.1052631578947 0.131578947369
0.36666666666569997 0.1500000000003 0.0333333333333 0.0666666666666 0.0999999999998 0.0 0.0 0.28333333333239996 0.1666666666666 0.0333333333333 0.0 0.4166666666667 0.1333333333334 0.0833333333331 0.06666666666650001 0.1499999999997 0.0 0.08333333333330001 0.1833333333336 0.216666666667 0.08333333333330001 0.3000000000002 0.0833333333332 0.0
0.9811529933484 0.15262379896509998 0.0454545454545 0.11049519586100001 0.6138211382123 0.1396895787138 0.0 0.2535107169258 0.136363636363 0.0617147080561 0.0487804878048 0.1917960088689 0.1526237989651 0.1363636363635 0.29563932003 0.5687361419070001 0.0325203252032 0.0617147080561 0.3444198078342 0.0487804878048 0.0617147080561 0.1430155210642 0.4190687361422 0.0
2.61756472189684 0.34164312854019996 0.0307692307692 0.40450878236517 1.1269171444771098 0.28995877118974 0.0 1.40503026552124 0.27708329624530004 0.16389796237039997 0.0720306513409 1.01001857785164 0.18789683885707 0.60045742215535 4.50429739229304 2.9628378525395704 0.81330492367144 0.0 0.94706371014315 0.3097164599129 0.2120725500035 0.68103086940417 0.8870901503384999 0.1548092981093
3.2953549993250997 0.3246879256022 0.0512834546548 0.1929891070847 0.3733295372734 0.0400839083073 0.0305810397553 0.8722687998247001 0.0417805861027 0.055374428185000005 0.0 1.1237038290488002 0.0417805861027 0.36005755682740004 3.4787364612657004 1.2710150290802 0.3957286299685 0.0458715596329 0.9908238469517 0.2340181805797 0.0417805861027 0.3815114843345 1.1762004158587 0.1810380481289
0.0958904109589 0.0 0.0 0.0 0.027397260274 0.027397260274 0.0 0.027397260274 0.0410958904109 0.0958904109589 0.0 0.027397260274 0.095890410959 0.0958904109589 0.27397260274 0.068493150685 0.0 0.0 0.027397260274 0.0 0.013698630137 0.054794520548 0.027397260274 0.0
1.48007632731 0.0526315789474 0.0 0.0603883713098 0.4977491714465 0.0263157894737 0.0132450331126 0.5687654707542 0.0 0.0264900662252 0.0 0.4029396647976 0.0132450331126 0.30516154568700005 0.8337636098326 0.9012116664989 0.2277856218723 0.0338983050847 0.45591979724869997 0.0602140945584 0.0791216451725 0.4934838218018 0.4278582864161 0.0397350993377
0.12244897959170001 0.0918367346938 0.0306122448979 0.0612244897959 0.0 0.0306122448979 0.0 0.33673469387780003 0.15306122448960002 0.0 0.0 0.1530612244895 0.0612244897959 0.520408163266 0.2142857142859 0.3061224489797 0.09183673469379999 0.0612244897958 0.0306122448979 0.275510204082 0.1836734693877 0.122448979592 0.0918367346937 0.0612244897959
0.07142857142850001 0.0238095238095 0.0238095238095 0.0238095238095 0.0238095238095 0.0 0.0 0.1428571428571 0.0 0.047619047619 0.0 0.07142857142850001 0.0 0.0 0.238095238095 0.047619047619 0.047619047619 0.0 0.07142857142850001 0.0 0.0952380952381 0.0238095238095 0.047619047619 0.0
0.4198646410831 0.062459500324 0.015503875969 0.2286581707351 0.1501787985696 0.0588235294117 0.0 0.3093695250437 0.1853385172918 0.044915640674900004 0.0 0.7472220222246 0.235294117647 0.0795593635251 0.0294117647059 0.1595627234981 0.22521419828630002 0.015503875969 0.3182374541003 0.0310077519379 0.0175438596491 0.16319869441030002 0.47372021023829997 0.0294117647059
1.0457339931024001 0.0732743539762 0.0246913580247 0.09756585195180001 0.1459489178788 0.0246913580246 0.0123456790123 0.243314839806 0.0121457489878 0.036837107012499995 0.0242914979757 0.195331633928 0.0244914280001 0.1716399260259 0.5469585645027 0.3169890538306 0.0364372469634 0.0 0.0977657819761 0.0364372469635 0.0487829259758 0.4304993252368 0.3295346628673 0.0242914979756
0.36585365853599994 0.109756097561 0.0 0.0731707317072 0.0731707317072 0.10975609756079999 0.0 0.21951219512179998 0.0 0.0 0.0 0.43902439024499995 0.3292682926826 0.2926829268306 0.0 0.1463414634144 0.0731707317072 0.0 0.1463414634144 0.146341463415 0.10975609756079999 0.0731707317072 0.1463414634144 0.146341463415
2.2635082486356 0.6509678029831 0.4021939873959 0.38831015517100004 1.9383473865954999 0.1490777232679 0.1676015551874 1.8065594155345999 0.3112605302765 0.3762613149158 0.017601760176 2.7729814229414 0.28663465908589997 2.2918943236685996 5.986009610328701 2.261216529856 1.0997153810759 0.1709803804078 2.1287727981379 0.2715078853593 0.1925764830818 1.3776514726848 2.3627840063798002 0.3255851668541
0.256097560976 0.0731707317072 0.0 0.0365853658536 0.1463414634146 0.0548780487804 0.0365853658536 0.1646341463414 0.091463414634 0.0 0.0 0.1646341463414 0.0182926829268 0.1463414634146 0.3292682926828 0.1280487804876 0.0365853658536 0.0 0.1097560975608 0.0731707317074 0.0182926829268 0.2560975609752 0.8414634146338 0.0182926829268
0.0 0.0 0.0 0.0 0.0 0.0 0.0 0.0 0.0 0.0 0.0 0.0 0.0 0.0 0.0 0.0 0.0 0.0 0.0 0.0 0.0 0.0 0.0 0.0
0.2578125 0.03515625 0.0 0.046875 0.2109375 0.0937500000003 0.0234375 0.2343749999999 0.03515625 0.0234375 0.0 0.3281250000003 0.046875 0.1171875 0.0703125 0.3046875000003 0.26953125 0.0 0.19921875 0.0820312500003 0.03515625 0.22265625 0.25781249999989997 0.1054687500003
1.8105826209264 0.21429542386259998 0.1555863983348 0.22789714008179998 0.7830978696405 0.1271761759646 0.0225563909774 1.1114504177101998 0.34045248123509997 0.5605966668536 0.09195903033569999 2.3492838779953 0.1153184684547 0.7684183650167999 1.6530428000858999 1.2576047866678 0.42496144359770005 0.058703955890699995 0.32410589855039995 0.20763586972360001 0.2670209585805 0.45361026187529996 1.5417219230251997 0.13292077461539997
0.47401670285027 0.10534139138250001 0.07608206692866999 0.05265113731927 0.50331514404701 0.064366602124 0.02925932445377 1.05345303056971 0.1404486690525 0.21060454927669997 0.00584795321637 1.40460404076024 0.21068278276587 0.38625828786007 1.0300807760764399 0.49734984059984 0.1404486690527 0.02925932445377 0.26333392008507 0.0702341137123 0.00584795321637 0.30432826771480004 0.8544074791201 0.08777797336137
0.0 0.0 0.0 0.0 0.0 0.0 0.0 0.0 0.0 0.0 0.0 0.0 0.0 0.0 0.0 0.0 0.0 0.0 0.0 0.0 0.0 0.0 0.0 0.0
2.0217752718927 0.5518189948297 0.056185506336500005 0.32388758982789995 0.6452185424044999 0.2943060602462 0.0185185185185 1.3418602198371001 0.4829867399428 0.2241120745652 0.0416951469582 1.5234958218585999 0.2441522800559 0.8856565258856 2.5376163102959 1.7313981266761 0.7191135472419 0.21900293013330002 1.2323815122356 0.24790470331890002 0.1244700600719 0.8664561859361 1.3030376453813999 0.362949685545
0.13945578231300002 0.1428571428572 0.0 0.0136054421769 0.1632653061226 0.0102040816326 0.0 0.1326530612243 0.39115646258509995 0.14965986394539998 0.0 0.1870748299319 0.0952380952381 0.18707482993209998 0.2448979591835 0.2891156462588 0.0374149659864 0.0680272108843 0.19047619047609998 0.1904761904766 0.14285714285700002 0.08843537414960001 0.1122448979591 0.0238095238095
0.194174757282 0.242718446602 0.242718446602 0.0485436893203 0.0485436893203 0.339805825244 0.0 0.3883495145643 0.388349514564 0.0485436893203 0.0 0.825242718445 0.0970873786406 0.3398058252421 0.194174757282 0.8737864077675999 0.0485436893203 0.0485436893203 0.29126213592260003 0.0 0.0 0.0485436893203 0.24271844660230002 0.0485436893203
0.166666666666 0.0833333333332 0.0 0.0 0.0833333333332 0.0 0.0 0.0 0.0 0.0 0.0833333333332 0.0 0.166666666666 0.0 0.583333333335 0.4166666666652 0.0 0.0 0.25 0.0 0.0833333333332 0.0833333333332 0.0 0.0
0.61141841399649 0.21507524628749 0.02797067901228 0.1525495897322 0.22191360985809 0.153157592182 0.042498152254200006 0.5151921484496 0.0766006097561 0.1612739864771 0.0273466371027 1.1220511478125 0.12030599867229 0.64632709534859 0.5735102944717001 0.6317744261724699 0.4191830719906 0.0273466371027 0.41156568420299 0.0556402439024 0.030303030303 0.5795394401590901 1.1696437647525002 0.00781249999999
0.4221374045809 0.1188757807078 0.0152671755725 0.0272727272727 0.2344899375436 0.0425399028452 0.0152671755725 0.5279666897986 0.4559333795978999 0.2552394170717 0.0 0.3916030534346 0.0730742539902 0.2377515614156 0.22796668979860002 0.35662734212330005 0.0883414295627 0.1494101318528 0.5912560721718999 0.23997224149860003 0.130881332408 0.15489243580829998 0.14614850798040002 0.0970853573906
0.75547490360466 0.1663402992378 0.0492457852705 0.09063865426208 0.09823239640682 0.0671755958755 0.0147783251231 0.73786426114644 0.2363614111309 0.030260380014060003 0.0 0.87692078330566 0.07210170424975999 0.26097665452970004 0.37720965447668003 0.26087616455834 0.16871816192734002 0.020056298381360003 0.46171452089086 0.1160848147354 0.1009393262551 0.46331516114654 0.5697886350938001 0.00492610837438
0.526086956521 0.0130434782609 0.0 0.0913043478261 0.8478260869563999 0.14347826087 0.0 0.4826086956521 0.2739130434789 0.0130434782609 0.0521739130435 0.2086956521742 0.1260869565218 0.052173913043500005 0.2173913043481 0.6608695652187999 0.1565217391304 0.0260869565217 0.1304347826086 0.130434782609 0.0565217391305 0.3130434782615 0.1304347826089 0.347826086956
2.60305447317213 0.3471519670555 0.03945926196563 0.7210683982496999 1.2137534117473001 0.37868102917573004 0.13792567402103 2.00076986912826 0.1368272092908 0.41627788545449995 0.0 1.44301158013916 0.15177208833050002 0.47759568213943 4.77458371823 3.4777296794012003 0.8483445137301 0.03945926196563 1.1393468845553 0.50114550073633 0.43046378590249995 0.8990028715398 1.71123024679216 0.1113450072698
1.5539612409385302 0.17728720820704 0.00609756097561 0.15514090557725002 0.22488304864181 0.0598437164932 0.022918982541 0.8635384028476 0.11782404941963 0.03165260699513 0.0321715817694 0.72170466723185 0.053746155517640004 0.21736698041181 1.48352851163094 0.8396226603661401 0.2563758942142 0.01483118542974 0.6173558299490299 0.16651059351011 0.03165260699513 0.31650622469881 1.01718670270954 0.01829268292681
0.1386138613862 0.079207920792 0.0 0.039603960396 0.039603960396 0.019801980198 0.0 0.079207920792 0.138613861386 0.1782178217822 0.0 0.039603960396 0.19801980198 0.21782178217819997 0.138613861387 0.2376237623762 0.019801980198 0.019801980198 0.019801980198 0.0990099009902 0.11881188118799998 0.0990099009901 0.079207920792 0.0
1.70512820513106 0.00961538461538 0.0 0.0576923076923 0.3438644688647 0.03937728937728 0.058608058608 0.59661172161206 0.0 0.11813186813188001 0.0 0.25457875457896 0.06913919413918 0.23443223443259997 0.5425824175817 0.80677655677808 0.235347985348 0.0 0.30448717948756 0.00961538461538 0.0787545787546 0.7967032967036001 0.6991758241762001 0.03937728937728
0.0 0.0 0.0 0.0 0.0 0.0 0.0 0.0 0.0 0.0 0.0 0.0 0.0 0.0 0.0 0.0 0.0 0.0 0.0 0.0 0.0 0.0 0.0 0.0
0.2102870133562 0.00653594771241 0.0130718954248 0.03410059676041 0.053708439897600005 0.042057402671200006 0.035521454958810005 0.11025859619201002 0.06678033532251001 0.053708439897610004 0.0 0.17334470019891002 0.0196078431372 0.12986643932931002 0.26768968456910003 0.19948849104862001 0.09207161125313 0.0406365444729 0.09065075305481002 0.0718954248368 0.0667803353225 0.053708439897610004 0.14066496163682002 0.027564649048000003
0.24613220815759 0.13396624472569998 0.00843881856539 0.1279887482418 0.10864978902948999 0.0 0.10970464135 0.46694796061876004 0.15682137834058998 0.025316455696169998 0.0 0.80098452883388 0.08931082981709 0.1339662447258 0.164205344585 0.33790436005589 0.22573839662458 0.0 0.20991561181468998 0.0277777777778 0.0724331926864 0.13396624472569002 0.41983122362838 0.0
2.60307268893809 0.198683616883 0.02138272888613 0.28757961152489003 0.5299633763603 0.1251268280735 0.23631384486940002 1.2814341840054 0.07109907413523 0.13459629283272 0.0 1.83642372827203 0.12498728618162 0.45512603629321 1.8871308576593302 1.7364972638346803 0.27305106835379 0.02703168044073 0.55947697121829 0.20726367285550001 0.09313277098243 0.84256509169396 1.38872875727412 0.0793325684372
0.1194029850745 0.1194029850745 0.0597014925373 0.0298507462686 0.1194029850745 0.0 0.0298507462686 0.35820895522359997 0.0597014925372 0.0 0.0 0.149253731343 0.14925373134359998 0.11940298507449999 0.11940298507449999 0.238805970149 0.0298507462686 0.0 0.0 0.0597014925373 0.0298507462686 0.0298507462686 0.1194029850745 0.0597014925373
2.9296220912702 0.5885562042267001 0.36990155266159996 0.3633580942783 2.2178928847563997 0.8963076923090001 0.18555801461100002 2.8285051498969 0.42314961496479997 0.8569002260789 0.0352116458959 2.6031988771965997 0.489772417229 2.6575616063613 2.1130439932739002 2.5710056855779997 0.8431481673321001 0.2402094598381 1.8932721840733 0.4565369200876 0.4074170423063 1.2390656393769999 2.5617685609198 0.22903627548060002
0.07894736842109999 0.0263157894737 0.0 0.00877192982455 0.02631578947365 0.0526315789474 0.00877192982455 0.14912280701775 0.0701754385965 0.0175438596491 0.0 0.06140350877195 0.00877192982455 0.061403508771950006 0.0438596491228 0.0614035087719 0.0175438596491 0.00877192982455 0.05263157894735 0.0438596491228 0.0175438596491 0.0438596491228 0.1315789473687 0.00877192982455
0.0 0.0 0.333333333333 0.0 0.0 0.0 0.0 0.0 0.0 0.0 0.0 0.166666666667 0.0 0.166666666667 0.0 0.166666666667 0.0 0.0 0.0 0.0 0.0 0.166666666667 0.0 0.0
0.6955395683444 0.3565467625892 0.09755395683439999 0.23021582733770002 0.3565467625909 0.2302158273385 0.0287769784172 1.1623021582733999 0.1087769784172 0.3087769784172 0.0 1.0071942446042002 0.1838848920862 0.2989928057557 0.2302158273377 0.8745323741009 0.34532374100700003 0.0575539568345 0.5404316546762 0.115107913669 0.0687769784172 0.9608633093525 0.6043165467631999 0.1375539568344
2.3060321286722 0.15377591087579998 0.103004291845 0.2598079847141 0.9592505741296 0.13779395185999999 0.0786528343476 1.8254603465186 0.1737671666901 0.19680864134440001 0.1490872411537 1.7628814246385998 0.23759695392410002 0.7910435054082001 1.2751411560737 2.0768007839214 0.6854931766164001 0.0989725582 1.2041808063745 0.256278226895 0.103004291845 0.9353873714868999 2.1338809760148 0.09589769644679999
0.6472963656066 0.2172756820642 0.0352112676056 0.0561902885846 0.35137397813439997 0.22476115433859997 0.0352112676056 0.6802915394473001 0.1618240914014 0.7529301684226001 0.0561902885846 0.9874913818566999 0.11912735152170001 0.4914803506357 0.3154240126078 0.8016349847343 0.0704225352112 0.168570865754 0.210528907712 0.09140155619019999 0.09140155619019999 0.2809514429237 1.0825864276561998 0.0704225352112
0.0357142857142 0.0 0.0357142857142 0.0357142857142 0.0357142857142 0.0 0.107142857143 0.0714285714284 0.0 0.0 0.0 0.1071428571427 0.0 0.0357142857142 0.0 0.0357142857142 0.0 0.0 0.0357142857142 0.0 0.0357142857142 0.1071428571427 0.3214285714295 0.0
1.57606525129077 0.419193271909 0.092493393329 0.2639083980774 0.48269658979397 0.3735157310199 0.033426183844 0.98777137611837 0.16392132704790002 0.30882450195344 0.025641025641 1.25524912903007 0.329099260768 0.58641404912834 0.9063422553159999 1.54800004364837 0.7480356065845699 0.1137820512819 0.48774211233579995 0.2153021642633 0.03798670465334 0.80652754300567 1.1013940472511 0.13666798271007
0.14117647058809998 0.0823529411765 0.0 0.0117647058823 0.035294117646900006 0.0117647058823 0.0588235294118 0.2470588235294 0.1294117647059 0.047058823529300006 0.0 0.0705882352939 0.1529411764706 0.1529411764704 0.1529411764705 0.10588235294100001 0.1176470588235 0.0235294117646 0.164705882353 0.0470588235295 0.1176470588235 0.05882352941170001 0.05882352941170001 0.0117647058823
0.1333333333333 0.1333333333328 0.0444444444444 0.0296296296296 0.0444444444444 0.207407407407 0.0 0.1185185185188 0.0592592592593 0.0148148148148 0.0 0.26666666666669997 0.0296296296296 0.0444444444444 0.2962962962964 0.2814814814812 0.0592592592592 0.0148148148148 0.0444444444444 0.0 0.0 0.0444444444444 0.1185185185185 0.0148148148148
0.0 0.0 0.0 0.0 0.0 0.0 0.0 0.0 0.0 0.2727272727271 0.0 0.181818181818 0.0 0.0 0.272727272727 0.1818181818182 0.0 0.0 0.0 0.0 0.0 0.0 0.0909090909091 0.0
1.4792569047514 0.2886368142083 0.1472179672794 0.32945891274809996 0.6319756917274 0.4107526226897 0.1566023669745 1.3523703411539998 0.33043549403929995 0.26631552693 0.0 1.8543269655827002 0.3840308595091 1.3275223589726 1.1038945691995998 1.6151192103014 0.5773081543689 0.1291631096327 0.7423835643368999 0.1308544360152 0.1375356894338 1.4384792108951001 1.9277489086692 0.238610320582
0.1477861986437 0.1564818508177 0.036218587953700004 0.0637415237335 0.3404866374151 0.0304347826087 0.0 0.482489030714 0.1984842441164 0.1564818508177 0.0 0.2694854407657 0.17822098125250002 0.2260071798962 0.6736737136031999 0.3709214200238 0.2042680494614 0.1100917431192 0.2159154367772 0.1622656561625 0.3274032708415 0.26513761467880004 0.27387315516550004 0.1101316314322
0.6907737291947 0.1890058479532 0.2622222222222 0.0292397660818 0.17373669215767001 0.03235867446387 0.1274074074074 0.41141850352371 0.12787524366480002 0.033918128654940004 0.0074074074074 0.79895636527254 0.06900584795317 0.41998200629754 0.13138401559447 0.31004648373071 0.21316989053827 0.01169590643274 0.20550757234974 0.1307317438897 0.15508771929819998 0.16633678212627 1.2719328235115699 0.0307992202728
1.0329670329663 0.1560439560438 0.0461538461538 0.043956043956 0.197802197803 0.3604395604388 0.0461538461538 0.7560439560448 0.0659340659339 0.043956043956 0.0 0.6065934065937001 0.1120879120877 0.021978021978 0.27252747252709997 1.1120879120906 0.391208791208 0.043956043956 0.31428571428540003 0.1340659340659 0.021978021978 0.4285714285717 0.7450549450566 0.0461538461538
1.8217657754795602 0.3868653760333 0.051457417358700006 0.45569719620458 1.47546389109394 0.38619332985248 0.05584338227098 2.3046160813932803 0.44560557951007995 0.29938729678702 0.02596869872518 1.47686421659004 0.2996828800251 0.4895444364315801 2.9779768599932397 2.850235851714 0.7455830709348601 0.15520828631166 1.3603959367856597 0.45276760365367996 0.14982983670916 0.5957360705145001 1.4847238570638601 0.25258706856804003
1.6542700239672001 0.21954590087950002 0.1608472155571 0.39969489640880007 0.48962501988929996 0.1250227417229 0.0264900662251 1.120795475364 0.1798108015416 0.1913467981237 0.1175457069015 1.1364319551786999 0.0738010912223 0.5355217791228999 1.3021194335084 1.5315832613321 0.5211512288133 0.0207715133531 0.8847329028207 0.1815692834915 0.1493606643941 0.8083860064409001 1.0929405887937 0.0766356449488
0.293333333333 0.133333333333 0.0266666666667 0.0 0.1066666666667 0.0266666666667 0.0 0.18666666666639997 0.2933333333337 0.0266666666667 0.0 0.0533333333334 0.133333333333 0.0533333333334 0.16 0.0533333333334 0.0266666666667 0.0533333333333 0.1599999999997 0.0533333333333 0.0266666666667 0.0533333333334 0.0533333333333 0.0266666666667
0.7985380116952 0.0749999999999 0.0 0.1545321637425 0.45687134502919996 0.0 0.025 0.7802631578948 0.0499999999999 0.1276315789472 0.0 0.8321637426918 0.20730994152030002 0.025 0.3849415204689 0.8605263157899 0.317251461988 0.0499999999999 0.4597953216374 0.0350877192982 0.0222222222222 0.6752923976609001 0.6375730994151 0.025
0.3466666666668 0.1066666666665 0.0 0.0533333333333 0.2933333333328 0.133333333333 0.0 0.4266666666667 0.1333333333332 0.0799999999999 0.0 0.2399999999996 0.1866666666666 0.5333333333335999 0.1866666666663 0.3466666666662 0.0266666666666 0.0 0.0533333333333 0.240000000001 0.1066666666665 0.3466666666666 0.1599999999998 0.0
0.3414285714286 0.324761904762 0.047619047619 0.0 0.1838095238092 0.0714285714286 0.0238095238095 0.29666666666659997 0.3847619047619 0.23 0.0 0.368095238095 0.0533333333334 0.376666666667 0.4180952380956 0.4219047619048 0.1509523809523 0.0266666666667 0.3266666666666 0.0238095238095 0.4071428571428 0.1809523809523 0.3176190476192 0.0238095238095
0.19962441314548998 0.1081690140845 0.04694835680749 0.11755868544600001 0.10422535211247999 0.0 0.0938967136149 0.18328638497639002 0.0133333333333 0.00938967136149 0.0 0.49014084507118 0.00938967136149 0.14723004694839 0.07361502347408999 0.33051643192488 0.08694835680738 0.0 0.21295774647868998 0.0321126760563 0.0321126760563 0.1417840375587 0.5440375586857 0.02272300469479
1.5792207409563999 0.1602939759652 0.027087102610479998 0.23525936539048 0.5868522634480999 0.2200765753067 0.0578521063393 0.9964772788343401 0.2552294035541 0.28995959236768 0.0286532951289 1.0513172068455 0.28205546140478 0.64062560432978 1.2141736737942 1.23152874348386 0.24318204732158 0.0164383561644 0.69572612311126 0.16432965142849998 0.16046330138676002 0.8744082734606 0.8559259208847199 0.13286393648402
0.102564102564 0.0 0.0 0.051282051282 0.0 0.025641025641 0.0 0.179487179488 0.0 0.051282051282 0.0 0.0 0.051282051282 0.076923076923 0.0 0.12820512820500002 0.0 0.0 0.0 0.102564102564 0.0 0.051282051282 0.153846153846 0.025641025641
1.0685983502861 0.16752566692780002 0.0640333154661 0.2764437172179 1.5951966875501 0.3174357160375 0.195439739414 1.7974544657534002 0.1280666309322 0.2703244525363 0.025687543809 1.5491140542568003 0.15301199851570002 0.8967242251088 1.0902959373449 1.35286356327 0.44847105187189995 0.0390879478827 1.4582673440280998 0.3415902970219 0.381420421131 0.7133211952075 1.4867955564913 0.1828301219383
0.37142857142880004 0.27184873949669996 0.0 0.0857142857142 0.1142857142856 0.0285714285714 0.0 0.6605042016814 0.3184873949572 0.1012605042016 0.0147058823529 0.3151260504198 0.2016806722688 0.3731092436975 0.3436974789924 0.3436974789919 0.27184873949669996 0.0432773109243 0.18613445378170002 0.3453781512606 0.24747899159660003 0.10042016806710001 0.9584033613442 0.3029411764714
0.0 0.0 0.0 0.0 0.0 0.0 0.0 0.0 0.0 0.0 0.0 0.0 0.0 0.0 0.0 0.0 0.0 0.0 0.0 0.0 0.0 0.0 0.0 0.0
0.328293010752 0.0215053763441 0.010752688172 0.0430107526881 0.0645161290323 0.042002688172 0.0215053763441 0.5735887096783 0.03125 0.0840053763441 0.010752688172 0.23655913978530002 0.052755376344100005 0.2002688172042 0.052755376344 0.23454301075250003 0.1612903225812 0.0625 0.1280241935483 0.0537634408602 0.0 0.29032258064530003 0.285282258064 0.010752688172
1.9335454162323003 0.3127069999892 0.0235294117647 0.1637500198769 0.6963039758593 0.1792746056152 0.0624264772138 0.9750887281698 0.1234782938371 0.1859047710509 0.12457449985079999 1.3378647151506 0.2774123242173 0.4860133758006 0.7198544411353001 1.5697143064826002 0.46095237139159995 0.0470588235294 0.804095170661 0.18425165588349998 0.1889314305603 0.5051204139527 1.514947932518 0.12319983926
0.6294100636214 0.1897050318103 0.0 0.1328802776171 0.3426836321576 0.11451706188559999 0.0192307692308 0.8689994216315 0.0751879699247 0.6713418160786 0.0 1.3201272411804 0.2447946790048 0.37941006362100005 0.26402544823560004 0.4930595720068 0.1127819548872 0.11451706188559999 0.3016194331984 0.0944187391555 0.0760555234239 0.5280508964728 0.9126662810885 0.1145170618854
0.0 0.0 0.0 0.0 0.0 0.0 0.0 0.0 0.0 0.0 0.0 0.0 0.0 0.0 0.0 0.0 0.0 0.0 0.0 0.0 0.0 0.0 0.0 0.0
2.0270471468971003 0.8633368053742 0.0704231393816 0.3737037223545 1.0611820760638 0.0690382081686 0.0769994327849 1.6294040415849 0.5201830855759 0.515174107173 0.030487804878 1.1364392985913998 0.41008719813260003 1.0262915353870001 1.8835240347198 1.6730053082549 0.736922889859 0.1539362364539 1.0242216468787002 0.9934282473618 0.0996782786202 0.8002252786215001 1.5302220564120002 0.2950384204636
0.12980480480486 0.07905405405403002 0.0 0.07500000000030001 0.19774774774766002 0.0527777777778 0.0 0.34016516516512 0.44624624624660003 0.25052552552559 0.07147147147150001 0.07222222222216 0.30885885885873 0.18460960960963002 0.2361111111112 0.41088588588616004 0.02500000000003 0.108108108108 0.11719219219213 0.125 0.4492492492489 0.13385885885879 0.15277777777783 0.0333333333334
0.083916083916 0.09965034965030001 0.0113636363636 0.0 0.0 0.0909090909091 0.0 0.1634615384614 0.1975524475524 0.3881118881119 0.0 0.1407342657343 0.4361888111888 0.0568181818182 0.3033216783218 0.11800699300699999 0.1180069930069 0.3653846153845 0.0568181818182 0.0113636363636 0.11538461538460001 0.0839160839161 0.1363636363637 0.0227272727273
0.0 0.0 0.0 0.0 0.0 0.0 0.0 0.0 0.0 0.0 0.0 0.0 0.0 0.0 0.0 0.0 0.0 0.0 0.0 0.0 0.0 0.0 0.0 0.0
0.644402870638 0.26701220634209 0.0647549530761 0.09427405998889 0.26784334171609 0.3217413972889 0.0357142857142 0.86505857817528 0.23633993743459 0.1439029626449 0.0 1.08670183401799 0.31491136600580005 0.6052475004611 0.5261976323377999 0.572670674109 0.11013310433639999 0.0147058823529 0.5405906888299 0.1017788137152 0.1147058823527 0.38760044163639 0.60498374532428 0.07872784150159
0.1975308641976 0.0 0.0 0.0 0.1481481481482 0.0246913580247 0.0 0.1234567901235 0.0493827160494 0.1234567901235 0.0 0.1481481481482 0.0493827160494 0.1481481481483 0.2469135802464 0.172839506173 0.0987654320988 0.1728395061729 0.0246913580247 0.0493827160494 0.0246913580247 0.0493827160494 0.0987654320988 0.0493827160494
0.29087301587285996 0.1249999999999 0.08174603174600001 0.033333333333300005 0.17420634920612998 0.07499999999993 0.111111111112 0.56428571428626 0.19682539682523 0.025 0.0 0.64365079365109 0.17420634920623002 0.52103174603156 0.20753968253956 0.2567460317463 0.07420634920633 0.0166666666667 0.35873015873010006 0.1583333333337 0.05 0.18095238095226002 0.62380952381006 0.056746031746030004
0.10714285714275 0.02142857142855 0.0 0.0142857142857 0.042857142857150005 0.00714285714285 0.0 0.057142857142899996 0.0142857142857 0.0428571428571 0.0214285714286 0.1285714285713 0.02857142857145 0.0142857142857 0.0642857142859 0.1499999999999 0.0357142857143 0.00714285714285 0.0642857142859 0.0571428571428 0.00714285714285 0.04285714285715 0.07142857142875 0.0
1.43105878265102 0.15500676550050999 0.057357276869399995 0.29578721751570003 1.0758414394154099 0.2403039799952 0.0753119061389 1.5853654288824401 0.2827260499366 0.32130924165511 0.0 0.89388040399452 0.28015284801752 0.30373568507622 1.6142578060816999 2.6527791614065004 1.15492673080251 0.0778269783984 0.9246313117359201 0.3791882639628 0.16799173505671 0.5277580249955101 1.46514700884111 0.0376559530694
0.50065337139613 0.1474435866851 0.02521064247071 0.07397839518580002 0.27842221418111 0.01451545530491 0.0106951871658 0.43664810421782 0.042780748663100006 0.08386440700681 0.0 0.49169883264332 0.053179964170599996 0.19078109712761002 0.4311826804085 0.5812978301371999 0.1679896041349 0.01451545530491 0.37719354089292007 0.1425617296362 0.04906372437321 0.33105379312850003 0.51524756633132 0.0400220694338
0.23280861640359998 0.0281690140845 0.0281690140845 0.0140845070422 0.0 0.0281690140844 0.0 0.0704225352113 0.0704225352111 0.1739850869919 0.0 0.18558409279190002 0.0422535211267 0.056338028169 0.0563380281691 0.0563380281689 0.0563380281689 0.1458160729075 0.3951946975977 0.0 0.0422535211267 0.1292460646229 0.17398508699229998 0.0140845070422
0.7655676555333 0.1724564412747 0.0617140195621 0.2888264849189 0.44860122345470005 0.19685835515039998 0.0181818181818 0.8890814978977 0.1523438105425 0.19684141819790002 0.0896643847052 0.9452880520186001 0.0987637622722 0.33499254214859997 0.5410269704994 0.929861923894 0.45149744228 0.150446871897 1.2375168670480001 0.1293310463121 0.08994368463380001 0.7849338619996999 0.9810761515733 0.045183714002
0.0779220779221 0.0324675324676 0.0 0.0259740259741 0.045454545454599996 0.0194805194805 0.0 0.12337662337659999 0.0324675324675 0.012987012987 0.0 0.05194805194799999 0.0454545454546 0.1233766233765 0.038961038961 0.1363636363636 0.025974025974 0.0 0.0324675324675 0.051948051948 0.0324675324676 0.025974025974 0.0324675324676 0.0324675324675
0.3288288288287 0.3417280917278 0.243243243243 0.0 0.19696969697 0.0151515151515 0.0 0.8910728910735001 1.3147010647048 0.7516380016384001 0.0 0.3644553644551 0.3212530712528 0.2886977886975 0.6638001638005 0.40233415233379993 0.33415233415210005 0.405405405406 0.36977886977849994 0.3341523341521 0.1795659295658 0.081081081081 0.17199017199 0.0
0.10549074818986 0.03097345132746 0.01769911504426 0.0404263877716 0.03791230892996 0.00884955752212 0.0 0.15667739340292 0.0 0.013274336283179998 0.0 0.33668543845538 0.0113636363636 0.20524939662154001 0.046761866452099995 0.24698310539026003 0.12379324215620001 0.0 0.20786403861632 0.01578841512466 0.0473652453741 0.08779163314562 0.2299879324218 0.029062751407840003
1.14159289836898 0.2719963351031 0.1200069760231 0.20017882270139997 0.71342457150029 0.1740003517822 0.0495426829268 0.8262398837725999 0.02610518292679 0.1583020637896 0.0576923076922 1.30109787897109 0.0925873294749 0.44618350915787997 1.5817407065881 1.12593336605928 0.50368899457869 0.0091463414634 0.6334725888007999 0.0810371418576 0.037992495309499996 0.8982233500029 1.43219171343969 0.1176225077112
0.0833333333331 0.06666666666650001 0.0666666666667 0.0 0.0166666666666 0.0 0.0 0.1499999999999 0.0166666666666 0.0166666666666 0.0 0.1666666666669 0.0666666666667 0.0666666666667 0.0166666666666 0.0166666666666 0.0 0.0333333333333 0.0166666666666 0.0666666666667 0.0 0.0833333333332 0.0333333333332 0.0166666666666
1.23296646634508 0.2138018553973 0.02100341665168 0.07682925981158 0.68229984339118 0.18245174977168 0.023097916528 0.87081178676932 0.14388898879099998 0.14388898879098 0.02343530963964 0.69201651994298 0.0799222287021 0.55985204113236 0.5835134054814 0.9692607653343599 0.2431832715542 0.0 0.72561505194428 0.1233068167781 0.10877106181788 0.4498708613621 0.79306439909854 0.057147994964980006
0.2142857142858 0.16596638655469997 0.0 0.107142857143 0.20700280112049999 0.1445378151261 0.0214285714286 0.6301120448174 0.1427170868348 0.1819327731093 0.0214285714286 0.2767507002803 0.0998599439777 0.208823529412 0.1053221288516 0.2731092436975 0.0642857142857 0.0196078431373 0.1053221288516 0.1463585434175 0.185574229692 0.1659663865548 0.469607843138 0.0428571428571
0.0714285714285 0.0 0.142857142857 0.0 0.0 0.0 0.0 0.0 0.0 0.0 0.0 0.0 0.0 0.0714285714285 0.142857142857 0.0 0.0 0.0 0.0714285714285 0.0714285714285 0.0 0.428571428572 0.0 0.0
0.1585365853658 0.0365853658536 0.0121951219512 0.1463414634146 0.1097560975609 0.0 0.0121951219512 0.2317073170731 0.0243902439024 0.0121951219512 0.0 0.2073170731706 0.0121951219512 0.0731707317073 0.08536585365839999 0.1585365853657 0.1097560975613 0.0 0.1097560975609 0.0243902439024 0.0 0.23170731707250003 0.2317073170731 0.0121951219512
0.6318658901711 0.1312429124204 0.0 0.0927219736504 0.66354621859019 0.17352176131879 0.0578856374463 0.9951950752070899 0.14553662113288 0.12914422822760002 0.0246913580247 0.71940048119388 0.17199356070278998 0.22900198962789 0.4789202579989 0.684215830852 0.46121178700689003 0.0372670807452 0.2859278271461 0.16583024143749 0.1853918494421 0.5171945302869799 0.79667569267529 0.22161719469088997
0.1123688155921 0.1040479760118 0.0 0.0347826086956 0.09542728635671001 0.026011994002970003 0.0346326836581 0.34707646176934 0.0695652173912 0.12068965517234001 0.00862068965517 0.45142428785600996 0.1217391304348 0.13020989505247 0.13020989505247 0.33770614692691 0.06926536731627 0.0258620689655 0.06064467766111001 0.0606446776611 0.00862068965517 0.17331334332844 0.45989505247459994 0.0172413793103
0.0 0.0 0.0 0.0 0.0909090909091 0.0 0.272727272727 0.0909090909091 0.0 0.0 0.0 0.181818181818 0.0 0.0909090909091 0.0 0.0 0.0 0.0 0.0 0.0909090909091 0.0909090909091 0.0 0.0 0.0909090909091
0.70825140240451 0.29660429600881 0.036772551916600005 0.191856551151 0.5253754675375999 0.2550219110937 0.026958413926409998 1.2793639376095198 0.27554696296410996 0.41042240988071 0.0185185185185 0.5819929464310101 0.25703973030981003 0.51998007342701 0.5964607531482 1.0259596832545301 0.43834045747181 0.08840809567980001 0.55501853109541 0.17279308844590002 0.24470713772410002 0.26923742862551003 1.0429897568089002 0.18237989456870002
0.10056568196099999 0.1238214959145 0.0 0.0232558139535 0.0600251414205 0.0 0.046511627907 0.3406662476436001 0.3909490886239 0.1741043368951 0.0232558139535 0.166561910748 0.1200502828409 0.2671275927094 0.16059082338140002 0.1703331238214 0.0502828409805 0.0135135135135 0.234129478316 0.0697674418604 0.1508485229414 0.110307982401 0.18981772470199998 0.0135135135135
0.0555555555556 0.0277777777778 0.0 0.0 0.108187134503 0.0277777777778 0.0 0.16666666666680002 0.1330409356728 0.2690058479534 0.0 0.16374269005859998 0.0 0.108187134503 0.0555555555556 0.0804093567252 0.0 0.2383040935678 0.0277777777778 0.0 0.2134502923978 0.213450292398 0.08333333333340001 0.0277777777778
0.0 0.0 0.0 0.0 0.0 0.0 0.0 0.0 0.0 0.0 0.0 0.0 0.0 0.0 0.0 0.0 0.0 0.0 0.0 0.0 0.0 0.0 0.0 0.0
0.9047876506374 0.30694413957850003 0.1029882173963 0.17664738319489998 0.5664576273106999 0.2617183761263 0.15409922775840001 1.4989316558713999 0.0550724637681 0.18439598414199998 0.0 1.0174306513474 0.384425211348 0.9175439890632999 0.7830253130045 1.334617918881 0.49344126551179995 0.047619047619 0.6025242828956001 0.154345060475 0.0832409010498 0.818705620845 1.119291980429 0.031746031746
0.19104084321460002 0.2252964426876 0.0 0.152173913044 0.1429512516469 0.086956521739 0.0434782608695 0.5691699604736 0.2905138339918 0.0 0.0 0.5164690382082 0.19104084321499998 0.35573122529620005 0.1389986824768 0.42490118577040004 0.060606060606 0.060606060606 0.1646903820816 0.225955204217 0.2081686429511 0.4038208168641 0.35177865612619996 0.19565217391349998
0.076064908722 0.0564570655847 0.0713319810682 0.0588235294117 0.09093982420529999 0.0564570655848 0.120689655173 0.2329276538205 0.0760649087219 0.1081812035157 0.0 0.3654496281274 0.07133198106809999 0.410074374578 0.11528059499650001 0.09567275185919999 0.1717376605818 0.0 0.1497633536172 0.1152805949966 0.0 0.1717376605814 0.36849222447560004 0.0172413793103
0.0 0.0 0.0 0.0 0.0 0.0 0.0 0.0 0.0 0.0 0.0 0.0 0.0 0.0 0.0 0.0 0.0 0.0 0.0 0.0 0.0 0.0 0.0 0.0
1.0576416018266301 0.33813052397578 0.07503848193854999 0.19993197663528 0.75951949393315 0.12685848555218 0.01738753073913 1.02823498075155 0.23658835863356 0.20263451536420998 0.0 0.65002697906598 0.13050783785628 0.39034333729826 0.5662217999195 2.1513047133253203 0.62311691765578 0.04799484844323 0.5940532854533099 0.3373837914196 0.07187207411416 0.33977216916574 0.94042948012973 0.11500681680053002
0.6542032930239999 0.2660308905258 0.0393352717301 0.1823736468086 0.6583513721305 0.0836696260424 0.0225988700565 1.1219343894339 0.16234016950269997 0.1547509295185 0.0167364016736 1.0674330200615 0.0393352717301 0.5379613964111001 0.43840637216949996 1.0884739684119 0.3505886670208 0.0393352717301 0.9128509404381999 0.3088073231326 0.1958129728499 0.7075407237810001 0.8674595857767 0.0836696260425
0.0 0.0 0.0 0.0 0.0 0.0 0.0 0.0 0.0 0.0 0.0 0.0 0.0 0.0 0.0 0.0 0.0 0.0 0.0 0.0 0.0 0.0 0.0 0.0
0.0 0.0 0.0 0.0 0.0 0.0 0.0 0.0 0.0 0.0 0.0 0.0 0.0 0.0 0.0 0.0 0.0 0.0 0.0 0.0 0.0 0.0 0.0 0.0
0.05921052631571 0.019736842105209998 0.0 0.01315789473682 0.01315789473682 0.0131578947368 0.0 0.16447368421053 0.03947368421052 0.0131578947368 0.0 0.07894736842121 0.0 0.12500000000011 0.05921052631571 0.16447368421073 0.0 0.00657894736841 0.039473684210419996 0.105263157895 0.0 0.019736842105209998 0.03947368421051 0.0263157894736
0.0 0.063829787234 0.0 0.0212765957447 0.0 0.0425531914893 0.0 0.0212765957447 0.0851063829786 0.0425531914894 0.0 0.0212765957447 0.0 0.1276595744682 0.0212765957447 0.10638297872329999 0.0 0.0212765957447 0.0212765957447 0.148936170213 0.08510638297869999 0.0212765957447 0.10638297872329999 0.0425531914893
0.273226515054 0.096976353534 0.045871559633 0.158547615971 0.1710169272516 0.1303786018865 0.0 0.4744152991346 0.051104793901 0.045871559633 0.0 0.902959038636 0.0 0.7351725029076 0.1303786018865 1.1878795710039998 0.41084119395249996 0.0 0.6808373174825 0.0688073394495 0.137614678899 0.193952707068 1.075978808632 0.0281690140845
1.0285866070864 0.25208597965269997 0.0183486238532 0.3219669362222 0.8380922725853 0.3148763291758 0.033973623853200005 1.1284912587036 0.1331708715596 0.0550458715596 0.0 1.0159797129669 0.08549110735550002 0.3723703242791 0.6192935924390001 0.7222108399317 0.5491671372919 0.0366972477064 0.5569209544616001 0.1301676148932 0.09809800147520001 0.5442356817687 0.9706900529527 0.17403935822670002
0.3230769230775 0.0 0.0 0.0461538461538 0.0 0.0923076923077 0.0461538461538 0.4615384615386 0.27692307692359996 0.1384615384615 0.0 0.4153846153848 0.0461538461538 0.138461538461 0.0923076923077 0.32307692307659996 0.0 0.0 0.2307692307692 0.138461538461 0.0461538461538 0.0923076923076 0.0923076923077 0.0
1.5666118593885 0.2813747689079 0.1309612203927 0.3642140199226 1.372018454004 0.31976142265060004 0.1952810405073 2.6780054399143998 0.4361242330009 0.49001244498170005 0.0 2.1793585766342 0.11367394037339999 1.0242917948705001 1.2268535928582 1.6563095707937998 0.7359524269224 0.068734225357 1.3612355663020999 0.5201474132077 0.031055900621 0.9372857419466999 1.8327005336326 0.4780358128022
0.20625 0.2026785714285 0.0 0.0562499999999 0.0749999999999 0.1125 0.0 0.47857142857099993 0.39464285714249997 0.19910714285699999 0.0 0.2999999999999 0.2535714285715 0.3321428571426 0.4428571428573 0.3883928571428 0.13125 0.1633928571429 0.054464285714299995 0.251785714286 0.3625000000006 0.1464285714286 0.3732142857141 0.075
0.0 0.0 0.0 0.0 0.0 0.0 0.0 0.0 0.0 0.0 0.0 0.0 0.0 0.0 0.0 0.0 0.0 0.0 0.0 0.0 0.0 0.0 0.0 0.0
0.07655502392355 0.043062200957 0.0 0.057416267942600005 0.06220095693772 0.02870813397131 0.00478468899521 0.14354066985643998 0.0 0.0 0.0 0.12440191387561 0.00956937799042 0.01913875598084 0.0526315789473 0.08612440191393 0.038277511961710003 0.0 0.03349282296653 0.0191387559809 0.0 0.08133971291881001 0.1052631578947 0.01435406698563
0.94316338018947 0.19692481935847 0.0 0.32622495128026996 0.79316775584364 0.09413737940827 0.0882352941176 0.90218381209714 0.1413934426229 0.29661998535386996 0.04579070627387 0.8338900315612001 0.14054966248747 0.5547542800135401 0.57011630976517 1.2729346658087002 0.30788520980467 0.10838469123617 0.33247537373897 0.3613064725454 0.20049280392944 0.73099955421007 1.5406736250683402 0.21769579328237
0.1945578231291 0.09909297052140001 0.0 0.0102040816326 0.1092970521541 0.1297052154196 0.088888888889 0.334467120181 0.0426303854874 0.22993197278920002 0.0 0.2102040816324 0.0990929705216 0.20476190476170003 0.2648526077103 0.17233560090690003 0.0222222222222 0.0630385487528 0.05283446712010001 0.0630385487528 0.0444444444444 0.2149659863946 0.3494331065759 0.0
0.0 0.0 0.0 0.0 0.0 0.0 0.0 0.0 0.0 0.0 0.0 0.0 0.0 0.0 0.0 0.0 0.0 0.0 0.0 0.0 0.0 0.0 0.0 0.0
1.0527062177186202 0.3254260132856 0.1048612404544 0.35329545616131 0.8130349812533101 0.1513155283844 0.0508474576271 1.5282572048487302 0.18491582639141 0.26704153509901 0.0 0.71277031400242 0.1875565002186 0.5854007742705999 0.70304979898281 1.0865692015478001 0.53560423864331 0.11221367979821001 0.4963237583121 0.1621538626268 0.063829787234 0.24030023819371 1.0943126223652 0.18821376257779998
0.1967213114754 0.1639344262295 0.0 0.0327868852459 0.0983606557377 0.0327868852459 0.0 0.1639344262295 0.19672131147580002 0.0 0.0 0.0655737704918 0.1639344262295 0.1311475409836 0.0655737704918 0.0327868852459 0.0327868852459 0.09836065573769999 0.0655737704918 0.196721311476 0.19672131147539998 0.0 0.0655737704918 0.0
0.3452813067154 0.15789473684150002 0.118421052631 0.1479128856624 0.11343012704170001 0.355263157896 0.0 0.23185117967320001 0.1429219600726 0.29083484573490004 0.0 0.1529038112522 0.0394736842105 0.1184210526315 0.0689655172414 0.8534482758605999 0.0 0.1084392014519 0.07395644283120001 0.0 0.1084392014519 0.1873865698724 0.31079854809420004 0.07395644283120001
0.0 0.0 0.0 0.0 0.0 0.0 0.0 0.0 0.0 0.0 0.0 0.0 0.0 0.0 0.0 0.0 0.0 0.0 0.0 0.0 0.0 0.0 0.0 0.0
0.5596513758105 0.2134664518107 0.0600530856005 0.11570329453540001 0.2845597422242 0.0816953316953 0.19805352798069997 0.8504486442985 0.1453107719531 0.1954045837334 0.0227272727273 0.9820156120203001 0.2123875241206 0.31164200951439996 0.3550795094746 0.6543208748286 0.2066370928384 0.0281120536595 0.362535316946 0.1055076310552 0.0 0.4958672193493 0.44131508077020004 0.1175059930535
0.0441176470588 0.0441176470588 0.0 0.0294117647058 0.0294117647058 0.0441176470588 0.0294117647059 0.22058823529459998 0.0 0.0735294117647 0.0 0.0294117647058 0.0588235294117 0.0882352941176 0.0735294117647 0.0441176470588 0.0 0.0 0.0294117647058 0.0 0.0294117647059 0.0 0.0588235294117 0.0735294117648
0.26315567549321 0.2512146042992 0.0555555555555 0.06382001836541 0.09688606847690001 0.16897874852391 0.21088435374159997 0.65745816232801 0.1339285714285 0.2132854519217 0.0 0.47295075054802 0.19377213695370002 0.7311097992926001 0.30280190588722 0.26514800134920996 0.18968207117539998 0.0 0.23079824216201 0.36474321133480003 0.0535714285714 0.3640099979383 0.66905136710311 0.047193877551000005
0.08139534883720001 0.0232558139534 0.0 0.0 0.0697674418605 0.0232558139535 0.0 0.1046511627906 0.0 0.0232558139534 0.0348837209302 0.1511627906975 0.0116279069767 0.0232558139534 0.0348837209302 0.09302325581390002 0.0116279069767 0.0116279069767 0.08139534883720001 0.104651162791 0.0 0.0581395348837 0.0348837209302 0.0232558139535
0.9258781506359 0.20241414363770002 0.0171673819742 0.24213944092640002 1.0199710647895 0.2338998933293 0.0498912823451 0.9115442240359999 0.20594546831600002 0.243847985198 0.0171673819742 1.0248842809982 0.12913372487 0.43837347758450007 1.0062223245525999 1.6523351521564 0.7763654483158999 0.046579146679999996 0.6406645492333 0.36353822846500006 0.15864317026980002 0.3790455279419 1.0907688152949 0.2235797364751
0.5492630090079 0.1221804511278 0.0178571428571 0.2276390233012 0.3107180078911 0.1062681456116 0.0 0.5134184471082 0.0535714285714 0.0178571428571 0.0 0.5942455147764 0.009900990099 0.2836577830717 0.237344599122 0.4256402143976 0.1927994491178 0.0 0.347502419415 0.10576565175319999 0.072870914911 0.33071540236740005 0.3955650264276 0.0852192362093
0.0 0.0 0.0 0.0 0.0 0.166666666667 0.0 0.0 0.5 0.0 0.0 0.0 0.333333333333 0.0 0.0 0.0 0.0 0.0 0.0 0.0 0.0 0.0 0.0 0.0
0.2702914389801 0.0769581056466 0.0491803278688 0.0663934426229 0.10417122040068 0.00999999999999 0.0 0.34001821493608997 0.07417122040068999 0.00999999999999 0.0 0.18335154826949998 0.0655737704918 0.20446265938049998 0.06999999999999 0.6247723132971901 0.1425318761384 0.0555555555555 0.17194899817839998 0.02 0.02999999999999 0.18531876138439 0.23530054644797002 0.00999999999999
0.050847457627 0.08474576271180001 0.0 0.0 0.0254237288135 0.01694915254234 0.00847457627117 0.12711864406761 0.05932203389824 0.00847457627117 0.0 0.05932203389817 0.0169491525423 0.08474576271197 0.05084745762697 0.1440677966105 0.00847457627117 0.00847457627117 0.0338983050846 0.0593220338985 0.02542372881347 0.0254237288135 0.0677966101694 0.0338983050847
0.1956521739132 0.0884057971015 0.0 0.0217391304348 0.21884057971030002 0.0217391304348 0.0434782608696 0.26521739130440003 0.19999999999969997 0.0666666666667 0.0 0.0434782608696 0.15507246376779998 0.1536231884059 0.0 0.1304347826088 0.0217391304348 0.0 0.0434782608696 0.0217391304348 0.22173913043449997 0.0 0.0652173913044 0.0217391304348
0.1352657004831 0.05797101449269999 0.0 0.0772946859904 0.1739130434782 0.0 0.0386473429951 0.5217391304345 0.0193236714976 0.0193236714976 0.0 0.6376811594206 0.0386473429951 0.7922705314013 0.096618357488 0.27053140096559997 0.1932367149759 0.0 0.3091787439616 0.0193236714976 0.0386473429951 0.096618357488 0.4444444444456 0.0193236714976
0.62740473491071 0.16910982749512 0.0162601626016 0.09999240179300001 0.36798501994173005 0.2097120844721 0.051211913988200006 0.8775077758610501 0.11382113821130001 0.09222181774060001 0.0 0.8042002456755499 0.12590891843202 0.51757468313592 0.4544577649164 0.54216969227334 0.36164631248713 0.0 0.26425483090176 0.053165554623910004 0.07634008543474 0.42418756995212004 0.56118254700567 0.18968491814354
0.0 0.0 0.0 0.0 0.0 0.0 0.0 0.0 0.0 0.0 0.0 0.0 0.0 0.0 0.0 0.0 0.0 0.0 0.0 0.0 0.0 0.0 0.0 0.0
0.48728267809599 0.0661799340555 0.12426099938520001 0.08112720247177 0.32874707959380006 0.0151515151515 0.0811388452009 0.7011207634022399 0.021726330664109998 0.190303030303 0.0710880829015 0.3904692557232 0.08615801297137 0.34765561390402 0.18045813192682 0.9779865089687001 0.2770487815512 0.04378787878787 0.5071491823068901 0.1734801381693 0.09260601229507001 0.22165527675087 0.38594570997905 0.1474730354391
0.0 0.0 0.0 0.0 0.0 0.0 0.0 0.0 0.0 0.0 0.0 0.0 0.0 0.0 0.0 0.0 0.0 0.0 0.0 0.0 0.0 0.0 0.0 0.0
0.0 0.0 0.125 0.0 0.0 0.0 0.0 0.0 0.5 0.0 0.0 0.0 0.0 0.375 0.0 0.0 0.0 0.0 0.0 0.0 0.0 0.0 0.0 0.0
0.0439560439561 0.010989010989 0.0 0.021978021978 0.021978021978 0.032967032967 0.021978021978 0.1318681318681 0.010989010989 0.0 0.0 0.07692307692309999 0.0 0.054945054945 0.032967032967 0.1868131868136 0.032967032967 0.0 0.032967032967 0.021978021978 0.010989010989 0.1428571428571 0.0989010989012 0.010989010989
0.3898526496018 0.12447396490420001 0.027027027027 0.0640968175706 0.4311698039851 0.0325233186058 0.0103092783505 0.1884854054285 0.060670919366600004 0.1115074702031 0.0 0.3348538235359 0.1644144144145 0.18485716939309998 0.1524780687712 0.5177206405359001 0.23621636620269998 0.0 0.21808499284970004 0.08128947606760001 0.1022599246489 0.1116304881433 0.3376605939357 0.1184173864585
0.217803030303 0.21780303030300002 0.0 0.060606060606 0.165909090909 0.11249999999999999 0.0 0.56553030303 0.0 0.225 0.0 0.754545454546 0.060606060606 0.4761363636359999 0.173106060606 0.285606060606 0.067803030303 0.075 0.181818181818 0.067803030303 0.0375 0.564015151515 0.615909090909 0.075
0.0 0.0 0.0 0.0 0.0 0.0 0.0 0.0 0.0 0.0 0.0 0.0 0.0 0.0 0.0 0.0 0.0 0.0 0.0 0.0 0.0 0.0 0.0 0.0
1.1162980078547 0.366465962907 0.0606781004131 0.3862405224159 0.7778353912463 0.1862727657427 0.2116752514101 1.4896546763257 0.2023809523808 0.5250689340098 0.0208333333333 1.1234018158691 0.15786528286520002 0.33310490098629997 1.0113552439709999 1.1599137617351 1.0530252798468 0.0 0.7196371968725 0.09361969585470001 0.049832112332 0.5643828822633999 1.1660543129913001 0.2244036163737
0.07417582417570001 0.21428571428569998 0.0 0.0178571428571 0.0384615384615 0.0563186813186 0.0178571428571 0.2678571428573 0.4244505494508 0.125 0.0 0.0357142857143 0.09203296703290001 0.38049450549409997 0.1840659340659 0.2458791208795 0.1332417582417 0.0535714285714 0.0535714285714 0.1277472527473 0.20467032967030002 0.10989010989 0.0535714285714 0.0892857142858
0.2873949579838 0.342857142858 0.0 0.114285714286 0.0588235294118 0.685714285715 0.0 0.4621848739486 0.5781512605036 0.2302521008402 0.0571428571428 0.1714285714284 0.0 0.4621848739498 0.1714285714288 0.5159663865556 0.0 0.0571428571428 0.114285714286 0.0 0.1176470588236 0.171428571428 0.2873949579838 0.114285714286
0.0 0.0 0.0 0.0 0.0 0.0 0.0 0.0 0.0 0.0 0.0 0.0 0.0 0.0 0.0 0.0 0.0 0.0 0.0 0.0 0.0 0.0 0.0 0.0
0.1685136897 0.08425684485 0.0 0.099358974359 0.234463276836 0.0288461538461 0.0192307692308 0.40487831377674 0.03525641025638 0.08105171664488 0.0 0.3672859626249 0.05220556279878 0.20148848326798002 0.13097566275528 0.41123424598015995 0.13233376792697998 0.0 0.19600173837465998 0.00961538461538 0.0 0.23310517166448003 0.1098978704911 0.0
0.0 0.1921921921921 0.0 0.138138138138 0.135135135135 0.0277777777778 0.0277777777778 0.1659159159159 0.21771771771760004 0.08108108108100001 0.0 0.21846846846829998 0.0555555555555 0.1366366366365 0.0 0.1629129129129 0.0 0.054054054054 0.0277777777778 0.0 0.1096096096095 0.0277777777778 0.1103603603603 0.111111111111
0.1 0.0 0.1 0.0 0.0 0.0 0.2 0.0 0.1 0.0 0.0 0.1 0.0 0.1 0.0 0.0 0.0 0.0 0.0 0.0 0.0 0.2 0.1 0.0
0.2500000000004 0.0681818181818 0.0227272727273 0.0 0.15909090909100002 0.0 0.0 0.0681818181819 0.0227272727273 0.0227272727273 0.0 0.2045454545453 0.0681818181818 0.0909090909091 0.0681818181819 0.36363636363690005 0.0 0.0 0.0909090909092 0.0909090909092 0.0454545454546 0.0681818181818 0.25000000000050004 0.0454545454545
0.6745318086934 0.20011796065709997 0.027315368343600002 0.283160162135 0.6729227811856001 0.2259728318246 0.047697952420300005 0.8329583310693001 0.1447128020205 0.17836339997759998 0.0 0.8320134219449 0.197178581141 0.2784294880139 0.3385654600731 1.4576063745677001 0.38401431250250007 0.0690721223158 0.402095194438 0.2986814803043 0.1310736941382 0.44466334908750005 0.8097810008271 0.0690721223158
0.45467032967130006 0.12413003663000001 0.0 0.2677655677659 0.33933150183140004 0.057142857142800006 0.026373626373600002 0.4161630036628 0.0 0.0933608058608 0.021978021978 0.4983516483516999 0.0318223443223 0.2931776556777 0.1669413919412 0.4851648351648 0.2777014652013 0.0208333333333 0.42591575091580003 0.0659340659341 0.051602564102500005 0.408333333334 0.4579212454214 0.0153846153846
0.0 0.0 0.0 0.0 0.0 0.0 0.0 0.0 0.0 0.0 0.0 0.0 0.0 0.0 0.0 0.0 0.0 0.0 0.0 0.0 0.0 0.0 0.0 0.0
1.0608695652184001 0.1869565217391 0.0 0.1739130434782 0.5782608695657 0.0 0.0 0.9217391304358 0.0 0.0434782608696 0.0 0.5347826086955 0.0 0.3608695652177 0.3608695652177 0.7304347826087 0.5043478260872 0.0 0.3173913043478 0.1434782608696 0.0434782608696 0.30434782608669997 0.6478260869571999 0.0869565217392
0.0934579439253 0.11214953271030001 0.0 0.0 0.0373831775701 0.14953271028 0.0 0.2616822429908 0.18691588785 0.07476635514010001 0.0 0.09345794392510001 0.0747663551402 0.1682242990651 0.1308411214954 0.16822429906550002 0.0 0.0 0.03738317757 0.0934579439253 0.0560747663551 0.0747663551401 0.1308411214953 0.0560747663551
0.1127450980393 0.1593137254902 0.0 0.0588235294118 0.2794117647059 0.0294117647059 0.0 0.44607843137250003 0.18872549019610002 0.1176470588235 0.0 0.1960784313726 0.0588235294118 0.1838235294119 0.1299019607844 0.2083333333335 0.0710784313726 0.0 0.0294117647059 0.1715686274509 0.11274509803919999 0.0 0.3627450980396 0.0833333333334
0.0916017316017 0.0652813852813 0.0133333333333 0.1056277056277 0.11792207792189999 0.0 0.038961038961 0.1828571428571 0.012987012987 0.012987012987 0.0 0.3793939393936 0.0393073593073 0.2751515151514 0.025974025974 0.39549783549820006 0.30147186147189997 0.012987012987 0.31376623376609997 0.0652813852814 0.1179220779221 0.1316017316017 0.3000865800864 0.0
1.0534021709691 0.393087883668 0.0340909090909 0.0761735714634 0.5658737129756 0.3295405748306 0.136363636364 1.5330842575353003 0.2195566778903 0.2316217732883 0.0 1.2504977729989 0.2878497619882 0.6585488400586 0.37987117552329996 1.1123874089897001 0.397286878446 0.0 0.33806909676460006 0.042082662372499996 0.0928731762065 0.7230830291929999 0.9651251815173001 0.1795298478706
0.45537757437110005 0.078947368421 0.0 0.0526315789474 0.1132723112128 0.0697940503433 0.0 0.35812356979439997 0.0526315789473 0.0434782608696 0.0 0.254004576659 0.184210526317 0.1224256292906 0.0697940503433 0.2093821510301 0.078947368421 0.0 0.1315789473683 0.1830663615563 0.0526315789473 0.0526315789474 0.2185354691075 0.2185354691081
1.0497784953143001 0.1456292189522 0.0 0.38153077850830003 0.913257793119 0.0924730727722 0.0825679108852 0.8656034773564 0.0531561461794 0.0924730727722 0.0531561461793 1.1806062967335 0.2392026578083 0.49177712856780004 0.5534362167316 0.9412654707857999 0.7206072178537 0.0265780730897 0.7959399727899 0.27851958440019997 0.0676283252154 0.4983811922035 1.263807167069 0.212624584718
0.134831460674 0.0449438202247 0.0 0.0224719101123 0.0449438202247 0.0898876404493 0.0 0.2696629213481 0.0 0.0449438202246 0.0 0.2921348314604 0.0 0.17977528089869999 0.1123595505618 0.2247191011236 0.067415730337 0.0 0.06741573033699999 0.0898876404495 0.0224719101123 0.0898876404494 0.2022471910113 0.0
0.0 0.0 0.0 0.0 0.0 0.0 0.0 0.0 0.0 0.0 0.0 0.0 0.0 0.0 0.0 0.0 0.0 0.0 0.0 0.0 0.0 0.0 0.0 0.0
0.179487179487 0.0897435897436 0.0 0.0641025641026 0.07692307692300002 0.0128205128205 0.025641025641 0.1794871794874 0.0128205128205 0.025641025641 0.0 0.217948717949 0.025641025641 0.051282051282 0.0897435897435 0.24358974358970004 0.0897435897436 0.0 0.11538461538450001 0.0512820512821 0.0 0.20512820512860003 0.20512820512820001 0.0384615384615
0.42013997996089997 0.07325268817189999 0.0 0.0753274766878 0.5433628818635 0.11580587966139999 0.0335535691152 0.49442510949740004 0.0553463855421 0.055346385542200005 0.1078729812867 0.5708193101851999 0.0 0.21439179849089998 0.4165652830962 0.5401403141739 0.23161175932260003 0.0 0.2067463401993 0.0335535691152 0.055346385542200005 0.2141630178916 0.4661221240487 0.0761067606044
0.1553398058251 0.0776699029125 0.0 0.0388349514562 0.09708737864059999 0.0776699029125 0.0 0.1941747572814 0.0 0.135922330098 0.0 0.3300970873786 0.0 0.0776699029125 0.0776699029125 0.0582524271843 0.0194174757281 0.0388349514563 0.0582524271844 0.0388349514563 0.0 0.1359223300971 0.3300970873787 0.0582524271844
0.0 0.0 0.0 0.0 0.0 0.0 0.0 0.0 0.0 0.0 0.0 0.0 0.0 0.0 0.0 0.0 0.0 0.0 0.0 0.0 0.0 0.0 0.0 0.0
0.25081907535479997 0.1667273389153 0.0 0.1199490353114 0.29013469239142 0.1159446669094 0.031852930469560004 0.40316709137178003 0.00746268656716 0.0671641791047 0.0 0.1721878412813 0.0467783036039 0.07662904987254 0.17619220968366003 0.34291954859848006 0.031852930469560004 0.0 0.12741172187832 0.00746268656716 0.08063341827446 0.1254095376775 0.34437568256275997 0.0149253731343
0.0687645687645 0.034382284382299996 0.0 0.0 0.08391608391609999 0.0687645687645 0.030303030303 0.1101398601398 0.2902097902102 0.1416083916084 0.0 0.1334498834498 0.1334498834498 0.1223776223776 0.1031468531468 0.083916083916 0.0798368298368 0.0879953379953 0.0151515151515 0.09207459207469999 0.1375291375291 0.053613053613099995 0.0949883449883 0.034382284382299996
0.0 0.0 0.0 0.0 0.0 0.0 0.0 0.0 0.0 0.0 0.0 0.0 0.0 0.0 0.0 0.0 0.0 0.0 0.0 0.0 0.0 0.0 0.0 0.0
0.0 0.0 0.0 0.0 0.0 0.0 0.0 0.0 0.0 0.0 0.0 0.0 0.0 0.0 0.0 0.0 0.0 0.0 0.0 0.0 0.0 0.0 0.0 0.0
0.051282051282 0.0128205128205 0.0 0.0128205128205 0.11538461538460001 0.025641025641 0.0 0.076923076923 0.0 0.0128205128205 0.0 0.0897435897435 0.0384615384615 0.0128205128205 0.14102564102600001 0.1410256410256 0.0384615384615 0.0 0.0897435897435 0.0512820512821 0.0128205128205 0.025641025641 0.025641025641 0.025641025641
0.3870967741931 0.0 0.0 0.2930107526881 0.4301075268818 0.3440860215053 0.0860215053763 0.4801075268822 0.1360215053762 0.1 0.0 0.25806451612840003 0.172043010753 0.3650537634407 0.4010752688171 0.394086021506 0.0860215053763 0.0 0.1360215053762 0.394086021505 0.05 0.1720430107525 0.22903225806400002 0.0860215053763
0.0 0.0422535211267 0.0 0.0 0.0140845070422 0.0140845070422 0.0 0.1830985915492 0.1267605633803 0.0 0.0140845070422 0.0422535211266 0.056338028169 0.0563380281688 0.0281690140844 0.0422535211267 0.0 0.0422535211266 0.0 0.18309859155 0.056338028169 0.0 0.0140845070422 0.0845070422536
0.0 0.0555555555556 0.0 0.0 0.0555555555556 0.0 0.0 0.111111111111 0.166666666667 0.0555555555556 0.0 0.0 0.0555555555556 0.0 0.16666666666660002 0.0 0.0 0.0 0.0555555555556 0.0 0.0 0.0 0.1111111111112 0.16666666666660002
0.35962689747309 0.22522566646790002 0.0232558139535 0.05543166613569 0.33675541578809 0.08577655221478 0.0479915433403 0.8341899586424799 0.1938934353317 0.14953744885248998 0.0178571428571 0.7115765093896799 0.12214018857848001 0.2661148185996 0.8666422661527 1.2733755263125 0.40787151695379004 0.0494129158513 0.37500799653648 0.2710282867819 0.0828491517465 0.44795480098408996 0.71360921678438 0.0828752642705
0.0350877192982 0.0175438596491 0.0 0.0526315789473 0.105263157895 0.0175438596491 0.0 0.0877192982457 0.0 0.0175438596491 0.0 0.10526315789480001 0.0175438596491 0.0526315789473 0.0175438596491 0.1578947368421 0.0175438596491 0.0 0.1754385964914 0.0350877192982 0.0 0.0526315789473 0.0350877192982 0.0
0.07692307692309999 0.0384615384616 0.0 0.0192307692308 0.1153846153846 0.0 0.0192307692308 0.153846153846 0.0576923076923 0.0384615384616 0.0 0.19230769230769998 0.0 0.0192307692308 0.0 0.07692307692309999 0.0192307692308 0.0384615384615 0.0 0.0769230769232 0.0 0.0192307692308 0.0384615384616 0.0
0.0 0.0 0.0 0.0 0.0 0.0 0.0 0.0 0.0 0.0 0.0 0.0 0.0 0.0 0.0 0.0 0.0 0.0 0.0 0.0 0.0 0.0 0.0 0.0
0.1121495327102 0.09345794392510001 0.0 0.130841121496 0.07476635514 0.03738317757 0.0 0.22429906542050002 0.09345794392500001 0.056074766355 0.0 0.1121495327101 0.130841121496 0.242990654205 0.149532710281 0.13084112149510002 0.018691588785 0.0 0.056074766355 0.130841121496 0.03738317757 0.018691588785 0.09345794392510001 0.0560747663551
0.4106840022616 0.1845675522895 0.0 0.0491803278688 0.2976257772756 0.0 0.0664217071791 0.49943470887520003 0.051724137931 0.1156020350479 0.0 0.10090446579969999 0.1647823629173 0.2829282080276 0.28038439796549997 0.3468061051444 0.1475409836065 0.0172413793103 0.29762577727559997 0.1009044657998 0.1328434143582 0.1353872244206 0.1845675522892 0.1328434143583
0.0173913043478 0.0521739130435 0.0 0.043478260869500004 0.0260869565217 0.0 0.0086956521739 0.0608695652174 0.0173913043478 0.0086956521739 0.0 0.139130434783 0.0 0.113043478261 0.0086956521739 0.0782608695651 0.1043478260872 0.0 0.095652173913 0.0 0.0521739130435 0.0608695652174 0.1043478260868 0.0086956521739
0.5966117216123 0.19297924297910002 0.0357142857143 0.12631257631249998 0.5560439560442 0.2443528693526 0.16071428571409999 0.5539987789987999 0.0400793650793 0.0640109890109 0.0 0.5447496947505001 0.0357142857143 0.28748473748479997 0.24255189255229997 0.2791208791212 0.19725274725319997 0.0178571428571 0.412851037851 0.09365079365090001 0.0178571428571 0.4203601953606 0.7294871794866 0.1502442002441
0.19607843137199998 0.0392156862745 0.078431372549 0.0 0.0 0.0 0.0392156862745 0.3137254901965 0.11764705882349999 0.0392156862745 0.0 0.431372549019 0.196078431373 0.078431372549 0.0 0.0392156862745 0.078431372549 0.078431372549 0.0392156862745 0.117647058823 0.0 0.0392156862745 0.0 0.078431372549
0.44299830004255997 0.29690820229478 0.0 0.1104972375691 0.32001699957498 0.0662983425414 0.07591372715678 0.6197938801531401 0.06342966425836 0.0883977900552 0.0 0.45936039099028003 0.0855291117722 0.2911708457287 0.2498406289841 0.48246918827016005 0.13934339141514002 0.0 0.2700807479814 0.0883977900553 0.08266043348908 0.36809392265198 0.37669995750098 0.0220994475138
0.11023622047246001 0.07086614173222999 0.0 0.0157480314961 0.08661417322829 0.0 0.00787401574803 0.11023622047256 0.00787401574803 0.00787401574803 0.0 0.11811023622063 0.0157480314961 0.03937007874019 0.01574803149606 0.09448818897646 0.04724409448823 0.0 0.04724409448826 0.0314960629922 0.02362204724413 0.0551181102364 0.09448818897653001 0.0
0.0 0.0 0.3 0.0 0.0 0.1 0.0 0.1 0.645454545455 0.1 0.0 0.1 0.1 0.0 0.0 0.0 0.0 0.0 0.190909090909 0.0 0.0 0.0 0.363636363636 0.0
0.08870967741949 0.0403225806452 0.0 0.0806451612904 0.05645161290329 0.0645161290324 0.00806451612903 0.11290322580656001 0.0 0.00806451612903 0.0 0.14516129032266 0.0 0.05645161290323 0.02419354838713 0.0806451612905 0.02419354838713 0.0 0.040322580645160006 0.0161290322581 0.00806451612903 0.0725806451614 0.07258064516136001 0.0
0.1071428571429 0.0651260504201 0.0357142857143 0.0294117647058 0.26050420168120003 0.0 0.0 0.15966386554610001 0.1470588235291 0.0588235294116 0.0 0.0651260504201 0.0 0.0714285714286 0.313025210085 0.1827731092435 0.1428571428573 0.0 0.107142857143 0.0588235294117 0.0294117647058 0.094537815126 0.0714285714286 0.0
0.0 0.0 0.0 0.0 0.0 0.0 0.0 0.0 0.0 0.0 0.0 0.0 0.0 0.0 0.0 0.0 0.0 0.0 0.0 0.0 0.0 0.0 0.0 0.0
0.0 0.0 0.0 0.0 0.0 0.0 0.0 0.0 0.0 0.0 0.0 0.0 0.0 0.0 0.0 0.0 0.0 0.0 0.0 0.0 0.0 0.0 0.0 0.0
0.4945467931526 0.0640516986308 0.0176991150442 0.1318292527378 0.19477529898430002 0.1712909415325 0.0331813576495 0.41896098032659995 0.0627852345985 0.22334373402899999 0.0161290322581 0.6460825588488001 0.0653181626633 0.1986779460418 0.302977387164 0.6193570223935 0.1481406442474 0.0 0.223295071152 0.068579587738 0.0737667033698 0.2244948677658 0.5092779065332 0.09143870314079999
0.1475409836066 0.1967213114754 0.0 0.0491803278689 0.0 0.0491803278689 0.0491803278689 0.49180327868960005 0.2459016393443 0.0983606557378 0.0 0.2459016393448 0.0983606557378 0.1967213114759 0.0983606557378 0.1967213114755 0.0983606557378 0.0 0.0983606557378 0.0983606557377 0.0983606557378 0.0983606557378 0.2459016393443 0.0983606557378
0.0 0.0 0.0 0.0 0.0 0.0 0.0 0.0 0.0 0.0 0.0 0.0 0.0 0.0 0.0 0.0 0.0 0.0 0.0 0.0 0.0 0.0 0.0 0.0
0.0 0.0 0.0 0.0 0.0 0.0 0.0 0.0 0.0 0.0 0.0 0.0 0.0 0.0 0.0 0.0 0.0 0.0 0.0 0.0 0.0 0.0 0.0 0.0
0.037037037037 0.0 0.0 0.074074074074 0.259259259259 0.0 0.0 0.407407407407 0.0 0.037037037037 0.037037037037 0.074074074074 0.037037037037 0.0 0.037037037037 0.481481481481 0.074074074074 0.0 0.18518518518500002 0.111111111111 0.0 0.037037037037 0.111111111111 0.0
0.0 0.0 0.0 0.0 0.0 0.0 0.0 0.0 0.0 0.0 0.0 0.0 0.0 0.0 0.0 0.0 0.0 0.0 0.0 0.0 0.0 0.0 0.0 0.0
0.0263157894737 0.105263157895 0.0 0.0263157894737 0.0526315789474 0.0 0.0 0.07894736842109999 0.07894736842109999 0.0263157894737 0.0 0.0263157894737 0.0526315789474 0.078947368421 0.0263157894737 0.0263157894737 0.0263157894737 0.0 0.0263157894737 0.210526315789 0.0526315789474 0.0263157894737 0.0526315789474 0.0
0.0322580645161 0.0 0.0 0.0 0.1290322580644 0.0322580645161 0.0 0.1935483870966 0.0 0.0322580645161 0.0322580645161 0.0322580645161 0.0645161290322 0.0322580645161 0.0 0.2903225806462 0.0322580645161 0.0 0.0967741935483 0.0 0.0 0.0 0.0 0.0
0.3222945002953 0.0468657599053 0.0 0.4513601419273 0.2885866351268 0.0131578947368 0.0 0.44973388527450003 0.0131578947368 0.0600236546421 0.0337078651685 0.281194559432 0.0263157894737 0.1184210526315 0.19485511531670002 0.4554997043171 0.3354523950321 0.0337078651685 0.1611472501476 0.0526315789474 0.0468657599053 0.12004730928440001 0.49497338852710004 0.0
0.090909090909 0.181818181818 0.0 0.0454545454545 0.0454545454545 0.0 0.0909090909091 0.090909090909 0.0 0.0 0.0454545454545 0.36363636363609997 0.0 0.22727272727300002 0.0 0.1818181818181 0.136363636364 0.0 0.2727272727272 0.0 0.0454545454545 0.1363636363636 0.0454545454545 0.0
0.0 0.0 0.0 0.0 0.0 0.0 0.0 0.0 0.0 0.0 0.0 0.0 0.0 0.0 0.0 0.0 0.0 0.0 0.0 0.0 0.0 0.0 0.0 0.0
0.19744417541019998 0.1037395749259 0.0555555555555 0.1133171912833 0.2445520581115 0.0 0.0 0.3989776701648 0.0555555555555 0.16666666666649999 0.0508474576271 0.3001076136665 0.0142857142857 0.0142857142857 0.13231100349730002 0.2619585687382 0.0767554479418 0.0555555555555 0.1953995157382 0.0725047080979 0.0169491525424 0.13922518159800001 0.2911487758945 0.0428571428571
0.0 0.0 0.0 0.0 0.0 0.0 0.0 0.0 0.0 0.0 0.0 0.0 0.0 0.0 0.0 0.0 0.0 0.0 0.0 0.0 0.0 0.0 0.0 0.0
0.07894736842109999 0.0 0.0 0.0 0.0 0.0 0.0 0.1315789473684 0.0526315789474 0.07894736842109999 0.0 0.1052631578948 0.078947368421 0.0263157894737 0.0 0.07894736842109999 0.0526315789474 0.0263157894737 0.0263157894737 0.0263157894737 0.07894736842109999 0.0 0.1578947368427 0.0
0.0125 0.037500000000000006 0.0 0.0 0.0125 0.0 0.0625 0.05 0.0 0.0 0.0125 0.2500000000002 0.0125 0.15000000000030003 0.0 0.1 0.05 0.0 0.11249999999999999 0.0 0.025 0.0 0.1125 0.0
0.35488796377279996 0.1415982617098 0.0 0.0131578947368 0.256251060331 0.031506518590000004 0.0550458715595 0.4536879950929 0.0453756508802 0.0263157894737 0.0183486238532 0.4062471452618 0.0183486238532 0.3580950578773 0.12361178174800001 0.427571221633 0.1076774505068 0.0 0.27737612068870005 0.1180589087397 0.027027027027 0.1731047802991 0.4724672765471001 0.0942389758179
0.0 0.0 0.0 0.0 0.0 0.0 0.0 0.0 0.0 0.0 0.0 0.0 0.0 0.0 0.0 0.0 0.0 0.0 0.0 0.0 0.0 0.0 0.0 0.0
