0.9534180208669 0.1089177837868 0.0 0.2906661852322 0.6084949082355 0.1108503339953 0.0 0.8032920410514 0.0732984293194 0.0676140613313 0.0 0.79343357491 0.0390426327599 0.4154231037058 0.6551665611873 1.1425049945565 0.5170841525326 0.0 0.6650566710772999 0.1363586675103 0.07808526551969999 0.411229463802 0.8708105759570001 0.2592525726664
0.09411764705879999 0.09411764705879999 0.0 0.0470588235294 0.0235294117647 0.0235294117647 0.0470588235294 0.2823529411762 0.0705882352941 0.0235294117647 0.0 0.1176470588235 0.07058823529410001 0.0235294117647 0.0235294117647 0.1411764705887 0.3058823529414 0.0470588235294 0.0 0.0941176470589 0.0235294117647 0.09411764705879999 0.3294117647061 0.0235294117647
0.0 0.0 0.0 0.0 0.0 0.0 0.0 0.0 0.0 0.0 0.0 0.0 0.0 0.0 0.0 0.0 0.0 0.0 0.0 0.0 0.0 0.0 0.0 0.0
0.2975206611569 0.0743801652892 0.0247933884297 0.173553719009 0.09917355371889999 0.0247933884297 0.0247933884297 0.37190082644629996 0.0 0.0 0.0 0.39669421487660006 0.1487603305787 0.0 0.0495867768594 0.4710743801653 0.247933884297 0.0 0.1735537190081 0.0495867768594 0.0495867768594 0.0743801652892 0.2231404958677 0.0247933884297
0.5333711875403 0.115565031983 0.0108695652174 0.1031797534069 0.7295158524148 0.0483695652174 0.0125 0.5913715583575 0.1837327338465 0.0683229813665 0.0 0.2107478909801 0.0705710577548 0.0947981366459 0.3430831092991 0.8430761564854999 0.2221203763791 0.0 0.32079702419580003 0.10403726708059999 0.0423507462687 0.1137793176972 0.23784068786499998 0.0
0.6271050521261 0.3344025661589 0.0344827586206 0.0 0.16198877305519999 0.372093023255 0.0 0.785886126705 0.1395348837208 0.6792301523658 0.0344827586206 0.6736166800311001 0.38251804330390005 0.23095429029640002 0.8203688853253001 0.3809141940652 0.1619887730551 0.103448275862 0.2894947874897 0.08099438652749999 0.0 0.3720930232569 0.2654370489169 0.0689655172413
0.0 0.0 0.0 0.0 0.0 0.0 0.0 0.0 0.0 0.0 0.0 0.0 0.0 0.0 0.0 0.0 0.0 0.0 0.0 0.0 0.0 0.0 0.0 0.0
0.31269558328369995 0.1852332852331 0.0 0.0333333333333 0.0683728036669 0.3059163059161 0.0 0.9118722236374999 0.4125512831395 0.12962962962959998 0.0 0.3760461760459 0.2979543332482 0.22039442039449997 0.1933791698503 0.5143536202358 0.0352092352092 0.012987012987 0.1753925812749 0.3304162068872 0.0 0.0423987776929 0.3069943128765 0.1348697054579
0.031914893617 0.0988583290088 0.0 0.0487804878048 0.0243902439024 0.031914893617 0.0 0.1964193046183 0.5116761805918 0.0913336792941 0.0 0.0212765957446 0.1414115204982 0.0744680851064 0.0425531914894 0.23897249610800003 0.0243902439024 0.0487804878048 0.06382978723409999 0.0669434353918 0.1995329527763 0.031914893617 0.0106382978723 0.0
0.0 0.42857142857099995 0.0 0.0 0.0 0.0 0.0 0.0 0.142857142857 0.0 0.0 0.0 0.0 0.0 0.0 0.0 0.0 0.0 0.0 0.0 0.428571428571 0.0 0.0 0.0
0.0 0.0 0.0 0.0 0.0 0.0 0.0 0.0 0.0 0.0 0.0 0.0 0.0 0.0 0.0 0.0 0.0 0.0 0.0 0.0 0.0 0.0 0.0 0.0
0.0 0.0 0.0 0.0 0.0 0.0 0.0 0.0 0.0 0.0 0.0 0.0 0.0 0.0 0.0 0.0 0.0 0.0 0.0 0.0 0.0 0.0 0.0 0.0
0.27394034536870004 0.0408163265306 0.0204081632653 0.039638932496099996 0.0192307692308 0.0204081632653 0.0 0.2629513343801 0.0384615384616 0.076923076923 0.0 0.15737833594970002 0.0408163265306 0.0985086342229 0.039638932496099996 0.2774725274726 0.0576923076924 0.0961538461538 0.0996860282575 0.0996860282574 0.058869701726899995 0.0804552590267 0.100863422292 0.0
0.07500000000000001 0.0 0.05 0.05 0.0 0.24166666666699999 0.0 0.18333333333329999 0.1083333333333 0.1333333333333 0.0 0.05 0.1083333333333 0.225 0.0 0.15833333333330002 0.025 0.0 0.125 0.0 0.0833333333333 0.025 0.275 0.0833333333333
0.5095238095244 0.1285714285713 0.0 0.0523809523809 0.095238095238 0.0571428571428 0.0 0.22698412698389997 0.222222222222 0.047619047619 0.0952380952382 0.3380952380955 0.0555555555555 0.3492063492065 0.45238095238099996 0.5412698412699999 0.1857142857145 0.07936507936500001 0.2587301587299 0.0285714285714 0.0523809523809 0.0285714285714 0.1714285714284 0.0238095238095
1.505055766785 0.3257042972339 0.0653164556962 0.3292581262187 0.6586470265016 0.04 0.0 0.7625025107324 0.2200367459423 0.0879773691654 0.0 0.5767153127103 0.0103092783505 0.2180877325069 0.5022232467368 2.7005344469234 0.6166563702468 0.029702970297 0.5635172371658 0.206892416046 0.1529896178129 0.2973833097595 0.9795619281168 0.15092783505149998
0.37550421708859993 0.1111111111111 0.0 0.0555555555555 0.0779244591126 0.0 0.037037037037 0.1989365603228 0.1024935826915 0.0 0.037037037037 0.420242024202 0.009900990099 0.0185185185185 0.1743674367435 0.5064173083978 0.2062706270627 0.009900990099 0.2570590392371 0.037037037037 0.009900990099 0.0654565456545 0.28932893289300005 0.0
0.0 0.0 0.0 0.0 0.0 0.0 0.0 0.0 0.0 0.0 0.0 0.0 0.0 0.0 0.0 0.0 0.0 0.0 0.0 0.0 0.0 0.0 0.0 0.0
1.0781596452339 0.0454545454545 0.0 0.0 0.1884700665187 0.0 0.0 0.36252771618720003 0.0454545454545 0.0 0.0227272727273 0.14135254988899998 0.0243902439024 0.1463414634146 0.0 0.22727272727279998 0.25166297117549996 0.0 0.1590909090913 0.0 0.0 0.1657427937916 0.141352549889 0.0
0.0263157894736 0.0789473684209 0.0 0.0 0.0789473684209 0.0 0.0 0.0526315789472 0.0263157894736 0.0263157894736 0.0526315789473 0.18421052631579998 0.13157894736859999 0.2631578947369 0.105263157895 0.3421052631576 0.0263157894736 0.0263157894736 0.0 0.184210526316 0.0789473684209 0.0526315789473 0.2368421052626 0.0263157894736
0.181818181818 0.0 0.0 0.0 0.0 0.030303030303 0.0 0.030303030303 0.212121212121 0.030303030303 0.0 0.151515151515 0.09090909090900001 0.272727272728 0.0 0.121212121212 0.0 0.121212121212 0.060606060606 0.121212121212 0.27272727272700004 0.242424242424 0.060606060606 0.0
0.3891352549893 0.036585365853600005 0.0121951219512 0.0728011825572 0.0243902439024 0.0 0.0 0.1093865484108 0.036585365853600005 0.0 0.0 0.6189948263123001 0.0121951219512 0.1577974870656 0.060606060606 0.4490022172944 0.16999260901680002 0.0 0.3155949741313 0.0 0.0121951219512 0.08499630450840001 0.4375461936435 0.0
0.7796610169489999 0.0677966101694 0.0 0.305084745763 0.1694915254234 0.0 0.0 0.3050847457621 0.0338983050847 0.0338983050847 0.0 0.2372881355928 0.0338983050847 0.0677966101694 0.169491525424 0.77966101695 0.0338983050847 0.0 0.1694915254235 0.0677966101694 0.1016949152541 0.1694915254234 0.4745762711864 0.0
0.0 0.0 0.0 0.0869565217391 0.0 0.0 0.0 0.0869565217391 0.0434782608696 0.0 0.0 0.0 0.0434782608696 0.0 0.1304347826087 0.3478260869571 0.0 0.0 0.0 0.0434782608696 0.0 0.0 0.0869565217391 0.130434782609
0.34101846216307996 0.046881720430059996 0.09816595658346 0.02 0.35321972002477997 0.0533333333333 0.0266666666667 0.52883749239212 0.11419354838766 0.02 0.00666666666666 0.42330290119745995 0.05886792452826 0.29180361128032 1.8976790423947598 1.0526313653905999 0.39612903225896 0.0188679245283 0.37649016027689997 0.0737634408602 0.0 0.46849665246539995 1.116506390749 0.21647798742096
0.2045454545466 0.136363636364 0.0 0.0454545454546 0.11363636363650001 0.0 0.0681818181818 0.1818181818183 0.0227272727273 0.0 0.0 0.1363636363636 0.0681818181818 0.0909090909091 0.0681818181818 0.2500000000003 0.1136363636364 0.0 0.136363636364 0.0227272727273 0.0681818181818 0.0681818181818 0.2045454545453 0.0
0.0 0.0 0.0 0.0 0.0 0.0 0.0 0.0 0.0 0.0 0.0 0.0 0.0 0.0 0.0 0.0 0.0 0.0 0.0 0.0 0.0 0.0 0.0 0.0
0.1101694915253 0.0169491525424 0.0 0.11864406779718001 0.0932203389831 0.0 0.00847457627118 0.16101694915266002 0.0 0.0 0.0 0.06779661016956 0.00847457627118 0.05932203389837999 0.00847457627118 0.11864406779655999 0.0508474576272 0.0 0.0762711864409 0.0 0.00847457627118 0.00847457627118 0.08474576271188 0.0
0.2732762406675 0.0581027667984 0.0277777777778 0.039920948616600005 0.2067193675889 0.1207729468598 0.0 0.43511198946009993 0.0 0.1147342995168 0.0363636363636 0.224769433465 0.0944664031622 0.1388888888888 0.0616600790513 0.2748133509001 0.1914141414142 0.0 0.1258014931928 0.1596179183135 0.0712560386473 0.11117698726390002 0.2116161616162 0.0217391304348
0.7142857142844999 0.0492610837438 0.0 0.0738916256156 0.1231527093593 0.1477832512309 0.0 0.3201970443346 0.0492610837437 0.0 0.0 0.2955665024634 0.0738916256156 0.320197044334 1.921182266015 0.24630541871899997 0.0492610837437 0.0246305418719 0.0738916256157 0.0 0.0246305418719 0.270935960591 0.1724137931029 0.0492610837437
0.0 0.0 0.0 0.0 0.0 0.0 0.0 0.0 0.0 0.0 0.0 0.0 0.0 0.0 0.0 0.0 0.0 0.0 0.0 0.0 0.0 0.0 0.0 0.0
0.43085636316361997 0.10898921424236 0.0 0.06487156718346 0.1180531490946 0.10360174997820001 0.0 0.44280083167356005 0.00892857142856 0.0 0.061855670103 0.3339307372431001 0.053046218487360006 0.23110868058556 0.31936021831546 0.5422171445887599 0.170980247769 0.0500303214069 0.1181885125183 0.1005858528978 0.053046218487360006 0.2802077016381 0.35692086112778 0.0504201680672
0.0421052631579 0.0315789473684 0.0105263157895 0.0 0.021052631579 0.0210526315789 0.0 0.0421052631579 0.2736842105263 0.0421052631578 0.0 0.0 0.0421052631579 0.1052631578947 0.0421052631579 0.1157894736842 0.0210526315789 0.0105263157895 0.0 0.0736842105266 0.052631578947400004 0.0 0.0315789473684 0.021052631579
0.0526315789473 0.1120107962213 0.0350877192982 0.0 0.2175438596491 0.140350877193 0.0 0.140350877193 0.3120107962213 0.2944669365722 0.0 0.10526315789480001 0.0175438596491 0.24156545209150002 0.23508771929820002 0.1120107962213 0.0 0.0 0.153846153846 0.0175438596491 0.3076923076922 0.0701754385966 0.1403508771931 0.2944669365722
0.0 0.0 0.0 0.0 0.0 0.0 0.0 0.0 0.0 0.0 0.0 0.0 0.0 0.0 0.0 0.0 0.0 0.0 0.0 0.0 0.0 0.0 0.0 0.0
0.4228778467908 0.0783298826777 0.0445997239475 0.0584886128364 0.0900621118013 0.1040372670809 0.031746031746 0.3180641821946 0.015873015873 0.0822981366461 0.0 0.3238440303658 0.0357142857143 0.19030365769500002 0.1622670807453 0.1972912353346 0.047619047619 0.0287267080745 0.1109385783298 0.0267425810904 0.0376121463078 0.1565734989648 0.335835058661 0.1001552795032
0.22640382317799998 0.074074074074 0.0 0.0322580645161 0.0925925925927 0.0645161290322 0.0 0.2998805256873 0.12485065710860001 0.0346475507765 0.0 0.1152927120669 0.1917562724015 0.10394265232950001 0.090203106332 0.10633213859019999 0.0322580645161 0.0 0.0507765830345 0.0878136200716 0.10872162485049999 0.016129032258 0.1314217443249 0.016129032258
0.280118255729 0.1034737620102 0.1818181818181 0.0 0.19438285291930002 0.0 0.0 0.4493717664446 0.2985957132292 0.0487804878048 0.0 0.21212121212110002 0.17073170731679999 0.37028824833670004 0.260901699926 0.2978566149297 0.0731707317072 0.07317073170720001 0.1093865484108 0.243902439024 0.170731707318 0.26681448632640004 0.1640798226162 0.030303030303
0.7745358090191 0.1318523430592 0.0 0.1498673740056 0.1246684350131 0.120689655173 0.0 0.8650530503985001 0.333333333333 0.10057471264359999 0.0689655172414 0.2533156498672 0.4223032714408 0.13505747126429998 0.44805481874380004 0.3976569407607 0.153846153846 0.0344827586206 0.0862068965517 0.051724137931 0.1422413793103 0.0344827586206 0.1710875331568 0.0
0.94323496458768 0.12139318484435 0.0 0.09002668889329 0.53597207542546 0.06020408163260001 0.0 0.52368498427508 0.04946690214537 0.04002354788056 0.02003205128207 0.27374267528777996 0.09035576987837 0.16044989663787002 1.41670011682789 1.2184016325491698 0.34362938511262 0.0104166666667 0.27871055924253 0.13012820512829998 0.08085688121396001 0.11248299319709 0.48967007061735 0.0104166666667
1.3187146971932 0.19225676130640001 0.0380952380952 0.0679459843638 0.5636180002236 0.0561665357423 0.0 0.8020162346156 0.0263157894737 0.0 0.0561665357423 1.1635768525787 0.0979949874686 0.1250888415066 1.1142931956738 1.3789959974551 0.3650693898924 0.0298507462686 0.5345453185207 0.0761904761906 0.0752141547899 0.3126360677812 0.6052481951141999 0.0
0.0 0.0 0.0 0.0 0.0 0.0 0.0 0.0 0.0 0.0 0.0 0.0 0.0 0.0 0.0 0.0 0.0 0.0 0.0 0.0 0.0 0.0 0.0 0.0
0.0833333333333 0.0 0.0416666666667 0.0 0.0 0.125 0.0 0.0416666666667 0.0416666666667 0.0 0.0 0.0 0.0416666666667 0.0833333333333 0.0833333333333 0.0833333333334 0.0 0.0 0.125 0.0 0.0 0.0 0.0833333333333 0.166666666667
0.0842105263158 0.1473684210526 0.0 0.0 0.0421052631578 0.0210526315789 0.0 0.3368421052633 0.1052631578946 0.0421052631578 0.0 0.0631578947368 0.105263157895 0.3157894736848 0.0421052631578 0.2526315789476 0.1052631578946 0.0421052631578 0.0631578947368 0.0210526315789 0.0210526315789 0.0421052631578 0.0631578947367 0.0842105263157
0.0357142857142 0.0 0.0 0.0 0.16071428571409999 0.0 0.0 0.0357142857142 0.41071428571409996 0.0714285714286 0.0 0.0357142857142 0.16071428571430002 0.125 0.0535714285714 0.0535714285714 0.0178571428571 0.19642857142839998 0.0 0.0714285714286 0.3928571428575 0.125 0.0357142857143 0.0178571428571
0.0 0.0 0.0 0.0 0.0 0.0 0.0 0.0 0.0 0.0 0.0 0.0 0.0 0.0 0.0 0.0 0.0 0.0 0.0 0.0 0.0 0.0 0.0 0.0
0.1058823529411 0.0705882352942 0.0117647058823 0.0235294117647 0.0117647058823 0.0 0.0235294117647 0.1176470588235 0.0 0.0705882352942 0.0 0.1411764705881 0.0 0.0823529411764 0.0 0.05882352941170001 0.035294117647 0.0 0.09411764705879999 0.0117647058823 0.0 0.0941176470589 0.047058823529300006 0.0
0.0416666666666 0.0833333333334 0.0 0.0 0.0833333333334 0.0416666666666 0.0 0.062499999999900004 0.0 0.0 0.0 0.0833333333332 0.145833333334 0.062499999999900004 0.062499999999900004 0.062499999999900004 0.0 0.0 0.062499999999900004 0.0208333333333 0.0 0.062499999999900004 0.0833333333334 0.0416666666666
0.21658986175109998 0.0079365079365 0.13300051203335 0.00396825396825 0.07936507936520001 0.0 0.00396825396825 0.09626216077819999 0.01190476190475 0.03622631848445 0.0 0.45455709165365 0.00396825396825 0.1282642089094 0.34971838197645 0.1349206349208 0.031746031746 0.01190476190475 0.09549411162305 0.0079365079365 0.00396825396825 0.06400409626209999 0.07590885816685 0.0483870967742
0.0 0.0 0.0 0.0 0.0 0.0 0.0 0.0 0.0 0.0 0.0 0.0 0.0 0.0 0.0 0.0 0.0 0.0 0.0 0.0 0.0 0.0 0.0 0.0
0.0 0.0 0.0 0.0 0.0 0.0 0.0 0.0 0.0 0.0 0.0 0.0 0.0 0.0 0.0 0.0 0.0 0.0 0.0 0.0 0.0 0.0 0.0 0.0
0.7475490196087 0.00833333333333 0.0 0.05 0.19264705882310001 0.0166666666667 0.00833333333333 0.2426470588233 0.117647058823 0.117647058823 0.0 0.23431372548966 0.36127450980333 0.024999999999990002 0.0166666666667 0.27598039215632997 0.08333333333340001 0.0 0.05000000000006 0.0416666666667 0.00833333333333 0.05000000000003 0.11666666666663 0.235294117647
0.1897674418604 0.26976744186039997 0.0 0.0 0.4186046511634 0.04 0.0 0.508837209303 0.1097674418604 0.2195348837208 0.0697674418604 0.4 0.04 0.4390697674414 0.16 0.8576744186044 0.08 0.0697674418604 0.1097674418604 0.04 0.1097674418604 0.1795348837208 0.6186046511629999 0.0697674418604
0.14404761904753 0.0238095238095 0.03214285714283 0.05595238095233 0.07976190476183 0.0416666666667 0.0238095238095 0.322619047619 0.095238095238 0.15595238095299999 0.0 0.51785714285716 0.097619047619 0.36666666666636 0.859523809523 0.24523809523853 0.0238095238095 0.041666666666700006 0.1428571428575 0.0238095238095 0.0 0.2714285714289 0.40952380952372996 0.02500000000003
0.0 0.0 0.0 0.0 0.0 0.0 0.0 0.0 0.0 0.0 0.0 0.0 0.0 0.0 0.0 0.0 0.0 0.0 0.0 0.0 0.0 0.0 0.0 0.0
1.0178065981639999 0.2787450644591 0.06702226345080001 0.1624803767659 0.39323176823140005 0.17211657390239998 0.0 0.7751415251416 0.2181122448985 0.23777710384830003 0.0 0.4696077731787 0.1575418628989 0.5468073593079 1.8675580372046001 1.1751106036814998 0.2988796917366 0.0510204081632 0.4500410303983 0.1290970933826 0.120822629751 0.455163883735 0.8628038628049001 0.0931122448978
0.0483870967742 0.2536334633103 0.021978021978 0.021978021978 0.0161290322581 0.1084721729882 0.0 0.1465792272243 0.8261254874173 0.1884083658276 0.0 0.021978021978 0.1839773130096 0.4544487770295 0.44930875576100004 0.0923431407302 0.0652250974831 0.1407302375044 0.2155264090742 0.1026231832683 0.3833746898263 0.1671393123006 0.0916341722793 0.0
0.0138888888889 0.0277777777778 0.0 0.0 0.0277777777778 0.0416666666666 0.0 0.1944444444445 0.0555555555555 0.3055555555556 0.0 0.0277777777778 1.0 0.08333333333340001 0.5833333333340001 0.1805555555555 0.0 0.0 0.09722222222219999 0.0 0.0277777777778 0.1805555555556 0.11111111111110002 0.041666666666700006
0.125 0.0 0.0 0.125 0.0 0.0 0.0 0.0 0.125 0.25 0.125 0.0 0.0 0.0 0.125 0.0 0.0 0.0 0.125 0.0 0.0 0.0 0.0 0.0
1.45186565120096 0.13979176895663 0.1328952172324 0.05733005733 0.13707494555013 0.21686746988 0.09369369369370001 0.96203150312013 0.0 0.1955709987283 0.0 0.8364662581532 0.34448474232483 0.42299585531773004 1.05631704144373 0.6450725378847301 0.22776940176170002 0.0 0.4217765750793 0.1492538654153 0.0664476086162 0.47919577998432994 0.8855751396665998 0.07752388865803
0.36670736670799997 0.065934065934 0.0 0.0493827160494 0.205942205942 0.098901098901 0.0 0.6138922805603 0.070004070004 0.07000407000389999 0.0 0.3707773707769 0.08234974901629999 0.2595305928637 0.177045177045 0.11531678198329999 0.1153167819833 0.0946954280287 0.168905168905 0.210012210012 0.17297517297499998 0.098901098901 0.32967032967 0.263736263736
0.49452457264948 0.0939217032967 0.204861111111 0.0908310439561 0.19505494505475998 0.32057005494479995 0.333333333333 0.53195589133106 0.25446428571428 0.05082417582418 0.0 0.37416056166038003 0.1045673076924 0.66298458485928 0.34890109890085996 1.10107600732618 0.25532280219776 0.3663003663 0.1854395604396 0.14560439560400001 0.10954670329676 0.3930288461539 0.32778159340668 0.0549450549451
1.6942148760341 0.0413223140495 0.0 0.0413223140495 0.1652892561981 0.2002916869231 0.0 0.4005833738449 0.1589693728735 0.0 0.1827904715608 0.20661157024799998 0.10014584346130001 0.4419056878951 0.165289256198 0.9265921244538 0.206611570248 0.0413223140495 0.289256198348 0.0413223140495 0.2416140009726 0.0413223140495 0.413223140496 0.0
2.7935359042164 0.2940307507352 0.0729927007298 0.3326015633782 0.8990280291489001 0.13500820460580001 0.015503875969 1.572183008937 0.24353533638880004 0.0 0.0232558139535 0.6347527819566999 0.12367699235640002 0.17150455497060002 2.3283025132642003 2.3718281667045 0.5441434893521 0.0281690140845 0.7705120726059002 0.4019969986854 0.015503875969 0.6376275021264001 0.48081779877420006 0.1094890510947
1.4260775456431 0.092104272539 0.10501599849410001 0.2527809147372 0.3369188782229 0.0173913043478 0.0 0.5185347261432 0.0260869565217 0.030303030303 0.030303030303 0.5084415584412 0.060606060606 0.170567476002 1.1220214568053 1.1989553924329999 0.5374882364017001 0.0173913043478 0.4945746282698 0.07471296819119999 0.08715885563700002 0.34893657067620004 0.5133258046296 0.030303030303
0.0 0.0 0.0 0.0 0.0 0.0 0.0 0.0 0.0 0.0 0.0 0.0 0.0 0.0 0.0 0.0 0.0 0.0 0.0 0.0 0.0 0.0 0.0 0.0
0.5933646812947 0.231818181818 0.0 0.0778474399163 0.272936259143 0.0 0.0172413793103 0.547596656217 0.0 0.0 0.0 0.6515673981186001 0.060606060606 0.3769070010446 0.308620689655 0.35914315569480004 0.0778474399163 0.05 0.1985370950893 0.17957157784740002 0.0672413793103 0.5054336468132999 0.4237199582034 0.0
0.0 0.0 0.0 0.0 0.0 0.0 0.0 0.0 0.0 0.0 0.0 0.0 0.0 0.0 0.0 0.0 0.0 0.0 0.0 0.0 0.0 0.0 0.0 0.0
0.5428571428572 0.1428571428574 0.0571428571428 0.0857142857142 0.1142857142856 0.0285714285714 0.0 0.1714285714288 0.5428571428572 0.0 0.0 0.1142857142856 0.0857142857142 0.2571428571438 0.0571428571428 0.3428571428568 0.0 0.0571428571428 0.0 0.0857142857142 0.0285714285714 0.1428571428574 0.1428571428574 0.0
0.047619047619 0.0 0.0 0.0 0.0 0.0 0.0 0.0 0.0952380952381 0.0 0.0 0.0952380952381 0.5714285714280001 0.0 0.0 0.0 0.0 0.0 0.0 0.0 0.0 0.190476190476 0.0 0.0
1.0003365472071 0.0376569037656 0.0260869565217 0.029943605603000002 0.13134436965600998 0.021247953429109998 0.2 0.7252410405673 0.0376569037656 0.0924959068582 0.0 0.9054666181552 0.19656176096081002 0.11374386028731 1.021511733672 0.54235037293052 0.13400945970511 0.0 0.28758413680221007 0.0376569037656 0.0 0.58541022375821 0.8611424413310099 0.0125523012552
0.08 0.04 0.02 0.04 0.02 0.04 0.0 0.08 0.02 0.02 0.0 0.13999999999999999 0.06 0.12 0.04 0.06 0.0 0.06 0.0 0.02 0.0 0.0 0.06 0.0800000000001
1.0873423007866 0.09958232445526 0.1669916684144 0.15345036319580002 0.5500423728814601 0.2867620925915 0.0169491525424 0.8618645497711601 0.36879977573489997 0.2549373418718 0.0169491525424 1.4664519742250601 0.0398062953996 0.9348176110758 3.1375260242869603 1.4759579946577 0.45533898305112 0.2052910052909 1.2383592499393603 0.028377723970999996 0.14016343825676 0.46949862728995995 1.2776011384883 0.26713883928349996
0.1316614420061 0.1434169279003 0.0 0.0344827586207 0.155172413793 0.0 0.0 0.1316614420062 0.21081504702140003 0.1316614420063 0.0 0.1724137931033 0.0626959247649 0.22884012539180001 0.35501567398100004 0.16536050156729998 0.0689655172413 0.0454545454545 0.0689655172413 0.120689655173 0.1371473354232 0.26253918495399997 0.35031347962470005 0.0227272727273
0.0 0.0 0.0 0.0 0.0 0.0 0.0 0.0 0.0 0.0 0.0 0.0 0.0 0.0 0.0 0.0 0.0 0.0 0.0 0.0 0.0 0.0 0.0 0.0
0.12435233160619999 0.139896373057 0.0155440414508 0.186528497409 0.3108808290151 0.0155440414508 0.0155440414508 0.38860103626930004 0.0466321243523 0.0155440414508 0.0 0.2331606217622 0.0 0.0310880829016 0.0621761658031 0.1865284974092 0.6062176165803 0.0 0.1554404145078 0.0466321243523 0.0 0.1243523316061 0.2642487046636 0.0310880829015
0.5065709728865 0.0701754385964 0.0350877192982 0.11802232854870001 0.34462519936189995 0.0550877192982 0.0151515151515 0.338500797448 0.0853907496012 0.13017543859640002 0.02 0.4792663476879001 0.08 0.1775438596491 0.6646570972892001 0.5376076555024 0.06778309409880001 0.1531100478471 0.1429346092503 0.1781499202552 0.1253907496012 0.2832216905903 0.35885167464089995 0.0326953748006
0.20481060060495 0.05231888232755 0.0 0.0424528301886 0.10128906812600001 0.08062076911995 0.0 0.28971626098265 0.06423736137105 0.2115079936624 0.0 0.5498343655481 0.099056603774 0.29176868788715005 0.44742906524515 0.22324643525854998 0.021784531182450002 0.07410341350995 0.07298718133365001 0.0806207691199 0.029418118968700002 0.2515483220513 0.7360290940517 0.07521964568645001
1.36 0.0 0.0 0.04 0.0 0.0 0.08 0.04 0.0 0.04 0.0 0.08 0.0 0.04 0.0 0.04 0.04 0.0 0.0 0.0 0.0 0.08 0.16 0.0
2.20741531893802 0.55081972980041 0.3133885441588 0.30379248041192 0.48874275801607 0.52931352533 0.0 1.7293190434981698 0.7162398082571 0.24951776420723001 0.095238095238 1.43909916645886 0.28158978986290994 1.2307630531010099 2.1428824854905097 0.9143862114022401 0.38632918984892 0.19952742333211 0.75287734634732 0.6474518173383 0.24668981384383004 1.9236807170097203 1.3557186739670999 0.2952172441467
0.4246376811594 0.503065774805 0.0 0.0601449275362 0.1536231884057 0.0768115942028 0.0 0.3202898550725 1.0040133779291 0.16527313266440002 0.0 0.2152731326644 0.1869565217391 0.37541806020060003 0.3007246376814 0.40596432552930006 0.0 0.10512820512820001 0.0601449275362 0.42775919732400003 0.34069119286500005 0.7189520624294 0.1551282051282 0.0
0.1363636363637 0.545454545454 0.0454545454545 0.0 0.0681818181818 0.295454545455 0.0 0.279379157429 0.37694013303780005 0.1430155210641 0.0 0.0681818181818 0.0975609756097 0.0681818181818 1.1901330376918 0.25997782705039996 0.0227272727273 0.0715077605321 0.0975609756097 0.0 0.0487804878048 0.0715077605321 0.11363636363650001 0.0
0.0 0.0 0.0 0.0 0.0 0.0 0.0 0.0 0.0 0.0 0.0 0.0 0.0 0.0 0.0 0.0 0.0 0.0 0.0 0.0 0.0 0.0 0.0 0.0
1.1401622463809098 0.19933176810542 0.00884955752211 0.08538016976710999 0.42651726917152 0.2783095539103 0.0713247919693 0.7850916763483999 0.07841340075850001 0.17945186924312 0.0 0.86133763636301 0.107865270002 0.45049686100832 0.91942010194672 1.21103121740081 0.10923792182291 0.0603982300884 0.47164556484321996 0.06632653061220001 0.07267931607982 0.86385260351631 1.43176392733871 0.12111251580280001
0.15698729582596999 0.04310344827587 0.00862068965517 0.03493647912887 0.24159536772957 0.06125226860256999 0.0263157894737 0.64490968801277 0.1626479993087 0.06987295825764 0.00862068965517 0.3920145190566 0.17623800881496998 0.24656468758124 0.80760089879794 0.2062051680925 0.078947368421 0.058292282430170005 0.08506179241197001 0.043557168784 0.03448275862064 0.0263157894737 0.22841586725427998 0.15744101633447
0.98991228070292 0.3052631578951 0.1912280701756 0.0666666666666 0.08333333333323999 0.1052631578946 0.0 0.33289473684166 0.3991228070184 0.5429824561396 0.0 1.3223684210531 0.2771929824566 0.62719298245664 0.03333333333332 0.47675438596554 0.0526315789473 0.04166666666662 0.54342105263162 0.213596491228 0.41666666666662 0.60438596491192 0.37412280701722 0.0
0.6856984478934 0.1071692535106 0.0227272727272 0.08776792313370001 0.6138211382123 0.0942350332592 0.0 0.20805617147119998 0.136363636363 0.0617147080561 0.0487804878048 0.1690687361416 0.1071692535106 0.090909090909 0.2047302291211 0.5005543237252 0.0325203252032 0.0617147080561 0.2762379896524 0.0487804878048 0.0389874353288 0.12028824833690001 0.2827050997787 0.0
1.8353814426104003 0.2837269790325 0.0153846153846 0.3688603723092 1.1441097676248 0.2175367755343 0.0 1.2570197918366002 0.214588859417 0.15484796739480003 0.0574712643678 1.0827100789732 0.1258417568762 0.5104519878926 4.4167741004868 2.3521015022878995 0.6769427412140001 0.0 0.7709614283369 0.2171123378025 0.1577188674405 0.5221977018406 1.4958838292441 0.12237583209750001
2.4355772093883 0.2370079956584 0.0363964752886 0.18472464427479998 0.3137816198086 0.0318194454974 0.0305810397553 0.6705283367949001 0.0351580695464 0.047109965375099996 0.0 0.9285311510338 0.0351580695464 0.28233876748889997 3.0882269106137 0.9766140658047999 0.3229356793911 0.0458715596329 0.7626480492389 0.17282831686099998 0.0351580695464 0.3352085999822 0.8587027419494 0.1330932175231
0.0958904109589 0.0 0.0 0.0 0.027397260274 0.027397260274 0.0 0.027397260274 0.0410958904109 0.0958904109589 0.0 0.027397260274 0.095890410959 0.0958904109589 0.27397260274 0.068493150685 0.0 0.0 0.027397260274 0.0 0.013698630137 0.054794520548 0.027397260274 0.0
0.7195685670259999 0.0 0.0 0.1078582434516 0.1922187981513 0.0227272727273 0.0 0.31163328197240003 0.0 0.0 0.0 0.2037750385209 0.0 0.0338983050847 0.29391371340530004 0.3050847457625 0.113251155624 0.0169491525424 0.226502311248 0.0169491525424 0.0454545454545 0.220338983051 0.16987673343600002 0.0
0.0816326530612 0.0612244897959 0.0204081632653 0.0408163265306 0.0 0.0204081632653 0.0 0.22448979591850005 0.1020408163265 0.0 0.0 0.1020408163265 0.0408163265306 0.346938775511 0.1428571428573 0.2040816326532 0.061224489795900006 0.0408163265306 0.0204081632653 0.183673469388 0.12244897959180001 0.0816326530613 0.061224489795900006 0.0408163265306
0.173913043478 0.0289855072464 0.0289855072464 0.0 0.0289855072464 0.0434782608695 0.0 0.0434782608696 0.0724637681159 0.1159420289856 0.0 0.20289855072409999 0.0434782608696 0.1304347826082 0.3188405797102 0.1014492753624 0.0144927536232 0.1159420289862 0.0579710144927 0.130434782609 0.1014492753622 0.0724637681159 0.1014492753623 0.072463768116
0.1162790697676 0.00775193798449 0.00775193798449 0.0232558139535 0.00775193798449 0.0 0.0 0.09302325581399001 0.031007751938 0.00775193798449 0.0 0.18604651162819 0.0 0.031007751938 0.0 0.03875968992248 0.0775193798449 0.00775193798449 0.12403100775209 0.015503875969 0.0 0.046511627907 0.17829457364349 0.0
0.9993487354044999 0.08554878926709 0.0296664824028 0.1116933700071 0.1981530344976 0.05316012529929 0.0308641975308 0.37331486218639 0.0266156845104 0.0377636483947 0.0161943319838 1.0175744459584901 0.0254179693823 0.21782935674 1.0572254934663 0.3739388975051 0.034241746731889997 0.0185185185185 0.21406239159559998 0.0242914979757 0.06013081988459999 0.5327154152769 0.40849881645879 0.0532313690208
0.243902439024 0.0731707317072 0.0 0.0487804878048 0.0487804878048 0.07317073170720001 0.0 0.14634146341440002 0.0 0.0 0.0 0.29268292683 0.2195121951214 0.1951219512204 0.0 0.0975609756096 0.0487804878048 0.0 0.0975609756096 0.0975609756098 0.07317073170720001 0.0487804878048 0.0975609756096 0.0975609756098
1.3293494089297 0.12410894268630002 0.1108503913975 0.1729048627405 1.4857685190489 0.0533839511119 0.13091309131 0.8038306720853999 0.08075634153000001 0.17562652219060002 0.018701870187 1.7690182313034 0.0533839511118 0.9502184322493 5.211173429476199 1.8091436311258997 0.7531683804222999 0.0748074807481 1.883951111869 0.1542029925538 0.165595172234 1.0318300616189 1.5678856903033997 0.0894268617613
0.170731707317 0.0487804878048 0.0 0.0243902439024 0.0975609756097 0.0365853658536 0.0243902439024 0.10975609756089999 0.060975609756 0.0 0.0 0.10975609756089999 0.0121951219512 0.0975609756097 0.21951219512220002 0.08536585365839999 0.0243902439024 0.0 0.0731707317072 0.0487804878049 0.0121951219512 0.17073170731679999 0.5609756097558 0.0121951219512
0.0 0.0 0.0526315789474 0.0 0.0 0.0526315789474 0.0 0.47368421052640003 0.0526315789474 0.105263157895 0.0 0.0 0.0 0.0 0.0526315789474 0.0 0.0526315789474 0.0 0.0 0.0 0.0 0.105263157895 0.0526315789474 0.0
0.5982380319153 0.07770944148930001 0.0425531914893 0.08942819148930001 0.2534906914893 0.0937500000003 0.0234375 0.31948138297850004 0.03515625 0.1510970744679 0.0425531914893 0.3281250000003 0.08942819148930001 0.1171875 0.4958444148943 0.3897938829789 0.26953125 0.170212765957 0.2843251329786 0.0820312500003 0.03515625 0.39286901595699997 0.47057845744689997 0.1480219414896
1.6882714541492798 0.11698974074304999 0.0229007633588 0.08989807252745 0.5216278092540501 0.07455571312189999 0.0300751879699 0.77629781754964 0.27299822277135 0.26209790144103 0.08831658313422999 1.0649943285853498 0.0547928672721 0.47667176036857994 1.4394437127637 1.27406225950196 0.4231422457167 0.04792905304413 0.23424230462962997 0.1195286430054 0.14378715913243 0.42001887389123005 1.30728991066128 0.0500676154073
0.36030432826767 0.07858553853969999 0.056015177296570004 0.04596217410857 0.36953587983340996 0.0509886757026 0.022570361243070002 0.77251657572021 0.107003852999 0.1838486964339 0.00584795321637 1.03002210096034 0.15717107708017 0.28592383970006996 0.74245535801644 0.40370435565044 0.1070038529992 0.022570361243070002 0.20313325118866998 0.0501672240802 0.00584795321637 0.2240607091869 0.6470496195892 0.06771108372927
0.0 0.0 0.0 0.0 0.0 0.0 0.0 0.0 0.0 0.0 0.0 0.0 0.0 0.0 0.0 0.0 0.0 0.0 0.0 0.0 0.0 0.0 0.0 0.0
2.1839953577733002 0.7673403438540001 0.063130223251 0.3403689689101 0.5695340283345001 0.4129075414486 0.0185185185185 1.6453612540596998 0.6684950056385 0.3540371343996 0.052973342447 1.6972169506424 0.5120979913474 1.0074807291377001 1.50865764154 1.5722579505848 0.7246641934825 0.2261369455675 0.8107441135744999 0.33726758686229996 0.156992316 1.0284412124453 1.9083127716612 0.43306787851260004
0.136054421769 0.244897959184 0.0 0.0272108843537 0.1632653061222 0.0 0.0 0.21731936017620002 0.923515352087 0.2717411288836 0.0 0.3537414965985 0.1358705644418 0.2991358705642 0.3530060672918 0.5164552307411 0.0544217687074 0.0544217687074 0.1360544217685 0.353373781946 0.27192498621030003 0.3517190660054 0.10865968008810001 0.0272108843537
0.0901170027383 0.0998257406024 0.0485436893204 0.06099078914606 0.06099078914606 0.0679611650488 0.0 0.07766990291286 0.1802340054766 0.31740104555605997 0.0 0.2163305949711 0.1219815782921 0.32437142145838005 0.1926811053023 0.17475728155352 0.00970873786406 0.11227284042806 0.10953447846639999 0.0 0.102564102564 0.57381130196806 0.048543689320359996 0.00970873786406
0.0833333333332 0.0416666666666 0.0 0.0 0.0416666666666 0.0 0.0 0.0 0.0 0.0 0.0416666666666 0.0 0.0833333333332 0.0 0.291666666668 0.20833333333300003 0.0 0.0 0.125 0.0 0.0416666666666 0.0416666666666 0.0 0.0
1.9149482551530999 0.4129497373198999 0.1286520699897 0.5808559692486 0.5994986925914 0.4643476145401 0.05068982508 1.1544977931501 0.3815273702543 0.3134467317178 0.040588814979 2.4947688389392 0.30603968513839996 1.3677932132497002 1.0874221719789001 2.3539929002266997 1.2311751554224 0.0631452059564 0.7526740307302 0.248475609756 0.020202020202 0.9807360781728001 2.8468024793508 0.204769736843
0.30000000000079996 0.0813267813266 0.0 0.0272727272727 0.08181818181810001 0.0272727272727 0.0 0.5985257985256001 0.3267813267813 0.1906633906637 0.0 0.2999999999995 0.08132678132670002 0.0815724815724 0.1633906633905 0.08181818181810001 0.0272727272727 0.05429975429970001 0.9778869778884001 0.163636363636 0.1085995085994 0.1361179361178 0.10859950859930001 0.0818181818181
0.34482758620660003 0.2216748768477 0.0 0.0246305418719 0.1970443349754 0.0985221674878 0.0738916256157 0.6650246305409 0.41871921182280003 0.0492610837438 0.0 0.7635467980298 0.1231527093595 0.295566502463 0.2463054187199 0.24630541871919998 0.0738916256157 0.0492610837438 0.1724137931038 0.39408866995 0.12315270936 0.1724137931035 0.2216748768473 0.0246305418719
1.527015144111 0.048558866634 0.0 0.205080605764 0.1978505129455 0.42178798241400006 0.0 0.8167073766485 0.0710307767464 0.048558866634 0.1043478260868 0.4398632144611 0.12320468978969999 0.1043478260868 0.3058133854417 1.1927699071836002 0.4703468490474 0.0521739130434 0.30581338544259995 0.3058133854417 0.0710307767464 0.8371275036634 0.3507572056671 0.0
3.5678731141599 0.4009781219288 0.039641943734 0.7006713625049001 1.6294821991632 0.39728470902429996 0.1441635116647 2.1713244375294 0.1451715219829 0.49113286678349993 0.0 1.8708342995435 0.1538274888835 0.7348776132635 7.4927816164904 3.7443210251864008 0.9971278048298 0.049742953835 1.841046156885 0.3840659053695 0.4081263594011 1.1248937481699999 2.4110023648598 0.09962887481180001
1.8986198840311 0.2191447010177 0.0121951219512 0.2066373375724 0.2921159807967 0.0851392751256 0.0351141044922 1.1043787479315001 0.1919799765684 0.0482145411734 0.0321715817694 0.9215928342358 0.0729441531744 0.2540322269769 2.1896473741296 1.1824706739991 0.3705786847136 0.0252955586324 0.8539092435183 0.22064308898400004 0.0482145411734 0.44479464732140006 1.2535803548557 0.036585365853600005
0.207920792079 0.118811881188 0.0 0.059405940594 0.059405940594 0.029702970297 0.0 0.118811881188 0.207920792079 0.267326732673 0.0 0.059405940594 0.29702970297 0.326732673267 0.20792079208 0.356435643564 0.029702970297 0.029702970297 0.029702970297 0.148514851485 0.178217821782 0.148514851485 0.118811881188 0.0
1.2197802197799001 0.0668498168498 0.047619047619 0.115384615385 0.3543956043961 0.1323260073259 0.0755494505494 0.7825091575105001 0.047619047619 0.1112637362636 0.0 0.30082417582470006 0.10256410256410001 0.4450549450546 0.5077838827841 0.8278388278395 0.26236263736270005 0.047619047619 0.4601648351652 0.0192307692308 0.1217948717948 1.2184065934065 0.6959706959703 0.0370879120879
0.07462686567186 0.0373134328358 0.0 0.0298507462687 0.01492537313432 0.0149253731343 0.0 0.11194029850746 0.0149253731343 0.0149253731343 0.0 0.17910447761246 0.0149253731343 0.07462686567162 0.0373134328358 0.08208955223886 0.0597014925373 0.0 0.02985074626862 0.00746268656716 0.0298507462687 0.037313432835759996 0.089552238806 0.044776119403
0.2102870133562 0.00653594771241 0.0130718954248 0.03410059676041 0.1965655827546 0.042057402671200006 0.035521454958810005 0.11025859619201002 0.49535176389351 0.33942272561161 0.0 0.17334470019891002 0.0196078431372 0.12986643932931002 0.26768968456910003 0.19948849104862001 0.09207161125313 0.0406365444729 0.09065075305481002 0.0718954248368 0.2096374781795 0.053708439897610004 0.14066496163682002 0.027564649048000003
0.17862165963439 0.1086497890295 0.00421940928269 0.11954992967639 0.09599156118138 0.0 0.0548523206752 0.34458509142036 0.10618846694808999 0.01265822784807 0.0 0.53938115330528 0.07243319268629 0.10864978902960001 0.1515471167369 0.26617440225029 0.19620253164567997 0.0 0.14662447257399 0.0277777777778 0.06399437412099 0.10864978902948 0.29324894514697997 0.0
2.8561175390784 0.21108031109790001 0.0255149602911 0.30127824166190004 0.6985406446447999 0.1036214517294 0.1155460496146 1.3705757097359 0.10262856581410001 0.16895607999450002 0.0 1.3609864324025003 0.14281814772360002 0.6843994477064 2.1192023052765 2.1414656801706 0.3528654009702 0.0311639118457 0.848506745927 0.2314441349303 0.1383608927983 1.2630063986688 1.6401916852728 0.0917292626521
0.0645161290322 0.0 0.0 0.0 0.0322580645161 0.129032258065 0.0 0.0645161290322 0.0 0.0645161290322 0.0 0.0322580645161 0.0 0.0 0.0322580645161 0.1935483870965 0.0 0.0 0.0 0.0 0.0 0.0322580645161 0.129032258065 0.225806451614
1.17794950580258 0.25464267296993 0.0803992264718 0.1498442200263 1.12926643747282 0.2033846153842 0.0597526858616 1.22550837988721 0.11922152986677 0.41071035668253997 0.02419961323594 1.32907520412553 0.2039834550926 0.8036130210576801 1.3383147829827902 1.4138259561668298 0.39260764933368997 0.06952922217443999 1.22390868070459 0.27548882681590003 0.22595380317977998 0.5935522131501 1.2355152556949 0.0597526858616
0.0 0.0 0.0 0.0 0.0 0.0 0.0 0.0 0.0 0.0 0.0 0.0 0.0 0.0 0.0 0.0 0.0 0.0 0.0 0.0 0.0 0.0 0.0 0.0
0.0416666666666 0.0 0.0416666666666 0.125 0.0 0.0 0.0 0.0416666666666 0.0 0.2916666666666 0.0 0.0 0.0 0.0 0.0416666666666 0.0 0.0416666666666 0.0 0.0416666666666 0.125 0.0 0.166666666667 0.0 0.0416666666666
0.3597122302156 0.1978417266188 0.0359712230216 0.1438848920863 0.1978417266191 0.1438848920865 0.0179856115108 0.7014388489208 0.0179856115108 0.0179856115108 0.0 0.6294964028778001 0.0899280575538 0.1618705035973 0.1438848920863 0.5215827338141 0.215827338129 0.0359712230215 0.2877697841728 0.0719424460432 0.0179856115108 0.5755395683455 0.37769784172700005 0.0359712230216
1.71793715326456 0.07390497062672 0.0257510729613 0.17851853716490998 0.79131984715081 0.1139415755225 0.05502615266631 1.21764961541701 0.05609491868727 0.08835298320335 0.0902672019935 0.94267613316642 0.09864811017665001 0.57171725056558 1.06620779330361 1.5881062384619 0.38844968607639996 0.03231889712572 0.6570118441944 0.14237120245840001 0.0257510729613 0.3779931049831601 1.62420626387541 0.0757783739938
0.19659214025411997 0.16093765389519998 0.00704225352112 0.02802127450012 0.15419087954284 0.11208509800052 0.00704225352112 0.45493942677114 0.049148035063439996 0.21771890081711998 0.02802127450012 0.81847729734974 0.09095833743722001 0.26612823795932 0.23091697035432002 0.2945927312123 0.0140845070422 0.08406382350040001 0.1260218654584 0.0350635280212 0.0350635280212 0.14010637250072 0.43469910371294 0.01408450704224
0.0357142857142 0.0 0.0357142857142 0.0357142857142 0.0357142857142 0.0 0.107142857143 0.0714285714284 0.0 0.0 0.0 0.1071428571427 0.0 0.0357142857142 0.0 0.0357142857142 0.0 0.0 0.0357142857142 0.0 0.0357142857142 0.1071428571427 0.3214285714295 0.0
2.0387623827347996 0.7864140639735 0.109587410423 0.5049744928966 0.7383220102897 0.586197106492 0.033426183844 1.6155892036902997 0.6513141258422 0.7312423675555999 0.042735042735 1.5683404829607 0.6639887992877 1.0054043849268999 1.5198870580261 2.0900555596119 0.8178361763851 0.14797008546989998 0.6523820493335999 0.2447418603697 0.06742640075959999 1.2507120812535 1.6232738396922 0.5094168314472
0.211764705882 0.1235294117647 0.0 0.0176470588235 0.052941176470500007 0.0176470588235 0.0882352941177 0.37058823529440005 0.1941176470587 0.070588235294 0.0 0.105882352941 0.2294117647057 0.22941176470550004 0.2294117647055 0.15882352941150002 0.176470588235 0.035294117647 0.2470588235292 0.0705882352942 0.17647058823519998 0.0882352941175 0.0882352941175 0.0176470588235
0.1333333333333 0.1333333333328 0.0444444444444 0.0296296296296 0.0444444444444 0.207407407407 0.0 0.1185185185188 0.0592592592593 0.0148148148148 0.0 0.26666666666669997 0.0296296296296 0.0444444444444 0.2962962962964 0.2814814814812 0.0592592592592 0.0148148148148 0.0444444444444 0.0 0.0 0.0444444444444 0.1185185185185 0.0148148148148
0.0 0.0 0.0 0.0 0.0 0.0 0.0 0.0 0.0 0.2727272727271 0.0 0.181818181818 0.0 0.0 0.272727272727 0.1818181818182 0.0 0.0 0.0 0.0 0.0 0.0 0.0909090909091 0.0
0.8224334215266299 0.09697737201603 0.0800979099106 0.1469552820775 0.36032560792293 0.256572835908 0.0477588295593 0.7647897968452899 0.1897104550165 0.1944146291045 0.0 1.1101703324775598 0.27088536054613 0.7218836848841601 0.6396462398048 0.80857826705866 0.1879952955095 0.053141706788129996 0.48855714808576 0.05549025893080001 0.05994442787656 0.5746489365048 0.93484537127303 0.1341768303769
0.1739130434782 0.0347826086956 0.0347826086956 0.0347826086956 0.2434782608696 0.0347826086956 0.0 0.5913043478264 0.0695652173912 0.20869565217359998 0.0 0.2434782608696 0.0347826086956 0.2434782608692 0.452173913044 0.2782608695656 0.0695652173912 0.0 0.3826086956532 0.208695652174 0.0347826086956 0.1391304347824 0.2434782608694 0.24347826087
0.1498214562956 0.1785954561922 0.10619469026549999 0.0292397660818 0.14982145629546997 0.09672411116287 0.318584070796 0.36759302385751 0.15566940951199998 0.19613931584114 0.0 0.26455519329344 0.12642964343007 0.7945971122492401 0.08818506443097 0.24432024012831 0.00584795321637 0.11695906432773999 0.58443305904864 0.0818713450292 0.088185064431 0.23484966102587 0.51834601252497 0.1030378305645
0.4615384615382 0.0461538461538 0.0461538461538 0.0 0.0 0.1846153846148 0.0461538461538 0.1846153846148 0.0 0.0 0.0 0.2769230769228 0.0461538461538 0.0 0.1846153846152 0.27692307692359996 0.36923076923 0.0 0.1384615384614 0.0461538461538 0.0 0.2307692307698 0.4153846153856 0.0461538461538
1.8874710961211698 0.25367284963868997 0.0305596265538 0.2256266926354 1.2558877693366601 0.17019670589004 0.052489451115199995 1.28149876728498 0.2124714909255 0.30801786806994 0.0219298245614 1.3335564602588497 0.23567312839106003 0.79644704455842 2.4487780576859404 2.16436882272287 0.5047329149205799 0.10550735857810001 1.40125797490177 0.18025899054428002 0.0991694059069 0.70630952141219 1.1843206223128402 0.13979755567494
1.7526464392630003 0.3263606840452 0.14845670070992 0.43510399702839997 0.50084057212182 0.15236732621352 0.0662251655629 1.18985123268192 0.22702293570122004 0.12683066909152 0.0691586101273 1.3612770737434199 0.057672058964199996 0.5778204332567001 1.1402416296198001 1.5925745025198403 0.60751098100342 0.0207715133531 1.06925544074072 0.26477799957750003 0.15309918180493998 0.9183518257093 1.11360924933712 0.12817377782642
0.146666666667 0.0666666666667 0.0133333333333 0.0 0.053333333333299995 0.0133333333333 0.0 0.0933333333333 0.1466666666667 0.0133333333333 0.0 0.0266666666666 0.0666666666667 0.0266666666666 0.08 0.0266666666666 0.0133333333333 0.0266666666667 0.08 0.0266666666667 0.0133333333333 0.0266666666666 0.0266666666667 0.0133333333333
0.5707249445453201 0.07198275862066 0.0 0.125350373059 0.2901214962694 0.0 0.0125 0.64530399274048 0.025 0.08967785843911999 0.0 0.49864892115342 0.11476608187130001 0.1935344827587 0.203581871345 0.6337114337569599 0.267054849768 0.025 0.28660264166155996 0.02616454930426 0.03084291187736 0.43496420649330003 0.4333459366807 0.02112068965516
0.0 0.0 0.0 0.0 0.0 0.0 0.0 0.0 0.0 0.0 0.0 0.0 0.0 0.0 0.0 0.0 0.0 0.0 0.0 0.0 0.0 0.0 0.0 0.0
0.3838095238098 0.13380952380959998 0.0714285714286 0.0 0.11571428571430001 0.107142857143 0.0357142857143 0.29 0.2138095238097 0.04 0.0 0.39714285714319997 0.0266666666666 0.3300000000006 0.28047619047649996 0.47285714285739994 0.09809523809529999 0.0133333333333 0.3300000000002 0.0357142857143 0.102380952381 0.1380952380953 0.3480952380952 0.0357142857143
0.19962441314548998 0.1081690140845 0.04694835680749 0.11755868544600001 0.10422535211247999 0.0 0.0938967136149 0.18328638497639002 0.0133333333333 0.00938967136149 0.0 0.49014084507118 0.00938967136149 0.14723004694839 0.07361502347408999 0.33051643192488 0.08694835680738 0.0 0.21295774647868998 0.0321126760563 0.0321126760563 0.1417840375587 0.5440375586857 0.02272300469479
1.8163983004623698 0.27022761503727 0.0164383561644 0.37513798926880004 0.6620261384266001 0.294412072208 0.057911057031770005 1.2746325038056 0.25626770977997 0.38381776943647 0.0171919770773 1.0154032328762002 0.41540867625406996 0.7505812064811 1.2310286996841702 1.3617019846020701 0.34596294851147 0.0328767123287 0.6439919701078 0.137749556641 0.16046815005017 1.2159160438091001 1.07895068334967 0.18549864660690002
0.296703296703 0.131868131868 0.0 0.0 0.0 0.032967032967 0.0 0.164835164835 0.032967032967 0.23076923077 0.0 0.428571428572 0.032967032967 0.263736263736 0.065934065934 0.164835164835 0.032967032967 0.098901098901 0.065934065934 0.263736263736 0.032967032967 0.131868131868 0.4285714285719999 0.098901098901
1.6250670041492001 0.41287433210207003 0.1144806828019 0.5121962122975701 2.1894237334789697 0.6184774349625999 0.14657980456 2.9922535643697703 0.22896136560386998 0.56879930209357 0.04141755659087 2.0945934406565 0.31412608749496995 1.3367591816864 1.45447392228417 2.315032383299 0.6920579825076 0.029315960912 1.57196532494067 0.5806639902877 0.56623278589997 0.94026254537037 2.3527179917122 0.301267409941
0.44571428571359994 0.3232773109252 0.0 0.102857142857 0.1371428571428 0.0342857142857 0.0 0.769075630253 0.35277310924280003 0.1126890756301 0.0147058823529 0.37226890756319997 0.2302521008408 0.43596638655439995 0.4065546218494 0.40655462184819996 0.3232773109253 0.0489915966386 0.2204201680672 0.3968067226896 0.26462184873940003 0.1175630252099 1.1412605042015 0.3429411764707
0.0 0.0 0.0 0.0 0.0 0.0 0.0 0.0 0.0 0.0 0.0 0.0 0.0 0.0 0.0 0.0 0.0 0.0 0.0 0.0 0.0 0.0 0.0 0.0
0.34408602150519996 0.0430107526881 0.0215053763441 0.0860215053763 0.1290322580645 0.0215053763441 0.0430107526881 0.7096774193549 0.0 0.0430107526881 0.0215053763441 0.47311827957089997 0.0430107526881 0.15053763440819998 0.0430107526882 0.3440860215053 0.3225806451612 0.0 0.1935483870966 0.10752688172 0.0 0.5806451612901 0.2580645161292 0.0215053763441
1.7400512883374 0.2991906451998 0.0235294117647 0.1612269669829 0.7733171618144999 0.1843507477472 0.0615854595825 0.9929002801477 0.1167201164424 0.1783055760249 0.1347267841147 1.4047256168416 0.2537436851641 0.5308576373572 0.8721387050942999 1.5191030668821 0.49228027815880004 0.0470588235294 0.7567879288981999 0.1834106382522 0.1593456317436 0.4916040591634 1.4947635093656 0.128275981392
0.22484094852550002 0.0707538075959 0.0 0.04930595720059999 0.1242529400423 0.040678619626 0.00641025641025 0.33477925583205004 0.0300751879699 0.22879313668805001 0.0 0.51523038365195 0.09663582032005 0.14150761519190003 0.1030460767301 0.1844033159821 0.045112781954700004 0.040678619626 0.1180836707151 0.03648544438015 0.0278581068054 0.20609215346075 0.3342972816658 0.0406786196259
0.0 0.0 0.0 0.0 0.0 0.0 0.0 0.0 0.0 0.0 0.0 0.0 0.0 0.0 0.0 0.0 0.0 0.0 0.0 0.0 0.0 0.0 0.0 0.0
1.4645167697896901 0.44696939550880005 0.08090970371049001 0.23343709854969 0.77918851513367 0.0698945981554 0.030799773114 1.30981650942018 0.37243622815159 0.33260253027210007 0.0121951219512 0.8964180186263 0.32934642106379997 0.8764777618253999 0.8236974420026 1.55822894271317 0.54507508926369 0.27066317058299 0.9259721271874 0.5454203169865001 0.11336676710999 0.5558648819989 1.17626425410987 0.25043856277520005
0.2936936936936 0.129054054054 0.0 0.225000000001 0.30608108108090004 0.1166666666665 0.0 0.6207207207208001 0.7768018018016 0.4227477477476 0.1186936936936 0.1333333333333 0.47274774774789996 0.36238738738709997 0.4166666666662 0.7247747747745 0.07500000000000001 0.108108108108 0.14774774774760002 0.25 0.7103603603603 0.19774774774760004 0.2916666666665 0.1
0.0724815724815 0.0227272727272 0.0113636363636 0.0 0.08108108108100001 0.0909090909091 0.0 0.15202702702690002 0.11517199017190001 0.18488943488930001 0.0 0.1563267813268 0.1308353808353 0.1378992628992 0.0340909090908 0.1335995085995 0.0795454545454 0.0810810810811 0.1108722358722 0.0113636363636 0.027027027027 0.2076167076168 0.1363636363637 0.0227272727273
0.030303030303 0.0 0.0 0.0 0.333333333334 0.0 0.0 0.212121212121 0.0 0.030303030303 0.030303030303 0.060606060606 0.0 0.0 0.030303030303 0.09090909090900001 0.0 0.0 0.060606060606 0.0 0.0 0.0 0.121212121212 0.0
1.08384341151636 0.18087315218049999 0.1080813347236 0.13542583658180002 0.33316567502935995 0.2565369817708 0.0344827586207 0.93286998162082 0.20839416058389998 0.21574710176055997 0.0 0.85001914181242 0.165537017727 0.36292183372217995 0.34489019368126 0.79218284343668 0.1913615433586 0.00735294117646 0.30999186737356 0.14515426608600002 0.08469284265426 0.6621032304187 0.47263048687925996 0.12174139728899999
0.5290549169857 0.1293103448275 0.051724137931 0.0 0.2998084291186 0.1922094508305 0.0 0.5472541507021 0.12579821200500002 0.2110472541506 0.0 0.6618773946356 0.33269476372900003 0.480842911877 0.5255427841631 0.41443167305210005 0.1740102171137 0.259259259259 0.16634738186450002 0.0740740740741 0.037037037037 0.2033844189016 0.3809067688381 0.203384418902
0.30833333333316004 0.3249999999998 0.0833333333332 0.0416666666666 0.25833333333313 0.13333333333333 0.0 0.85000000000086 0.35833333333302997 0.125 0.0 0.73333333333449 0.32499999999983004 0.50833333333286 0.39166666666656 0.30000000000000004 0.02500000000003 0.2166666666667 0.30833333333330004 0.3333333333347 0.45 0.14999999999986002 0.76666666666906 0.00833333333333
0.076923076923 0.0 0.0 0.076923076923 0.1923076923075 0.0 0.0 0.1923076923075 0.0384615384615 0.0 0.0 0.115384615385 0.0384615384615 0.0 0.0384615384615 0.192307692308 0.0 0.0 0.0 0.0 0.0 0.0 0.0 0.0384615384615
0.9891967785893998 0.13675139940722 0.0597694987938 0.2921434511775 1.1911793064892 0.26273246763622005 0.0425927456002 1.8903413740338602 0.32937139124834 0.3690361447383 0.0 1.00964913770034 0.27759428280802 0.21776486988424001 1.9002435476015203 2.6620774590676 1.06849434139772 0.1110446670103 0.8060037233169199 0.320181276816 0.23136591458933997 0.45667582875773993 1.354494020532 0.02129637280012
0.9837360781632999 0.2597034028926 0.0476626057121 0.16107112701540002 0.5292576360698 0.0369674185463 0.0106951871658 0.7308210365493 0.042780748663100006 0.1380624019942 0.0 0.8861223915411 0.08221087478049999 0.33050540790419997 0.7737056545105 1.0891299103373 0.33288099928980003 0.0369674185463 0.6577908675427 0.19404460348750002 0.0846735823515 0.6345207939645 0.9007947676684 0.0558950853068
0.112676056338 0.056338028169 0.056338028169 0.0281690140845 0.0 0.056338028169 0.0 0.1408450704225 0.1408450704225 0.112676056338 0.0 0.253521126761 0.0845070422535 0.112676056338 0.112676056338 0.112676056338 0.112676056338 0.056338028169 0.0845070422535 0.0 0.0845070422535 0.1408450704225 0.112676056338 0.0281690140845
0.3843385600877 0.17356203544879 0.02884955752211 0.1257686566786 0.2193487049488 0.07901658090338999 0.0181818181818 0.6243572812788 0.06035205958389 0.11853387776571 0.02398842322029 0.4346717466867 0.03332068388 0.20005474683379 0.1362497912844 0.46225979953151997 0.24189094147351 0.00628930817609 0.547155239151 0.09159519725559999 0.08339501206751 0.42879116764559 0.4717395022189 0.00628930817609
0.0779220779221 0.0324675324676 0.0 0.0259740259741 0.045454545454599996 0.0194805194805 0.0 0.12337662337659999 0.0324675324675 0.012987012987 0.0 0.05194805194799999 0.0454545454546 0.1233766233765 0.038961038961 0.1363636363636 0.025974025974 0.0 0.0324675324675 0.051948051948 0.0324675324676 0.025974025974 0.0324675324676 0.0324675324675
0.36036036035999996 0.07084357084350001 0.0405405405405 0.0 0.060606060606 0.030303030303 0.0 0.2596232596231 0.23300573300609997 0.11138411138410001 0.0 0.2829647829645 0.178542178542 0.1314496314495 0.1384111384111 0.1920556920555 0.22235872235850002 0.0675675675676 0.144963144963 0.2223587223585 0.043816543816500006 0.0135135135135 0.1953316953315 0.0
0.0 0.0 0.0 0.0 0.0 0.0 0.0 0.0 0.0 0.0 0.0 0.0 0.0 0.0 0.0 0.0 0.0 0.0 0.0 0.0 0.0 0.0 0.0 0.0
1.2230840204408802 0.24138133208220003 0.0766006097561 0.27823747778200003 0.59188925644309 0.33130878468430003 0.0748956996148 0.7757125135782 0.03830030487799 0.2623185543594 0.0288461538461 0.9094314703281899 0.0901396020538 0.30049696973418 1.0243223560792 0.9272404525022799 0.44364153377159 0.015243902439 0.3924533425495 0.0449108818011 0.055982768835799994 0.7338048965656 1.02071272958469 0.11904438629389999
0.16666666666649999 0.1333333333332 0.133333333333 0.0 0.0333333333333 0.0 0.0 0.2999999999995 0.0333333333333 0.0333333333333 0.0 0.33333333333390003 0.133333333333 0.133333333333 0.0333333333333 0.0333333333333 0.0 0.0666666666666 0.0333333333333 0.133333333333 0.0 0.16666666666649999 0.0666666666666 0.0333333333333
1.49664805838418 0.3212645419645 0.0632919738656 0.13056060309519998 0.9305585498589 0.30284975972168 0.0564312498613 1.3867321847787197 0.2423964514774 0.3423964514774 0.04134575740074 1.0362951269088 0.1580316814384 0.80811074759978 0.7805283308537 1.3762259394632803 0.3571136198132 0.0333333333333 0.8599434101530999 0.16808293618109998 0.11772628569850001 0.6060897668346 1.31794002098934 0.0661032188456
0.1428571428572 0.0714285714286 0.0 0.0714285714286 0.08571428571430001 0.0571428571428 0.0142857142857 0.3285714285718 0.37619047619010004 0.37619047619010004 0.0142857142857 0.1714285714285 0.0142857142857 0.09999999999999999 0.0571428571428 0.1428571428571 0.0428571428571 0.0 0.0571428571428 0.0714285714286 0.4047619047615001 0.0714285714286 0.3 0.0285714285714
0.25 0.0 0.5 0.0 0.0 0.0 0.0 0.0 0.0 0.0 0.0 0.25 0.25 0.5 0.0 0.25 0.0 0.0 0.0 0.0 0.0 0.0 0.0 0.0
0.3170731707326 0.0731707317072 0.0243902439024 0.2926829268288 0.21951219512220002 0.05 0.0243902439024 0.5634146341462 0.1487804878048 0.07439024390240001 0.0 0.4146341463412 0.17439024390240002 0.19634146341460001 0.17073170731679999 0.3170731707318 0.2195121951228 0.05 0.4195121951216 0.0487804878048 0.05 0.6134146341464 0.5134146341462 0.0243902439024
0.552646251177 0.17265947572550003 0.0 0.08452577719790001 0.85365938842319 0.16062081192959 0.0848434398411 1.12427566617739 0.08593299769467999 0.1150038819876 0.037037037037 0.96812990473238 0.13498261109689003 0.16250385011929003 0.571920990213 0.9323823983076 0.62161043120739 0.0745341614907 0.3293807911128 0.15219457176869 0.07219103588440001 0.49186440865188 1.03771770035249 0.17938241787179
0.310344827586 0.1379310344826 0.0 0.0 0.10344827586210001 0.0344827586207 0.0689655172413 0.3448275862074 0.0 0.4827586206894 0.0344827586207 0.3448275862067 0.0 0.103448275862 0.103448275862 0.6551724137941001 0.1379310344827 0.103448275862 0.10344827586210001 0.103448275862 0.0344827586207 0.2758620689654 0.44827586206930004 0.0689655172413
0.0 0.0 0.0 0.0 0.0 0.0 0.0 0.0 0.0 0.0 0.0 0.0 0.0 0.0 0.0 0.0 0.0 0.0 0.0 0.0 0.0 0.0 0.0 0.0
1.0179807448541 0.5521406119479 0.0444061397029 0.277444133502 0.5732797636672 0.3337160270482 0.0432785299806 1.8914604747646 0.1333127057696 0.4781584528751 0.0 0.9658268641201999 0.4448067474675 0.8053401849182 0.7241547770608 1.490391738983 0.5667955049418 0.1617963910585 0.8928674374366 0.2617628330269 0.2481905534417 0.38778524098300005 1.4798836320170001 0.22522051044180003
0.08738738738730001 0.054054054054 0.0 0.0166666666667 0.0801801801802 0.0 0.0 0.1414414414415 0.28513513513550004 0.21441441441450002 0.0 0.043693693693700006 0.1770270270271 0.1477477477477 0.1509009009008 0.154054054054 0.027027027027 0.0468468468468 0.09459459459450001 0.0333333333333 0.09774774774770001 0.09054054054050001 0.027027027027 0.0301801801802
0.4666666666666 0.329166666666 0.0999999999998 0.12916666666659998 0.09583333333329999 0.233333333334 0.0 0.2666666666669 0.5791666666673 0.1583333333333 0.0 0.2666666666669 0.2958333333333 0.16666666666629998 0.0333333333333 0.7000000000008 0.0 0.2541666666666 0.1333333333332 0.0333333333333 0.0625 0.09583333333329999 0.566666666667 0.0333333333333
0.0 0.0 0.0 0.0 0.0 0.0 0.0 0.142857142857 0.0 0.42857142857099995 0.0 0.142857142857 0.0 0.0 0.0 0.0 0.0 0.0 0.285714285714 0.0 0.0 0.0 0.0 0.0
1.410775438594 0.47926440929360004 0.143533420985 0.282971817091 0.7204027591646001 0.38162865908000004 0.16609873647860002 2.0974510530268 0.0665070007369 0.24374726088460003 0.0 1.5198426243056002 0.5047400068021 1.4086554615121 1.0439985658197 1.7796950337085997 0.7600616879498 0.1053268765132 0.8298905935865 0.17656893303600002 0.11391244646519999 1.2779594581139002 1.405450404146 0.0815173527037
0.2489731070292 0.1637991164847 0.0294117647059 0.21099744245580002 0.1117569557467 0.1457800511508 0.0434782608695 0.6413624738431001 0.2290165077888 0.0588235294118 0.0294117647059 0.4986437262653 0.2489731070296 0.2648221343873 0.1826706967371 0.3473610788189 0.030303030303 0.05971479500890001 0.10408432147560001 0.2108036890655 0.176974347051 0.37262652096390003 0.3945594047894 0.19565217391349998
0.0933062880323 0.07369844489499999 0.1230561189992 0.0588235294117 0.1426639621362 0.0736984448951 0.241379310346 0.2501690331308 0.0933062880322 0.177146720757 0.0 0.4171737660583 0.12305611899909999 0.5652467883716 0.1325219743068 0.1129141311695 0.20622041920239997 0.0 0.20148749154819998 0.1325219743069 0.0 0.20622041920200002 0.5409060175789 0.0344827586206
0.2040310077518 0.31968992248079997 0.0 0.015503875969 0.196356589147 0.0510077519379 0.0 0.6148837209307 0.1143410852713 0.031007751938 0.015503875969 0.5615503875969 0.2918604651162 0.18217054263559998 0.3506976744189 0.5354263565891 0.2131782945739 0.015503875969 0.3275193798448 0.21953488372110003 0.0988372093023 0.16534883720920002 0.4560465116283 0.02
1.7031957892344 0.5353324029719 0.1463600945771 0.3544800032533 1.7694378995320001 0.2006950400075 0.065065818024 2.1585000649256 0.32764622742270005 0.3271063717476 0.0508474576271 1.615514849267 0.1872148224914 0.6226824726312 1.3269537261677 2.6876178754194 0.9011377945319001 0.1397204696371 0.8584589484883001 0.34149995360760005 0.16145609675390002 0.8846956957782 1.4514897165687 0.1828904093368
0.50827420772792 0.21109163708969997 0.01820201876932 0.1764627747892 0.5538254069559201 0.0486951842884 0.00564971751412 0.85079972939102 0.085099221827 0.13038926654972 0.0125523012552 0.9372441220536 0.01820201876932 0.45747965640124 0.36297211837972 0.83976144886706 0.26872573486312 0.01820201876932 0.66533500382174 0.1384524119082 0.11020382433754 0.76626221488364 0.76742277650032 0.04869518428832
0.1754385964912 0.1052631578947 0.0 0.0701754385965 0.2807017543864 0.0 0.0 0.1754385964914 0.0701754385965 0.1052631578947 0.0 0.0701754385964 0.0350877192982 0.0701754385964 0.1052631578947 0.140350877193 0.0 0.0350877192982 0.0 0.0350877192982 0.1052631578947 0.140350877193 0.2807017543865 0.0
0.9252329327762999 0.14420062695910002 0.040404040404 0.2877155172413 0.8406369731794 0.0542385057471 0.085488505747 0.9216518634617 0.0229885057471 0.2692006269589 0.040404040404 1.0859565482401001 0.0229885057471 0.4845545977011 0.39130529432320005 1.0692267502602002 0.5807971960989999 0.0624999999999 0.6560323058162 0.0633925461511 0.03125 0.8254201497753 1.0024599442706 0.0919540229886
0.1776315789473 0.0592105263157 0.0 0.0394736842104 0.0394736842104 0.0394736842105 0.0 0.49342105263150005 0.11842105263149999 0.0394736842105 0.0 0.2368421052637 0.0 0.375 0.1776315789477 0.49342105263159997 0.0 0.0197368421052 0.1184210526314 0.315789473684 0.0 0.0592105263157 0.1184210526316 0.078947368421
0.2776769509983 0.169092945129 0.0689655172414 0.0557593543654 0.1742286751364 0.0425531914893 0.0 0.2808047264165 0.2411862377881 0.09518477043679999 0.0 0.1936903888481 0.0 0.492450863035 0.2826196084491 0.43487662663619997 0.1379310344827 0.0212765957447 0.0557593543654 0.148936170213 0.44989767154509996 0.12472487160679999 0.2098312545854 0.0425531914893
0.1526683033982 0.055368910711900005 0.0275229357798 0.0838609639489 0.0969763535341 0.0697764569065 0.0 0.2761984752555 0.0278459749321 0.0275229357798 0.0 0.5248740147301001 0.0 0.4157513890686 0.0697764569065 0.6535728130251001 0.2352371107375 0.0 0.40005168626349996 0.0412844036697 0.0825688073394 0.1107378214239 0.6343196795452 0.0140845070422
0.56926836014973 0.11511686874743 0.0183486238532 0.14351574385693 0.2724171315291 0.1017933705223 0.0183486238532 0.70425522105956 0.0550458715596 0.0550458715596 0.0 0.5592181088939301 0.0366972477064 0.18021299156303 0.31238762620453 0.4574247383715301 0.2254391222167 0.0366972477064 0.16887188234743 0.05679775021900001 0.0467474989627 0.2153888709605 0.5924115992813299 0.0585496288783
0.0 0.0 0.0 0.0 0.0 0.0714285714286 0.0 0.0714285714286 0.0714285714286 0.0 0.0 0.357142857143 0.0 0.0 0.2142857142856 0.0 0.0 0.0 0.0 0.0 0.0 0.0714285714286 0.142857142857 0.0
1.3139134109840298 0.1793718710878 0.11115105228623 0.34904908354346 1.09513333233123 0.21432340270380001 0.1549224357476 2.1153104314059297 0.40188638016333 0.5210289897229999 0.0 1.56311085270553 0.11215371452733 0.8981430892205 0.95175410762506 1.2905811631969 0.4790417562049 0.0440134149293 1.22919649631763 0.424704643396 0.01863354037266 0.7295065758403301 1.5223615502193302 0.28070870546666005
0.2749999999998 0.24642857142949998 0.0 0.0749999999999 0.0999999999999 0.15 0.0 0.578571428571 0.4071428571425 0.2178571428569 0.0 0.4000000000008 0.27857142857149997 0.4071428571426 0.5428571428572 0.4821428571437 0.175 0.1821428571429 0.0607142857143 0.2642857142859 0.40000000000060004 0.1714285714284 0.4857142857139 0.0999999999998
0.0 0.0 0.0 0.0 0.0 0.0 0.0 0.0 0.0 0.0 0.0 0.0 0.0 0.0 0.0 0.0 0.0 0.0 0.0 0.0 0.0 0.0 0.0 0.0
0.3062200956936 0.172248803828 0.0 0.2296650717705 0.24880382775100002 0.1148325358851 0.0191387559808 0.5741626794249 0.0 0.0 0.0 0.49760765550170005 0.0382775119617 0.0765550239232 0.2105263157893 0.3444976076552 0.15311004784670001 0.0 0.13397129186589998 0.0765550239234 0.0 0.3253588516748 0.4210526315784999 0.0574162679425
0.33459190406137 0.06903952262507 0.0 0.12816576155936998 0.32428527925434003 0.03827190928127 0.0294117647059 0.25536539033174 0.0163934426229 0.06768367398717001 0.02323431529637 0.37280218385909997 0.05231436837027 0.16679838458234 0.21697384734727 0.5259224483584 0.12268073752337001 0.038271909281370003 0.14727090145787 0.160289223541 0.031431036607839996 0.23451106067997 0.5755831236728399 0.06870781099317
0.1278911564625 0.05464852607699999 0.0 0.0102040816326 0.0648526077097 0.0852607709751 0.0444444444445 0.2233560090702 0.031519274376300005 0.1965986394559 0.0 0.1102040816325 0.054648526077099996 0.1380952380951 0.1426303854879 0.11678004535139999 0.0111111111111 0.051927437641700006 0.041723356009 0.051927437641700006 0.0222222222222 0.1482993197279 0.2716553287982 0.0
0.0 0.0 0.0 0.0 0.0 0.0 0.0 0.0 0.0 0.0 0.0 0.0 0.0 0.0 0.0 0.0 0.0 0.0 0.0 0.0 0.0 0.0 0.0 0.0
0.8973157787431999 0.22827007507840003 0.1105109579685 0.32983615334849997 0.7559992197570999 0.1799962749116 0.0677966101694 1.3087330428123998 0.2250408724984 0.2726416909609 0.0 0.6189924031968 0.23043397280689998 0.6663465556370001 0.59698866666 0.9338887501891 0.3959650158716 0.09331566778379999 0.4369283078981 0.16101100486220002 0.0425531914894 0.2138595307005 1.0558583620972 0.1777178945587
0.47336065573749997 0.3319672131147 0.0 0.047643442622900004 0.1741803278688 0.17264344262280001 0.03125 0.45696721311559996 0.8483606557376999 0.09375 0.0 0.1890368852458 0.14446721311469998 0.28432377049159996 0.06403688524580001 0.1726434426229 0.17264344262280001 0.1741803278688 0.06403688524580001 0.2233606557378 0.19211065573749997 0.1874999999999 0.4390368852459 0.0625
0.09210526315800001 0.0526315789473 0.0394736842105 0.0263157894737 0.0263157894736 0.118421052632 0.0 0.06578947368419999 0.0131578947368 0.0394736842104 0.0 0.0394736842105 0.0131578947368 0.0394736842104 0.0 0.2499999999995 0.0 0.0131578947368 0.0131578947368 0.0 0.0131578947368 0.0394736842105 0.0921052631579 0.0131578947368
0.0 0.0 0.0 0.0 0.0 0.0 0.0 0.0 0.0 0.0 0.0 0.0 0.0 0.0 0.0 0.0 0.0 0.0 0.0 0.0 0.0 0.0 0.0 0.0
0.3869442601197 0.1444813094448 0.0446250829463 0.153284671533 0.3732360097327 0.0340909090909 0.2637469586377 0.542103516921 0.133117673081 0.11121986286209999 0.0113636363636 0.6111147976114 0.0778865295288 0.12272727272719999 0.29783786772849996 0.572876575979 0.07788652952889999 0.021897810219 0.3091296173414 0.0673523556736 0.0 0.2988829904887 0.2442656491927 0.09992811324930001
0.0967492260061 0.0967492260061 0.0 0.0294117647058 0.1346749226004 0.0441176470588 0.0294117647059 0.3784829721365 0.1052631578946 0.126160990712 0.0 0.1346749226004 0.0588235294117 0.5619195046456 0.23142414860670002 0.0967492260061 0.0526315789473 0.1052631578946 0.08204334365310001 0.105263157895 0.0294117647059 0.0526315789473 0.321981424149 0.12616099071210002
0.22744138977890999 0.2065717471562 0.0555555555555 0.06382001836541 0.0701003541911 0.11540731995291 0.17517006802719998 0.5324581623285101 0.08928571428570001 0.1597140233504 0.0 0.38366503626242 0.1402007083827 0.6596812278636001 0.22244476302912 0.22050514420631 0.17182492831829999 0.0 0.21294109930480998 0.2486717827628 0.0357142857143 0.3372242836526 0.63333708138881 0.038265306122400006
0.08139534883720001 0.0232558139534 0.0 0.0 0.0697674418605 0.0232558139535 0.0 0.1046511627906 0.0 0.0232558139534 0.0348837209302 0.1511627906975 0.0116279069767 0.0232558139534 0.0348837209302 0.09302325581390002 0.0116279069767 0.0116279069767 0.08139534883720001 0.104651162791 0.0 0.0581395348837 0.0348837209302 0.0232558139535
1.0883896912767 0.30395542636300005 0.0214592274678 0.28357662683 1.1779338834118 0.2602002961084 0.0512716798053 1.1237011050871 0.2926721510335 0.2981607075818 0.0214592274678 1.1276730964547 0.1731068223263 0.34494662143919996 1.238266937208 2.0258427668588004 0.8700385480352999 0.0569685531492 0.6903330298671 0.48449880355900005 0.1978991042107 0.48332803718620004 1.1730836958619 0.2112339614109
0.5206766917289 0.1296992481202 0.0178571428571 0.2434210526311 0.3411654135341 0.09398496240599999 0.0 0.5620300751889 0.0535714285714 0.0178571428571 0.0 0.6654135338344 0.0 0.2471804511278 0.287593984962 0.3768796992483 0.2208646616542 0.0 0.34586466165409996 0.1259398496242 0.08552631578940001 0.2969924812028 0.3317669172933 0.0357142857143
0.0 0.0 0.0 0.0 0.0 0.0 0.0 0.0 0.0 0.0 0.0 0.0 0.0 0.0 0.0 0.0 0.0 0.0 0.0 0.0 0.0 0.0 0.0 0.0
0.5386720867217001 0.0277777777778 0.0 0.1743902439024 0.2443631436314 0.042195121951199996 0.0 0.49542005420019997 0.1177777777777 0.0665853658536 0.0 0.43192411924099994 0.0 0.1754742547424 0.2953658536586 1.0176151761524999 0.08875338753380001 0.07994579945790001 0.3799457994578 0.0965853658535 0.0899999999999 0.1431436314363 0.43967479674779997 0.0543902439024
0.152542372881 0.254237288135 0.0 0.0 0.0762711864406 0.050847457627 0.0254237288135 0.3813559322025001 0.177966101695 0.0254237288135 0.0 0.1779661016945 0.050847457627 0.2542372881355 0.1525423728811 0.43220338983059997 0.0254237288135 0.0254237288135 0.101694915254 0.177966101695 0.0762711864405 0.0762711864406 0.2033898305086 0.101694915254
0.782608695652 0.0869565217391 0.0 0.0869565217391 0.6086956521741 0.0869565217391 0.173913043478 0.2608695652173 0.0 0.0 0.0 0.1739130434782 0.0869565217391 0.3478260869562 0.0 0.5217391304344 0.0869565217391 0.0 0.1739130434782 0.0869565217391 0.0869565217391 0.0 0.2608695652173 0.0869565217391
0.17693236714979999 0.0718599033816 0.0277777777778 0.10507246376820001 0.20169082125600002 0.0 0.0664251207729 0.6050724637679 0.0193236714976 0.0193236714976 0.0 0.6654589371984 0.0386473429951 0.9450483091790999 0.1382850241547 0.5066425120771 0.3043478260871 0.0 0.3230676328505 0.0193236714976 0.0664251207729 0.1799516908214 0.5000000000011 0.0193236714976
0.5820986247242 0.23083352328800003 0.0162601626016 0.1560671681481 0.3560519717344 0.0975609756097 0.1316769242457 1.2062153331812 0.11382113821130001 0.0325203252032 0.0 1.1331205835422002 0.1446698579132 0.9233340931547 0.3902439024391 0.3918395258717 0.4454828660435 0.0 0.43241395030890006 0.1430742344806 0.0650406504065 0.9834359091245001 0.7690145125754 0.2552237671904
0.0363636363636 0.0545454545454 0.0 0.0181818181818 0.0545454545454 0.0363636363636 0.0 0.18181818181840004 0.0727272727272 0.0 0.0 0.1636363636364 0.0909090909091 0.0545454545454 0.0 0.0727272727272 0.0 0.0181818181818 0.0545454545454 0.0 0.0 0.0363636363636 0.0363636363636 0.0181818181818
0.4733215176269 0.1012717852095 0.10687626240425 0.11702739168265 0.3438989437713 0.030303030303 0.165087912585 0.76540698989425 0.0279086198775 0.060606060606 0.0155440414508 0.3991120922051 0.0231197990265 0.523988013976 0.23147941166265001 0.6472519167259001 0.2344473096645 0.00757575757575 0.58637574480195 0.1092400690848 0.0562097660542 0.32317355517015 0.35108217504795003 0.29969183359039997
0.0408163265306 0.0408163265306 0.0 0.0 0.061224489795900006 0.0 0.0 0.0816326530612 0.20408163265360002 0.061224489795900006 0.0 0.0204081632653 0.0816326530612 0.1020408163266 0.0 0.0408163265306 0.0 0.061224489795900006 0.0 0.0204081632653 0.1020408163265 0.061224489795900006 0.0 0.0204081632653
0.0 0.0 0.0 0.0 0.0 0.0 0.0 0.0 0.0 0.0 0.0 0.0 0.0 0.0 0.0 0.0 0.0 0.0 0.0 0.0 0.0 0.0 0.0 0.0
0.0879120879122 0.021978021978 0.0 0.043956043956 0.043956043956 0.065934065934 0.043956043956 0.263736263736 0.021978021978 0.0 0.0 0.15384615384619998 0.0 0.10989010989 0.065934065934 0.37362637362740003 0.065934065934 0.0 0.065934065934 0.043956043956 0.021978021978 0.28571428571400004 0.1978021978024 0.021978021978
0.7450769460643001 0.09653475913 0.0 0.1720005976394 0.6159228191507 0.1189985272458 0.0309278350515 0.4049251883628999 0.0455486542443 0.10983436853 0.0 0.7640349192117999 0.18333333333319998 0.4830142366219 0.324618471324 0.7683037715315001 0.2803910268723 0.0 0.4758905893145 0.1240709910141 0.0417974002689 0.40362852447130004 0.7635525389003001 0.0475945017182
0.0 0.0 0.0 0.0 0.0 0.0 0.0 0.0 0.0 0.0 0.0 0.0 0.0 0.0 0.0 0.0 0.0 0.0 0.0 0.0 0.0 0.0 0.0 0.0
0.0526315789474 0.0 0.0 0.0 0.0 0.0 0.263157894737 0.1578947368424 0.0 0.0 0.0 0.1578947368424 0.0 0.1052631578948 0.0 0.0 0.0 0.0 0.0526315789474 0.0 0.0 0.105263157895 0.105263157895 0.0
0.7087137169916999 0.24813682760726002 0.0645270843946 0.26321336255086 0.39174126094606 0.14838668812166 0.0502820701497 0.85193203901836 0.0357142857142 0.48918281865348007 0.0 0.6012689787527201 0.09625559625546 0.26987967882020003 0.30276248157026 0.64520413361412 0.40120738961776 0.0 0.22508874495626 0.02250429237186 0.0375457875457 0.37010352904352 0.65624907346786 0.12010015983511999
0.0 0.0 0.0 0.0 0.0 0.0 0.0 0.0 0.0 0.0 0.0 0.0 0.0 0.0 0.0 0.0 0.0 0.0 0.0 0.0 0.0 0.0 0.0 0.0
0.0571428571429 0.08571428571430001 0.0 0.0285714285714 0.0 0.1714285714289 0.0 0.0714285714285 0.0857142857142 0.0428571428571 0.0142857142857 0.0428571428571 0.0 0.07142857142850001 0.0428571428571 0.1142857142857 0.0 0.0142857142857 0.0285714285714 0.0 0.0 0.0428571428571 0.0571428571429 0.0285714285714
0.0 0.0 0.0 0.0 0.0 0.0 0.0 0.0 0.0 0.0 0.0 0.0 0.0 0.0 0.0 0.0 0.0 0.0 0.0 0.0 0.0 0.0 0.0 0.0
0.2146153846153 0.1473076923076 0.0266666666667 0.099358974359 0.1666666666664 0.24217948717940002 0.0192307692308 0.31064102564074003 0.08858974358978 0.06410256410248 0.0 0.374743589744 0.14192307692298 0.28397435897428 0.13346153846148 0.5156410256414601 0.11538461538458 0.0266666666667 0.26153846153846 0.06294871794868 0.0 0.26474358974348 0.359615384616 0.08
0.0655737704918 0.0163934426229 0.0 0.0163934426229 0.0163934426229 0.0491803278688 0.0 0.1639344262295 0.0327868852458 0.0163934426229 0.0 0.0983606557377 0.0163934426229 0.0327868852458 0.0491803278688 0.0491803278688 0.0163934426229 0.0 0.0655737704917 0.0491803278688 0.0163934426229 0.0983606557376 0.0655737704916 0.0655737704918
0.12162397216946 0.11877767235930001 0.00980392156863 0.0 0.1456435800127 0.0125 0.0643659076534 0.37407495256156004 0.11151960784333 0.05171568627453 0.0 0.31285578747686 0.11151960784315999 0.4660578747631301 0.08382352941186 0.09632352941183 0.07671568627453 0.00980392156863 0.08210784313729999 0.180147058824 0.0322580645161 0.1662318153068 0.35252213788785997 0.01960784313726
0.2333333333333 0.0 0.0333333333333 0.0 0.0 0.0 0.0 0.1333333333333 0.0333333333333 0.0 0.0 0.1333333333333 0.0666666666667 0.0333333333333 0.0 0.1333333333333 0.0666666666666 0.0 0.0 0.0666666666667 0.0 0.0333333333333 0.0333333333333 0.0
1.0937201642898802 0.42671422760899996 0.1165480798976 0.46048726986229005 1.3233570892622901 0.4210029874161 0.07661656211769 1.5137873188232998 0.23960648132689 0.2443130158393 0.0 1.5842430725147902 0.2622925097358 0.46829088995107004 0.6368210671271899 2.4957419191474903 0.5702210541547 0.1487783302697 0.9164115186743 0.5556957296738001 0.12734499052908999 0.8638242109596899 1.3054031805463902 0.1487783302697
0.0625 0.0104166666667 0.0 0.0833333333333 0.0520833333333 0.0 0.0 0.07291666666680001 0.0 0.0104166666667 0.0 0.125 0.0104166666667 0.0520833333334 0.0208333333333 0.1250000000001 0.07291666666669999 0.0104166666667 0.10416666666669999 0.0 0.0104166666667 0.1041666666668 0.07291666666680001 0.0
0.0 0.0 0.285714285714 0.0 0.0 0.0 0.285714285714 0.0 0.0 0.0 0.0 0.0 0.0 0.0 0.2 0.2 0.0 0.2 0.285714285714 0.0 0.4 0.142857142857 0.0 0.0
0.38188405797139996 0.1217391304348 0.0 0.0434782608696 0.186231884058 0.0 0.0 0.3471014492754 0.0166666666667 0.027536231884100003 0.0 0.19202898550730002 0.0166666666667 0.21521739130470002 0.16521739130440002 0.28260869565220004 0.29275362318840004 0.0 0.1210144927536 0.077536231884 0.027536231884100003 0.1927536231885 0.2202898550725 0.0717391304348
0.0 0.0 0.0 0.0 0.0 0.0 0.0 0.0 0.0 0.0 0.0 0.0 0.0 0.0 0.0 0.0 0.0 0.0 0.0 0.0 0.0 0.0 0.0 0.0
0.0833333333334 0.0416666666667 0.0 0.0 0.25 0.0 0.0 0.4166666666666 0.0416666666667 0.0 0.0 0.1666666666667 0.0 0.1250000000001 0.0416666666667 0.2083333333335 0.0416666666667 0.0 0.0 0.0833333333333 0.0833333333333 0.0 0.33333333333369997 0.0833333333334
0.12406926406919999 0.0912554112553 0.0133333333333 0.1251082251082 0.1568831168829 0.0 0.0584415584415 0.2542857142856 0.0194805194805 0.0194805194805 0.0 0.5157575757576001 0.0522943722943 0.3660606060609 0.038961038961 0.47991341991369996 0.3988744588748 0.0194805194805 0.43064935064950005 0.0912554112554 0.156883116883 0.1640692640692 0.4234632034634 0.0
0.47691894793339995 0.1767579173376 0.0 0.02356414385397 0.29398819108967 0.1531937734835 0.0 0.42082662372497 0.0432098765432 0.10493827160489999 0.0 0.38153515834673996 0.07407407407407 0.15373054213614 0.2132045088567 0.48362855609194 0.13129361245287002 0.0 0.15877616747171003 0.02356414385397 0.00617283950617 0.2698872785829 0.35238862050437003 0.05834675254957
0.8237986270024 0.157894736842 0.0 0.1052631578946 0.13958810068639999 0.0961098398169 0.0 0.5423340961098 0.105263157895 0.0434782608696 0.0 0.4645308924485 0.368421052633 0.2013729977119 0.0961098398169 0.2883295194509 0.1578947368423 0.0 0.263157894737 0.235697940504 0.105263157895 0.1052631578946 0.350114416476 0.35011441647610003
1.0156468047635 0.1417567767733 0.1052631578948 0.43415790253270004 0.9912605539910001 0.1478767278141 0.0465116279069 0.9115140836827 0.046511627907 0.1478767278141 0.0465116279069 1.1889076861908001 0.3145654834769 0.5288573232818 0.8036314308201999 0.9253911701187001 0.6966375351804001 0.07588739290089999 0.9824665351740001 0.2580358465413 0.076433121019 0.7133212233676001 1.2149311213173002 0.186046511628
0.0 0.0 0.0 0.0 0.0 0.0 0.0 0.0 0.0 0.0 0.0 0.0 0.0 0.0 0.0 0.0 0.0 0.0 0.0 0.0 0.0 0.0 0.0 0.0
0.0 0.0 0.0 0.0 0.0 0.0 0.0 0.0 0.0 0.0 0.0 0.0 0.0 0.0 0.0 0.0 0.0 0.0 0.0 0.0 0.0 0.0 0.0 0.0
0.358974358974 0.179487179487 0.0 0.128205128205 0.15384615384600003 0.025641025641 0.051282051282 0.3589743589750001 0.025641025641 0.051282051282 0.0 0.435897435898 0.051282051282 0.102564102564 0.179487179487 0.48717948717900006 0.179487179487 0.0 0.23076923076900002 0.102564102564 0.0 0.410256410257 0.410256410256 0.076923076923
0.8149652487783 0.1572580645161 0.0 0.1280828530318 1.0299220216493001 0.1998112560053 0.0765643218033 0.9497342492828 0.086596385542 0.0865963855421 0.1703729812868 1.0143676972824 0.0 0.45867943289990004 0.7643475411621 0.8801940776150999 0.39962251201079996 0.0 0.3747570928874 0.0765643218033 0.0865963855421 0.41543989961200006 0.7104097584577 0.11911751329260001
0.1803398058251 0.0776699029125 0.0 0.1138349514562 0.17208737864060003 0.0776699029125 0.025 0.3441747572814 0.025 0.135922330098 0.0 0.48009708737859996 0.0 0.1526699029125 0.1026699029125 0.1582524271843 0.0194174757281 0.0388349514563 0.1082524271844 0.0388349514563 0.0 0.18592233009710002 0.5050970873787 0.0582524271844
0.0 0.0 0.0 0.0 0.0 0.0 0.0 0.0 0.0 0.0 0.0 0.0 0.0 0.0 0.0 0.0 0.0 0.0 0.0 0.0 0.0 0.0 0.0 0.0
0.6742924323168 0.18900296068619998 0.03125 0.2090995819894 0.27887598159022003 0.12012585157830001 0.08215780851825999 0.9242427251590801 0.03603411513856 0.0957356076761 0.0 0.4745157278607 0.04886889593839999 0.48875658801984 0.24609413807456001 1.14174734506568 0.11987332575976001 0.0 0.50538616018192 0.10499963237995999 0.04404805242076 0.3347909205924 0.83517677591996 0.0149253731343
0.1072261072261 0.053613053613000006 0.0 0.0 0.12237762237750001 0.10722610722610001 0.030303030303 0.1293706293705 0.444055944057 0.2377622377625 0.0 0.19114219114210004 0.19114219114210002 0.19930069930100003 0.16083916083910002 0.1223776223776 0.0990675990675 0.1456876456876 0.0151515151515 0.16899766899750002 0.21445221445249998 0.0920745920745 0.114219114219 0.053613053613000006
0.0579710144927 0.0144927536232 0.0144927536232 0.0869565217391 0.0 0.1884057971013 0.0 0.159420289855 0.0 0.0434782608695 0.0 0.0289855072464 0.0 0.0144927536232 0.0434782608695 0.1304347826086 0.0144927536232 0.0144927536232 0.0144927536232 0.0144927536232 0.0289855072464 0.0579710144928 0.0434782608695 0.0289855072463
0.0 0.0 0.0 0.0 0.0 0.0 0.0 0.0 0.0 0.0 0.0 0.0 0.0 0.0 0.0 0.0 0.0 0.0 0.0 0.0 0.0 0.0 0.0 0.0
0.2053571428571 0.1264880952381 0.047619047619 0.063244047619 0.094494047619 0.015625 0.0 0.44270833333299997 0.03125 0.094494047619 0.0 0.4255952380951 0.1101190476191 0.348214285714 0.047619047619 0.142113095238 0.0 0.063244047619 0.03125 0.0 0.0 0.126488095238 0.5215773809521 0.0625
0.0 0.0882352941176 0.0 0.0 0.0294117647059 0.0 0.0 0.0588235294118 0.2058823529416 0.0294117647059 0.0 0.1176470588235 0.0294117647059 0.0294117647059 0.0294117647059 0.14705882352990002 0.0 0.0588235294117 0.0 0.0294117647059 0.1470588235294 0.0 0.0 0.0
0.1388888888887 0.21288844176139998 0.1 0.0277777777777 0.0140845070422 0.1847194276769 0.2277777777777 0.5164319248824001 0.29739548401500004 0.17063492063469998 0.0140845070422 0.40892018779289996 0.40633802817 0.3952269170575 0.0281690140844 0.1533646322377 0.0277777777777 0.0422535211266 0.2500000000005 0.23865414710549998 0.5126872345177 0.1277777777777 0.3640845070423 0.14006259780910002
0.24264049955470002 0.0 0.0 0.0263157894737 0.1619090098127 0.1315789473683 0.0263157894737 0.1917930419274 0.0677966101695 0.0 0.0508474576271 0.2671721677074 0.0338983050848 0.0263157894737 0.1034790365744 0.2729705619982 0.0 0.0169491525424 0.0847457627118 0.0695807314897 0.0 0.0602140945584 0.13916146297940002 0.0263157894737
0.3053305089303 0.18932205364989999 0.0232558139535 0.0759796113412 0.2766093787277 0.0752327581094 0.0237491190979 0.6346254838929001 0.1469860048627 0.1421484907787 0.0178571428571 0.5774680772128 0.0873539702307 0.1586013275244 0.29718211331 1.0194350435602002 0.3698508431147 0.0631115459883 0.3115893955253 0.2530955346026 0.0395184723952 0.3893861819397 0.46367828836740005 0.0586328400281
0.1818181818183 0.1090909090909 0.0 0.0 0.1090909090909 0.0 0.0363636363636 0.1090909090909 0.0 0.0363636363636 0.0 0.25454545454530003 0.109090909091 0.3272727272726 0.0727272727273 0.1818181818181 0.14545454545460001 0.0 0.0727272727273 0.0363636363636 0.0 0.145454545455 0.0727272727272 0.0
0.0 0.0 0.0 0.0 0.0 0.0 0.0 0.0 0.0 0.0 0.0 0.0 0.0 0.0 0.0 0.0 0.0 0.0 0.0 0.0 0.0 0.0 0.0 0.0
0.04838709677400001 0.016129032258 0.0 0.0967741935484 0.0645161290322 0.0 0.0 0.08064516129009999 0.0 0.0 0.016129032258 0.0967741935484 0.0 0.0 0.0 0.1612903225803 0.0483870967741 0.0 0.1129032258064 0.016129032258 0.0 0.016129032258 0.2258064516135 0.0
0.3364485981311 0.28037383177499997 0.0 0.392523364487 0.2242990654202 0.11214953271 0.0 0.6728971962621 0.2803738317751 0.1682242990651 0.0 0.3364485981301 0.392523364487 0.7289719626161 0.4485981308421 0.392523364485 0.0560747663551 0.0 0.1682242990651 0.392523364487 0.11214953271 0.0560747663551 0.28037383177499997 0.168224299065
0.0 0.0 0.0 0.0 0.0 0.0 0.0 0.0 0.0 0.0 0.0 0.0 0.0 0.0 0.0 0.0 0.0 0.0 0.0 0.0 0.0 0.0 0.0 0.0
0.0173913043478 0.0521739130435 0.0 0.043478260869500004 0.0260869565217 0.0 0.0086956521739 0.0608695652174 0.0173913043478 0.0086956521739 0.0 0.139130434783 0.0 0.113043478261 0.0086956521739 0.0782608695651 0.1043478260872 0.0 0.095652173913 0.0 0.0521739130435 0.0608695652174 0.1043478260868 0.0086956521739
0.6189060939069 0.1021978021978 0.0714285714286 0.1084415584416 0.47917082917129994 0.1087662337661 0.3035714285721 0.7149600399605 0.031843156843100004 0.048626373626300005 0.0 0.5176823176824 0.0566933066933 0.25969030969010004 0.2147352647354 0.2938061938063 0.2140859140859 0.0178571428571 0.45526973026960005 0.0854145854147 0.031843156843100004 0.3188561438564 0.8131868131871001 0.132967032967
0.0 0.0 0.0 0.0 0.0 0.0 0.0 0.0 0.0 0.0 0.0 0.0 0.0 0.0 0.0 0.0 0.0 0.0 0.0 0.0 0.0 0.0 0.0 0.0
0.56765299617526 0.15326179345508 0.0 0.1177486187846 0.19847003824918 0.1581491712707 0.042764555886080004 0.40605078623054003 0.04133021674456 0.1066988950276 0.0 0.28256481087998 0.0523799405015 0.1696238844028 0.1393433914152 0.39027305567355997 0.14659477263064 0.0 0.2552326816831 0.0441988950277 0.12306098597528001 0.24654696132598 0.34700382490448 0.0110497237569
0.4409448818902 0.2834645669291 0.0 0.0629921259842 0.34645669291329995 0.0 0.0314960629921 0.4409448818899 0.0314960629921 0.0314960629921 0.0 0.4724409448826 0.0629921259842 0.15748031496049997 0.0629921259842 0.3779527559057 0.1889763779526 0.0 0.18897637795320002 0.125984251969 0.09448818897629999 0.220472440946 0.37795275590640004 0.0
0.0 0.0 1.2666666666670001 0.0 0.0 0.2 0.0 0.2 0.2 0.2 0.0 0.2 0.2 0.0 0.0 0.0 0.0 0.0 0.2 0.0 0.333333333333 0.0 0.0 0.0
0.0 0.0 0.0 0.0 0.0 0.0 0.0 0.0 0.0 0.0 0.0 0.0 0.0 0.0 0.0 0.0 0.0 0.0 0.0 0.0 0.0 0.0 0.0 0.0
0.644009216591 0.16881268636490002 0.107142857143 0.09392789373799999 0.9010571970735 0.0 0.0322580645161 0.5928435890484 0.1470588235291 0.0588235294116 0.0322580645161 0.5559094605592 0.0 0.3110599078343 0.6240851179193 0.7703307129308999 0.5576036866364 0.0 0.4504608294934 0.15559772296 0.061669829221899994 0.2304825155869 0.4723502304152 0.0322580645161
0.0384615384615 0.0576923076923 0.0 0.0192307692308 0.0 0.0769230769232 0.0 0.1730769230773 0.0 0.1730769230768 0.0 0.0384615384616 0.0192307692308 0.0961538461538 0.0 0.0192307692308 0.0 0.0384615384615 0.0 0.0384615384615 0.0192307692308 0.0961538461539 0.0769230769232 0.0192307692308
0.0 0.0 0.0 0.0 0.0 0.0 0.0 0.0 0.0 0.0 0.0 0.0 0.0 0.0 0.0 0.0 0.0 0.0 0.0 0.0 0.0 0.0 0.0 0.0
0.5434551539406001 0.0478252683111 0.0265486725664 0.24595939043169998 0.3807010404466 0.265675014121 0.0425531914893 0.4841503635189 0.0691018640557 0.2867633214085 0.0322580645161 0.8376771278108 0.0265486725664 0.2816795330447 0.5617069867166999 0.96037439034 0.213264010787 0.0 0.3635728645967 0.095650536622 0.0910648015986 0.30339344391679995 0.7762464999603 0.063829787234
0.0769581056467 0.1497007546188 0.0555555555556 0.07194899817860001 0.08492063492060001 0.016393442623 0.016393442623 0.3599661722616001 0.42006245121029995 0.1740567265158 0.0 0.1660941972419 0.2589773614363 0.2917642466824 0.032786885246 0.2346213895396 0.032786885246 0.0571428571428 0.032786885246 0.11691386937289999 0.14548529794440002 0.0613583138174 0.11053864168619999 0.032786885246
0.0769230769231 0.0384615384615 0.0 0.0192307692307 0.0 0.134615384616 0.0 0.1346153846157 0.0384615384614 0.1538461538461 0.0 0.057692307692200004 0.0 0.0 0.0 0.11538461538460001 0.0192307692307 0.0 0.0192307692307 0.0576923076922 0.0 0.0576923076922 0.0576923076922 0.0192307692307
0.0 0.0 0.0 0.0 0.0 0.0 0.0 0.0 0.0 0.0 0.0 0.0 0.0 0.0 0.0 0.0 0.0 0.0 0.0 0.0 0.0 0.0 0.0 0.0
0.212121212121 0.2213438735177 0.10408432147560001 0.0869565217391 0.0737812911726 0.1778656126481 0.0434782608696 0.29907773386020003 0.060606060606 0.060606060606 0.0 0.8326745718051 0.1949934123846 0.3820816864292 0.030303030303 0.46903820816850006 0.0869565217392 0.0 0.060606060606 0.030303030303 0.0 0.16073781291199998 0.4123847167321 0.0
0.0 0.0 0.0 0.0 0.0 0.0 0.0 0.0 0.0 0.0 0.0 0.0 0.0 0.0 0.0 0.0 0.0 0.0 0.0 0.0 0.0 0.0 0.0 0.0
0.4303135888498 0.142857142857 0.0121951219512 0.0 0.0121951219512 0.0243902439024 0.1550522648082 0.1585365853658 0.0487804878048 0.0609756097561 0.0 0.060975609756 0.0853658536589 0.2038327526132 0.0121951219512 0.0487804878048 0.09581881533099999 0.0 0.0487804878048 0.0243902439024 0.0 0.0975609756098 0.2404181184667 0.036585365853600005
0.0322580645161 0.0 0.0 0.0 0.1290322580644 0.0322580645161 0.0 0.1935483870966 0.0 0.0322580645161 0.0322580645161 0.0322580645161 0.0645161290322 0.0322580645161 0.0 0.2903225806462 0.0322580645161 0.0 0.0967741935483 0.0 0.0 0.0 0.0 0.0
0.49767605086940003 0.3486628556409 0.0 0.35536300318360003 0.6160360554087999 0.1503056884636 0.0427272727273 0.6691670101366 0.037679425837299996 0.0952311703672 0.0112359550562 0.9712700631400001 0.1511669324826 0.4015390749598 0.2414376168543 1.1932420598651 0.4333352746863 0.0112359550562 0.5827774193737 0.46874800638020003 0.0819961889743 0.6218259770982 1.0173409434389 0.0
0.0 0.0 0.0 0.0 0.0 0.0 0.0 0.0 0.0 0.0 0.0 0.0 0.0 0.0 0.0 0.0 0.0 0.0 0.0 0.0 0.0 0.0 0.0 0.0
0.0 0.0 0.0 0.0 0.0 0.0 0.0 0.0 0.0 0.0 0.0 0.0 0.0 0.0 0.0 0.0 0.0 0.0 0.0 0.0 0.0 0.0 0.0 0.0
0.0571428571428 0.0142857142857 0.0444444444444 0.0285714285714 0.16507936507940002 0.0444444444444 0.0 0.2539682539682 0.0222222222222 0.0222222222222 0.0 0.2317460317458 0.0809523809524 0.1253968253967 0.0428571428571 0.2333333333332 0.1095238095237 0.0 0.06507936507930001 0.0222222222222 0.0 0.13809523809520002 0.211111111111 0.0873015873015
0.0483870967742 0.0322580645161 0.0 0.0 0.0 0.0161290322581 0.0 0.1290322580646 0.0645161290322 0.1129032258066 0.0 0.0322580645162 0.1129032258066 0.0967741935485 0.0 0.0967741935484 0.0322580645162 0.0 0.0322580645161 0.0483870967742 0.0483870967742 0.048387096774300004 0.048387096774300004 0.0
0.07894736842109999 0.0 0.0 0.0 0.0 0.0 0.0 0.1315789473684 0.0526315789474 0.07894736842109999 0.0 0.1052631578948 0.078947368421 0.0263157894737 0.0 0.07894736842109999 0.0526315789474 0.0263157894737 0.0263157894737 0.0263157894737 0.07894736842109999 0.0 0.1578947368427 0.0
0.0684782608696 0.07499999999990001 0.0869565217391 0.0869565217391 0.0684782608696 0.0434782608696 0.125 0.18695652173900001 0.0434782608696 0.0869565217391 0.025 0.7608695652188 0.025 0.30000000000090005 0.0 0.19999999999970003 0.0999999999999 0.0434782608696 0.2684782608694 0.0 0.0499999999999 0.0 0.311956521739 0.0434782608696
0.9403635794178 0.3674167069057 0.02 0.0463157894737 0.5334939381674 0.0921873491067 0.137614678899 0.9386083234370999 0.07289858666 0.0526315789474 0.045871559633 0.7729009357015 0.085871559633 0.8127980998862001 0.25639787542299997 1.1094543698711 0.2428778367937 0.0 0.6065697469552 0.3019893771124 0.067027027027 0.5796040560116 0.7897101543841001 0.1273968705548
0.1219512195122 0.0975609756099 0.0 0.0 0.0 0.0 0.0 0.1463414634148 0.0975609756099 0.0 0.0 0.0487804878048 0.0731707317073 0.0731707317073 0.0487804878049 0.0243902439024 0.0487804878049 0.0243902439024 0.0487804878049 0.0487804878049 0.0 0.0 0.0487804878048 0.0487804878049
