0.26185489902744 0.03522812266264 0.0 0.0418848167539 0.25617053103973997 0.02094240837694 0.0 0.2308900523559 0.036649214659680004 0.03380703066564 0.0 0.293268511593 0.01952131637994 0.10426327599098 0.27950635751674 0.40613313388198 0.1952131637995 0.0 0.26522064323164 0.0585639491398 0.0390426327599 0.13664921465958 0.25901271503358003 0.0261780104712
0.0 0.2857142857141 0.0 0.0 0.0952380952381 0.0 0.0 0.2857142857141 0.380952380953 0.0 0.0 0.1904761904762 0.190476190476 0.0952380952381 0.0 0.0 0.0952380952381 0.0 0.0 0.0 0.0952380952381 0.0 0.2857142857141 0.0
0.0 0.0 0.0 0.0 0.0 0.0 0.0 0.0 0.0 0.0 0.0 0.0 0.0 0.0 0.0 0.0 0.0 0.0 0.0 0.0 0.0 0.0 0.0 0.0
0.2975206611569 0.0743801652892 0.0247933884297 0.173553719009 0.09917355371889999 0.0247933884297 0.0247933884297 0.37190082644629996 0.0 0.0 0.0 0.39669421487660006 0.1487603305787 0.0 0.0495867768594 0.4710743801653 0.247933884297 0.0 0.1735537190081 0.0495867768594 0.0495867768594 0.0743801652892 0.2231404958677 0.0247933884297
0.478098637249 0.0149253731343 0.0326086956521 0.16028552887769998 0.5173588578853999 0.0326086956521 0.0 0.4156391953278 0.08014276443849999 0.0978260869564 0.0 0.3708630759254 0.0624594419207 0.0326086956521 0.1575275794938 0.6411421155104 0.2553536664505 0.0 0.2199870214145 0.0978260869564 0.0149253731343 0.0149253731343 0.3028877352368 0.0
0.0229885057471 0.08045977011489999 0.0114942528735 0.0 0.0229885057471 0.0 0.0 0.1379310344829 0.0 0.195402298851 0.0114942528735 0.022988505747 0.0344827586206 0.0459770114942 0.1494252873561 0.0804597701148 0.0229885057471 0.0344827586206 0.0344827586206 0.0114942528735 0.0 0.0 0.0574712643678 0.0229885057471
0.2 0.0 0.0 0.0 0.0 0.0 0.0 0.0 0.0 0.0 0.0 0.0 0.0 0.400000000001 0.0 0.1 0.2 0.0 0.0 0.0 0.0 0.1 1.0 0.0
0.3658041603248 0.10147133434799999 0.0273972602739 0.0 0.08219178082180001 0.0 0.0 0.5332318619988 0.1481481481481 0.037037037037 0.0 0.3302891933028 0.1659056316589 0.037037037037 0.1917808219179 0.4124809741246 0.1369863013696 0.0 0.2191780821929 0.0740740740741 0.0 0.0547945205478 0.0821917808217 0.0
0.0526315789474 0.0770218228498 0.0 0.0487804878048 0.0770218228498 0.0 0.0 0.2272143774068 0.9204107830554 0.2593068035946 0.0 0.0526315789474 0.0770218228498 0.1578947368424 0.0 0.227214377407 0.0243902439024 0.1540436456998 0.0 0.28754813863940004 0.2516046213096 0.0 0.0 0.105263157895
0.0 0.0 0.0 0.0 0.0 0.0 0.0 0.0 0.0 0.0 0.0 0.0 0.0 0.0 0.0 0.0 0.0 0.0 0.0 0.0 0.0 0.0 0.0 0.0
0.0 0.0 0.0 0.0 0.0 0.0 0.0 0.0 0.0 0.0 0.0 0.0 0.0 0.0 0.0 0.0 0.0 0.0 0.0 0.0 0.0 0.0 0.0 0.0
0.5494759236198999 0.260092361976 0.0273972602739 0.060606060606 0.246575342466 0.08989726027389999 0.0 0.2308011623077 0.0547945205479 0.0577002905769 0.0 0.3861041926108 0.1523972602739 0.0547945205479 0.1457036114569 0.5359589041097 0.2552926525529 0.0 0.2356008717307 0.0547945205479 0.0 0.24431818181800002 0.35769510170170005 0.0
0.2692307692306 0.11538461538460001 0.0 0.0192307692308 0.0576923076923 0.0 0.0 0.0384615384616 0.1538461538462 0.11538461538450001 0.0 0.1346153846153 0.0384615384615 0.0961538461538 0.1346153846158 0.17307692307699998 0.0576923076924 0.1346153846153 0.07692307692309999 0.11538461538460001 0.1153846153847 0.1346153846154 0.0192307692308 0.0
0.0 0.0 0.0 0.0 0.0 0.166666666667 0.0 0.0833333333333 0.0833333333333 0.0833333333333 0.0 0.0 0.0833333333333 0.0 0.0 0.0833333333333 0.0 0.0 0.0 0.0 0.0833333333333 0.0 0.25 0.0833333333333
0.464285714286 0.107142857143 0.0 0.0357142857143 0.1428571428573 0.0 0.0 0.0555555555555 0.222222222222 0.0714285714285 0.142857142857 0.2500000000005 0.0555555555555 0.384920634921 0.595238095238 0.6984126984134 0.1071428571428 0.0912698412698 0.28968253968249996 0.0 0.0357142857143 0.0 0.2142857142858 0.0357142857143
0.7505498447253 0.31409379915901003 0.0 0.1852197584625 0.444086051196 0.0531914893617 0.0 0.5607810332931099 0.19014020068361 0.0553642902283 0.0 0.45128926219431 0.020618556701 0.13788760883392 0.2508446437347 1.8350708490787202 0.32641170988881996 0.03117758584371 0.32116528859022 0.2425749451459 0.09191220582261 0.19644286617100998 0.46868404290981003 0.0724939679753
0.7612761276134 0.1666666666668 0.0 0.0833333333333 0.2654015401538 0.0 0.0555555555555 0.4716721672174 0.1784928492849 0.0 0.0555555555555 1.1254125412530998 0.039603960396 0.0277777777778 0.5585808580853 1.0071507150713999 0.408415841584 0.039603960396 0.6578657865786001 0.0555555555555 0.039603960396 0.1229372937293 0.8795379537956 0.0
0.0 0.1 0.0 0.0 0.15000000000000002 0.0 0.0 0.05 0.0 0.15 0.0 0.05 0.05 0.05 0.0 0.1 0.05 0.1 0.0 0.0 0.05 0.0 0.1 0.0
1.5201762523228999 0.0681818181818 0.0 0.0 1.1159554730975998 0.0 0.0 0.43552875695680004 0.0681818181818 0.0 0.0340909090909 1.081864564011 0.244897959183 0.122448979592 0.0 1.1980519480507001 0.9531539888689 0.0 0.8508812615938999 0.0 0.122448979592 0.5920686456397 0.5920686456397001 0.0
0.0 0.0 0.0 0.0 0.0 0.0 0.0 0.0 0.0 0.0 0.0 0.0 0.0 0.0 0.0 0.0 0.0 0.0 0.0 0.0 0.0 0.0 0.0 0.0
0.0 0.0 0.0 0.0 0.0 0.047619047619 0.0 0.23809523809510003 0.0 0.0 0.0 0.0 0.047619047619 0.19047619047609998 0.0 0.0 0.1428571428571 0.0 0.047619047619 0.047619047619 0.0 0.0 0.1904761904762 0.047619047619
0.4146341463414 0.07317073170720001 0.0243902439024 0.0243902439024 0.0487804878048 0.0 0.0 0.0975609756096 0.07317073170720001 0.0 0.0 0.2682926829265 0.0243902439024 0.07317073170720001 0.0 0.1707317073168 0.0975609756097 0.0 0.146341463415 0.0 0.0243902439024 0.0487804878048 0.39024390243900003 0.0
0.0579710144926 0.0 0.0 0.0 0.15942028985509998 0.0 0.0 0.2028985507246 0.0 0.0144927536232 0.0 0.0434782608695 0.0144927536232 0.0 0.0434782608695 0.1159420289853 0.0 0.0434782608695 0.2028985507253 0.0 0.0 0.0144927536232 0.0869565217392 0.0
0.117647058824 0.0882352941176 0.0 0.173913043478 0.0 0.0 0.0 0.5856777493597 0.0869565217391 0.0 0.0 0.35294117647080003 0.2340153452691 0.1176470588235 0.2608695652171 0.9015345268539999 0.0 0.0588235294117 0.0294117647059 0.3222506393861 0.117647058824 0.0588235294117 0.2033248081839 0.2902813299229
0.27782105903772 0.04150537634406 0.06854534388316 0.02 0.28058835463526 0.112156862745 0.0266666666667 0.4516293723819 0.09268817204306001 0.137647058823 0.00666666666666 0.29670521403940003 0.3435516093231 0.19482653682282 1.50916210184236 1.0422486365210402 0.38506008855195994 0.00943396226414 0.33438043750684 0.0630107526881 0.0588235294117 0.2812375735439 0.8340722972082 0.1315723270439
0.102272727273 0.5681818181818 0.0 0.0227272727272 0.0568181818182 0.5 0.0340909090909 0.0909090909091 0.0113636363636 0.0 0.0 0.0681818181818 0.0340909090909 0.0454545454545 0.0340909090909 0.125 0.0568181818181 0.0 0.0681818181818 0.0113636363636 0.0340909090909 0.0340909090909 0.1022727272726 0.0
0.0 0.0 0.0 0.25 0.0 0.0 0.25 0.125 0.0 0.0 0.0 0.0 0.0 0.375 0.0 0.0 0.0 0.0 0.0 0.0 0.0 0.0 0.0 0.0
0.0 0.0 0.0 0.0 0.0 0.0 0.0 0.0 0.0 0.0 0.0 0.0 0.0 0.0 0.0 0.0 0.0 0.0 0.0 0.0 0.0 0.0 0.0 0.0
0.9098228663446999 0.1022544283413 0.1111111111111 0.0217391304348 0.6175523349446 0.17632850241530001 0.0 0.4653784219004 0.086956521739 0.173913043478 0.0 0.6175523349429 0.0217391304348 0.16103059581309997 0.9661835748795 1.0024154589379 0.3848631239935 0.0434782608695 0.1304347826086 0.1022544283413 0.16747181964549998 0.1956521739128 0.5201288244765 0.0217391304348
0.8408679927655 0.07457753943999999 0.0506329113924 0.0992080813118 0.2244185321441 0.1477832512309 0.0 0.5733616012966001 0.1505269065287 0.2278481012652 0.0 0.5234146037292 0.12452453700800001 0.4720957785112 2.047764544496 0.32225478580760003 0.0745775394399 0.0499469975681 0.0992080813119 0.0 0.0499469975681 0.3468853276796 0.4508948057623 0.0492610837437
0.0 0.0 0.0 0.0 0.0 0.0 0.0 0.0 0.0 0.0 0.0 0.0 0.0 0.0 0.0 0.0 0.0 0.0 0.0 0.0 0.0 0.0 0.0 0.0
1.19813052307202 0.42253805956076 0.0165289256198 0.20773819666726 0.5177106674348 0.2497885198209 0.0 1.21720364015016 0.34803814220936 0.13063183151160002 0.1447315571025 0.6827205185131999 0.13956040294006 0.35681346535366 1.3381080214668601 1.04739362090516 0.3403781083017 0.12850181532330002 0.3577727333581 0.23004653349180001 0.03490259740256 0.1999164729367 0.6386024355209801 0.052243211334099995
0.36992481203070005 0.0631578947367 0.0210526315789 0.0 0.0421052631578 0.0897243107768 0.0 0.0842105263156 0.9759398496242 0.2746867167916 0.0 0.047619047619 0.0842105263157 0.4010025062657 0.1794486215537 0.3744360902254 0.0897243107768 0.0686716791979 0.0 0.29022556391 0.2957393483709 0.0952380952381 0.0631578947367 0.0897243107768
0.1578947368419 0.105263157895 0.105263157895 0.0 0.0526315789473 0.421052631579 0.0 0.421052631579 0.105263157895 0.0526315789473 0.0 0.3157894736846 0.0526315789473 0.263157894737 0.105263157895 0.105263157895 0.0 0.0 0.0 0.0526315789473 0.0 0.21052631579 0.42105263158030004 0.0526315789473
0.0 0.0 0.0 0.0 0.0 0.0 0.0 0.0 0.0 0.0 0.0 0.0 0.0 0.0 0.0 0.0 0.0 0.0 0.0 0.0 0.0 0.0 0.0 0.0
1.3990473918882 0.19301777682569998 0.1073034911115 0.25325064740340003 0.4810987363462 0.3763551665725 0.0454545454545 0.9598200899554001 0.0689655172415 0.2316877275645 0.0 1.4696766876314 0.1763658755036 0.4501835121397001 0.7368280145635999 0.3469104733345 0.2676332288399 0.0900621118012 0.3655440137076 0.0965892053972 0.108695652174 0.6440146809722 0.8985761989140001 0.2329192546589
0.12962962962969998 0.074074074074 0.0 0.0 0.0925925925927 0.0 0.0 0.074074074074 0.09259259259250001 0.0185185185185 0.0 0.0185185185185 0.1111111111112 0.0555555555555 0.074074074074 0.0740740740742 0.0 0.0 0.0185185185185 0.0555555555555 0.0925925925925 0.0 0.0185185185185 0.0
0.2775050153098 0.12045982472800001 0.09090909090900001 0.0 0.0668883961566 0.0535714285714 0.0 0.6927594762957 0.32516365748070003 0.1315331010452 0.0 0.2819264069264 0.1389372822298 0.5520272410507999 0.2689789884914 0.5996858832224001 0.19729965156760002 0.036585365853600005 0.08499630450840001 0.1755226480834 0.1389372822303 0.0728011825572 0.663208742478 0.030303030303
0.6976127320957001 0.15428824049509998 0.0 0.0921750663129 0.10543766578239999 0.120689655173 0.0 0.6631299734754 0.666666666667 0.1839080459773 0.0689655172414 0.1956233421751 0.2908930150307 0.2183908045975 0.4352343059239 0.46175950486370004 0.0769230769231 0.0344827586206 0.0862068965517 0.051724137931 0.2672413793103 0.0344827586206 0.0941644562334 0.0
1.39300588540158 0.10749194550938002 0.0 0.05021014346329 0.42223292972959003 0.0879520229144 0.0 0.52610455253568 0.0781004709575 0.07004709576128999 0.0192307692307 0.36873860748048004 0.0870837822441 0.21943375193499998 0.7660843573412899 1.1116538817400001 0.28173896824568 0.0 0.37149398629889 0.1269230769231 0.09004709576129 0.12917651271029001 0.6932501638169801 0.0
0.7646205064913 0.1136722403022 0.0190476190476 0.0339729921819 0.3168967194104 0.0324692327834 0.0 0.44048180151849997 0.0175438596491 0.0 0.0324692327834 0.6738936894467 0.0621553884711 0.0625444207533 0.5922343171358999 0.7640594022375999 0.1913066247707 0.0149253731343 0.2848165189091 0.0380952380953 0.041993042307199996 0.16947592862740002 0.3333258519431 0.0
0.0 0.0 0.0 0.0 0.0 0.0 0.0 0.2500000000003 0.8333333333336 0.0833333333333 0.0 0.0833333333333 0.2500000000003 0.166666666667 0.2500000000003 0.1666666666666 0.0 0.0 0.0833333333333 0.25 0.416666666667 0.166666666667 0.0 0.0
0.0 0.0 0.0 0.0 0.0 0.0 0.0 0.0 0.0 0.0 0.0 0.0 0.0 0.0 0.0 0.0 0.0 0.0 0.0 0.0 0.0 0.0 0.0 0.0
0.0842105263158 0.1473684210526 0.0 0.0 0.0421052631578 0.0210526315789 0.0 0.3368421052633 0.1052631578946 0.0421052631578 0.0 0.0631578947368 0.105263157895 0.3157894736848 0.0421052631578 0.2526315789476 0.1052631578946 0.0421052631578 0.0631578947368 0.0210526315789 0.0210526315789 0.0421052631578 0.0631578947367 0.0842105263157
0.29103343465059994 0.0 0.0 0.0 0.0391337386018 0.0212765957447 0.0 0.0995440729483 0.1675531914892 0.0714285714286 0.0 0.0782674772035 0.08928571428570001 0.125 0.2025075987844 0.1174012158054 0.08168693009110001 0.0535714285714 0.0 0.0714285714286 0.0782674772036 0.16755319148929998 0.2272036474163 0.0178571428571
0.1470588235295 0.0147058823529 0.0147058823529 0.0147058823529 0.0147058823529 0.0 0.0147058823529 0.1617647058822 0.0 0.0147058823529 0.0 0.13235294117660001 0.0 0.0588235294118 0.0147058823529 0.0294117647058 0.0294117647058 0.0 0.11764705882359999 0.0 0.0147058823529 0.0441176470588 0.1470588235295 0.0147058823529
0.8494851781499 0.1754807692307 0.0 0.1787135278514 0.20185810810799998 0.211538461539 0.0 0.7521798157574 0.08894230769219999 0.0384615384615 0.0624999999999 0.4116468922506 0.3076923076922 0.2571308875187 0.8483314216069999 0.9985393218162999 0.1222713097712 0.0 0.2605428704565 0.0624999999999 0.1875 0.17871352785129999 0.8059717542485 0.0
0.0 0.0 0.0 0.0 0.0 0.0 0.0 0.0 0.0 0.0 0.0 0.0 0.0 0.0 0.0 0.0 0.0 0.0 0.0 0.0 0.0 0.0 0.0 0.0
0.5105012878938 0.036281179138200004 0.028344671201800002 0.1293947999906 0.4467230257805 0.0204081632652 0.028344671201800002 0.6424498602036 0.0636351628028 0.018140589569100002 0.0102040816326 0.30640864760119996 0.047762146929899996 0.2555313387491 1.4257864958286002 0.7885652642939001 0.20337714373760002 0.0728485568984 0.3660810602556 0.0260770975056 0.028344671201700002 0.12372586575080001 0.39045197366969997 0.0306122448979
0.10619469026544001 0.00884955752212 0.0 0.00884955752212 0.0176991150442 0.05309734513282 0.00884955752212 0.08849557522113999 0.053097345132740004 0.01769911504424 0.0 0.05309734513272 0.00884955752212 0.053097345132740004 0.01769911504424 0.09734513274321999 0.1150442477876 0.0 0.053097345132740004 0.0442477876107 0.0 0.05309734513272 0.13274336283132 0.00884955752212
0.1 0.1 0.1 0.0 0.0 0.0 0.0 0.1 0.0 0.2 0.0 0.1 0.0 0.0 0.1 0.0 0.0 0.0 0.0 0.0 0.0 0.2 0.0 0.0
0.041666666666700006 0.00833333333333 0.0 0.05 0.0750000000001 0.0166666666667 0.00833333333333 0.1250000000003 0.0 0.0 0.0 0.11666666666666001 0.00833333333333 0.024999999999990002 0.0166666666667 0.15833333333333 0.08333333333340001 0.0 0.05000000000006 0.0416666666667 0.00833333333333 0.05000000000003 0.11666666666663 0.0
0.34468438538209994 0.1303986710965 0.0 0.128571428571 0.2681063122927 0.06428571428560001 0.0 0.20199335548209998 0.0661129568106 0.0679401993355 0.044684385382 0.4285714285711 0.06428571428560001 0.135880398671 0.364285714286 0.5539867109633 0.0857142857142 0.0232558139535 0.044684385382 0.107142857143 0.17325581395349998 0.11079734219250001 0.5466777408639 0.044684385382
0.039682539682500004 0.0079365079365 0.0079365079365 0.015873015873 0.0238095238095 0.0 0.0079365079365 0.0714285714286 0.031746031746 0.015873015873 0.0 0.1587301587303 0.015873015873 0.111111111111 0.2142857142858 0.0317460317461 0.0079365079365 0.0 0.0476190476191 0.0079365079365 0.0 0.0793650793653 0.10317460317449999 0.0
0.2142857142856 0.0 0.0 0.0 0.0 0.0 0.0 0.0 0.0 0.0714285714286 0.0 0.1428571428572 0.0 0.0714285714286 0.0 0.0 0.0 0.0 0.142857142857 0.0 0.0 0.0714285714286 0.2142857142856 0.0714285714286
1.11128325636752 0.3007044580533 0.06343000281622 0.0306122448979 0.06755050505040999 0.19144720414851002 0.0277777777778 0.88144172521761 0.15580786305119998 0.1902351849835 0.0 0.56490619081601 0.2221710280361 0.74567099567061 1.1806451560566 0.32075642890503003 0.21097581157942 0.0510204081632 0.30302356751521003 0.0697536590393 0.1673837909047 0.3639974555768 0.4156898461477 0.36371543922710003
0.0967741935483 0.1201701524281 0.043956043956 0.043956043956 0.0322580645161 0.087912087912 0.0 0.1641261963841 0.7490251683795 0.1187522155263 0.0 0.043956043956 0.2389223679544 0.39276852180099997 0.7695852534582001 0.1846862814603 0.1304501949662 0.1524282169444 0.043956043956 0.0762141084721 0.2506203473945 0.205246366537 0.0542360864941 0.0
0.0416666666666 0.0833333333332 0.0 0.0 0.0833333333333 0.125 0.0 0.2083333333336 0.3333333333336 0.8333333333330001 0.0 0.0833333333333 0.0 0.2500000000003 0.625000000001 0.16666666666660002 0.0 0.166666666667 0.2916666666666 0.0 0.0833333333333 0.166666666667 0.3333333333332 0.1249999999999
0.0 0.0 0.0 0.0 0.0 0.0 0.0 0.0 0.0 0.0 0.0 0.0 0.0 0.0 0.0 0.0 0.0 0.0 0.0 0.0 0.0 0.0 0.0 0.0
0.8614155745595999 0.12849725064860001 0.05439941584520001 0.0751766565719 0.3167138188972 0.0722891566266 0.0135135135135 0.8453449206832999 0.0 0.19261453483240001 0.0 1.1308603822751 0.1269023905501 0.6439980967386999 0.7497013077479 0.5121527943865001 0.28964725389949997 0.0 0.2436676809752 0.1048305056197 0.0271997079226 0.8049718155276001 1.6285377880272 0.1775654341506
0.3321123321124 0.1701261701262 0.0 0.0 0.0439560439561 0.032967032967 0.0 0.4721204721207 0.010989010989 0.1591371591372 0.0 0.4692714692712 0.0850630850631 0.1400081400081 0.0960520960521 0.0960520960521 0.021978021978 0.010989010989 0.043956043956 0.032967032967 0.032967032967 0.1070411070411 0.4061864061862 0.2360602360602
0.200721153846 0.037603021978 0.09375 0.1035370879122 0.065934065934 0.015625 0.0 0.4077953296710001 0.20364010989 0.043956043956 0.0 0.225618131868 0.046875 0.2724931318682 0.0879120879122 0.119162087912 0.081559065934 0.065934065934 0.043956043956 0.021978021978 0.021978021978 0.3882211538462 0.34186126373619996 0.10989010989
0.1428571428575 0.0238095238095 0.0 0.0 0.0 0.047619047619 0.0 0.095238095238 0.0 0.0 0.0 0.07142857142850001 0.0714285714285 0.1190476190475 0.095238095238 0.1428571428572 0.0 0.0 0.0 0.047619047619 0.0 0.0238095238095 0.119047619048 0.0
1.48458626909993 0.1498393447312 0.07919708029190001 0.14577045393489002 0.63757086882758 0.0602048322299 0.00775193798449 0.78186998269811 0.1394683981216 0.0 0.0310077519379 0.48300636444709 0.13239660762061 0.11356306229838999 2.38505421853281 1.5283897992722997 0.34044372612619 0.00704225352112 0.585602470707 0.1793242935234 0.00775193798449 0.2711302671459 0.38023245852085 0.06879562043790001
1.5130340673816003 0.1051477507998 0.109363824581 0.2614765669111 0.37604931300550004 0.0260869565217 0.0 0.5967955957079 0.0391304347825 0.030303030303 0.030303030303 0.6084415584409001 0.060606060606 0.18361095426270002 1.4654997176761 1.3033032185191997 0.5548795407495001 0.0260869565216 0.5554441934873999 0.0790607942781 0.09150668172390002 0.4011104837196 0.552456239412 0.030303030303
0.0 0.0 0.0 0.0 0.027027027027 0.0 0.0 0.027027027027 0.0810810810811 0.08108108108100001 0.0 0.027027027027 0.0810810810811 0.2432432432431 0.0810810810811 0.0 0.0 0.054054054054 0.0810810810811 0.054054054054 0.054054054054 0.027027027027 0.027027027027 0.054054054054
0.3133640552993 0.0 0.0 0.0 0.20430107526910002 0.047619047619 0.0 0.2811059907833 0.0 0.0 0.0 0.08602150537619999 0.0 0.0322580645161 0.1013824884792 0.10752688172040001 0.2227342549921 0.0 0.26574500768029996 0.0 0.0 0.1935483870975 0.0906298003071 0.0537634408602
0.1379310344826 0.2298850574714 0.0 0.0919540229884 0.32183908046020004 0.0 0.0919540229884 0.2758620689656 0.0919540229884 0.0 0.0 0.2758620689652 0.1379310344826 0.459770114944 0.1839080459768 0.459770114943 0.2298850574712 0.137931034483 0.0459770114942 0.321839080461 0.137931034483 0.1379310344826 0.183908045977 0.0459770114942
0.2434523809525 0.11011904761909999 0.0190476190476 0.0285714285714 0.2255952380952 0.1345238095238 0.0 0.2446428571429 0.1809523809527 0.0 0.0 0.4755952380952 0.0285714285714 0.3982142857145 0.1440476190476 0.3642857142857 0.0 0.0190476190476 0.0625 0.0285714285714 0.0095238095238 0.11011904761909999 0.1726190476191 0.0
0.463898117387 0.0565891472868 0.0333333333333 0.0565891472868 0.11317829457359999 0.0 0.0 0.15658914728669998 0.19523809523799998 0.0232558139535 0.0 0.8215946843857 0.6380952380946001 0.1465116279069 0.19302325581399998 0.3860465116283 0.32945736434149997 0.0 0.22325581395350003 0.0 0.0999999999999 0.4703211517163 0.5930232558148001 0.0
1.9043264385886998 0.2529607829231 0.0260869565217 0.1994340229492 0.73144254531751 0.36287820128410997 0.0666666666667 1.290425690594 0.23336332529599998 0.304393408218 0.0 0.8154120564214999 0.47575598182031 0.35424194848411 2.3697348945567995 1.12476112098662 0.27307413892411003 0.0 0.70074174382721 0.217738325296 0.1681673728811 0.8277344974510101 1.2163396200186098 0.08432026097430001
0.0 0.0 0.0 0.0 0.0 0.0 0.0 0.0 0.0 0.0 0.0 0.0 0.0 0.0 0.0 0.0 0.0 0.0 0.0 0.0 0.0 0.0 0.0 0.0
0.9833575464089699 0.07933010492319001 0.03514124293788 0.10532687651327999 0.52718321226828 0.017570621468889998 0.00423728813559 0.42454398708618 0.03514124293788 0.07514124293777999 0.00423728813559 0.47435835351168 0.03090395480219 0.25932203389834996 4.58193704600037 1.32954802259877 0.37984665052479005 0.0666666666667 1.3690879741726398 0.017570621468889998 0.17328490718319 0.31447134786107 0.6687974172725 0.04299435028248
0.04310344827582 0.0603448275864 0.0 0.0172413793103 0.07758620689646 0.0 0.0 0.04310344827576 0.02586206896548 0.0431034482759 0.0 0.08620689655161999 0.00862068965516 0.06896551724135999 0.1206896551723 0.02586206896548 0.03448275862062 0.0 0.03448275862062 0.0603448275864 0.0344827586206 0.05172413793102 0.16379310344839998 0.0
0.0 0.0 0.25 0.0 0.0 0.0 0.0 0.0 0.0 0.0 0.0 0.5 0.0 1.0 0.0 0.25 0.0 0.0 0.0 0.0 0.0 0.0 0.0 0.0
0.12435233160619999 0.139896373057 0.0155440414508 0.186528497409 0.3108808290151 0.0155440414508 0.0155440414508 0.38860103626930004 0.0466321243523 0.0155440414508 0.0 0.2331606217622 0.0 0.0310880829016 0.0621761658031 0.1865284974092 0.6062176165803 0.0 0.1554404145078 0.0466321243523 0.0 0.1243523316061 0.2642487046636 0.0310880829015
1.2135672514617 0.09356725146190001 0.046783625731 0.1432748538017 0.4542690058484 0.11309941520469999 0.0 0.5294736842102999 0.086783625731 0.2398830409357 0.04 0.5643274853806999 0.16 0.5276023391811999 1.1405847953205 0.6063157894742999 0.201754385965 0.16374269005849998 0.24280701754390002 0.2497076023392 0.166783625731 0.3840935672525 0.6081871345029001 0.0233918128655
0.6628258677812 0.24315857698369997 0.0 0.0424528301886 0.25396082385100005 0.2714604637761 0.0 0.7477315281580001 0.10240530030230001 1.1275385280124002 0.0 0.8933458159297999 0.099056603774 0.40627250468090004 0.5619328820389 0.4904220077782 0.0599524701137 0.3031110470979 0.2256589370591 0.2714604637766 0.1057539968312 0.5187238945704 1.2322123001592 0.38056315713769995
0.0 0.0 0.0 0.0 0.0 0.0 0.0 0.0 0.0 0.0 0.0 0.0 0.0 0.0 0.0 0.0 0.0 0.0 0.0 0.0 0.0 0.0 0.0 0.0
1.2349392613577999 0.4240596966697 0.2099829572549 0.1745582453629 0.3223169852884 0.36945184159510003 0.0 0.7527367587991 0.14819802790970002 0.1506204391838 0.0 0.9713254607655 0.1451218268261 0.7814968308665 1.2107176375229 0.6818257564749001 0.2949197250146 0.0988655464893 0.4870457776485 0.2786852473315 0.10097775281839999 0.9967560629709 1.042284604239 0.12311355761340001
0.05 0.355769230769 0.0 0.025 0.1 0.05 0.0 0.3500000000000001 0.988461538464 0.20192307692300002 0.0 0.27692307692289997 0.15000000000000002 0.45192307692289996 0.1249999999999 0.4057692307689 0.0 0.1769230769229 0.025 0.457692307692 0.3538461538459 0.203846153846 0.251923076923 0.0
0.2045454545457 0.818181818181 0.0681818181818 0.0 0.1022727272727 0.443181818183 0.0 0.2727272727279 0.272727272728 0.0681818181818 0.0 0.102272727273 0.0 0.102272727273 0.1022727272727 0.1704545454548 0.0340909090909 0.0340909090909 0.0 0.0 0.0 0.0340909090909 0.17045454545490002 0.0
0.0 0.0 0.0 0.0 0.0 0.0 0.0 0.0 0.0 0.0 0.0 0.0 0.0 0.0 0.0 0.0 0.0 0.0 0.0 0.0 0.0 0.0 0.0 0.0
0.6614291734387 0.11226897838770002 0.0176991150442 0.2966106796699 0.1503642164829 0.2504966588412 0.0530973451327 0.42563060622480003 0.0520648967552 0.182032990187 0.0 0.8018812834868001 0.2293359821806 0.1493438083195 0.1993438083197 0.437475167058 0.0649780266087 0.0874631268437 0.2898440792245 0.0782312925169 0.045602311721 0.30239299259519997 1.0082836674492 0.1041297935103
0.2078039927404 0.1293103448275 0.0258620689655 0.0390199637023 0.3482196871486 0.0521778584391 0.0131578947368 0.4466338259443 0.3087460029381 0.0780399274047 0.0258620689655 0.5839382940107 0.1884884625355 0.2021000777805 1.1301961801051 0.3736280356059 0.0394736842105 0.1272577996715 0.0759873822487 0.0648820326678 0.103448275862 0.0131578947368 0.27923256416889997 0.14337568058080002
0.5192982456135 0.19210526315819998 0.0631578947368 0.0 0.0333333333332 0.0421052631578 0.0 0.2798245614025 0.29298245614039997 0.2438596491223 0.0 0.46228070175400005 0.2175438596493 0.16754385964899998 0.06666666666650001 0.23070175438579998 0.0210526315789 0.08333333333330001 0.1640350877191 0.2587719298249 0.08333333333330001 0.4017543859655 0.1763157894735 0.0
0.3902439024384 0.0162601626016 0.0 0.0650406504065 0.11382113821130001 0.0487804878048 0.0 0.1626016260168 0.0 0.0162601626016 0.0487804878048 0.14634146341440002 0.0162601626016 0.0 0.113821138212 0.34146341463450003 0.0325203252032 0.0162601626016 0.1626016260162 0.0487804878048 0.0162601626016 0.0975609756097 0.1463414634152 0.0
2.3266421037477 0.2724993773939 0.0307692307692 0.3182223663502 1.0038861617993 0.2164549458469 0.0 1.2853110933554 0.1663681840029 0.15463245095439998 0.0513409961685 0.8941822797015 0.1478235325028 0.5062323621428999 5.0649614590163 2.5268445451345003 0.7016871873175 0.0 0.9190445735444 0.20888019203209998 0.1773360270244 0.6381193681353999 1.2606713745397 0.12809018851679999
4.06017205789138 0.25371475694578 0.04381259920088 0.2726640887606 0.41072440291966006 0.058596810473299996 0.0428134556574 1.0220958096555601 0.02802924438498 0.080003538302 0.0 1.2423331905629 0.02802924438498 0.43004522298229997 3.721820997063 1.31608570055706 0.38115598037408005 0.0642201834861 1.22845380716548 0.24863141854919998 0.02802924438498 0.48310628112296006 1.3200755797380799 0.23538638543678003
0.19178082191770002 0.0 0.0 0.0 0.0547945205479 0.054794520548 0.0 0.054794520548 0.0821917808219 0.1917808219178 0.0 0.054794520548 0.191780821918 0.1917808219178 0.54794520548 0.1369863013698 0.0 0.0 0.054794520548 0.0 0.027397260274 0.109589041096 0.054794520548 0.0
0.8171275646748 0.0 0.0 0.0338983050847 0.338983050847 0.0 0.0 0.41034790365749996 0.0526315789474 0.0 0.0 0.27118644067770004 0.0 0.1204281891168 0.5950044603034 0.8206958073145 0.1355932203387 0.1391614629797 0.2711864406784 0.1391614629797 0.0526315789474 0.44067796610300003 0.30865298840289995 0.0526315789474
0.0816326530612 0.0612244897959 0.0204081632653 0.0408163265306 0.0 0.0204081632653 0.0 0.22448979591850005 0.1020408163265 0.0 0.0 0.1020408163265 0.0408163265306 0.346938775511 0.1428571428573 0.2040816326532 0.061224489795900006 0.0408163265306 0.0204081632653 0.183673469388 0.12244897959180001 0.0816326530613 0.061224489795900006 0.0408163265306
0.1583850931677 0.03830227743268 0.0383022774327 0.0238095238095 0.0383022774327 0.0217391304348 0.0 0.16459627329189 0.03623188405798 0.10559006211180001 0.0 0.17287784679076998 0.02173913043479 0.06521739130429 0.39751552795059 0.09834368530019 0.054865424430590004 0.057971014492990004 0.10041407867489 0.0652173913045 0.14596273291929002 0.06004140786750001 0.09834368530018 0.036231884058
0.0 0.0 0.0 0.0 0.0 0.0 0.0 0.0 0.0 0.0 0.0 0.0 0.0 0.0 0.0 0.0 0.0 0.0 0.0 0.0 0.0 0.0 0.0 0.0
0.8512005872564499 0.051598171983140005 0.0049751243781 0.07774275272315 0.1672888369668 0.01920950801544 0.00925925925925 0.27454943008764 0.01735642525115 0.01307229037 0.0161943319838 0.52992012497159 0.01307229037 0.09128614686360001 0.8843859872934001 0.29060556417184996 0.034241746731889997 0.00925925925925 0.1585068360401 0.0242914979757 0.03852588161305 0.13456726712825 0.25417782880469 0.0347128505023
0.243902439024 0.0731707317072 0.0 0.0487804878048 0.0487804878048 0.07317073170720001 0.0 0.14634146341440002 0.0 0.0 0.0 0.29268292683 0.2195121951214 0.1951219512204 0.0 0.0975609756096 0.0487804878048 0.0 0.0975609756096 0.0975609756098 0.07317073170720001 0.0487804878048 0.0975609756096 0.0975609756098
1.38688758446122 0.24185146306992003 0.1389684654749 0.18581552206132002 1.22258034786464 0.0498451776746 0.11965452445852001 0.79163795688812 0.10901598155352 0.16371935531232001 0.014301430143 1.53922923574552 0.0880232315048 1.0007558067410998 4.48029591469942 1.6047007325944003 0.6780402977651401 0.0696280808205 1.5223619397084198 0.1243919387093 0.12323139828429999 0.8568411932568201 1.3876703992526598 0.10055202195612
0.296097560976 0.13317073170719998 0.0 0.0765853658536 0.2863414634146 0.0748780487804 0.0365853658536 0.2246341463414 0.19146341463400002 0.06 0.0 0.20463414634139998 0.0382926829268 0.2063414634146 0.3692682926828 0.1480487804876 0.0365853658536 0.04 0.1297560975608 0.0731707317074 0.1382926829268 0.3760975609752 0.8414634146338 0.0182926829268
0.0 0.0 0.0526315789474 0.0 0.0 0.0526315789474 0.0 0.47368421052640003 0.0526315789474 0.105263157895 0.0 0.0 0.0 0.0 0.0526315789474 0.0 0.0526315789474 0.0 0.0 0.0 0.0 0.105263157895 0.0526315789474 0.0
0.42802526595760004 0.0564328457446 0.0212765957446 0.0681515957446 0.2322140957446 0.0937500000003 0.0234375 0.2769281914892 0.03515625 0.0872672872338 0.0212765957446 0.3281250000003 0.0681515957446 0.1171875 0.2830784574466 0.3472406914896 0.26953125 0.0851063829787 0.2417719414893 0.0820312500003 0.03515625 0.3077626329787 0.36419547872290003 0.12674534574489998
2.27406901990743 0.2026728559926 0.1326856349758 0.16431485702850002 0.8274155565379 0.11190900039209999 0.0451127819549 1.11869743061779 0.3571359726308 0.5157860547822299 0.12866845094613 2.0942541843182 0.1000512928822 0.9168766233701301 2.1418287523969 1.40553129355006 0.44949966386819995 0.05030059454613 0.34001961638813 0.1671586101175 0.24181087454693 0.44850713585202995 1.63676194787403 0.1289317945317
0.47401670285027 0.10534139138250001 0.07608206692866999 0.05265113731927 0.50331514404701 0.064366602124 0.02925932445377 1.05345303056971 0.1404486690525 0.21060454927669997 0.00584795321637 1.40460404076024 0.21068278276587 0.38625828786007 1.0300807760764399 0.49734984059984 0.1404486690527 0.02925932445377 0.26333392008507 0.0702341137123 0.00584795321637 0.30432826771480004 0.8544074791201 0.08777797336137
0.0 0.0 0.0 0.0 0.0 0.0 0.0 0.0 0.0 0.0 0.0 0.0 0.0 0.0 0.0 0.0 0.0 0.0 0.0 0.0 0.0 0.0 0.0 0.0
2.9878576300803 0.8201043157468001 0.0821595323105 0.48845469913170003 0.7793094028109999 0.3575578182348 0.0 1.6802067660784 0.5264529228834001 0.301024051477 0.0451127819548 2.1073797741625997 0.5122133612747 0.9773320044034 2.7461034372111004 2.1750636229745997 1.0564721924952 0.2748132991017 1.4245329280715 0.2633473503402 0.157279356039 1.0255411555474 1.9041999333847 0.3074816642874
0.1054421768708 0.08163265306129999 0.0 0.00680272108843 0.12244897959206001 0.0102040816326 0.0 0.09183673469373001 0.22108843537400003 0.09523809523806001 0.0 0.09863945578223 0.06802721088433 0.11904761904769 0.18367346938753 0.18027210884362999 0.02380952380946 0.05442176870736 0.156462585034 0.1156462585035 0.0816326530613 0.0748299319728 0.09183673469383 0.01700680272103
0.1033109285536 0.1227284042817 0.0970873786407 0.0450585013691 0.0450585013691 0.135922330098 0.0 0.1988180666957 0.3370566397159 0.4341331947918 0.0 0.5296511564977 0.1335952636078 0.3076057191713 0.2415495015748 0.4364710848463 0.0194174757281 0.11417778787970001 0.1856241408794 0.0 0.0947603121516 0.3014687577801 0.0970873786407 0.0194174757281
0.0 0.0 0.0 0.0 0.0 0.0 0.0 0.0 0.0 0.0 0.0 0.0 0.0 0.0 0.0 0.0 0.0 0.0 0.0 0.0 0.0 0.0 0.0 0.0
1.772857434353 0.3825229841362 0.1022289520097 0.5177200991423 0.5112314551361999 0.48010516560030003 0.0567873860556 1.1672362081810999 0.33565239317789997 0.3398213856065 0.0466863759546 1.1805825693834 0.2698427041468 0.9809855912362999 0.8404605456121 1.8867576330271998 0.6448861835446 0.0617239699396 0.6168895616103001 0.1981707317072 0.020202020202 0.9945632486821999 2.4555722436691 0.13651315789500001
0.16106870229030001 0.054892435808500006 0.00763358778625 0.0090909090909 0.10360860513545 0.01672449687715 0.00763358778625 0.1912560721719 0.18251214434430002 0.10034698126300001 0.0 0.1458015267176 0.03199167244965 0.10978487161705 0.09125607217205 0.16467730742545 0.0396252602359 0.07015961138095 0.20471894517705 0.0927133934768 0.056349757113150004 0.059264399722349995 0.0639833448993 0.034906315058950005
0.6554324878380999 0.2177431692316 0.0430346051463 0.062249487501 0.1182266009853 0.0941621026222 0.0443349753694 0.6692011137282001 0.3665820151146 0.049964813511500006 0.0 0.9208609980728 0.10894042774509999 0.3357249946454 0.35674509684 0.2303032157389 0.0816020561146 0.0397607318788 0.37052902120380005 0.2612979224669 0.13156686962640002 0.411345347734 0.41561362176040006 0.0147783251231
0.46350757205575005 0.01558378114315 0.0 0.04167073766485 0.44675134342925 0.11524181729369999 0.0 0.2387884709332 0.15725451880824998 0.01558378114315 0.017391304347850002 0.08080117244765 0.07899364924285 0.0173913043478 0.1094284318514 0.2572545188084 0.13082559843699998 0.0086956521739 0.065950170982 0.0659501709818 0.04855886663405 0.36204201270205005 0.08842208109425001 0.173913043478
2.7672289689111906 0.39324473002859 0.041651443186 0.7225773834865 1.20563090055559 0.41995923054568995 0.12375983055010001 1.9430434042196703 0.10756983220749 0.43296305095640003 0.0 1.52364129506278 0.18095629531739002 0.66354440433118 4.62029315190899 2.9732544578963997 0.7685340681055 0.051752453287 1.26231219716279 0.4479767050375 0.40383735945756 1.00283893238759 1.8425852606189799 0.10084464477679
2.41036613206943 0.32872904434133 0.0365853658536 0.23220230621793 0.2794995398469 0.1261812565441 0.0865755574445 1.3751613676026 0.27026307380993 0.09530918189863 0.0402144772117 1.02627211639043 0.08959589069043 0.2853882973541 2.3656804765816304 1.64639700156733 0.6795270091036001 0.04531899030773 0.90951564162773 0.21308418927279998 0.09530918189863 0.5235617402942 1.7295060645095297 0.10975609756089999
0.1386138613862 0.079207920792 0.0 0.039603960396 0.039603960396 0.019801980198 0.0 0.079207920792 0.138613861386 0.1782178217822 0.0 0.039603960396 0.19801980198 0.21782178217819997 0.138613861387 0.2376237623762 0.019801980198 0.019801980198 0.019801980198 0.0990099009902 0.11881188118799998 0.0990099009901 0.079207920792 0.0
1.7096327096375599 0.21231808731838 0.0 0.0576923076923 0.36381298881299995 0.16856004355988002 0.1202232452231 1.13924363924446 0.0675675675675 0.23540986040967998 0.0 0.76535739035746 0.19236956736938 0.48089298089349997 0.6559994059988 1.70124245124448 0.6109914859919999 0.0 0.33038808038806 0.07718295218288 0.1344173844173 0.8782670032668001 0.997438372438 0.10099247599238001
0.1492537313433 0.07462686567150001 0.0 0.0597014925373 0.0298507462686 0.0298507462686 0.0 0.22388059701480004 0.0298507462686 0.0298507462686 0.0 0.35820895522389995 0.0298507462686 0.14925373134320002 0.07462686567150001 0.1641791044776 0.11940298507460001 0.0 0.0597014925372 0.0149253731343 0.0597014925373 0.07462686567150001 0.1791044776119 0.08955223880589999
0.2756464904805 0.0130718954248 0.0261437908497 0.05370843989770001 0.0929241261723 0.0551292980961 0.042057402671200006 0.1625461778915 0.1190679170219 0.0929241261722 0.0 0.2452401250356 0.0392156862745 0.201761864166 0.4049445865303 0.297527706735 0.1116794543903 0.0667803353226 0.12333049161700001 0.143790849674 0.11906791702189999 0.0929241261722 0.17988064791140002 0.0406365444729
0.24613220815759 0.13396624472569998 0.00843881856539 0.1279887482418 0.10864978902948999 0.0 0.10970464135 0.46694796061876004 0.15682137834058998 0.025316455696169998 0.0 0.80098452883388 0.08931082981709 0.1339662447258 0.164205344585 0.33790436005589 0.22573839662458 0.0 0.20991561181468998 0.0277777777778 0.0724331926864 0.13396624472569002 0.41983122362838 0.0
3.1778586635992 0.1239579785232 0.0297502733906 0.2461444744896 0.8239507305161999 0.0454598465234 0.1240166758134 1.3339622870044001 0.0881997429772 0.16929931215850003 0.0 1.3913189679728002 0.1370661144746 0.6994116531767001 2.3974948690498996 2.3445829303701995 0.4097844235768 0.0123966942149 0.9963348594413 0.22765513568930001 0.1261012673584 1.2791864898585001 1.7094622104806 0.1066043993474
0.18391911410670003 0.1194029850745 0.0597014925373 0.0298507462686 0.1516610495906 0.129032258065 0.0298507462686 0.42272508425579997 0.0597014925372 0.0645161290322 0.0 0.1815117958591 0.14925373134359998 0.11940298507449999 0.1516610495906 0.43235435724550003 0.0298507462686 0.0 0.0 0.0597014925373 0.0298507462686 0.0621088107847 0.2484352431395 0.2855079441513
1.3643080146120798 0.27847969488629 0.0867647185216 0.160950257843 1.29087473141388 0.1841538461539 0.074108616244 1.3127988826803698 0.12954866781239 0.4400668242372 0.0273823592608 1.73104125483519 0.194300923936 0.8839605715518001 1.85207982380659 1.8460616673829902 0.47549333906249003 0.0894717447356 1.5795570476994896 0.294518156425 0.33528180060137996 0.8201314997856 1.4745569402663 0.074108616244
0.11894736842109999 0.0663157894737 0.0 0.00877192982455 0.08631578947365 0.0526315789474 0.00877192982455 0.20912280701775 0.1501754385965 0.13754385964910001 0.0 0.08140350877195 0.10877192982455 0.061403508771950006 0.0838596491228 0.10140350877189999 0.0175438596491 0.04877192982455 0.07263157894735 0.0638596491228 0.1175438596491 0.1638596491228 0.15157894736869998 0.08877192982465
0.333333333333 0.333333333333 0.666666666666 0.0 0.0 0.0 0.0 0.0 0.0 0.0 0.0 0.166666666667 0.0 0.166666666667 0.0 0.166666666667 0.0 0.0 0.0 0.0 0.0 0.166666666667 0.0 0.0
0.14388489208581 0.07913669064741 0.01438848920862 0.0575539568345 0.07913669064761 0.0575539568345 0.00719424460431 0.28057553956831005 0.00719424460431 0.00719424460431 0.0 0.2517985611506 0.0359712230215 0.06474820143881 0.057553956834510006 0.20863309352521003 0.08633093525169999 0.0143884892086 0.11510791366901002 0.0287769784173 0.00719424460431 0.2302158273386 0.15107913669081 0.01438848920862
1.15486791418251 0.06192961892342 0.0257510729613 0.12321899799401001 0.62664817945771 0.1380406916366 0.034109069292159996 0.9457184231910098 0.08178960535152 0.116616227698 0.0626174324083 0.62861234141997 0.08667275847335 0.41357627778198003 0.73800407462846 1.0973970346776 0.30097673656905 0.03231889712572 0.53027328576865 0.13332392095599999 0.1077182860761 0.38487420390175997 1.09438897224066 0.08055597728399999
0.5913523096626 0.1193735841622 0.0352112676056 0.042204274598599996 0.2814439082044 0.1688170983946 0.0352112676056 0.4145572737124 0.1478380774154 0.6969861124786 0.042204274598599996 0.4700088643746 0.0631832955776 0.3516202107756 0.175563872747 0.6897468728462 0.0704225352112 0.126612823796 0.140598837782 0.0774155422042 0.0774155422042 0.21102137299360002 0.9007682458381999 0.0704225352112
0.0357142857142 0.0 0.0357142857142 0.0357142857142 0.0357142857142 0.0 0.107142857143 0.0714285714284 0.0 0.0 0.0 0.1071428571427 0.0 0.0357142857142 0.0 0.0357142857142 0.0 0.0 0.0357142857142 0.0 0.0357142857142 0.1071428571427 0.3214285714295 0.0
2.10203345653597 0.7387340451011 0.0950884460633 0.2893276550313 0.88585244727447 0.42342301892699996 0.0389972144846 1.74346152101637 0.42162903863909995 0.33405329632124003 0.017094017094 1.85595516940877 0.5331710154908 0.87192594461664 1.3287756632136 2.01503023442077 0.8101781066098699 0.11573565323549999 0.7007629509835 0.22068273231789998 0.08658255324913999 1.42606958963937 1.5608397615772 0.38459646875487
0.45383244206710005 0.397967914438 0.0 0.06559714795 0.18648841354700002 0.156506238859 0.176470588235 0.9823885918002 0.6997504456320001 0.3526916221031 0.0 0.362673796791 0.6194295900169999 0.5994295900171 0.8218538324421001 0.4782531194292 0.4135472370761 0.21180035650600001 0.6456327985732 0.2623885918 0.4535472370761 0.3873796791441 0.20677361853819998 0.06559714795
0.31428571428519997 0.2000000000002 0.0666666666666 0.1015873015872 0.1809523809526 0.311111111111 0.0 0.1777777777782 0.0888888888889 0.13650793650780002 0.0 0.5714285714283 0.1587301587304 0.3523809523814 0.5015873015874 0.6507936507948 0.0888888888888 0.36507936507919997 0.1238095238094 0.0 0.1714285714288 0.1809523809526 0.2349206349202 0.0222222222222
0.0 0.0 0.0 0.0 0.0 0.0 0.0 0.0 0.0 0.0 0.0 0.0 0.0 0.0 0.0 0.0 0.0 0.0 0.0 0.0 0.0 0.0 0.0 0.0
1.3890545435115 0.1862124935844 0.1473111552395 0.3091439374431 0.6254059405393999 0.39196091211709994 0.1362407976889 1.3152062658291 0.33057527597979997 0.2937127872038 0.0 1.8345137716004998 0.41147471376309996 1.2665200866213 0.9931335102968 1.4909964315802 0.48363991784399996 0.0967193629033 0.7974576487651 0.11724899383830001 0.123930247257 1.2612715522789 1.7664154606446 0.2318541934735
0.1521739130433 0.0913043478261 0.0260869565217 0.0260869565217 0.2695652173908 0.0478260869565 0.0 0.530434782609 0.095652173913 0.1782608695655 0.0 0.22608695652150002 0.1130434782609 0.18260869565239998 0.4043478260876 0.3173913043477 0.0739130434782 0.0 0.3521739130438 0.15652173913 0.0695652173913 0.1695652173912 0.3130434782607 0.2043478260878
0.45966261808349995 0.1534502923976 0.1466666666666 0.0292397660818 0.18855150697247 0.061988304093470004 0.0622222222222 0.7077147998200101 0.23157894736850002 0.07836257309933999 0.0222222222222 0.8700674763833399 0.11345029239756999 0.43775978407553995 0.32397660818737 0.42856500224911 0.19242914979747 0.01169590643274 0.19958164642383996 0.189991003149 0.0750877192982 0.27004048582987 0.70008097165947 0.0456140350876
0.5934065934057999 0.0857142857142 0.0307692307692 0.021978021978 0.0989010989013 0.2109890109887 0.0307692307692 0.40879120879130004 0.032967032967 0.021978021978 0.0 0.34945054945020004 0.0637362637362 0.010989010989 0.16703296703280002 0.6021978021977 0.257142857143 0.021978021978 0.1802197802196 0.0747252747252 0.010989010989 0.2527472527472 0.44175824175870004 0.0307692307692
1.7402285150926402 0.30159252294125 0.03273082559845 0.27813869047591 1.1822981550275198 0.12023937153025999 0.04588872033525 1.38526273466552 0.24600053752661 0.19857455243314998 0.02035213934111 1.10600250043599 0.20824870759241 0.5092616408157299 2.3521750793157103 2.1757095865457203 0.63861375557547 0.10452318718227 1.13729097745662 0.1945092116511 0.16163177014556002 0.5196555654064101 1.15607614203701 0.18499511087116
1.21525968036642 0.2443947595463 0.09435643934654 0.2371949043325 0.27919260702206 0.12063034034284 0.0529801324503 0.75429794795304 0.16492456087064 0.09122236048618 0.05728917392552001 0.85700289762802 0.03393318656064 0.3890295829410999 0.6284802760322 0.93150192995676 0.40022817793003995 0.00890207715132 0.75489224385332 0.1841876719894 0.08712948423966 0.5672601913036001 0.7492725818188399 0.09643679195574
0.146666666667 0.0666666666667 0.0133333333333 0.0 0.053333333333299995 0.0133333333333 0.0 0.0933333333333 0.1466666666667 0.0133333333333 0.0 0.0266666666666 0.0666666666667 0.0266666666666 0.08 0.0266666666666 0.0133333333333 0.0266666666667 0.08 0.0266666666667 0.0133333333333 0.0266666666666 0.0266666666667 0.0133333333333
0.32565789473712 0.0937499999999 0.0 0.111293859649 0.31524122807 0.0 0.03125 0.64638157894732 0.0624999999999 0.12006578947356 0.0 0.9188596491246599 0.205043859649 0.03125 0.38760964912379997 0.6677631578947 0.2489035087718 0.0624999999999 0.4139254385963 0.0175438596491 0.0 0.6452850877183001 0.6639254385961999 0.03125
0.26000000000010004 0.0799999999999 0.0 0.04 0.21999999999980002 0.1 0.0 0.3200000000009 0.0999999999999 0.0599999999999 0.0 0.1799999999998 0.13999999999999999 0.4 0.14 0.26 0.02 0.0 0.04 0.18 0.0799999999999 0.26000000000010004 0.11999999999989999 0.0
0.2457142857142 0.46238095238090005 0.0238095238095 0.0 0.0919047619048 0.0357142857143 0.0119047619048 0.2233333333333 0.342380952381 0.33999999999999997 0.0 0.2590476190477 0.0266666666666 0.2633333333335 0.2090476190478 0.21095238095229998 0.1504761904762 0.0133333333333 0.1633333333334 0.0119047619048 0.5785714285725001 0.0904761904763 0.2338095238096 0.0119047619048
0.19962441314548998 0.1081690140845 0.04694835680749 0.11755868544600001 0.10422535211247999 0.0 0.0938967136149 0.18328638497639002 0.0133333333333 0.00938967136149 0.0 0.49014084507118 0.00938967136149 0.14723004694839 0.07361502347408999 0.33051643192488 0.08694835680738 0.0 0.21295774647868998 0.0321126760563 0.0321126760563 0.1417840375587 0.5440375586857 0.02272300469479
2.1907462863476 0.20696699137320002 0.0191780821918 0.3854827922459 0.7661871107128999 0.20587981316479997 0.0718608941398 1.1951051582866 0.1311141844971 0.2018879004284 0.0286532951289 1.1736286554504 0.1511517885803 0.5029021947519 1.2583977705389 1.6152272676557 0.4271734521025 0.0383561643835 0.7328589338943 0.12916748439769998 0.21179287431180002 0.9815727680569 1.1443690464373 0.2303390909293
0.1978021978022 0.087912087912 0.0 0.0 0.0 0.021978021978 0.0 0.10989010989010001 0.021978021978 0.153846153847 0.0 0.28571428571510005 0.021978021978 0.175824175824 0.043956043956 0.10989010989010001 0.021978021978 0.065934065934 0.043956043956 0.175824175824 0.021978021978 0.087912087912 0.285714285715 0.065934065934
1.16372970062734 0.2452124378388 0.057704201542 0.2574341680282 1.6958903427600602 0.32295360607102 0.195439739414 1.8412213662499999 0.1154084030841 0.2555121052124 0.0235778391676 1.6723051294873401 0.1340246567437 1.0438444456154399 1.2898622395486201 1.46244410434706 0.4680122727574 0.0390879478827 1.4995039052749 0.33238466940102 0.37643420279292 0.71811669102024 1.5909770825309 0.19891874259632
0.5485714285713 0.1028571428574 0.0 0.0342857142857 0.0457142857144 0.0114285714286 0.0 0.21714285714349998 0.0685714285714 0.4228571428571 0.0 0.1142857142858 0.0571428571429 0.3257142857143 0.1257142857145 0.12571428571419999 0.1028571428575 0.0114285714286 0.0685714285714 0.102857142857 0.0342857142857 0.0342857142857 0.36571428571389997 0.08
0.0 0.0 0.0 0.0 0.0 0.0 0.0 0.0 0.0 0.0 0.0 0.0 0.0 0.0 0.0 0.0 0.0 0.0 0.0 0.0 0.0 0.0 0.0 0.0
0.5161290322572 0.0645161290322 0.0322580645161 0.1290322580644 0.1935483870972 0.0322580645161 0.0645161290322 1.0645161290351999 0.0 0.0645161290322 0.0322580645161 0.7096774193571 0.0645161290322 0.2258064516132 0.0645161290322 0.5161290322582 0.4838709677424 0.0 0.2903225806449 0.161290322581 0.0 0.8709677419351001 0.3870967741932 0.0322580645161
1.9038628038496002 0.1857065873233 0.0306326304106 0.1427436610061 0.5000836783877 0.06431432643929999 0.0515027889628 0.7500245907974 0.1376923613643 0.1514593012704 0.0673633920573 0.6937635715684001 0.1536373129131 0.3619632474497 0.4552899485627 1.419294500618 0.37808048960130003 0.0235294117646 0.6595180056875 0.11276804978409999 0.202091036258 0.30113389032000004 1.1703621626327 0.0831822509676
0.58357432041681 0.12512049354137 0.0 0.09196067090794001 0.28648544437984 0.11008289955647 0.025641025641 0.39174860227467 0.0150375939849 0.8099093888559401 0.0 0.48197416618414 0.0707538075959 0.25024098708279996 0.09639483323680001 0.31656063234971 0.02255639097741 0.11008289955647 0.10391363022934001 0.0406786196259 0.058800848274470005 0.1927896664738 0.70561017929387 0.11008289955647
0.0 0.0 0.0 0.0 0.0 0.0 0.0 0.0 0.0 0.0 0.0 0.0 0.0 0.0 0.0 0.0 0.0 0.0 0.0 0.0 0.0 0.0 0.0 0.0
0.9270025542776901 0.39028254169539 0.05267487820564 0.28972520857524 0.48706506117277 0.0353754940712 0.03369256948379 0.97421348575923 0.40791990938392997 0.42949429338719003 0.0243902439024 0.43145576956229004 0.25024704635195 0.6298904930761 1.2251550241012 1.0804589957380701 0.34977692533629 0.04812942366029 0.58547724152719 0.6978232385216 0.07251966756259 0.38566033463413996 0.9543658738378199 0.23720372617745
0.1770270270271 0.104054054054 0.0 0.1500000000003 0.1477477477477 0.05 0.0 0.2373873873875 0.3684684684685 0.1977477477478 0.0603603603603 0.0333333333334 0.1477477477478 0.2040540540541 0.08333333333330001 0.32477477477470007 0.05 0.108108108108 0.09774774774770001 0.0833333333334 0.0936936936936 0.1310810810811 0.08333333333330001 0.0666666666666
0.054054054054 0.0 0.0 0.0 0.16216216216200002 0.0 0.0 0.054054054054 0.287162162162 0.574324324325 0.0 0.108108108108 0.591216216216 0.16216216216200002 0.0 0.108108108108 0.0 0.41216216216199997 0.108108108108 0.0 0.054054054054 0.324324324324 0.0 0.0
0.0 0.0 0.0 0.0 0.0 0.0 0.0 0.0 0.0 0.0 0.0 0.0 0.0 0.0 0.0 0.0 0.0 0.0 0.0 0.0 0.0 0.0 0.0 0.0
0.86857247555541 0.12373029503765 0.0652241918665 0.0753273144143 0.24745138931496 0.1107241738882 0.0529556650245 0.55208180427997 0.10839416058394999 0.15146138747475998 0.0 0.58524081668872 0.09410844629835 0.23681345933788003 0.50326457791886 0.56435033112163 0.21106597685599998 0.00735294117646 0.29275048806315995 0.1165828375146 0.03888003477246 0.46234953583689997 0.48100487111576 0.0503128258603
0.530289484887 0.19597701149420002 0.051724137931 0.0 0.29240102171140003 0.21319710515149998 0.0 0.5521924223072 0.2011068539803 0.2159855257556 0.0 0.5878033205617 0.3413367390377 0.40676883780330003 0.6020859940401 0.3613452532993 0.1579608343976 0.1728395061729 0.2206683695188 0.0827160493827 0.058024691357999994 0.2453597275436 0.33152405278880004 0.17869306087739997
0.049999999999920004 0.033333333333240005 0.0166666666666 0.00833333333332 0.049999999999920004 0.025 0.0 0.13333333333342 0.041666666666520004 0.0 0.0 0.13333333333342 0.033333333333240005 0.0833333333332 0.06666666666664 0.041666666666520004 0.0 0.0 0.058333333333320005 0.0583333333335 0.0 0.01666666666664 0.15000000000024 0.0
0.4901477832508 0.0773399014778 0.0 0.0285714285714 0.0857142857142 0.1866995073897 0.0 0.2522167487687 0.0285714285714 0.0857142857142 0.0428571428571 0.7054187192109 0.0571428571428 0.0285714285714 0.40443349753639996 0.4379310344824999 0.07142857142850001 0.0142857142857 0.128571428572 0.217733990148 0.0142857142857 0.1546798029556 0.4876847290637001 0.0
1.6669559258150002 0.1979799601765 0.035684132940199995 0.3532939236642 1.1617058597368999 0.414770500747 0.0996034041146 1.6486063794551 0.32901315353439997 0.3550848329622 0.0 0.9651727721988 0.429495709319 0.4047558164756 1.6937652579880997 3.0176198006022994 1.2248102315849 0.1288471097979 0.9071017188449 0.444471791547 0.21179233024299998 0.6359642402355 1.6237034459640998 0.0498017020573
1.038247356359 0.2529156000518 0.046305045144 0.17673528741680003 0.5419978198618001 0.0356098579782 0.0106951871658 0.8107082545945999 0.042780748663100006 0.12083182555310001 0.0 0.9948316647238999 0.0874322615808 0.3988011472522999 0.9971810095657 1.2398191333943 0.3787247753963 0.0356098579782 0.8431500989544001 0.19790842971970002 0.0964739165202 0.6998925567050001 0.9053895880515 0.0479585773703
0.0563380281689 0.0281690140845 0.0281690140845 0.0140845070422 0.0 0.0281690140844 0.0 0.0704225352113 0.0704225352111 0.0563380281689 0.0 0.1267605633802 0.0422535211267 0.056338028169 0.0563380281691 0.0563380281689 0.0563380281689 0.0281690140845 0.0422535211267 0.0 0.0422535211267 0.0704225352112 0.0563380281689 0.0140845070422
0.24320648461601 0.1398513436249 0.00884955752211 0.130925889383 0.18450593765321 0.0853058890795 0.0181818181818 0.5872503630397101 0.06664136776 0.08482318594182 0.0302777313964 0.48787929385651 0.03960999205611 0.1715012877143 0.1928535648693 0.42402080582074 0.26704817417791 0.0125786163522 0.61357033348991 0.1104631217839 0.06339501206751 0.567155947519 0.45752566574090003 0.0125786163522
0.23376623376619998 0.0974025974027 0.0 0.0779220779222 0.1363636363637 0.0584415584415 0.0 0.3701298701297 0.0974025974025 0.038961038961 0.0 0.155844155844 0.1363636363635 0.3701298701295 0.11688311688299999 0.4090909090907 0.077922077922 0.0 0.0974025974025 0.155844155844 0.0974025974027 0.077922077922 0.0974025974027 0.0974025974025
0.19369369369370001 0.055692055692 0.0405405405405 0.0 0.030303030303 0.0151515151515 0.0 0.1838656838656 0.2178542178546 0.0962325962326 0.0 0.1617526617526 0.1027846027845 0.085995085995 0.12325962325959999 0.116298116298 0.1314496314496 0.0675675675676 0.0995085995085 0.1314496314496 0.028665028665 0.0135135135135 0.1044226044225 0.0
0.390546318644 0.2781055391673 0.053097345132699994 0.1212791633146 0.1137369267901 0.10062274664040001 0.0 0.5811432913196 0.0 0.039823008849599995 0.074074074074 1.0100563153673 0.1822390572389 0.6527852269005 0.17732263639339998 0.8150233902449999 0.40841676350580003 0.0 0.623592115849 0.0473652453741 0.1420957361225 0.3744860105481 0.7270008343023 0.0871882542235
0.31907277574803 0.04971857410873999 0.0121951219512 0.56079046114374 0.32612076626778996 0.8252382245476599 0.07188703465980001 0.9142391626342399 0.0060975609756 0.3720993384023801 0.00961538461537 0.38674459366024005 0.0749358151476 0.43003233929088996 0.42156487607339 0.40773427471057 0.09509849906196999 0.0030487804878 0.34746840130367 0.01090525328329 0.13943542016348998 0.52606892465679 0.60099856818383 0.08888984891869
0.16666666666649999 0.1333333333332 0.133333333333 0.0 0.0333333333333 0.0 0.0 0.2999999999995 0.0333333333333 0.0333333333333 0.0 0.33333333333390003 0.133333333333 0.133333333333 0.0333333333333 0.0333333333333 0.0 0.0666666666666 0.0333333333333 0.133333333333 0.0 0.16666666666649999 0.0666666666666 0.0333333333333
1.12685484247494 0.23103865394200002 0.0693700173828 0.11231276222209999 0.7607881734465001 0.33466885325364004 0.0740043045107 1.2147423260002101 0.1665507802351 0.2665507802352 0.032167889832570004 0.8853304203863 0.1578021825901 0.6850147297635399 0.5943084506462 1.13191368591234 0.3189458198371 0.0333333333333 0.7401309037579001 0.1446327460966 0.0838862776357 0.6071366083327001 1.12018961748897 0.1083258406762
0.2142857142858 0.10714285714289999 0.0 0.107142857143 0.1285714285714 0.0857142857143 0.0214285714286 0.4928571428566 0.0642857142857 0.0642857142857 0.0214285714286 0.257142857143 0.0214285714286 0.1500000000002 0.0857142857143 0.21428571428569998 0.0642857142857 0.0 0.08571428571430001 0.107142857143 0.1071428571429 0.107142857143 0.4500000000007 0.0428571428571
0.0 0.0 0.0 0.0 0.0 0.0 0.0 0.0 0.0 0.0 0.0 0.0 0.0 0.0 0.0 0.0 0.0 0.0 0.0 0.0 0.0 0.0 0.0 0.0
0.07926829268300001 0.0182926829268 0.0060975609756 0.0731707317073 0.054878048780500004 0.0 0.0060975609756 0.1158536585366 0.0121951219512 0.0060975609756 0.0 0.1036585365854 0.0060975609756 0.0365853658537 0.042682926829199996 0.0792682926829 0.0548780487806 0.0 0.0548780487805 0.0121951219512 0.0 0.11585365853650001 0.1158536585367 0.0060975609756
0.5189650063791 0.11874387093592001 0.0 0.08651079352622 0.6609847390015899 0.14595730421371 0.039252097073700004 0.9684839007936501 0.06928447365038 0.040469720496879996 0.037037037037 0.5887356548768801 0.15957120045443002 0.15616460442543 0.4827233210066 0.6588343417015 0.49514568125489 0.01863354037266 0.28577446467379997 0.13554604772439002 0.06386677386222 0.34241188896108 0.83037954321569 0.09652399435909001
0.0521739130434 0.10434782608689999 0.0 0.0521739130434 0.10434782608689999 0.0260869565217 0.0260869565217 0.39130434782600004 0.1043478260868 0.0 0.0 0.5478260869566 0.18260869565239998 0.1565217391304 0.1565217391304 0.2608695652177 0.0521739130434 0.0 0.0521739130434 0.0521739130434 0.0 0.15652173913 0.5217391304357 0.0
0.0 0.0 0.0 0.0 0.0 0.0 0.0 0.0 0.0 0.0 0.0 0.0 0.0 0.0 0.0 0.0 0.0 0.0 0.0 0.0 0.0 0.0 0.0 0.0
0.9641081364034001 0.6967397873048 0.0260198637445 0.2375241383086 0.5470277733162 0.29040522984460004 0.049685686653700004 2.0385394955098004 0.1477909077888 0.2743813398159 0.0 1.211562426451 0.440369214068 0.8086370254163 0.6910755681894001 1.3287093379140997 0.44520432758899997 0.183813627794 1.1089211753411998 0.2831583443804 0.1748689711112 0.5094223869608 1.2803262537278999 0.2617089823711
0.198030588728 0.1429918290383 0.0 0.04496124031 0.1836161743137 0.0 0.0232558139535 0.3991619526501 0.6981772470149 0.4753404567352 0.0116279069767 0.1571548292478 0.40056568196090003 0.3885187513092 0.3483134297084 0.36624764299159995 0.06568196103070001 0.0936936936936 0.2589566310496 0.10155038759679999 0.2303792164256 0.21596480201110002 0.1354494028913 0.0603603603603
0.0888888888888 0.0888888888888 0.0333333333333 0.0222222222222 0.0111111111111 0.077777777778 0.0 0.0888888888888 0.0888888888891 0.0111111111111 0.0 0.0888888888888 0.0111111111111 0.0555555555555 0.0111111111111 0.1666666666666 0.0 0.0222222222222 0.0444444444444 0.0111111111111 0.0 0.0111111111111 0.0555555555555 0.0111111111111
0.0 0.0 0.0 0.0 0.0 0.0 0.0 0.142857142857 0.0 0.42857142857099995 0.0 0.142857142857 0.0 0.0 0.0 0.0 0.0 0.0 0.285714285714 0.0 0.0 0.0 0.0 0.0
0.5436092346593 0.22528625329310004 0.0862525376172 0.12918549414890002 0.4685222126512999 0.4037128550772 0.0765629958743 0.6452927516078 0.0108695652174 0.1726637550185 0.0 0.4842025459288 0.46736359835429997 0.40645952658 0.5936915970239 1.1409995818921999 0.24836408698680001 0.095238095238 0.4846785852824 0.0864112174013 0.0327673754364 0.4539538972259 0.6804201739938 0.063492063492
0.21994884910458998 0.07331628303498 0.0588235294118 0.168371696505 0.06606990622339 0.14663256607039998 0.0144927536232 0.39471440750160003 0.09505541346980001 0.117647058824 0.0588235294118 0.27791986359819 0.2199488491046 0.05797101449278 0.153878942882 0.16837169650479 0.0 0.0588235294118 0.01449275362318 0.0652173913045 0.08780903665818 0.15302642796249 0.26342710997490004 0.0652173913046
0.90219119709326 0.24203980736300001 0.0523947283831 0.0929160870788 0.42590197256864 0.07461391636289999 0.133333333333 0.68695111876162 0.12077043206642002 0.20862150169772 0.0 0.7318501577327801 0.19718896408071998 0.6393596231462 0.6219758525771999 0.38783428647793994 0.20413434487424 0.01769911504424 0.26744503110962 0.1953843484299 0.23067846607622 0.19659045977292 1.3524261409176197 0.0176991150442
0.0 0.166666666667 0.0 0.0 0.0833333333333 0.0 0.0 0.333333333334 0.0833333333333 0.0 0.0 0.0 0.0833333333333 0.1666666666666 0.166666666667 0.0833333333333 0.166666666667 0.0 0.25 0.0 0.0833333333333 0.0833333333333 0.2500000000003 0.0
0.8904662023934901 0.42660467696611 0.03665965646293 0.16056378887996 0.62772162019998 0.15807672967361 0.04319398235203 1.16575250536665 0.38716814792286003 0.27444280007609 0.0 0.6260382970133601 0.09608901634066 0.35671779399512005 0.69888448742075 1.5993823549521 0.39512096707941 0.03195683240523 0.42050738932719 0.3343147883505 0.10483910708116001 0.3587150397215 0.7210810285233901 0.08570278749643001
0.4275200565542 0.18322465028379997 0.0322199371202 0.20415753470099998 0.45469869861689993 0.0418348130212 0.0112994350282 0.8747747260968 0.1062746872618 0.0899277660144 0.020920502092 0.8726286439217001 0.0322199371202 0.5451313258208001 0.4325923074239 0.8957014193503999 0.36357885233879994 0.0322199371202 0.8204422066202999 0.2046128665868 0.1481156914457 0.5295025794631 0.6345666129718001 0.0418348130212
0.0 0.0 0.0 0.0 0.0 0.0 0.0 0.0 0.0 0.0 0.0 0.0 0.0 0.0 0.0 0.0 0.0 0.0 0.0 0.0 0.0 0.0 0.0 0.0
0.7673039663886999 0.0721003134796 0.020202020202 0.3079202586207 0.6312559865899 0.0505567528736 0.08961925287349999 0.7889509317311 0.0114942528736 0.2283503134794 0.020202020202 0.8945407741201 0.0114942528736 0.3125897988508 0.2425276471621 0.7221133751302 0.5013360980494 0.0781249999999 0.5389536529082 0.0316962730756 0.0390625 0.7642725748877 0.8293549721358999 0.0459770114943
0.1776315789473 0.0592105263157 0.0 0.0394736842104 0.0394736842104 0.0394736842105 0.0 0.49342105263150005 0.11842105263149999 0.0394736842105 0.0 0.2368421052637 0.0 0.375 0.1776315789477 0.49342105263159997 0.0 0.0197368421052 0.1184210526314 0.315789473684 0.0 0.0592105263157 0.1184210526316 0.078947368421
0.0862068965517 0.0 0.0344827586207 0.0172413793103 0.0344827586206 0.0 0.0 0.10344827586220001 0.0517241379309 0.0 0.0 0.08620689655159999 0.0 0.10344827586220001 0.051724137931 0.1379310344827 0.0689655172413 0.0 0.0172413793103 0.0 0.103448275862 0.051724137931 0.051724137931 0.0
0.0563380281689 0.0140845070422 0.0 0.0563380281691 0.0281690140845 0.0422535211267 0.0 0.0422535211267 0.0140845070422 0.0 0.0 0.0845070422535 0.0 0.1267605633803 0.0422535211267 0.2957746478871 0.056338028169 0.0 0.0422535211267 0.0 0.0 0.0281690140845 0.0563380281688 0.0140845070422
0.86041398369959 0.28179020176309 0.00917431192659 0.422084753045 0.8225948557670799 0.6449194305675 0.032611811926590004 1.05208917823619 0.14471043577979 0.027522935779790002 0.0 0.8929450601333899 0.11785520280038 0.43467679795049 0.55598677462 0.56916049798739 0.5078593224148 0.01834862385318 0.65487241631319 0.1346187078256 0.08532412636558001 0.6571667146390001 0.8784343767359 0.19483947987179
0.1076923076923 0.0 0.0 0.0153846153846 0.0 0.0307692307692 0.0153846153846 0.15384615384619998 0.09230769230769999 0.0461538461538 0.0 0.1384615384616 0.0153846153846 0.0461538461538 0.0307692307692 0.10769230769239999 0.0 0.0 0.076923076923 0.0461538461538 0.0153846153846 0.0307692307692 0.0307692307692 0.0
0.6730114205571001 0.18994189541169998 0.0831496694049 0.0372670807454 0.6421558805851999 0.171308355039 0.0695251452614 0.9447004608303999 0.055900621118 0.055900621118 0.0 0.9919855740328001 0.0508916048888 0.5103185734319 0.6880384692438001 0.7303145662191001 0.5289521138046 0.0322580645161 0.6744139451004 0.2135844520132 0.0372670807454 0.450811460629 0.8729713484273001 0.29533159687550004
0.1375 0.1232142857146 0.0 0.0375 0.05 0.075 0.0 0.2892857142858 0.2035714285713 0.1089285714286 0.0 0.2000000000003 0.13928571428570002 0.2035714285714 0.2714285714285 0.2410714285717 0.0875 0.09107142857139999 0.030357142857100002 0.132142857143 0.2 0.0857142857142 0.24285714285700002 0.05
0.0 0.0 0.0 0.0 0.0 0.0 0.0 0.0 0.0 0.0 0.0 0.0 0.0 0.0 0.0 0.0 0.0 0.0 0.0 0.0 0.0 0.0 0.0 0.0
0.0 0.0 0.0 0.0 0.0 0.0 0.0 0.0 0.0 0.0 0.0 0.0 0.0 0.0 0.0 0.0 0.0 0.0 0.0 0.0 0.0 0.0 0.0 0.0
0.45655121410156996 0.05466535190427 0.0 0.21872303710147 0.44558116602934 0.06834709725127 0.0 0.21323801306523998 0.0163934426229 0.06834709725127 0.038271909281370003 0.43461111795839996 0.00819672131147 0.18316282509534 0.32256871687367 0.9322691975847 0.18316282509527002 0.06834709725127 0.20775298902977002 0.1913595464074 0.04646863059284 0.11752742512007 0.69986441513664 0.02459016393437
0.1278911564625 0.05464852607699999 0.0 0.0102040816326 0.0648526077097 0.0852607709751 0.0444444444445 0.2233560090702 0.031519274376300005 0.1965986394559 0.0 0.1102040816325 0.054648526077099996 0.1380952380951 0.1426303854879 0.11678004535139999 0.0111111111111 0.051927437641700006 0.041723356009 0.051927437641700006 0.0222222222222 0.1482993197279 0.2716553287982 0.0
0.0588235294118 0.0 0.117647058824 0.0 0.117647058824 0.0 0.176470588235 0.0 0.0 0.0 0.0 0.0588235294118 0.0 0.0588235294118 0.0 0.0 0.117647058824 0.117647058824 0.0 0.0 0.0588235294118 0.0 0.1176470588236 0.0
1.43165532887212 0.4362929241526 0.2040727633946 0.53271227286631 1.44832812502181 0.2847813093074 0.0847457627118 2.38692320927793 0.38498205018641 0.33359644911151004 0.0 0.9926403498049201 0.32084430469270003 0.7762494735938998 0.8936336031265101 1.4204530201780998 0.67088703494341 0.16715873474331 0.7424734654784001 0.20673075466129998 0.063829787234 0.31864298772291 1.5209428659459001 0.3774234229736
0.0 0.0 0.0 0.0 0.0 0.0 0.0 0.0 0.0 0.0 0.0 0.0 0.0 0.0 0.0 0.0 0.0 0.0 0.0 0.0 0.0 0.0 0.0 0.0
0.1842105263163 0.1052631578947 0.078947368421 0.0526315789473 0.0526315789474 0.236842105264 0.0 0.1315789473687 0.0263157894737 0.07894736842109999 0.0 0.078947368421 0.0263157894737 0.07894736842109999 0.0 0.5 0.0 0.0263157894737 0.0263157894737 0.0 0.0263157894737 0.078947368421 0.1842105263157 0.0263157894737
0.0 0.0 0.0 0.0 0.0 0.0 0.0 0.0 0.0 0.0 0.0 0.0 0.0 0.0 0.0 0.0 0.0 0.0 0.0 0.0 0.0 0.0 0.0 0.0
0.7442261161864 0.2868421617813 0.0592236230922 0.3083606721077 0.6971684579947001 0.0746314496314 0.47414616563129997 1.7231103144733 0.2225923058646 0.3482581176618 0.0113636363636 1.5254376362648001 0.25339658946649996 0.6388100221429 0.6985940984113999 1.2393712945414999 0.22169822443520001 0.0770368909054 0.5818751122281 0.0819508958195 0.0 0.7465837325932999 0.7635886218012999 0.22173386060199998
0.0441176470588 0.0441176470588 0.0 0.0294117647058 0.0294117647058 0.0441176470588 0.0294117647059 0.22058823529459998 0.0 0.0735294117647 0.0 0.0294117647058 0.0588235294117 0.0882352941176 0.0735294117647 0.0441176470588 0.0 0.0 0.0294117647058 0.0 0.0294117647059 0.0 0.0588235294117 0.0735294117648
0.38345420812950004 0.21274666891549998 0.0 0.0165289256198 0.08662927981089999 0.1236717827628 0.11224489795920001 0.7593607691015001 0.08928571428570001 0.1567296340023 0.0 0.5887586439538 0.1732585596224 0.6765053128699001 0.28417524034389996 0.3517245741272 0.30793557092269996 0.0 0.167945690673 0.2652007083826 0.0357142857143 0.398654916512 0.7508011469047 0.0586734693877
0.0 0.0 0.0 0.0 0.0 0.0 0.0 0.0 0.0 0.0 0.0 0.0 0.0 0.0 0.0 0.0 0.0 0.0 0.0 0.0 0.0 0.0 0.0 0.0
1.1812703572052001 0.3256692687378 0.0128755364807 0.2893240613416 0.8793806485828 0.24846316627770001 0.0495804623534 1.08270598217 0.3707730658469 0.2508092879144 0.0128755364807 1.0419685091275 0.1547690998142 0.3392877841796 1.1014689529630002 2.4357480217089997 0.7994155724234 0.07409026627490001 0.8503414698409 0.514163874683 0.1640326651906 0.4491300989092001 1.1115158957304 0.2603404157584
0.8771123352929 0.1296992481202 0.0178571428571 0.4216388744131 0.4302743244251 0.153390903 0.0 0.7996538375648998 0.0535714285714 0.0178571428571 0.0 0.9030372962104 0.029702970297 0.5145071838018 0.317296955259 0.7036123725153001 0.3396765428422 0.0 0.5537854537331 0.1556428199212 0.11522928608640001 0.6237251544697999 0.6584995905602999 0.1842291371993
0.0 0.0 0.0 0.0 0.0 0.0 0.0 0.0 0.0 0.0 0.0 0.0 0.0 0.0 0.0 0.0 0.0 0.0 0.0 0.0 0.0 0.0 0.0 0.0
0.3543022790882 0.0491803278688 0.0491803278688 0.1151739304278 0.14956417433018 0.03439024390239 0.0 0.26752499000389 0.04639344262289 0.08317073170729 0.0 0.42386645341850004 0.0655737704918 0.13874450219899997 0.24073170731679 0.57666933226739 0.23670531787279997 0.0487804878049 0.1651739304277 0.0931707317073 0.02999999999999 0.32827269092378997 0.44465013994407 0.058780487804889994
0.050847457627 0.08474576271180001 0.0 0.0 0.0254237288135 0.01694915254234 0.00847457627117 0.12711864406761 0.05932203389824 0.00847457627117 0.0 0.05932203389817 0.0169491525423 0.08474576271197 0.05084745762697 0.1440677966105 0.00847457627117 0.00847457627117 0.0338983050846 0.0593220338985 0.02542372881347 0.0254237288135 0.0677966101694 0.0338983050847
0.095238095238 0.095238095238 0.0 0.0 0.0 0.0 0.0 0.0 0.666666666667 0.095238095238 0.0 0.0 0.0 0.380952380952 0.0 0.0 0.0 0.0 0.0 0.0 0.5714285714289999 0.095238095238 0.0 0.0
0.2048975512243 0.1469265367315 0.0 0.3683158420788 0.23388305847059998 0.0 0.0289855072463 0.8050974512743001 0.11794102948520001 0.2213893053472 0.0 1.3058470764641998 0.0289855072463 0.5942028985507001 0.072463768116 0.5132433783105 0.1449275362319 0.0 0.2318840579713 0.0144927536232 0.1324337831083 0.072463768116 0.6436781609202 0.11794102948520001
0.7562703226325 0.11140144667301999 0.0121951219512 0.060975609756 0.27897202700822 0.18532184056969997 0.0731707317073 0.74058808890712 0.0853658536585 0.0840917364398 0.0 0.68555424613224 0.08974145395371999 0.5062533549698001 0.46665288686809997 0.49908785958602003 0.414909742318 0.0 0.32078548966646003 0.1820311423456 0.06007992283314 0.45271883657392 0.75307526032564 0.18075702512634
0.0363636363636 0.0545454545454 0.0 0.0848484848485 0.12121212121210001 0.23636363636360003 0.0 0.4484848484844 0.0727272727272 0.0 0.0 0.2969696969694 0.0909090909091 0.0545454545454 0.133333333333 0.1393939393939 0.0 0.0181818181818 0.0545454545454 0.0 0.0 0.0363636363636 0.0363636363636 0.0848484848485
0.8767865248539 0.314178049929 0.1346236936857 0.2362143433097 0.7682784031919 0.090909090909 0.2344399913777 1.4265289907516 0.0889072067826 0.341818181818 0.102176165803 1.0951520944736002 0.1361854898122 0.6199511077026 0.3648473610049 2.3601893665607 0.5804323582508001 0.0627272727272 0.7797979497744 0.433626943005 0.220177059555 0.6197358231464001 0.8512071324936 0.26110939907529995
0.10344827586204 0.06034482758627 0.0 0.0172413793103 0.060344827586240005 0.0258620689655 0.0 0.06896551724134001 0.025862068965469998 0.0172413793103 0.0 0.08620689655167 0.0 0.0344827586206 0.06896551724137 0.10344827586199999 0.0344827586207 0.00862068965517 0.00862068965517 0.0431034482759 0.01724137931034 0.0172413793103 0.1982758620692 0.0
0.0 0.0 0.0 0.0 0.0 0.0 0.0 0.0 0.0 0.0 0.0 0.0 0.0 0.0 0.0 0.0 0.0 0.0 0.0 0.0 0.0 0.0 0.0 0.0
0.0 0.0 0.0 0.0 0.0 0.0 0.0 0.0 0.0 0.0 0.0 0.0 0.0 0.0 0.0 0.0 0.0 0.0 0.0 0.0 0.0 0.0 0.0 0.0
0.47724003698910006 0.20555504598520002 0.054054054054 0.1974301509036 0.5185571913724 0.09918998527239999 0.0103092783505 0.5695664865090999 0.0876979463936 0.1988948575904 0.0 0.8222412109231001 0.27882882882869997 0.27855086308669996 0.2191447354378 0.6988017216168001 0.377657807644 0.0 0.2847516595163 0.1416498364279 0.1833410057299 0.4116304881432 0.6250479813229 0.2598588278998
0.125 0.125 0.0 0.0 0.05 0.07500000000000001 0.0 0.175 0.0 0.15 0.0 0.2 0.0 0.07500000000000001 0.07500000000000001 0.15 0.025 0.05 0.0 0.025 0.025 0.275 0.35000000000000003 0.05
0.0 0.0 0.0 0.0 0.0 0.0 0.0 0.0 0.0 0.0 0.0 0.0 0.0 0.0 0.0 0.0 0.0 0.0 0.0 0.0 0.0 0.0 0.0 0.0
1.0804464291943998 0.4013296595855 0.11196015169510001 0.41934798446150007 0.5657261534513 0.21689954636939998 0.0401886963621 1.40303084227 0.0357142857142 0.7707954297359 0.0 0.9728656764629 0.13488300132119999 0.5024059196023 0.3357854434011 1.0629257041298 0.5639919894434999 0.0 0.2743951291985 0.0538873264991 0.0546398046397 0.6545752875240001 1.1545485369305 0.1896570020038
0.09335571835564001 0.2923280423279 0.0 0.045965608465570004 0.0754985754985 0.047390109890070004 0.00892857142857 0.28207671957664 0.6046754171755 0.13657407407414 0.0 0.09193121693110001 0.32450651200617 0.41389397639367004 0.16753154253147 0.33020451770477 0.19838726088717 0.06382275132267001 0.13789682539677 0.12014143264140001 0.23410154660149998 0.07417582417577 0.21197089947067 0.0446428571429
0.0571428571429 0.08571428571430001 0.0 0.0285714285714 0.0 0.1714285714289 0.0 0.0714285714285 0.0857142857142 0.0428571428571 0.0142857142857 0.0428571428571 0.0 0.07142857142850001 0.0428571428571 0.1142857142857 0.0 0.0142857142857 0.0285714285714 0.0 0.0 0.0428571428571 0.0571428571429 0.0285714285714
0.0 0.0 0.0 0.0 0.0 0.0 0.0 0.0 0.0 0.0 0.0 0.0 0.0 0.0 0.0 0.0 0.0 0.0 0.0 0.0 0.0 0.0 0.0 0.0
0.1508213820077 0.0954106910039 0.0133333333333 0.0512820512821 0.08061712299009999 0.1066666666667 0.0 0.3983398522382 0.052307692307600004 0.042590178183399996 0.0 0.3607475010864 0.09592351151680001 0.2585397653192 0.1287961755758 0.35815732290319996 0.0554106910039 0.0133333333333 0.2242068665798 0.0266666666667 0.0 0.270925684485 0.1759235115169 0.04
0.0 0.0 0.0 0.0 0.0 0.0 0.0 0.0 0.0 0.0 0.0 0.0 0.0 0.0 0.0 0.0 0.0 0.0 0.0 0.0 0.0 0.0 0.0 0.0
0.21095399698335998 0.08651960784320001 0.08672699849173 0.11538461538460001 0.0811274509805 0.1278846153846 0.10903092006040001 0.3864819004524601 0.11151960784333 0.09017722473603 0.0 0.4915158371041601 0.18844268476626003 0.32958144796383004 0.12228506787335999 0.09632352941183 0.15363876319753 0.00980392156863 0.15903092006039998 0.180147058824 0.0 0.3709464555052 0.43440799396696006 0.058069381598759996
0.0 0.0 0.0 0.0 0.0 0.0 0.0 0.0 0.0 0.0 0.0 0.0 0.0 0.0 0.0 0.0 0.0 0.0 0.0 0.0 0.0 0.0 0.0 0.0
1.4017388333674 0.6699132018416 0.059045341672 0.42444881416720004 1.7894696286012 0.3517243313413 0.0738943464709 1.7297581649009999 0.20105290267929998 0.28632444268949997 0.0 1.4833576360435998 0.3075049609135 0.492316244839 0.8318237224085999 2.8317753201105003 0.7714826021355999 0.1444475974676 0.9167244651829 0.5029461414937 0.18895591781479998 0.9822467949747 1.4146009914217 0.1444475974676
0.31318681318790004 0.0681318681319 0.0 0.13296703296690002 0.2164835164835 0.0450549450549 0.029670329670300002 0.21758241758230001 0.0 0.0527472527473 0.043956043956 0.2890109890107 0.021978021978 0.19340659340660002 0.1120879120878 0.2164835164835 0.14835164835150003 0.0 0.15824175824160003 0.131868131868 0.0153846153846 0.21538461538460002 0.3703296703304 0.0076923076923
0.0 0.0 0.285714285714 0.0 0.0 0.0 0.285714285714 0.0 0.0 0.0 0.0 0.0 0.0 0.0 0.0 0.0 0.0 0.0 0.285714285714 0.0 0.0 0.142857142857 0.0 0.0
0.611907881676 0.1122493547746 0.0 0.1578320428826 0.6764125471513 0.0 0.0 0.7920349414334 0.04 0.1526086956522 0.013698630137 0.6059956323214001 0.053698630137 0.4026841373833 0.3100813976572 0.3937164979155 0.3086261663687 0.0 0.33117133214210004 0.0796406591225 0.060005955926200005 0.2956581298395 0.5367599761763 0.0652173913044
0.0467289719627 0.05607476635522 0.0 0.0 0.018691588785 0.0747663551402 0.0 0.13084112149531998 0.09345794392524001 0.037383177570119996 0.0 0.046728971962640004 0.03738317757 0.08411214953272 0.0654205607477 0.08411214953269999 0.0 0.0 0.01869158878504 0.0467289719627 0.02803738317752 0.037383177570040005 0.0654205607476 0.0280373831776
0.0710784313725 0.13848039215680003 0.0 0.0588235294118 0.1544117647059 0.0294117647059 0.0 0.2377450980393 0.16789215686270004 0.1176470588235 0.0 0.11274509803919999 0.0588235294118 0.12132352941169999 0.109068627451 0.10416666666650001 0.050245098039200006 0.0 0.0294117647059 0.1299019607843 0.0710784313726 0.0 0.19607843137269998 0.0416666666666
0.064935064935 0.051948051948 0.0 0.038961038961 0.077922077922 0.0 0.038961038961 0.1428571428571 0.012987012987 0.012987012987 0.0 0.272727272727 0.025974025974 0.181818181818 0.025974025974 0.1688311688312 0.1948051948051 0.012987012987 0.2337662337661 0.0519480519481 0.0779220779221 0.064935064935 0.2467532467531 0.0
0.77044600595451 0.28703215732160003 0.0113636363636 0.05092348606831 0.47527692382710995 0.16624335138881 0.0454545454546 1.0290160054672102 0.1575476992149 0.1656846240178 0.0 0.58344434685022 0.2079124579121 0.251949446152 0.34734299516950995 0.61891865515081 0.29628653686592 0.0 0.26878202312942 0.03955984970471 0.0535914702581 0.32560020494851 0.76794515200181 0.07967842677980999
0.9107551487412999 0.157894736842 0.0 0.1052631578946 0.2265446224253 0.13958810068639999 0.0 0.7162471395873 0.105263157895 0.0869565217391 0.0 0.508009153318 0.368421052633 0.2448512585814 0.13958810068639999 0.41876430205890003 0.1578947368423 0.0 0.263157894737 0.366132723112 0.105263157895 0.1052631578946 0.4370709382149 0.437070938215
0.5178473403878301 0.068942167298 0.0294117647059 0.24339251327869998 0.5934551868446001 0.10783214189253001 0.0199335548173 0.5205080106404 0.04934531952316 0.10783214189250001 0.0199335548173 0.6783259000538 0.1779362907956 0.3626901212273 0.51839939056583 0.6227150910729301 0.4098633380182 0.00996677740863 0.5821745673537 0.1187760543411 0.0573248407643 0.41769099878180005 0.6271451848401999 0.13855774868100001
0.0 0.0 0.0 0.0 0.0 0.0 0.0 0.0 0.0 0.0 0.0 0.0 0.0 0.0 0.0 0.0 0.0 0.0 0.0 0.0 0.0 0.0 0.0 0.0
0.0 0.0 0.0 0.0 0.0 0.0 0.0 0.0 0.0 0.0 0.0 0.0 0.0 0.0 0.0 1.0 0.0 0.0 0.0 0.0 0.0 0.0 0.0 0.0
0.26923076923050004 0.1346153846157 0.0 0.0961538461539 0.11538461538429999 0.0192307692307 0.0384615384615 0.2692307692311 0.0192307692307 0.0384615384615 0.0 0.3269230769235 0.0384615384614 0.0769230769229 0.1346153846152 0.3653846153848 0.1346153846153 0.0 0.1730769230766 0.0769230769231 0.0 0.3076923076927 0.3076923076925 0.0576923076922
0.7440933087187 0.105510752688 0.0 0.08630894545920001 0.8556484000521 0.1055107526881 0.0980696981474 0.7641574361962001 0.0553463855421 0.055346385542200005 0.086596385542 0.7334823163620999 0.0 0.41892165435920004 0.5250072872143999 0.8201677678456 0.2110215053762 0.0 0.2712624692315 0.0980696981474 0.055346385542200005 0.3329001489823 0.4791626182148 0.0980696981473
0.07766990291247 0.03883495145627 0.0 0.01941747572814 0.04854368932031 0.03883495145627 0.0 0.09708737864071 0.0 0.0679611650488 0.0 0.1650485436893 0.0 0.03883495145624 0.03883495145627 0.02912621359221 0.00970873786407 0.0194174757281 0.02912621359217 0.0194174757281 0.0 0.06796116504857 0.16504854368927002 0.02912621359217
0.0 0.0 0.0 0.0 0.0 0.0 0.0 0.0 0.0 0.0 0.0 0.0 0.0 0.0 0.0 0.0 0.0 0.0 0.0 0.0 0.0 0.0 0.0 0.0
1.3571392818133998 0.238161110822 0.03125 0.1159446669093 0.6033962374538 0.31159706693059996 0.09708318165259999 1.1180814134914 0.1081023454157 0.2872068230282 0.0 0.8690896562488 0.1222164439127 0.6099829684328999 0.3225443990843 0.9392769384789 0.0658331816527 0.0 0.403511298039 0.1081023454157 0.0589734255551 0.329908926621 0.8578221696412001 0.0447761194029
0.0769230769231 0.0384615384615 0.0 0.0 0.076923076923 0.0769230769231 0.0 0.0384615384615 0.307692307693 0.192307692308 0.0 0.11538461538460001 0.11538461538460001 0.1538461538465 0.11538461538460001 0.0769230769231 0.0384615384615 0.11538461538460001 0.0 0.153846153846 0.1538461538465 0.076923076923 0.0384615384615 0.0384615384615
0.17561807331669999 0.0144927536232 0.0144927536232 0.0869565217391 0.0 0.1884057971013 0.0 0.159420289855 0.0588235294118 0.0434782608695 0.0 0.2054560954818 0.0 0.24978687127 0.0434782608695 0.30690537084360003 0.0144927536232 0.073316283035 0.073316283035 0.0144927536232 0.0878090366582 0.0579710144928 0.1023017902813 0.0289855072463
0.0 0.0 0.0 0.0 0.0 0.0 0.0 0.0 0.0 0.0 0.0 0.0 0.0 0.0 0.0 0.0 0.0 0.0 0.0 0.0 0.0 0.0 0.0 0.0
0.3845189897825 0.17852323115500002 0.0238095238095 0.20734528629250001 0.46510507036790005 0.051282051282 0.0 0.6363022941970999 0.2105263157898 0.0494505494505 0.0 0.5616926932719 0.10073260073250001 0.5369192211305001 0.4111239637565 0.32967032967 0.182186234818 0.0238095238095 0.39001349527679996 0.260458839406 0.07827260458839999 0.309427414691 0.5575477154424 0.051282051282
0.0 0.0882352941176 0.0 0.0 0.0294117647059 0.0 0.0 0.0588235294118 0.2058823529416 0.0294117647059 0.0 0.1176470588235 0.0294117647059 0.0294117647059 0.0294117647059 0.14705882352990002 0.0 0.0588235294117 0.0 0.0294117647059 0.1470588235294 0.0 0.0 0.0
0.0 0.0845070422535 0.0384615384615 0.0 0.2204767063925 0.0281690140845 0.0 0.5200433369446 0.253521126761 0.0 0.0281690140845 0.0845070422535 0.112676056338 0.22806067172260003 0.056338028169 0.23835319609970002 0.0384615384615 0.0845070422535 0.0 0.366197183099 0.1895991332611 0.0769230769231 0.1820151679307 0.169014084507
0.3273862622664 0.0 0.0 0.0263157894737 0.29750223015169996 0.1315789473683 0.0263157894737 0.2256913470122 0.1355932203387 0.0 0.101694915254 0.4027653880472 0.0677966101694 0.0263157894737 0.1543264942013 0.4933095450489 0.0 0.0338983050847 0.1694915254237 0.086529884032 0.0 0.0941123996432 0.1730597680642 0.0263157894737
0.25439423590104004 0.2023704409597 0.0 0.041095890411 0.21768429377334003 0.06949682737354 0.0242424242424 0.62840458254238 0.13264617802277 0.1485337721639 0.00892857142857 0.6096626331973699 0.09373925161590001 0.16646652434334003 1.34270892574537 1.13960945391247 0.3250843708654 0.045254403131100004 0.29569579776446997 0.23588774239479998 0.11721345500819999 0.33755990902607 0.5390778919411701 0.0242424242424
0.0925589836661 0.0520266182698 0.0 0.1215970961887 0.15124016938930002 0.0175438596491 0.0114942528736 0.1911675741079 0.0114942528736 0.0290381125227 0.0 0.2202056866305 0.0290381125227 0.11010284331520001 0.0290381125227 0.2613430127043 0.0635208711434 0.0 0.3593466424686 0.0350877192982 0.0344827586207 0.0986085904416 0.0810647307925 0.0
0.0 0.0 0.0 0.0 0.0 0.0 0.0 0.0 0.0 0.0 0.0 0.0 0.0 0.0 0.0 0.0 0.0 0.0 0.0 0.0 0.0 0.0 0.0 0.0
0.1010186757213 0.1213921901527 0.0 0.0967741935484 0.0645161290322 0.0 0.0 0.2122241086585 0.0 0.0263157894737 0.016129032258 0.0967741935484 0.0263157894737 0.1315789473687 0.0526315789474 0.187606112054 0.1799660441431 0.0 0.2444821731754 0.016129032258 0.0 0.0687606112054 0.3573853989822 0.0
0.16822429906550002 0.1401869158877 0.0 0.196261682244 0.1121495327101 0.0560747663551 0.0 0.3364485981301 0.1401869158877 0.0841121495326 0.0 0.1682242990652 0.196261682244 0.3644859813076 0.22429906542150002 0.1962616822428 0.0280373831775 0.0 0.0841121495326 0.196261682244 0.0560747663551 0.0280373831775 0.1401869158877 0.0841121495326
0.1311475409836 0.0327868852459 0.0 0.0163934426229 0.0819672131147 0.0 0.0163934426229 0.1147540983605 0.0 0.0327868852458 0.0 0.0163934426229 0.0491803278688 0.0655737704917 0.0819672131148 0.0983606557376 0.0491803278688 0.0 0.08196721311460001 0.0163934426229 0.0327868852458 0.0163934426229 0.0327868852458 0.0327868852458
0.0 0.0 0.0 0.0 0.0 0.0 0.0 0.0 0.0 0.0 0.0 0.0 0.0 0.0 0.0 0.0 0.0 0.0 0.0 0.0 0.0 0.0 0.0 0.0
1.3382950382952 0.5312576312582 0.0714285714286 0.4868686868684 0.5756243756242 0.5808080808085 0.285714285715 1.8209901209894999 0.1867909867909 0.0153846153846 0.0 0.9840936840932 0.146853146853 0.8551337551338 0.5420357420374 0.6566433566427999 0.3700299700298 0.0 0.8039516039512 0.1867909867909 0.097902097902 1.1895326895322 2.0827838827837 0.1910866910867
0.0 0.0 0.0 0.0 0.0 0.0 0.0 0.0 0.0 0.0 0.0 0.0 0.0 0.0 0.0 0.0 0.0 0.0 0.0 0.0 0.0 0.0 0.0 0.0
0.06730769230766 0.00961538461538 0.0 0.0 0.07692307692318 0.0 0.00961538461538 0.06730769230774 0.01923076923076 0.0 0.0 0.10576923076938 0.0192307692308 0.048076923076899994 0.0288461538461 0.17307692307686 0.028846153846139998 0.0 0.11538461538469999 0.0 0.03846153846148 0.12499999999998 0.06730769230768 0.0
0.14595050618676 0.17800899887513 0.0 0.0157480314961 0.08661417322829 0.0 0.00787401574803 0.11023622047256 0.11501687289092999 0.07930258717663 0.0 0.18953880764923 0.122890888639 0.07508436445449 0.08717660292466 0.16591676040506 0.04724409448823 0.0357142857143 0.11867266591686 0.0672103487065 0.09505061867273 0.126546681665 0.09448818897653001 0.0357142857143
0.0 0.0 0.0 0.0 0.0 0.0 0.0 0.0 0.0 0.0 0.0 0.0 0.0 0.0 0.0 0.0 0.0 0.0 0.0 0.0 0.0 0.0 0.0 0.0
0.08870967741949 0.0403225806452 0.0 0.0806451612904 0.05645161290329 0.0645161290324 0.00806451612903 0.11290322580656001 0.0 0.00806451612903 0.0 0.14516129032266 0.0 0.05645161290323 0.02419354838713 0.0806451612905 0.02419354838713 0.0 0.040322580645160006 0.0161290322581 0.00806451612903 0.0725806451614 0.07258064516136001 0.0
0.4615905599782 0.1745102146429 0.0357142857143 0.15727100224239998 0.6849421293452 0.0181818181818 0.0881720430108 0.386545585976 0.1985739750442 0.0588235294116 0.0215053763441 0.7053020034995 0.0181818181818 0.2026113671275 0.45026861184449996 0.9298894337786001 0.30160592096079997 0.0 0.22952799888290001 0.12333965844389999 0.0509171410499 0.386033416299 0.2949867336969 0.0215053763441
0.0909090909091 0.0227272727273 0.0 0.0 0.0454545454545 0.0454545454545 0.113636363636 0.1590909090909 0.0 0.0 0.0 0.1590909090906 0.0909090909092 0.0681818181818 0.0681818181818 0.0454545454545 0.0 0.0227272727273 0.0 0.0 0.0 0.0227272727273 0.0454545454546 0.0
0.0 0.0 0.1874999999999 0.0 0.0 0.0 0.437500000001 0.0 0.0 0.0 0.0 0.0624999999999 0.0 0.0624999999999 0.0 0.0 0.0 0.0 0.125 0.0 0.0 0.0 0.1249999999998 0.0
0.5249540177326 0.17992701271542 0.00884955752212 0.11344379589520001 0.17355975561442 0.2245765751226 0.0757345491388 0.85014688973222 0.16545438580712 0.15612475455254 0.0 0.6933780433395199 0.05646860514122 0.30336632864394003 0.27278777293702006 0.47927072386562003 0.29545133423541997 0.0 0.1894351933697 0.1279164228037 0.03265908133162 0.37330652464322 0.40998915099820005 0.2931995248578
0.049180327868899996 0.0655737704918 0.0 0.016393442623 0.0 0.016393442623 0.016393442623 0.16393442622979998 0.08196721311479999 0.032786885246 0.0 0.08196721311489999 0.032786885246 0.0655737704919 0.032786885246 0.0655737704919 0.032786885246 0.0 0.032786885246 0.0327868852459 0.032786885246 0.032786885246 0.08196721311479999 0.032786885246
0.0 0.142857142857 0.0 0.0 0.0 0.0 0.0 0.142857142857 0.0 0.571428571428 0.0 0.0 0.0 0.0 0.142857142857 0.0 0.0 0.0 0.0 0.0 0.0 0.0 0.0 0.0
0.0 0.0 0.0 0.0 0.0 0.0 0.0 0.0 0.0 0.0 0.0 0.0 0.0 0.0 0.0 0.0 0.0 0.0 0.0 0.0 0.0 0.0 0.0 0.0
0.23914823914799999 0.090909090909 0.060606060606 0.054054054054 0.05733005733 0.117936117936 0.027027027027 0.29320229320200003 0.060606060606 0.08763308763300001 0.0 0.565929565929 0.151515151515 0.283374283374 0.05733005733 0.175266175266 0.027027027027 0.027027027027 0.11466011466 0.030303030303 0.027027027027 0.21949221949210002 0.23259623259600004 0.0
0.0 0.0 0.0 0.086956521739 0.086956521739 0.0434782608695 0.0 0.0 0.304347826088 0.0 0.0 0.0 0.17391304347849998 0.086956521739 0.086956521739 0.0 0.0 0.0434782608695 0.0 0.0 0.0434782608695 0.0 0.0 0.0434782608695
0.09948652118090001 0.105263157895 0.0121951219512 0.0263157894737 0.0648267008986 0.0243902439024 0.0121951219512 0.2374839537869 0.1277278562259 0.08729139922979999 0.0 0.0872913992297 0.13799743260629999 0.139922978177 0.0385109114249 0.07509627727849999 0.050706033376099996 0.0 0.0750962772785 0.2349165596914 0.0526315789474 0.12387676508349998 0.1501925545571 0.036585365853600005
0.0 0.0 0.0 0.0 0.0 0.0 0.0 0.0 0.0 0.0 0.0 0.0 0.0 0.0 0.0 0.0 0.0 0.0 0.0 0.0 0.0 0.0 0.0 0.0
0.9372026915196001 0.2155792101977 0.0 0.6712352083812999 0.8078382606942 0.3640974522558 0.0881818181818 0.8961560011700999 0.0604066985646 0.1404303532068 0.0337078651685 1.3381916559031999 0.1971265284425 0.43452275794359996 0.46793858155839996 1.4704864135153002 0.5924034848779001 0.0337078651685 0.6622143993727001 0.449051036683 0.08224587686439999 0.6118746924273999 1.4454011479029 0.0
0.047619047619 0.0238095238095 0.0 0.0238095238095 0.047619047619 0.0 0.0 0.0238095238095 0.0 0.0 0.0 0.047619047619 0.0 0.047619047619 0.047619047619 0.21428571428549997 0.07142857142850001 0.0 0.1190476190475 0.119047619048 0.0 0.0238095238095 0.142857142857 0.0
0.0 0.0 0.0 0.0 0.0 0.0 0.0 0.0 0.0 0.0 0.0 0.0 0.0 0.0 0.0 0.0 0.0 0.0 0.0 0.0 0.0 0.0 0.0 0.0
0.1142857142856 0.0285714285714 0.0 0.0571428571428 0.2857142857144 0.0 0.0 0.2857142857144 0.0 0.0 0.0 0.285714285714 0.0285714285714 0.0285714285714 0.0857142857142 0.19999999999979998 0.0857142857142 0.0 0.0857142857142 0.0 0.0 0.14285714285700002 0.20000000000020002 0.0857142857142
0.0967741935483 0.0645161290322 0.0 0.0 0.0 0.0322580645161 0.0 0.25806451612939996 0.1290322580644 0.2258064516132 0.0 0.0645161290322 0.2258064516132 0.1935483870971 0.0 0.1935483870966 0.0645161290322 0.0 0.0645161290322 0.0967741935483 0.0967741935483 0.0967741935483 0.0967741935483 0.0
0.25 0.125 0.0 0.0 0.0 0.0 0.0 0.0 0.0 0.0 0.0 0.0 0.5 0.0 0.0 0.0 0.0 0.0 0.0 0.0 0.125 0.0 0.0 0.0
0.1637163561076 0.12261904761890001 0.0869565217391 0.1107660455486 0.09228778467910001 0.0434782608696 0.125 0.28219461697700005 0.0434782608696 0.0869565217391 0.025 0.856107660457 0.0488095238095 0.4666666666676 0.0 0.3190476190472 0.1714285714284 0.0434782608696 0.3160973084884 0.0238095238095 0.0499999999999 0.0238095238095 0.4310041407865 0.0672877846791
0.1415204678361 0.32426900584880003 0.0 0.0576023391812 0.0921052631578 0.2353801169588 0.0 0.5447368421052 0.0444444444444 0.0263157894737 0.0444444444444 0.12339181286539999 0.177777777778 0.26169590643289997 0.10526315789480001 0.078947368421 0.0526315789473 0.0 0.1760233918131 0.0263157894737 0.0 0.070760233918 0.31432748537989996 0.1020467836256
0.0 0.0 0.0 0.0 0.0 0.0 0.0 0.0 0.0 0.0 0.0 0.0 0.0 0.0 0.0 0.0 0.0 0.0 0.0 0.0 0.0 0.0 0.0 0.0
