0.9447624296336998 0.1757194032203 0.0 0.0837696335078 0.6176042199765 0.041884816753899996 0.0 0.5670432626067001 0.2838247451084 0.0676140613313 0.0 0.7970633389746 0.0390426327599 0.2085265519818 0.5590127150334 1.1280557414497001 0.7062158012829001 0.0 0.5304412864618 0.1171278982795 0.07808526551969999 0.2732984293192 0.728551745857 0.0523560209424
0.047058823529300006 0.18991596638640001 0.0 0.0235294117647 0.0593837535013 0.0117647058823 0.0235294117647 0.28403361344519995 0.225770308123 0.0117647058823 0.0 0.1540616246497 0.1305322128851 0.0593837535013 0.0117647058823 0.07058823529410001 0.2005602240896 0.0235294117647 0.0 0.0470588235295 0.0593837535013 0.047058823529300006 0.30756302520999995 0.0117647058823
0.142857142857 0.0 0.0 0.0 0.0 0.0 0.142857142857 0.0 0.0 0.285714285714 0.0 0.142857142857 0.0 0.0 0.0 0.142857142857 0.0 0.142857142857 0.0 0.0 0.0 0.0 0.0 0.0
0.09917355371881 0.0247933884297 0.00826446280991 0.0578512396696 0.03305785123961 0.00826446280991 0.00826446280991 0.12396694214870999 0.0 0.0 0.0 0.13223140495882002 0.04958677685951 0.0 0.0165289256198 0.15702479338851 0.08264462809920001 0.0 0.05785123966943 0.0165289256198 0.0165289256198 0.0247933884297 0.07438016528931 0.00826446280991
0.294402985075 0.1006396588486 0.0 0.0298507462687 0.4078091684438 0.0375 0.0125 0.3931236673774 0.14706823027729998 0.0357142857143 0.0 0.057276119402999995 0.0298507462686 0.08392857142849999 0.2507729211094 0.549760127932 0.0972014925373 0.0 0.1877665245203 0.0714285714285 0.0274253731343 0.0988539445628 0.0871268656717 0.0
0.0459770114942 0.16091954022979998 0.0229885057471 0.0 0.0459770114942 0.0 0.0 0.2758620689655 0.0 0.390804597701 0.0229885057471 0.0459770114942 0.0689655172413 0.0919540229884 0.2988505747132 0.1609195402302 0.0459770114942 0.0689655172413 0.0689655172413 0.0229885057471 0.0 0.0 0.114942528736 0.0459770114942
0.1 0.0 0.0 0.0 0.0 0.0 0.0 0.0 0.0 0.0 0.0 0.0 0.0 0.2 0.0 0.05 0.1 0.0 0.0 0.0 0.0 0.05 0.5 0.0
0.8470564443165001 0.1807759972142 0.0654468818852 0.21072261072320003 0.17236462167959998 0.45339105339179997 0.0 0.7909323553154 0.101875901876 0.111111111111 0.0 0.7830711145787 0.21614184901830003 0.33140193140179997 0.37554409061250005 0.8266090074307001 0.1622882444799 0.049350649350600004 0.34763987914710004 0.1972915972916 0.0671328671328 0.09213252500920001 0.4578347071494 0.1598845598845
0.063829787234 0.1733264141152 0.0 0.0487804878048 0.0243902439024 0.063829787234 0.0 0.2708873897247 0.681888946549 0.1338868707835 0.0 0.0425531914894 0.2584327970935 0.1489361702127 0.0851063829788 0.3559937727037 0.0243902439024 0.0487804878048 0.1276595744679 0.10949662688119999 0.25272444213789996 0.063829787234 0.0212765957447 0.0
0.21739130434780002 0.21739130434759998 0.0434782608696 0.0 0.0434782608696 0.30434782608759997 0.0 0.5782608695648 0.330434782609 0.30000000000000004 0.0 0.2173913043481 0.0 0.2739130434783 0.0 0.2173913043478 0.0 0.0 0.0434782608696 0.0869565217391 0.0434782608696 0.5173913043476001 0.4782608695656 0.0869565217391
0.0 0.0 0.0 0.142857142857 0.0 0.0 0.0 0.0 0.0 0.0 0.142857142857 0.1428571428572 0.0 0.0 0.142857142857 0.3571428571428 0.0 0.0 0.0714285714286 0.0 0.0 0.0 0.0 0.0
0.7521260054000001 0.2903864589847 0.013698630137 0.1818082561612 0.2410627004433 0.4309659008913 0.0 0.6446822317402 0.0655784473617 0.1041554370116 0.0 0.8710996303497 0.22320567239060002 0.14109995544520001 0.49111579946039996 0.5387013624829 0.3162756567699 0.0149253731343 0.3460102071782 0.06965078140059999 0.046511627907 0.5622540066699 0.6406013516367 0.0140845070422
0.0816326530612 0.0408163265306 0.0204081632653 0.0204081632653 0.0 0.0204081632653 0.0 0.22448979591850005 0.0 0.0 0.0 0.061224489795900006 0.0408163265306 0.0408163265306 0.0204081632653 0.1428571428571 0.0 0.0 0.0612244897959 0.0612244897959 0.0204081632653 0.061224489795900006 0.0816326530612 0.0
0.0625 0.0 0.0 0.125 0.0625 0.0 0.0 0.125 0.0 0.0 0.0 0.125 0.0 0.0625 0.0 0.3125 0.0625 0.0 0.0625 0.0 0.0 0.0 0.0 0.0
0.7547619047623 0.2071428571433 0.0 0.0976190476191 0.0476190476191 0.171428571429 0.0 0.5142857142866 0.0 0.0238095238095 0.0476190476191 0.5976190476195999 0.0 0.0357142857143 0.142857142857 0.3857142857145 0.37857142857230003 0.0119047619048 0.1452380952381 0.0857142857143 0.0976190476191 0.0857142857143 0.1571428571429 0.0119047619048
1.1276391134198 0.2989505580302 0.0759493670885 0.4309555149957 0.6812285674839 0.0531914893617 0.0 0.951911929302 0.2222486692623 0.0751662704263 0.0 0.5778222381462 0.0103092783505 0.2020216608925 0.5584573353840999 3.0710684893634 0.5338877347976 0.041078575942699994 0.4447920424962 0.1878277436212 0.1196392311025 0.2860468265671 1.0082412310442999 0.0415661329238
0.4296296296298 0.1277777777778 0.0 0.0888888888888 0.10185185185180001 0.0 0.037037037037 0.2796296296295 0.09259259259250001 0.0 0.037037037037 0.2555555555554 0.0166666666667 0.0351851851852 0.07222222222220001 0.5240740740744998 0.3000000000001 0.0166666666667 0.1981481481481 0.053703703703700006 0.0166666666667 0.13888888888880002 0.17777777777769999 0.0
0.0 0.0 0.0 0.0 0.0 0.0 0.0 0.0 0.0 0.0 0.0 0.0 0.0 0.0 0.0 0.0 0.0 0.0 0.0 0.0 0.0 0.0 0.0 0.0
0.174149659864 0.0666666666667 0.0 0.0 0.32653061224470004 0.2 0.0 0.12244897959170001 0.0 0.0 0.0 0.5265306122453 0.21496598639409997 0.0408163265306 0.0 0.3523809523806 0.2040816326536 0.0 0.2040816326531 0.0 0.17414965986359998 0.1632653061226 0.2299319727893 0.0
0.0131578947368 0.0394736842105 0.0 0.0 0.0394736842105 0.0 0.0 0.0263157894736 0.0131578947368 0.0131578947368 0.0263157894736 0.09210526315779999 0.06578947368419999 0.13157894736859999 0.0526315789474 0.17105263157919998 0.0131578947368 0.0131578947368 0.0 0.0921052631582 0.0394736842104 0.0263157894736 0.1184210526314 0.0131578947368
0.0 0.0 0.0 0.0 0.0 0.0 0.0 0.0 0.0 0.0 0.0 0.0 0.0 0.0 0.0 0.0 0.0 0.0 0.0 0.0 0.0 0.0 0.0 0.0
0.2982261640803 0.036585365853600005 0.0121951219512 0.042498152254200006 0.0243902439024 0.0 0.0 0.0790835181078 0.036585365853600005 0.0 0.0 0.3765705838873001 0.0121951219512 0.0971914264596 0.030303030303 0.2671840354764 0.10938654841079999 0.0 0.19438285291930002 0.0 0.0121951219512 0.0546932742054 0.3163340724316 0.0
0.4363421363819 0.1036657469451 0.0 0.152542372882 0.1312573906187 0.162790697675 0.0 0.24556562869509999 0.040204966495899996 0.15648403626340002 0.0 0.1651556957036 0.040204966495899996 0.0804099329916 0.0847457627119 0.4363421363825 0.0169491525424 0.0 0.1080015766653 0.0804099329916 0.0741032715806 0.15451320457220002 0.30705557745370005 0.0232558139535
0.0 0.0 0.0 0.0 0.0 0.0 0.0 0.0 0.0 0.0 0.0 0.0 0.0 0.0 0.0 0.0 0.0 0.0 0.0 0.0 0.0 0.0 0.0 0.0
0.6998593947090399 0.1124918186066 0.06703996753889999 0.0799999999999 0.42175712508908003 0.2133333333333 0.106666666667 0.83002884437208 0.0696774193548 0.0799999999999 0.0266666666666 0.49566734587604 0.16943396226374 0.2952940450039 1.147862429101 0.9944175994802401 0.3481907433382 0.00943396226414 0.25150828724424 0.101505376344 0.0 0.2674741326838 0.9401185530176 0.27157232704384
0.102272727273 0.0681818181818 0.0 0.0227272727272 0.0568181818182 0.0 0.0340909090909 0.0909090909091 0.0113636363636 0.0 0.0 0.0681818181818 0.0340909090909 0.0454545454545 0.0340909090909 0.125 0.0568181818181 0.0 0.0681818181818 0.0113636363636 0.0340909090909 0.0340909090909 0.1022727272726 0.0
0.0 0.0 0.0 0.0 0.0 0.0 0.0 0.0 0.0 0.0 0.0 0.0 0.0 0.0 0.0 0.0 0.0 0.0 0.0 0.0 0.0 0.0 0.0 0.0
0.2203389830509 0.0338983050847 0.0 0.2372881355934 0.1864406779661 0.0 0.0169491525424 0.32203389830580004 0.0 0.0 0.0 0.135593220339 0.0169491525424 0.1186440677966 0.0169491525424 0.23728813559349998 0.1016949152542 0.0 0.152542372882 0.0 0.0169491525424 0.0169491525424 0.1694915254237 0.0
0.1388888888888 0.0 0.0277777777778 0.0 0.0 0.0555555555555 0.0 0.0833333333333 0.0 0.0277777777778 0.0 0.16666666666660002 0.0 0.1388888888888 0.0 0.0277777777778 0.0277777777778 0.0 0.0277777777778 0.0833333333333 0.0277777777778 0.0277777777778 0.138888888889 0.0
0.0632911392405 0.0126582278481 0.0253164556962 0.0126582278481 0.0506329113924 0.0 0.0 0.126582278481 0.0506329113925 0.1139240506331 0.0 0.11392405063290001 0.0253164556962 0.0759493670886 0.0632911392405 0.0379746835443 0.0126582278481 0.0126582278481 0.0126582278481 0.0 0.0126582278481 0.0379746835443 0.1392405063292 0.0
0.0 0.0 0.0 0.0 0.0 0.0 0.0 0.0 0.0 0.0 0.0 0.0 0.0 0.0 0.0 0.0 0.0 0.0 0.0 0.0 0.0 0.0 0.0 0.0
1.0198469180622198 0.2148776439943 0.00826446280991 0.160134259037 0.23619069336863 0.3469606637919 0.0 0.9401443971993101 0.04397874852411 0.0330578512397 0.087829696077 0.7281898871833199 0.11288978401261 0.6824811717300201 1.0804286952923101 0.9146344999605199 0.29302865390832 0.06655924702672 0.32450492337991 0.2640303629327 0.09281894576000001 0.5054881030556 0.6778329036302999 0.16582748801980998
0.0 0.0 0.0 0.0 0.0 0.0 0.0 0.0 0.0 0.0 0.0 0.0 0.0 0.0 0.0 0.0 0.0 0.0 0.0 0.0 0.0 0.0 0.0 0.0
0.0 0.0 0.0 0.0 0.0 0.0 0.0 0.0 0.0 0.666666666666 0.0 0.0 0.0 0.0 0.0 0.0 0.0 0.0 0.0 0.0 0.333333333333 0.0 0.0 0.0
0.0 0.0 0.0 0.0 0.0 0.0 0.0 0.0 0.0 0.0 0.0 0.0 0.0 0.0 0.0 0.0 0.0 0.0 0.0 0.0 0.0 0.0 0.0 0.0
0.245238095238 0.1317460317459 0.015873015873 0.1476190476189 0.0 0.05 0.031746031746 0.29523809523800004 0.015873015873 0.0 0.0 0.3611111111109 0.05 0.1611111111112 0.0 0.16111111111100002 0.2976190476189 0.0 0.081746031746 0.065873015873 0.015873015873 0.6952380952391 0.176984126984 0.0
0.0967741935483 0.0 0.0 0.0322580645161 0.0 0.0645161290322 0.0 0.22580645161329999 0.0322580645161 0.016129032258 0.0 0.0967741935484 0.0806451612903 0.04838709677400001 0.016129032258 0.032258064516 0.0322580645161 0.0 0.032258064516 0.0322580645161 0.016129032258 0.016129032258 0.1129032258064 0.016129032258
0.1454703832752 0.0544425087107 0.0 0.0 0.036585365853600005 0.0178571428571 0.0 0.2695993031357 0.1877177700347 0.060104529616600004 0.0 0.0535714285714 0.10322299651549999 0.1559233449476 0.095818815331 0.19817073170740002 0.09015679442499999 0.036585365853600005 0.0243902439024 0.1398083623691 0.103222996516 0.0121951219512 0.21515679442500002 0.0
0.6206896551726 0.0933908045977 0.0 0.0344827586206 0.08620689655159999 0.120689655173 0.0 0.2112068965515 0.333333333333 0.10057471264359999 0.0689655172414 0.1379310344827 0.0761494252873 0.13505747126429998 0.2557471264363 0.35919540229920005 0.0 0.0344827586206 0.0862068965517 0.051724137931 0.1422413793103 0.0344827586206 0.0172413793103 0.0
0.6298213443787 0.1536424866977 0.0 0.0708393951639 0.41368374082350007 0.11020408163260001 0.0 0.6601821916884 0.0310374149659 0.0404081632652 0.0208333333333 0.3566387148918 0.1017717383982 0.1312305516265 0.6311216070596001 1.0991981545109 0.3589406950899 0.0208333333333 0.18363154172549997 0.18333333333340002 0.122074829932 0.1841496598639 0.4755903549536 0.0208333333333
1.066270152996 0.17638499233156 0.0190476190476 0.026510305614759998 0.39754610406575996 0.042550405865360005 0.0 0.5237496726894001 0.0350877192982 0.0 0.042550405865360005 0.9229117570055999 0.1147869674184 0.05508173418616 0.5161672838807599 0.9055885983615599 0.18161822466606 0.00746268656716 0.29529046496845995 0.0380952380953 0.05207421538916 0.19225676130650002 0.38896869038242 0.0
0.2 0.55 0.0 0.0 0.25 0.35 0.0 0.0 0.25 0.55 0.0 0.0 0.5 0.0 0.25 0.1 0.0 0.0 0.0 0.0 0.0 0.0 0.0 0.0
0.5005420054198 0.07222222222220001 0.0 0.1088075880758 0.091056910569 0.0277777777778 0.0 0.16991869918700003 0.0 0.0521680216802 0.0365853658536 0.3344173441735 0.0 0.08997289972900001 0.0853658536588 0.2808943089429 0.2375338753387 0.0 0.18319783197830003 0.0277777777778 0.0833333333333 0.33983739837399995 0.2785907859076 0.0
0.0421052631579 0.0736842105263 0.0 0.0 0.021052631579 0.0105263157895 0.0 0.16842105263169999 0.0526315789473 0.021052631579 0.0 0.0315789473684 0.0526315789474 0.1578947368419 0.0210526315789 0.126315789474 0.0526315789473 0.0210526315789 0.0315789473684 0.0105263157895 0.0105263157895 0.0210526315789 0.0315789473685 0.0421052631579
0.2553191489364 0.0 0.0 0.0 0.0212765957447 0.0212765957447 0.0 0.06382978723409999 0.0425531914893 0.0 0.0 0.0425531914893 0.0 0.0 0.148936170213 0.063829787234 0.063829787234 0.0 0.0 0.0 0.0425531914893 0.0425531914893 0.19148936170199998 0.0
0.1470588235295 0.0147058823529 0.0147058823529 0.0491886409736 0.18711967545629998 0.0 0.0147058823529 0.29969574036490004 0.0 0.0147058823529 0.0 0.1668356997973 0.0344827586207 0.0933062880325 0.0147058823529 0.2363083164302 0.1673427991886 0.0 0.186612576065 0.0 0.0491886409736 0.0786004056795 0.1470588235295 0.0836713995943
1.6219290374500002 0.5674844457017 0.0588235294117 0.3276105866744 0.3922272456275 0.211538461539 0.117647058823 1.5593762585234 0.09675480769209999 0.3914027149325 0.0781249999999 1.1872082992453 0.3701923076922 0.7058466069145 1.1397165567418999 1.6380961580635 0.3549074385462 0.0 0.8413507003452 0.1369485294116 0.2343749999999 0.6805517631453 1.2878874935172 0.0
0.0 0.0 0.0 0.0 0.0 0.0 0.0 0.0 0.0 0.0 0.0 0.0 0.0 0.0 0.0 0.0 0.0 0.0 0.0 0.0 0.0 0.0 0.0 0.0
0.6943233604118 0.046485260771 0.0385487528344 0.1901239460187 0.5907194593047 0.030612244898 0.0385487528344 0.9319287585585 0.0835479822997 0.0232426303855 0.015306122449 0.3921526539416 0.06767496642660001 0.33567796050459997 1.8212194262813999 1.047927261521 0.2733196838604 0.0973680734429 0.4697565110179 0.031179138321999998 0.0385487528345 0.15384276688030002 0.5420271668537 0.0459183673469
0.2123893805309 0.0176991150442 0.0 0.0176991150442 0.0353982300885 0.10619469026549999 0.0176991150442 0.17699115044250002 0.10619469026549999 0.0353982300884 0.0 0.1061946902654 0.0176991150442 0.10619469026549999 0.0353982300884 0.19469026548680002 0.23008849557520003 0.0 0.10619469026549999 0.0884955752213 0.0 0.1061946902654 0.2654867256637 0.0176991150442
0.1 0.1 0.1 0.0 0.0 0.0 0.0 0.1 0.0 0.2 0.0 0.1 0.0 0.0 0.1 0.0 0.0 0.0 0.0 0.0 0.0 0.2 0.0 0.0
0.041666666666700006 0.00833333333333 0.0 0.05 0.0750000000001 0.0166666666667 0.00833333333333 0.1250000000003 0.0 0.0 0.0 0.11666666666666001 0.00833333333333 0.024999999999990002 0.0166666666667 0.15833333333333 0.08333333333340001 0.0 0.05000000000006 0.0416666666667 0.00833333333333 0.05000000000003 0.11666666666663 0.0
0.4089454903407 0.1426315573602 0.0 0.12275132275129999 0.4635494852548 0.0428571428571 0.0 0.36377507075180004 0.0997744145029 0.1196546491118 0.060797342192599996 0.34744268077539997 0.055202821869399996 0.2146179401993 0.2552028218693 0.9633526106401 0.0694885361551 0.0465116279069 0.0854887002173 0.0714285714286 0.1465116279069 0.1729174357079 0.6863008080066 0.060797342192599996
0.02500000000003 0.0 0.00833333333333 0.00833333333333 0.00833333333333 0.0416666666667 0.0 0.1083333333333 0.0 0.108333333334 0.0 0.04166666666666 0.05 0.03333333333336 0.216666666666 0.15000000000033 0.0 0.041666666666700006 0.0 0.0 0.0 0.0333333333334 0.10000000000023 0.02500000000003
0.2142857142856 0.0 0.0 0.0 0.0 0.0 0.0 0.0 0.0 0.0714285714286 0.0 0.1428571428572 0.0 0.0714285714286 0.0 0.0 0.0 0.0 0.142857142857 0.0 0.0 0.0714285714286 0.2142857142856 0.0714285714286
1.4621170337971 0.5024017918886 0.1389537320119 0.240973312402 0.20449457949459998 0.6519798202407999 0.037037037037 1.4727520132438001 0.3293783867217 0.3947837876404 0.0 1.017955673136 0.2737319316794 1.3167388167368 2.0573978149414 1.2462282482395 0.5375106672884 0.2551020408162 0.5117495869502999 0.21282553425420003 0.1520637310374 0.6208187073372 1.0513634122789 0.3116423408167
0.0483870967742 0.0161290322581 0.0 0.0 0.0161290322581 0.0 0.0 0.0161290322581 0.2096774193552 0.0483870967742 0.0 0.0 0.0645161290323 0.0645161290323 0.2419354838713 0.0483870967742 0.0322580645161 0.0322580645161 0.0 0.0161290322581 0.0483870967742 0.0806451612904 0.0161290322581 0.0
0.0 0.0 0.0 0.0 0.0 0.0 0.0 0.0 0.0 0.0 0.0 0.0 0.0 0.0 0.0 0.0 0.0 0.0 0.0 0.0 0.0 0.0 0.0 0.0
0.125 0.0 0.0 0.125 0.0 0.0 0.0 0.0 0.125 0.25 0.125 0.0 0.0 0.0 0.125 0.0 0.0 0.0 0.125 0.0 0.0 0.0 0.0 0.0
0.857887106236 0.16121577510739998 0.05439941584520001 0.1216882844789 0.38728318537709994 0.0722891566266 0.0135135135135 0.7314716247726 0.0 0.19774685239460002 0.0 0.8703952659961001 0.11310928710189999 0.9609187062017001 0.685868108069 0.5362105329595 0.40159593072410005 0.0 0.1609090602858 0.07724429872319999 0.0271997079226 1.2062548949193002 1.2679924792864001 0.0948068134608
0.330891330892 0.043956043956 0.0 0.148148148148 0.3101343101341 0.065934065934 0.0 0.610907610909 0.133089133089 0.133089133089 0.0 0.42002442002420004 0.170126170126 0.317053317053 0.37728937729 0.192104192104 0.192104192104 0.20716320716300002 0.199023199023 0.39926739926800003 0.28815628815600003 0.065934065934 0.2197802197801 0.175824175824
0.21153846153848 0.0782967032967 0.0 0.0439560439561 0.052197802197760004 0.0192307692308 0.0 0.28021978022006 0.16071428571427998 0.05082417582418 0.0 0.07554945054938 0.0576923076924 0.09478021978027999 0.06318681318686 0.07280219780218 0.052197802197760004 0.032967032967 0.0604395604396 0.14560439560400001 0.07829670329676 0.0961538461539 0.21840659340668 0.0549450549451
0.48170011806440005 0.03207398661941 0.0 0.00826446280991 0.033057851239620004 0.0641479732388 0.0 0.12829594647762 0.00826446280991 0.0 0.0247933884297 0.11275088547802001 0.07969303423841 0.16036993309711 0.12829594647769998 0.31641086186559997 0.04132231404952 0.00826446280991 0.0578512396696 0.05588351042891 0.02479338842971 0.03207398661941 0.20169224714720002 0.0
1.21352628989767 0.22398051522836998 0.0291970802919 0.1609844139954 0.73189583116987 0.10092132203197 0.02521261383307 0.880856549044 0.20944845381497001 0.00970873786407 0.0387596899224 0.33022563627591006 0.08331890591707 0.19507130343634002 2.8383852569234 1.6556251198282699 0.4392949807144 0.0 0.70354638390347 0.2127489742184 0.03492135169714 0.29451593374554 0.5246415600779 0.063213096166
0.9572981366458999 0.0927018633539 0.0666149068322 0.10644409937879999 0.27810559006189994 0.0260869565217 0.0 0.3687111801238 0.0391304347825 0.0 0.0 0.3535714285711 0.0 0.11948757763949999 1.1375776397544 1.1166149068309 0.0789596273291 0.0260869565216 0.4236801242237 0.0666149068322 0.0398291925465 0.4779503105602 0.22453416149030003 0.0
0.0 0.0 0.0 0.0 0.0 0.0 0.0 0.0 0.0 0.0 0.0 0.0 0.0 0.0 0.0 0.0 0.0 0.0 0.0 0.0 0.0 0.0 0.0 0.0
0.8494067482383 0.05 0.0 0.0258620689655 0.38188728216560003 0.0 0.0258620689655 0.42576937337770004 0.0 0.0 0.0 0.44291805710020005 0.0 0.1839822024471 0.4916944753432 0.4144234334444001 0.05812013348160001 0.05 0.2821653689288 0.153448275862 0.0758620689655 0.8107897664080002 0.22404523544660002 0.0537634408602
0.0689655172413 0.1149425287355 0.0 0.0459770114942 0.16091954023010002 0.0 0.0459770114942 0.1379310344826 0.0459770114942 0.0 0.0 0.1379310344826 0.0689655172413 0.2298850574713 0.0919540229884 0.2298850574716 0.1149425287357 0.0689655172413 0.0229885057471 0.16091954023 0.0689655172413 0.0689655172413 0.0919540229886 0.0229885057471
0.0 0.0 0.0 0.0 0.0 0.0 0.0 0.0 0.0 0.0 0.0 0.0 0.0 0.0 0.0 0.0 0.0 0.0 0.0 0.0 0.0 0.0 0.0 0.0
0.2115171650055 0.0232558139535 0.0 0.0232558139535 0.046511627907 0.0 0.0 0.0232558139535 0.190476190476 0.0232558139535 0.0 0.28349944629 1.1428571428571999 0.046511627907 0.0930232558141 0.1860465116285 0.16279069767499998 0.0 0.0232558139535 0.0 0.0 0.42746400886 0.093023255814 0.0
0.8359214328772 0.10105666264799999 0.0 0.0975097067584 0.299623032054 0.1340563169276 0.0 0.4973383979864 0.1153575101056 0.1012694135167 0.0 0.2961237234948 0.2148772693431 0.1934825101055 1.0371837546981 0.4637004911003 0.14729341004160001 0.0 0.3284851251682 0.0997325101056 0.0664724576271 0.39098512516859996 0.5458455960567999 0.033685554216
0.08 0.04 0.02 0.04 0.02 0.04 0.0 0.08 0.02 0.02 0.0 0.13999999999999999 0.06 0.12 0.04 0.06 0.0 0.06 0.0 0.02 0.0 0.0 0.06 0.0800000000001
0.98438606367737 0.07040153349469 0.14537746341038 0.08746973365618 0.51825464083978 0.20188091601539002 0.00423728813559 0.5079944932731799 0.19903742258197998 0.16496334850788 0.00423728813559 1.17409119940608 0.03090395480219 0.7113488638776498 4.189572029136171 1.34715519670377 0.36198950766779003 0.1407407407407 1.40583077715554 0.017570621468889998 0.16435633575469 0.44727505989717 0.9779020083648999 0.14302351330378
0.2202194357365 0.2264890282135 0.0 0.051724137931 0.2327586206895 0.0 0.0 0.22021943573650002 0.39576802507849995 0.220219435737 0.0 0.258620689655 0.11677115987450001 0.38871473354249997 0.58934169279 0.30485893416950005 0.103448275862 0.090909090909 0.103448275862 0.181034482759 0.23981191222550002 0.473354231976 0.5368338557995 0.0454545454545
0.0 0.0 0.0 0.0 0.0 0.0 0.0 0.0 0.0 0.0 0.0 0.0 0.0 0.0 0.0 0.0 0.0 0.0 0.0 0.0 0.0 0.0 0.0 0.0
0.12435233160619999 0.139896373057 0.0155440414508 0.186528497409 0.3108808290151 0.0155440414508 0.0155440414508 0.38860103626930004 0.0466321243523 0.0155440414508 0.0 0.2331606217622 0.0 0.0310880829016 0.0621761658031 0.1865284974092 0.6062176165803 0.0 0.1554404145078 0.0466321243523 0.0 0.1243523316061 0.2642487046636 0.0310880829015
1.0780754917592998 0.0467836257309 0.0233918128655 0.14540138224350002 0.7111855396066 0.08485911749059999 0.045454545454500006 0.5769377990429 0.1343009037745 0.1634024455077 0.02 1.0528973950023 0.12545454545450002 0.43166400850590003 1.0160659223823 0.870940988836 0.31818181818179997 0.1576289207867 0.2386283891546 0.25922381711840004 0.15914938862300002 0.31325890483819996 0.9093567251459 0.11775651249329999
0.16707475154839 0.04760190119549 0.0 0.0283018867924 0.07770416246567999 0.06646982572379 0.0 0.22367852513349 0.04536943684285 0.2020740313983 0.0 0.38945700705784 0.0660377358493 0.20214604637769 0.30591963128265 0.16664266167365 0.01706755005039 0.06466945124583 0.058836237937470004 0.0664698257237 0.02470113783664 0.18551058620190003 0.52376494310834 0.07050266455439
0.0 0.0 0.0 0.0 0.0 0.0 0.0 0.0 0.0 0.0 0.0 0.0 0.0 0.0 0.0 0.0 0.0 0.0 0.0 0.0 0.0 0.0 0.0 0.0
0.8358771358277 0.36299848568680004 0.1462651232091 0.09889274775894999 0.31264942724911005 0.15626671972991002 0.0 0.41389183339450997 0.11303060550277 0.063422672092 0.0 0.7672185770916999 0.11522416742201 0.46138962897135005 1.10802327750685 0.60885806175776 0.29895079711121 0.07015472696769999 0.35597857232325 0.1691658865681 0.05629568894796 0.6625752608533 0.7529946967846 0.06987590724365
0.29420289855049997 0.28623188405809996 0.0 0.0456521739131 0.1246376811595 0.0623188405797 0.0 0.29130434782610004 0.5898550724642 0.1123188405798 0.0 0.1623188405798 0.15797101449269998 0.3079710144927 0.22826086956539998 0.232608695652 0.0 0.0666666666667 0.0456521739131 0.215942028986 0.22028985507249998 0.43913043478240005 0.1166666666667 0.0
0.1363636363637 0.6287878787872999 0.0454545454545 0.0 0.0681818181818 0.295454545455 0.0 0.18181818181929998 0.3484848484844 0.3787878787877 0.0 0.15151515151509998 0.0 0.0681818181818 0.0681818181818 0.36363636363640006 0.0227272727273 0.1060606060606 0.0 0.0 0.0 0.0227272727273 0.11363636363650001 0.0
0.0 0.0 0.0 0.0 0.0 0.0 0.0 0.0 0.0 0.0 0.0 0.0 0.0 0.0 0.0 0.0 0.0 0.0 0.0 0.0 0.0 0.0 0.0 0.0
0.494872575896 0.0768707482993 0.0 0.0408163265307 0.1597421057974 0.0204081632652 0.0149253731343 0.3054980201036 0.0166666666667 0.09353741496590001 0.0 0.3580008122653 0.0102040816326 0.15872169763400001 0.32812468270859996 0.49539039496429993 0.0622042846988 0.0166666666667 0.2311300639658 0.0306122448979 0.0251294547669 0.31170169560359995 0.7154431922017 0.0333333333333
0.2078039927404 0.1293103448275 0.0258620689655 0.0390199637023 0.32441016333910005 0.0521778584391 0.0131578947368 0.3275862068967 0.28493647912860004 0.0780399274047 0.0258620689655 0.5839382940107 0.117059891107 0.130671506352 0.5825771324865 0.34981851179640006 0.0394736842105 0.103448275862 0.0521778584392 0.0648820326678 0.103448275862 0.0131578947368 0.2078039927403 0.14337568058080002
0.25964912280712005 0.096052631579 0.0315789473684 0.0 0.09358974358974 0.021052631579 0.0 0.21683535762476003 0.14649122807019999 0.1988529014847 0.0 0.23114035087739998 0.10877192982449999 0.16069500674764 0.11025641025642001 0.42304318488514003 0.0105263157895 0.04166666666662 0.15894062078272003 0.12938596491190002 0.11858974358971999 0.20087719298212003 0.24200404858292002 0.0
0.5853658536576 0.0698447893569 0.0 0.0975609756098 0.6707317073184 0.0731707317072 0.0 0.24390243902519998 0.136363636363 0.0698447893569 0.0731707317072 0.21951219512159997 0.0698447893569 0.0454545454545 0.170731707318 0.6031042128606 0.0487804878048 0.0698447893569 0.2893569844783 0.0731707317072 0.0243902439024 0.1463414634146 0.2195121951228 0.0
1.45013663739454 0.19015703505120002 0.0307692307692 0.23708618735697 0.7406428768572499 0.17059969462264 0.0 0.9250827650506199 0.15294536521090002 0.12273598610254001 0.0360153256705 0.7227964991045801 0.11497564179806999 0.37148861121795 3.07987962180838 1.8207435355387498 0.49847617718658 0.0 0.5756749553714899 0.1738357516185 0.16652521621359997 0.35487854341787006 0.9715085945420001 0.0930457481032
1.0076578967329 0.039009780878 0.00413223140495 0.20596709379095002 0.2183637880048 0.022480855258150002 0.0366972477063 0.33126089923415003 0.0183486238532 0.04082947911125 0.0 0.6083099552650001 0.0183486238532 0.15736598680699998 2.5248312988120003 0.42118432026645 0.18166654029829998 0.0550458715595 0.40283569641385003 0.0573584047311 0.0183486238532 0.29175828341809995 0.28084009401735 0.0573584047311
0.0 0.0 0.0 0.0 0.0 0.0 0.0 0.0 0.0 0.0 0.0 0.0 0.0 0.0 0.0 0.0 0.0 0.0 0.0 0.0 0.0 0.0 0.0 0.0
1.6171032357469999 0.0 0.0 0.2241910631739 0.4691833590135 0.0454545454545 0.0 0.6995377503855 0.0 0.0 0.0 0.4753466872119 0.0 0.0847457627118 0.7234206471485 0.7627118644069 0.260400616333 0.0423728813559 0.5208012326658 0.0423728813559 0.0909090909091 0.550847457629 0.3906009244993 0.0
0.040816326530500005 0.0306122448979 0.0102040816326 0.0204081632653 0.0 0.0102040816326 0.0 0.1122448979591 0.05102040816310001 0.0 0.0 0.051020408163000006 0.0204081632653 0.173469387755 0.0714285714285 0.1020408163264 0.0306122448979 0.0204081632652 0.0102040816326 0.0918367346941 0.061224489795900006 0.0408163265306 0.0306122448978 0.0204081632653
0.3478260869564 0.0579710144928 0.0579710144927 0.0 0.0579710144927 0.0869565217391 0.0 0.0869565217391 0.1449275362319 0.23188405797140002 0.0 0.4057971014493 0.0869565217391 0.2608695652174 0.6376811594204 0.20289855072510002 0.0289855072464 0.2318840579714 0.1159420289855 0.260869565218 0.2028985507246 0.1449275362318 0.2028985507246 0.144927536232
0.4198646410831 0.062459500324 0.015503875969 0.2286581707351 0.1501787985696 0.0588235294117 0.0 0.3093695250437 0.1853385172918 0.044915640674900004 0.0 0.7472220222246 0.235294117647 0.0795593635251 0.0294117647059 0.1595627234981 0.22521419828630002 0.015503875969 0.3182374541003 0.0310077519379 0.0175438596491 0.16319869441030002 0.47372021023829997 0.0294117647059
1.15104125320775 0.20432039962435 0.123456790123 0.20090688847095 0.16931573949130002 0.23075526506895 0.07098765432095 0.46092691087494997 0.01735642525115 0.2688088580759 0.0161943319838 0.8432445702831999 0.0894334041908 0.7270506793213 0.6197830759233001 0.58078863574135 0.0242914979757 0.028867102396450003 0.2637973767999 0.0635071842502 0.09527915229665 1.95312155451815 0.7228367130316999 0.0739285367768
0.1219512195121 0.0820399113081 0.0 0.0243902439024 0.0243902439024 0.0820399113081 0.0 0.11862527716169999 0.0 0.0 0.0 0.1917960088693 0.15521064301540002 0.09756097561 0.1363636363636 0.3669623059868 0.0243902439024 0.0 0.1396895787139 0.0942350332594 0.08203991130810001 0.0698447893569 0.0487804878048 0.139689578714
1.8740899024283002 0.5511533875487 0.3185108192371 0.3354651209096 1.533047414168 0.1206942293338 0.13058729475460001 1.5128760171069002 0.2631640626396 0.31375373395929995 0.013201320132 2.1677887006748 0.23340644465430002 1.8285600625480003 4.697865014807601 1.8052622441600001 0.8930759112541 0.1409562599833 1.6614279323968 0.2168521110178 0.1502127091322 1.065105668503 1.9107674730902 0.262176165558
0.170731707317 0.0487804878048 0.0 0.0243902439024 0.0975609756097 0.0365853658536 0.0243902439024 0.10975609756089999 0.060975609756 0.0 0.0 0.10975609756089999 0.0121951219512 0.0975609756097 0.21951219512220002 0.08536585365839999 0.0243902439024 0.0 0.0731707317072 0.0487804878049 0.0121951219512 0.17073170731679999 0.5609756097558 0.0121951219512
0.0 0.0 0.0526315789474 0.0 0.0 0.0526315789474 0.0 0.47368421052640003 0.0526315789474 0.105263157895 0.0 0.0 0.0 0.0 0.0526315789474 0.0 0.0526315789474 0.0 0.0 0.0 0.0 0.105263157895 0.0526315789474 0.0
0.08593750000008 0.01171875 0.0 0.015624999999990001 0.07031249999988 0.03125000000009 0.00781249999999 0.07812499999998 0.01171874999998 0.00781249999999 0.0 0.10937500000018 0.015624999999990001 0.039062499999950005 0.02343749999999 0.10156250000009 0.0898437499999 0.0 0.06640625000007 0.0273437500001 0.01171875 0.0742187499999 0.08593749999998 0.03515625000009
1.81302781295823 0.2244272086848 0.1461485079804 0.2218897449772 0.8305980292099 0.1084995323295 0.0300751879699 1.2250200213317899 0.3646254140331 0.61291707894513 0.13890946850963 1.8434995936471001 0.0926892556497 0.8266521483838299 1.9822612006208 1.49610009554586 0.4215129423954 0.09456936924953 0.41996477996353 0.2040653475884 0.55643538047563 0.49897370598283 1.70067614606583 0.1464620275002
0.4746621291244 0.0869174049951 0.0534921473136 0.1269925091435 0.3410197735142 0.09024232822850001 0.033425257681499995 0.7021064366611001 0.1437344755419 0.5079700365731 0.0233918128655 0.9361419155469001 0.1738348099905 0.29085254943360006 0.5250053785522 0.8188308005249999 0.1437344755422 0.033425257681499995 0.30082731913399996 0.0301003344481 0.0233918128655 0.2139685892544 0.825656672338 0.1002757730445
0.0 0.0 0.0 0.0 0.0 0.0 0.0 0.0 0.0 0.0 0.0 0.0 0.0 0.0 0.0 0.0 0.0 0.0 0.0 0.0 0.0 0.0 0.0 0.0
0.64061636437145 0.29734136525321003 0.0311139012045 0.12249639785 0.29245909182305 0.1910389663925 0.0185185185185 0.62131673441901 0.34761083336369997 0.20344271371445 0.01606288448391 0.6956058093602 0.21837613044457 0.36177947539100996 0.762808261155 0.7920441113168601 0.32155040474381 0.1101648273694 0.28476953162941 0.20080833932001 0.05417622606355 0.42079470090329996 0.8265708214506999 0.16853358945910002
0.2448979591846 0.2244897959189 0.0 0.0204081632653 0.2857142857151 0.0204081632653 0.0 0.2785438499722 0.8554881412014 0.2989520132376 0.0 0.28571428571380003 0.1902923331494 0.33314947600710004 0.5366795366805 0.5504688361841 0.061224489795900006 0.1224489795917 0.34693877551060004 0.3601765030343 0.2515168229453 0.4605626034209 0.23110865968020003 0.0408163265306
0.025641025641 0.025641025641 0.0 0.025641025641 0.025641025641 0.0 0.0 0.0434782608696 0.18171683389069998 0.4147157190637 0.0 0.19955406911930001 0.0947603121516 0.1716833890746 0.1638795986622 0.0869565217391 0.0 0.0947603121516 0.06911928651060001 0.0 0.0947603121516 0.28205128205200003 0.0 0.0
0.0 0.0 0.0 0.0 0.0 0.0 0.0 0.0 0.0 0.0 0.0 0.0 0.0 0.0 0.0 0.0 0.0 0.0 0.0 0.0 0.0 0.0 0.0 0.0
0.5510949292749 0.2568444834897 0.09471015501718 0.2831703100354 0.24191288325054003 0.2611579453688 0.030303030303 0.8774772579607 0.10761278195487999 0.12300532475977999 0.0151515151515 1.55824813587964 0.1768117157372 0.89823164570948 0.5017282181760601 1.32990541378638 0.57755981429286 0.02267031214398 0.60995025929268 0.125 0.030303030303 0.8695886796766801 1.3736805794922602 0.0838815789476
0.16106870229030001 0.1089464898624 0.00763358778625 0.0090909090909 0.10360860513545 0.01672449687715 0.00763358778625 0.3534182343339 0.23656619839820003 0.12737400829 0.0 0.1458015267176 0.08604572650365 0.13681189864405002 0.11828309919905 0.16467730742545 0.0396252602359 0.09718663840795 0.63715137761105 0.0927133934768 0.11040381116715 0.08629142674935 0.11803739895319999 0.034906315058950005
0.8656698436496 0.5573061683442001 0.2061335403726 0.19567894624100002 0.1182266009853 0.096380381238 0.10683497536940001 0.8846514242871002 0.3630327693294 0.0295566502462 0.0 1.0182988862713 0.1111587063609 0.3077746840864 0.508419897195 0.24095095309470002 0.10023559648720001 0.0295566502462 0.289783679589 0.3362202827153 0.3172922467337 0.3522836795886 0.9497751124435 0.0147783251231
0.9243771372733001 0.028627259404000002 0.0 0.13297508549099998 0.1206643869075 0.2587200781631 0.0 0.5257449926726 0.0398632144601 0.028627259404000002 0.0695652173912 0.2894968246215 0.07464582315580001 0.0695652173912 0.1963849535903 0.7876893014174 0.2873473375675 0.0347826086956 0.1963849535906 0.1963849535903 0.0398632144601 0.47943331704959996 0.21885686370340002 0.0
2.8690655596920704 0.48809084883060005 0.01662404092067 0.9671167773444 1.22386795383053 0.45315987526900003 0.16498757231757 2.2989984539809702 0.1321078277599 0.42897449901372997 0.0 1.79874395018714 0.24311808971843 0.69067775901457 5.16275237929063 3.49391493894393 0.8963606361994001 0.026725051021670002 1.2761770667822598 0.55183640243337 0.5699915398627999 1.09060722274373 2.04697405854147 0.1091274962962
2.65976128016853 0.33892978978093 0.0243902439024 0.23998364408493 0.3155617905498 0.1125148732315 0.067547243837 1.4471877849183001 0.20928746405383 0.07628086829113 0.0563002680964 1.12321189275873 0.08812462932903001 0.3482601995315 2.15437465038703 1.5038481229963303 0.5746097266864001 0.03312386835653 0.90846941132633 0.2330606490911 0.07628086829113 0.49864838124099997 1.83707161737593 0.0731707317073
0.0693069306931 0.039603960396 0.0 0.019801980198 0.019801980198 0.009900990099 0.0 0.039603960396 0.069306930693 0.0891089108911 0.0 0.019801980198 0.09900990099 0.10891089108919999 0.0693069306933 0.1188118811881 0.009900990099 0.009900990099 0.009900990099 0.0495049504951 0.05940594059399999 0.0495049504951 0.039603960396 0.0
1.0769230769238 0.0192307692308 0.0 0.1778846153849 0.3276098901104 0.031135531135599998 0.0695970695971 0.8152472527483999 0.0 0.09340659340669999 0.0 0.31272893772960003 0.0430402930403 0.2783882783881 0.43337912087969993 0.7653388278391999 0.23260073260080003 0.0 0.31730769230809996 0.0192307692308 0.062271062271 1.1648351648350002 0.7287087912094 0.031135531135599998
0.29850746268760003 0.1492537313431 0.0 0.119402985075 0.0597014925372 0.0597014925372 0.0 0.4477611940297 0.0597014925372 0.0597014925372 0.0 0.7164179104474999 0.0597014925372 0.29850746268609996 0.1492537313431 0.32835820895560003 0.23880597014889998 0.0 0.1194029850744 0.0298507462686 0.119402985075 0.14925373134300002 0.3582089552242 0.1791044776122
0.4717249218521 0.0326797385621 0.0653594771241 0.11253196930939999 0.21057118499549998 0.0943449843705 0.0616652458085 0.3194089229893 0.2759306621195 0.2105711849956 0.0 0.4609263995449 0.0980392156862 0.4174481386761 0.8167092924123001 0.5916453537937999 0.17050298380219997 0.1452117078712 0.22136970730310002 0.359477124184 0.2759306621204 0.2105711849956 0.2975277067348 0.0798522307473
0.42475386779260005 0.2426160337556 0.0126582278481 0.2475386779182 0.2046413502108 0.0 0.164556962026 0.9067711472779 0.5011050833831 0.0855937311633 0.0 1.3879847297582 0.4474583082174 0.2426160337551 0.3157524613218 0.6993168575449001 0.4219409282702 0.0 0.3565400843891 0.0555555555555 0.18404661442620002 0.3378541289931 0.7606992163942 0.0
4.4975161547894 0.1890383822446 0.0485514781018 0.3025436068103 1.5392248256567997 0.0433839479392 0.0971029562036 1.7245673086011999 0.11133934248230001 0.2633053357149 0.0 1.7286102721172998 0.1775592931553 0.8313977632191 4.04635538983 3.5364745888566 0.6889117249871 0.0268595041322 1.9118257972156 0.27123016306659997 0.1535792616574 1.4026779261262001 2.2405985688141 0.16734640827499997
0.1242176215695 0.0597014925373 0.0298507462686 0.0149253731343 0.0919595570534 0.129032258065 0.0149253731343 0.24362060664420002 0.0298507462686 0.0645161290322 0.0 0.1068849301878 0.0746268656717 0.0597014925372 0.0919595570533 0.312951372171 0.0149253731343 0.0 0.0 0.0298507462686 0.0149253731343 0.0471834376504 0.1887337506023 0.2556571978826
1.9906203723181801 0.43935680585929 0.0859858186505 0.25955538132420003 1.3882109281413801 0.2033846153842 0.0681325741298 1.52314299298607 0.19422450145818998 0.4470232058442 0.026992909325299998 1.72328654371929 0.2761931305948 1.2273025491699003 1.71618236886049 2.1176177070286903 0.54421825197269 0.080702406532 1.53473716043829 0.30062849162 0.31373461858448 0.8441168155513 1.6265172763764 0.0681325741298
0.1589473684211 0.1063157894737 0.0 0.00877192982455 0.14631578947365 0.0526315789474 0.00877192982455 0.26912280701775 0.2301754385965 0.2575438596491 0.0 0.10140350877195001 0.20877192982455 0.061403508771950006 0.1238596491228 0.1414035087719 0.0175438596491 0.08877192982455001 0.09263157894735001 0.0838596491228 0.2175438596491 0.2838596491228 0.1715789473687 0.16877192982455
0.0 0.0 0.0 0.0 0.0 0.0 0.0 0.0 0.0 0.0 0.0 0.0 0.0 0.0 0.0 0.0 0.0 0.0 0.0 0.0 0.0 0.0 0.0 0.0
0.4316546762586 0.2374100719419 0.0431654676258 0.1726618705038 0.2374100719427 0.17266187050389997 0.0215827338129 0.8417266187044 0.0215827338129 0.0215827338129 0.0 0.7553956834527 0.1079136690647 0.19424460431679996 0.1726618705038 0.6258992805757 0.2589928057548 0.0431654676259 0.34532374100769997 0.0863309352518 0.0215827338129 0.6906474820159 0.4532374100727 0.0431654676258
1.29485392784073 0.03695248531342 0.0128755364807 0.13635464632276 0.7212254870443799 0.06388323015761001 0.02981722379861 0.8890929266862699 0.046986853282979996 0.06542003300647 0.0497418959277 0.56552882206457 0.06826344902772 0.3634141342899 0.69973565199391 1.1444580906035 0.32399023893236 0.054038236441520004 0.67351709372137 0.11367268403890002 0.0128755364807 0.25042302924056004 1.3048066649638101 0.0780721223411
0.4778883088744 0.2870087658817 0.0211267605634 0.056091795528400004 0.32271249876860003 0.22436718211350004 0.0211267605634 0.833349748843 0.1194720772185 0.5412685905644 0.056091795528400004 1.4204668570852 0.16098690042340003 0.5186644341574 0.41303063134109996 0.6600019698609 0.0422535211267 0.16827538658510002 0.2382054565151 0.0772185560917 0.0772185560917 0.280458977642 0.9404609475028 0.0422535211268
0.0357142857142 0.0 0.0357142857142 0.0357142857142 0.0357142857142 0.0 0.107142857143 0.0714285714284 0.0 0.0 0.0 0.1071428571427 0.0 0.0357142857142 0.0 0.0357142857142 0.0 0.0 0.0357142857142 0.0 0.0357142857142 0.1071428571427 0.3214285714295 0.0
0.97785971554519 0.43912534368100004 0.05052020093798999 0.19678762860069002 0.5157754280208 0.2940706512391 0.016713091922 1.1053289462074902 0.33225047384288997 0.23895128357768 0.017094017094 0.9922468231782 0.35552975007028 0.63999378198637 0.66589873435429 1.13379672275509 0.3423111997108 0.06930708180699999 0.31691660629668 0.090126746899 0.059951159951099994 0.8921380091667 0.9507393209064999 0.30656728225319
0.3529411764702 0.2658823529416 0.0 0.0294117647059 0.1082352941177 0.0294117647059 0.147058823529 0.7376470588254 0.48352941176490005 0.17764705882350001 0.0 0.23647058823530004 0.4823529411766 0.46235294117610004 0.4423529411763 0.3647058823529 0.2941176470587 0.0788235294118 0.4117647058824 0.117647058824 0.3341176470583 0.2670588235293 0.1470588235293 0.0294117647059
0.3333333333334 0.3999999999999 0.0888888888888 0.1037037037036 0.5111111111107001 0.414814814814 0.0 0.6592592592594 0.4074074074078 0.1185185185184 0.0 0.5777777777781999 0.1037037037036 0.1333333333332 0.7925925925931999 1.0296296296290999 0.18518518518510002 0.47407407407400004 0.13333333333320002 0.0 0.0222222222222 0.15555555555540002 0.32592592592610004 0.0296296296296
0.0 0.0 0.0 0.0 0.0 0.0 0.0 0.0 0.0 0.545454545454 0.0 0.363636363636 0.0 0.0 0.545454545455 0.363636363636 0.0 0.0 0.0 0.0 0.0 0.0 0.181818181818 0.0
0.8393166593560499 0.11006263065429 0.09156945557466001 0.15619974326872002 0.44325546840993 0.17687842979129997 0.0546081446277 0.93671739974095 0.21404835099156 0.20243234729815998 0.0 1.21129688075852 0.26113724963349 0.82111873676434 0.77168970889586 1.01615474313772 0.20147501731925999 0.06138582650369 0.60917991819152 0.0764326673078 0.06818854759212 0.5647327639428601 1.01063368210379 0.10148562813646
0.0985241324291 0.0637415237335 0.027044276027100002 0.0453928998803 0.1893099321899 0.0086956521739 0.0 0.3129637016354 0.10913442361380002 0.1072197846031 0.0 0.17096130833650003 0.0637415237335 0.1709613083366 0.4433187076192 0.1980055843637 0.127483047467 0.0733944954128 0.1323494216196 0.1255684084564 0.192181890706 0.14487435181480002 0.11591543677690001 0.0792181890708
0.3459753024494 0.0733322982974 0.10619469026549999 0.0292397660818 0.24597530244937 0.04409253221547 0.318584070796 0.50220840847301 0.455669409512 0.13824457899914 0.0 0.44269284511574003 0.12642964343007 0.87516391386834 0.08818506443097 0.4366279324361099 0.06354026090867 0.11169590643274001 0.34050593354243996 0.10110211426 0.288185064431 0.22067962053996998 0.5426375105005701 0.1030378305645
0.1428571428575 0.0274725274725 0.0 0.010989010989 0.2994505494506 0.043956043956 0.0 0.5803571428571999 0.3289835164835 0.07348901098900001 0.0 0.0824175824176 0.2039835164835 0.0054945054945 0.084478021978 0.20879120879130003 0.0054945054945 0.010989010989 0.043956043956 0.146978021978 0.0054945054945 0.3619505494505 0.2699175824176 0.0625
1.2949961315474998 0.2753174149857999 0.01715247245289 0.23925297839256 0.93964786837168 0.17236519969996 0.02592440227745 1.2811622307429202 0.25846347212518 0.15730809008990002 0.023160419033159997 0.9271237174262599 0.17408857756620003 0.38272891715026 1.7554973670919498 1.75787870468866 0.4754941414985 0.09456139342069 0.90358397195892 0.25253064981155 0.11640171847189999 0.39729087745199 0.9060696491325901 0.17199963461366
1.0691107494974 0.10012443763750001 0.11199387383920001 0.2264286398011 0.2985546089783 0.0763855652339 0.0 0.6947927634718 0.10012443763739999 0.1646405666698 0.1086436297502 0.6174978462707 0.055996936919699994 0.3359816215185 0.9017421269272001 0.9364410835657001 0.29946396094570005 0.0118694362018 0.5082320283326001 0.0797358093232 0.09160524552480001 0.4622858236817 0.7203503398099 0.027998468459800002
0.146666666667 0.0666666666667 0.0133333333333 0.0 0.053333333333299995 0.0133333333333 0.0 0.0933333333333 0.1466666666667 0.0133333333333 0.0 0.0266666666666 0.0666666666667 0.0266666666666 0.08 0.0266666666666 0.0133333333333 0.0266666666667 0.08 0.0266666666667 0.0133333333333 0.0266666666666 0.0266666666667 0.0133333333333
0.72106977213152 0.2214655172413 0.04 0.22621244202450003 0.5223628755798001 0.08 0.0375 1.3954764065333198 0.1549999999999 0.19053992740466 0.0 1.25899374874156 0.3047660818712 0.6395689655174001 0.478581871346 1.3071597096191 0.5032617463196001 0.11499999999989999 0.7160854002821 0.0347852389594 0.0394636015325 0.9461711030441 1.0117942125427 0.0547413793103
0.08666666666667999 0.02666666666666 0.0 0.0133333333333 0.0733333333333 0.0333333333333 0.0 0.10666666666672 0.0333333333333 0.02 0.0 0.05999999999998 0.04666666666666 0.13333333333345998 0.0466666666666 0.08666666666656 0.00666666666666 0.0 0.0133333333333 0.0600000000002 0.02666666666666 0.08666666666666001 0.03999999999996 0.0
0.1457142857142 0.0623809523809 0.0238095238095 0.0 0.0919047619048 0.0357142857143 0.0119047619048 0.12333333333329999 0.14238095238100001 0.04 0.0 0.1590476190477 0.0266666666666 0.1633333333335 0.2090476190478 0.21095238095229998 0.0504761904762 0.0133333333333 0.1633333333334 0.0119047619048 0.0785714285715 0.0904761904763 0.13380952380959998 0.0119047619048
0.399248826291 0.21633802816859998 0.09389671361509999 0.2351173708921 0.2084507042252 0.0 0.18779342723 0.36657276995290006 0.0266666666666 0.018779342723 0.0 0.9802816901415999 0.018779342723 0.2944600938972 0.1472300469484 0.6610328638497001 0.1738967136149 0.0 0.4259154929576 0.0642253521126 0.0642253521126 0.2835680751177 1.0880751173705001 0.0454460093896
2.3063583196254003 0.19311773780490002 0.013698630137 0.2863771363596 0.8984205599594 0.3014126823837 0.064018526514 1.2735884178371002 0.14122898728600003 0.3438454886817 0.0458452722063 1.122897539195 0.2184394480581 0.5187899721791 1.6819960011469 1.7710127137859 0.365937904777 0.0273972602739 1.0164890257521 0.1860121012299 0.21077834910010002 0.8143911145048002 0.9966672256975999 0.2012795855085
0.205128205128 0.0 0.0 0.102564102564 0.0 0.051282051282 0.0 0.358974358976 0.0 0.102564102564 0.0 0.0 0.102564102564 0.153846153846 0.0 0.25641025641000004 0.0 0.0 0.0 0.205128205128 0.0 0.102564102564 0.307692307692 0.051282051282
2.0740233108532005 0.5581884755714001 0.17136642889519998 0.5222827199519999 2.9418779956225 0.6674463070057 0.293159609121 3.5934051183112996 0.3427328577908 0.5778939628368001 0.0469701342788 2.7718252531177 0.30546736486299997 1.7604754246758998 2.2303675516919004 3.0135222002043998 0.8265334383337001 0.058631921824 2.4232803644557 0.6494143543648001 0.6922819033976 1.251212606256 2.8859646505879 0.3416760459918
0.44571428571359994 0.3232773109252 0.0 0.102857142857 0.1371428571428 0.0342857142857 0.0 0.769075630253 0.35277310924280003 0.1126890756301 0.0147058823529 0.37226890756319997 0.2302521008408 0.43596638655439995 0.4065546218494 0.40655462184819996 0.3232773109253 0.0489915966386 0.2204201680672 0.3968067226896 0.26462184873940003 0.1175630252099 1.1412605042015 0.3429411764707
0.0 0.0 0.0 0.0 0.0 0.0 0.0 0.0 0.0 0.0 0.0 0.0 0.0 0.0 0.0 0.0 0.0 0.0 0.0 0.0 0.0 0.0 0.0 0.0
0.258064516129 0.0322580645161 0.016129032258 0.0645161290321 0.0967741935484 0.016129032258 0.0322580645161 0.532258064517 0.0 0.0322580645161 0.016129032258 0.354838709678 0.0322580645161 0.1129032258063 0.032258064516 0.2580645161286 0.2419354838712 0.0 0.1451612903223 0.0806451612903 0.0 0.43548387096700003 0.193548387096 0.016129032258
1.48447272558084 0.24217016168502 0.0482796892342 0.1400117671794 0.6881836504358999 0.1690606170044 0.056474510628400004 1.01223435884392 0.14360419252494 0.16234285409673999 0.1481039116159 1.3430141730428202 0.19164733857922 0.6088269552848199 0.78613386067944 1.33547885388962 0.46546494606871996 0.0588235294118 0.6884214395364401 0.1904170666668 0.1662748162789 0.4832159363685 1.2274514870045 0.15989115835514
0.1353383458644 0.0676691729322 0.0 0.0451127819548 0.0902255639096 0.0225563909774 0.0 0.406015037595 0.0451127819548 0.0451127819548 0.0 0.6766917293235999 0.135338345865 0.1353383458646 0.1353383458644 0.1804511278192 0.0676691729322 0.0225563909774 0.1578947368418 0.0451127819548 0.0225563909774 0.27067669173000003 0.27067669173020004 0.0225563909774
0.0 0.0 0.0 0.0 0.0 0.0 0.0 0.0 0.0 0.0 0.0 0.0 0.0 0.0 0.0 0.0 0.0 0.0 0.0 0.0 0.0 0.0 0.0 0.0
1.0504599201129001 0.48062901364090005 0.0276955602537 0.14120400303039998 0.58138939903 0.0272727272727 0.0494044242767 0.7897937003433 0.304112506892 0.201374405515 0.0121951219512 0.5772546795229 0.15402306145340003 0.47750060489769997 0.8739366702503 0.7101325220439 0.3205383385757 0.0186046511628 0.43420306296079997 0.4398692628982 0.030799773114 0.44230392409600006 0.7089413705980001 0.14636129610600002
0.23888888888889998 0.07500000000000001 0.0 0.225000000001 0.14166666666670003 0.08888888888879999 0.0 0.3722222222223 0.4472222222223 0.23055555555560003 0.0638888888889 0.07777777777780001 0.1972222222222 0.2527777777777 0.2222222222222 0.42222222222219996 0.07500000000000001 0.0 0.038888888888900006 0.16666666666660002 0.29444444444440004 0.08888888888890001 0.1805555555556 0.1
0.083916083916 0.09965034965030001 0.0113636363636 0.0 0.0 0.0909090909091 0.0 0.1634615384614 0.0725524475524 0.1381118881119 0.0 0.1407342657343 0.0611888111888 0.0568181818182 0.3033216783218 0.11800699300699999 0.1180069930069 0.11538461538450001 0.0568181818182 0.0113636363636 0.11538461538460001 0.0839160839161 0.1363636363637 0.0227272727273
0.030303030303 0.0 0.0 0.0 0.333333333334 0.0 0.0 0.212121212121 0.0 0.030303030303 0.030303030303 0.060606060606 0.0 0.0 0.030303030303 0.09090909090900001 0.0 0.0 0.060606060606 0.0 0.0 0.0 0.121212121212 0.0
0.8604443967373601 0.22373029503750003 0.086652763295 0.0795145065325 0.31411805598156 0.2768161279109 0.059523809523700004 0.74986505551162 0.2298227320123 0.20146138747466 0.0 0.97522439632782 0.27267987487010004 0.43451460876347997 0.68782943834556 0.58651781880638 0.159341838925 0.00735294117646 0.50169958494326 0.1308685518003 0.08354341736686 0.29354822220840004 0.69890306487636 0.0860271115746
0.25393784589190005 0.0862068965518 0.0344827586207 0.0 0.125798212005 0.11579395487439999 0.0 0.3031077054062 0.0591741166453 0.0789697743719 0.0 0.36717752235019996 0.1971051511283 0.24648786717760002 0.22690506598549998 0.18986802894840002 0.0666240953597 0.08641975308630001 0.09855257556399999 0.0246913580247 0.0123456790123 0.1108982545764 0.20455512984250002 0.11089825457639998
0.24087301587298 0.09166666666664 0.06507936507930001 0.02500000000002 0.17976190476175002 0.05000000000003001 0.111111111112 0.48650793650787993 0.15515873015855003 0.08055555555550001 0.0 0.51031746031761 0.14087301587297002 0.77103174603146 0.1964285714285 0.21507936507962003 0.12976190476183 0.0166666666667 0.41150793650782 0.1000000000002 0.05 0.1642857142857 0.6960317460318001 0.11230158730153
0.10714285714275 0.02142857142855 0.0 0.0142857142857 0.042857142857150005 0.00714285714285 0.0 0.057142857142899996 0.0142857142857 0.0428571428571 0.0214285714286 0.1285714285713 0.02857142857145 0.0142857142857 0.0642857142859 0.1499999999999 0.0357142857143 0.00714285714285 0.0642857142859 0.0571428571428 0.00714285714285 0.04285714285715 0.07142857142875 0.0
2.0725620506258 0.1680786609253 0.0823572768694 0.36000290379019995 1.1400571256899 0.39259156169459997 0.0753119061389 1.9098752328039004 0.3730855270608 0.4355249279296 0.0 1.1211679856938002 0.3312966388671 0.45487947592579997 1.8734081328786 3.443302037224 1.2952862079267 0.1289707692481 1.1519188934352 0.444547741087 0.20720742133120001 0.7669737112699999 1.7339378585143 0.0376559530694
0.90262253226536 0.2784398049492 0.04713181125712 0.1282199482663 0.51079179678252 0.02574143692562 0.0213903743315 0.7976383136988401 0.0855614973261 0.16443934032922 0.0 0.8814239810763399 0.0997809809728 0.33550956267642 0.7307864134485 1.0277272392209 0.2932160503752 0.02574143692562 0.64583445020754 0.2752550382189 0.08825902769392 0.5897391652032 0.96470565897754 0.0800441388676
0.0 0.0 0.0 0.0 0.0 0.0 0.0 0.0 0.0 0.0 0.0 0.0 0.0 0.0 0.0 0.0 0.0 0.0 0.0 0.0 0.0 0.0 0.0 0.0
0.28435465019149003 0.00628930817609 0.0176991150442 0.1136528079256 0.18444926810238998 0.00628930817609 0.0 0.22218511715918998 0.041687538264489996 0.041687538264489996 0.041687538264489996 0.27249958256819 0.02398842322029 0.06684477096889 0.2158958089841 0.31184950186448 0.1313519229698 0.00628930817609 0.43880447487159 0.0188679245283 0.0176991150442 0.17376300996278998 0.355874659098 0.00628930817609
0.0779220779221 0.0324675324676 0.0 0.0259740259741 0.045454545454599996 0.0194805194805 0.0 0.12337662337659999 0.0324675324675 0.012987012987 0.0 0.05194805194799999 0.0454545454546 0.1233766233765 0.038961038961 0.1363636363636 0.025974025974 0.0 0.0324675324675 0.051948051948 0.0324675324676 0.025974025974 0.0324675324676 0.0324675324675
0.33333333333299997 0.030303030303 0.0 0.0 0.060606060606 0.030303030303 0.0 0.151515151515 0.030303030303 0.030303030303 0.0 0.242424242424 0.151515151515 0.09090909090900001 0.030303030303 0.151515151515 0.18181818181800002 0.0 0.09090909090900001 0.181818181818 0.030303030303 0.0 0.181818181818 0.0
0.1308922558922 0.185185185185 0.0 0.0227272727273 0.0113636363636 0.074074074074 0.0 0.1792929292927 0.0 0.0 0.074074074074 0.1818181818183 0.1595117845116 0.1847643097646 0.0484006734006 0.21043771043770002 0.1165824915825 0.0 0.0795454545455 0.0113636363636 0.0340909090909 0.1679292929292 0.1165824915825 0.0113636363636
1.2606661029917 0.29262429643500004 0.09565548780479999 0.36034934457379997 0.7419830650739001 0.3712653981926 0.1312981386392 0.9850816505386001 0.0478277439024 0.2383973536088 0.0384615384615 1.1719783746432 0.1434932605904 0.3841918571638 1.1862595042962 1.1387495988436 0.5444564962478999 0.0121951219512 0.5773736052135999 0.0436210131331 0.057741680655599995 1.0027131986278 1.0680567727358001 0.10555939567469999
0.0833333333331 0.06666666666650001 0.0666666666667 0.0 0.0166666666666 0.0 0.0 0.1499999999999 0.0166666666666 0.0166666666666 0.0 0.1666666666669 0.0666666666667 0.0666666666667 0.0166666666666 0.0166666666666 0.0 0.0333333333333 0.0166666666666 0.0666666666667 0.0 0.0833333333332 0.0333333333332 0.0166666666666
0.50935798939134 0.08930555238188 0.015033267397960001 0.04653322616756 0.41065530365906 0.1188223827944 0.0286227784064 0.47646583696043 0.04488401366656 0.04488401366666 0.01425744207139 0.3539032190441 0.0555963443118 0.29686311834308 0.27132297641138 0.5888039334706601 0.15869686381382 0.0 0.45760977446495993 0.0766973228115 0.05270883153296 0.3341841017891 0.5036138617297501 0.05117784571126
0.1428571428572 0.0714285714286 0.0 0.0714285714286 0.08571428571430001 0.0571428571428 0.0142857142857 0.3285714285718 0.0428571428571 0.0428571428571 0.0142857142857 0.1714285714285 0.0142857142857 0.09999999999999999 0.0571428571428 0.1428571428571 0.0428571428571 0.0 0.0571428571428 0.0714285714286 0.07142857142850001 0.0714285714286 0.3 0.0285714285714
0.0714285714285 0.0 0.142857142857 0.0 0.0 0.0 0.0 0.0 0.0 0.0 0.0 0.0 0.0 0.0714285714285 0.142857142857 0.0 0.0 0.0 0.0714285714285 0.0714285714285 0.0 0.428571428572 0.0 0.0
0.1585365853658 0.0365853658536 0.0121951219512 0.1463414634146 0.1097560975609 0.0 0.0121951219512 0.2317073170731 0.0243902439024 0.0121951219512 0.0 0.2073170731706 0.0121951219512 0.0731707317073 0.08536585365839999 0.1585365853657 0.1097560975613 0.0 0.1097560975609 0.0243902439024 0.0 0.23170731707250003 0.2317073170731 0.0121951219512
0.4172175581264 0.118129840503 0.0 0.0967585403727 0.6576097408421 0.105147895875 0.055900621118 0.7774755904860999 0.1323468679793 0.1696139487248 0.0123456790123 0.6651426270986001 0.0841420807454 0.1626898217487 0.3522506809534 0.7499484797945999 0.3469645702098 0.0559006211181 0.3492255195153 0.12013663025929999 0.158638793853 0.4390896825802 0.7458028494830999 0.2275213595986
0.2247376311842 0.208095952024 0.0 0.0695652173913 0.19085457271349998 0.052023988005899996 0.06926536731630001 0.6941529235380001 0.1391304347825 0.24137931034460003 0.0172413793103 0.9028485757125 0.2434782608693 0.26041979010530003 0.2604197901053 0.6754122938535 0.13853073463249999 0.051724137931 0.12128935532209999 0.12128935532230001 0.0172413793103 0.3466266866566 0.9197901049493001 0.0344827586207
0.0 0.0 0.0 0.0 0.0 0.0 0.0 0.0 0.0 0.0 0.0 0.0 0.0 0.0 0.0 0.0 0.0 0.0 0.0 0.0 0.0 0.0 0.0 0.0
0.74406378431856 0.39452053007841004 0.02913896413035 0.22549686586955 0.5444388779195499 0.23483134894675 0.03759671179881 1.56154044556722 0.27091808526401 0.36270220667466 0.0185185185185 0.7192644065168101 0.25694772841031 0.54717408744446 0.6514789170988999 1.24040942965878 0.47163589356071 0.14234022603260002 0.61604611521831 0.1685599731073 0.2553454355965 0.28859534788181 1.0310315657620501 0.18740453463055
0.10056568196099999 0.1238214959145 0.0 0.0232558139535 0.0600251414205 0.0 0.046511627907 0.3406662476436001 0.3909490886239 0.1741043368951 0.0232558139535 0.166561910748 0.1200502828409 0.2671275927094 0.16059082338140002 0.1703331238214 0.0502828409805 0.0135135135135 0.234129478316 0.0697674418604 0.1508485229414 0.110307982401 0.18981772470199998 0.0135135135135
0.2888888888886 0.2333333333334 0.0666666666666 0.0444444444444 0.13333333333340003 0.21111111111160002 0.0 0.5111111111108 0.23333333333380002 0.2444444444444 0.0 0.4 0.0222222222222 0.22222222222230004 0.13333333333340003 0.3888888888888 0.0 0.1 0.14444444444440002 0.0222222222222 0.111111111111 0.1333333333332 0.2777777777778 0.07777777777780001
0.0 0.0 0.0 0.0 0.0 0.0 0.0 0.0 0.0 0.0 0.0 0.0 0.0 0.0 0.0 0.0 0.0 0.0 0.0 0.0 0.0 0.0 0.0 0.0
0.59303395320448 0.2323380904824 0.07165399747118001 0.1108136025245 0.23964679510816 0.38911431493118 0.0666656805212 0.56945457271394 0.0278187177598 0.12886813458059998 0.0 0.49218225643246 0.4381665180624 0.5043810903557601 0.44393284408564 0.87915373257854 0.22856945628036 0.11218724778039998 0.40648979399196006 0.06568871338058 0.01816883529038 0.4035394471457 0.4976909892849599 0.08044121603439999
0.3227543982018 0.2692009610167 0.0294117647059 0.2617220801368 0.17960939316440003 0.1747655583972 0.0579710144927 0.8462373091532001 0.35615748275570003 0.0588235294118 0.0294117647059 0.7061536076877 0.3227543982016 0.413702239789 0.2340540959466 0.5344493528634 0.060606060606 0.0900178253119 0.17918313570480002 0.291172595521 0.2665659149034 0.5274354801214001 0.5269704719837001 0.2608695652177
0.73026510613756 0.2286158057674 0.14670967312869998 0.1387212944077 0.27709343841474 0.1114631388104 0.1873563218397 0.64107544797282 0.16742357608282002 0.15433771921942 0.0 0.90546436316568 0.19205035691402 1.0356442195189002 0.35224932997330005 0.43258175018984 0.35642488234344 0.01769911504424 0.22533163402621997 0.2616453355829 0.16401179940992 0.33248755462032 0.9064076430735201 0.0349404943545
0.2040310077518 0.2363565891471 0.0 0.015503875969 0.1546899224804 0.0510077519379 0.0 0.4482170542633 0.0726744186047 0.031007751938 0.015503875969 0.5615503875969 0.2501937984496 0.0988372093024 0.2673643410852 0.49375968992249997 0.1298449612402 0.015503875969 0.2025193798448 0.21953488372110003 0.0571705426357 0.1236821705426 0.33104651162800003 0.02
1.9776248593446 0.6027715248116999 0.157457653843 0.4703608965538 2.1069909970638 0.19897208645290004 0.1037754954433 2.7363203674591 0.38571074355210005 0.34646121045719996 0.0169491525424 1.6726162497795998 0.19831238175729998 0.8011911154374001 1.5298767189752 3.2745506255546997 1.1500351883719 0.1397204696371 0.9543793757916 0.3799614920691 0.16145609675390002 0.7422106612207 1.7176615072336 0.1746331298931
0.31607124565082 0.1308631719241 0.014017918350930001 0.10705983927731 0.33738122816894 0.0328221684154 0.00564971751412 0.53984801258063 0.0608580051172 0.07858611851233 0.00836820083681 0.57030515678771 0.014017918350930001 0.28606436783096 0.22835034777433 0.53213044667526 0.17421819684082 0.014017918350930001 0.43288498057645 0.10584299436149999 0.07759440679085 0.43784353918364 0.46238193170982 0.03282216841532
0.0 0.0 0.0 0.0 0.0 0.0 0.0 0.0 0.0 0.0 0.0 0.0 0.0 0.0 0.0 0.0 0.0 0.0 0.0 0.0 0.0 0.0 0.0 0.0
0.27397629310349 0.0344827586207 0.0 0.15813577586199 0.24272629310338997 0.04229525862069 0.0501077586207 0.35075431034500004 0.0344827586207 0.0657327586207 0.0 0.25511853448268 0.0344827586207 0.6096443965524001 0.08459051724127999 0.20043103448267002 0.27720905172469 0.015625 0.2082435344827 0.0344827586207 0.00781249999999 0.53098060344919 0.35075431034487004 0.137931034483
0.1184210526315 0.0394736842105 0.0 0.0263157894736 0.0263157894736 0.0263157894737 0.0 0.3289473684213 0.07894736842099999 0.0263157894737 0.0 0.1578947368425 0.0 0.2500000000007 0.11842105263160001 0.32894736842050004 0.0 0.0131578947368 0.078947368421 0.210526315789 0.0 0.0394736842105 0.078947368421 0.0526315789474
0.1052631578948 0.105263157895 0.0 0.0 0.105263157895 0.0 0.0 0.0526315789474 0.0526315789474 0.0526315789474 0.0 0.0 0.0 0.1578947368424 0.1578947368424 0.0526315789474 0.0 0.0 0.0 0.0 0.1578947368424 0.0 0.0 0.0
0.088448119912 0.0278459749321 0.0091743119266 0.06551234009569 0.051104793901 0.051427833053290004 0.0 0.12023517250289001 0.0186716630055 0.0091743119266 0.0 0.23129603307927998 0.0 0.22309083860969 0.051427833053299996 0.41504070293298 0.11597105569189001 0.0 0.1615195761725 0.0137614678899 0.0275229357798 0.0556919498643 0.2489985786276 0.0140845070422
1.1391393709056 0.2571111052808 0.0183486238532 0.33704231310660004 0.9637204132891 0.3249265804321 0.033973623853200005 1.2088932687537002 0.1331708715596 0.0550458715596 0.0 1.1164822255301001 0.08549110735550002 0.38744570116349997 0.7298463562584001 0.8126631012383999 0.6094686448296 0.0366972477064 0.652398341397 0.15026811740579998 0.1081482527315 0.5944869380502 1.0309915604906 0.21424036325200002
0.0 0.0 0.0 0.0 0.0 0.0 0.0 0.0 0.0 0.0 0.0 0.0 0.0 0.0 0.0 0.0 0.0 0.0 0.0 0.0 0.0 0.0 0.0 0.0
1.5559412635798 0.2686395296168 0.0678554731851 0.3445372687064 1.6223274253392999 0.276435203946 0.2208620572992 2.4122617700804 0.38964670168320004 0.41439806637340004 0.0 2.0366772256651 0.0688581354262 0.891256411395 1.5099318782272 1.958066357477 0.7934285827243001 0.0440134149293 1.4390171283097999 0.5017326234454 0.0496894409938 0.9889699162828001 1.8336895192223 0.3117646060878
0.06874999999999 0.1151785714287 0.0 0.01875 0.02499999999999 0.03749999999999 0.0 0.27857142857127 0.36964285714247996 0.16160714285699 0.0 0.1000000000002 0.2035714285715 0.18214285714279 0.2428571428572 0.20089285714299 0.04374999999999 0.125892857143 0.04196428571429 0.226785714286 0.28750000000057996 0.09642857142860001 0.14821428571419998 0.025
0.0 0.0 0.0 0.0 0.0 0.0 0.0 0.0 0.0 0.0 0.0 0.0 0.0 0.0 0.0 0.0 0.0 0.0 0.0 0.0 0.0 0.0 0.0 0.0
0.07655502392355 0.043062200957 0.0 0.057416267942600005 0.06220095693772 0.02870813397131 0.00478468899521 0.14354066985643998 0.0 0.0 0.0 0.12440191387561 0.00956937799042 0.01913875598084 0.0526315789473 0.08612440191393 0.038277511961710003 0.0 0.03349282296653 0.0191387559809 0.0 0.08133971291881001 0.1052631578947 0.01435406698563
0.9113899237796701 0.16918148093647 0.0 0.25098110161757 0.81816181119134 0.10060516176737 0.0 0.8035605937101401 0.2663934426229 0.31834709725127 0.038271909281370003 0.7426756340878 0.00819672131147 0.60574347025754 0.72740742655187 1.1903337137141 0.31219508315967004 0.11834709725127002 0.33678524709416996 0.1913595464074 0.36098475962503995 0.46430161866837 1.10792893126604 0.15684822845037
0.06666666666660001 0.0444444444444 0.0 0.0 0.0444444444444 0.0444444444445 0.0444444444445 0.1111111111112 0.0111111111111 0.033333333333300005 0.0 0.0999999999999 0.0444444444445 0.06666666666660001 0.12222222222259999 0.05555555555550001 0.0111111111111 0.0111111111111 0.0111111111111 0.0111111111111 0.0222222222222 0.0666666666667 0.0777777777777 0.0
0.0588235294118 0.0 0.117647058824 0.0 0.117647058824 0.0 0.176470588235 0.0 0.0 0.0 0.0 0.0588235294118 0.0 0.0588235294118 0.0 0.0 0.117647058824 0.117647058824 0.0 0.0 0.0588235294118 0.0 0.1176470588236 0.0
0.6145278450366201 0.1460164835164 0.1161606754826 0.33523312845341 0.73009793878441 0.1571076757517 0.1472457627118 1.19742813683553 0.24190853873051 0.28528227892631003 0.0 0.55462014445062 0.3296480826142 0.5222987934857 0.32432275822141 0.9445386064037 0.34736449990720997 0.06349206349211 0.42233397487620006 0.1041162227602 0.0625 0.22075003621611 0.9596159019902 0.17339045135640002
0.5054334326875001 0.28893442622959997 0.0 0.0484118852459 0.1608606557377 0.1109118852459 0.015625 0.35143442622950005 0.8747516145068 0.34990530303 0.0 0.2043048310978 0.49821472926050003 0.5435528440136 0.2024108917038 0.2321240064579 0.1109118852459 0.2820727769497 0.0811987704918 0.3198273720821 0.4254144932934 0.09375 0.26869877049199997 0.03125
0.09210526315800001 0.0526315789473 0.0394736842105 0.0263157894737 0.0263157894736 0.118421052632 0.0 0.06578947368419999 0.2631578947368 0.16447368421040004 0.0 0.0394736842105 0.2631578947368 0.16447368421039998 0.0 0.2499999999995 0.0 0.1381578947368 0.0131578947368 0.0 0.1381578947368 0.0394736842105 0.0921052631579 0.0131578947368
0.0 0.0 0.0 0.0 0.0 0.0 0.0 0.0 0.0 0.0 0.0 0.0 0.0 0.0 0.0 0.0 0.0 0.0 0.0 0.0 0.0 0.0 0.0 0.0
0.7859849029546999 0.21946280286589998 0.021897810219 0.16563035054529998 0.385581688745 0.0 0.27609263765 0.8247109147765999 0.1113724430025 0.12138952640049999 0.0 0.8491750693593 0.29189123378160003 0.5281586551087 0.3275767458716 0.8897121898002 0.405103737065 0.021897810219 0.3923166890035 0.021897810219 0.0 0.8732137687212 0.3983687368061 0.0885644768857
0.1323529411764 0.132352941176 0.0 0.0882352941176 0.0882352941176 0.1323529411764 0.0882352941176 0.6617647058830001 0.0 0.2205882352936 0.0 0.0882352941176 0.1764705882348 0.2647058823524 0.2205882352936 0.1323529411764 0.0 0.0 0.0882352941176 0.0 0.0882352941176 0.0 0.1764705882348 0.220588235294
0.44966361200141 0.2621273027117 0.0555555555555 0.06382001836541 0.0701003541911 0.11540731995291 0.17517006802719998 0.5880137178840099 0.2559523809522 0.1597140233504 0.0 0.38366503626242 0.1957562639382 0.8819034500866001 0.27800031858462 0.22050514420631 0.17182492831829999 0.0 0.26849665486031 0.2486717827628 0.0357142857143 0.3372242836526 0.7444481924998099 0.038265306122400006
0.16279069767440002 0.046511627907 0.0 0.0 0.1395348837209 0.0465116279069 0.0 0.2093023255809 0.0 0.046511627907 0.0697674418604 0.3023255813959 0.0232558139535 0.046511627907 0.0697674418604 0.18604651162790004 0.0232558139535 0.0232558139535 0.16279069767440002 0.209302325582 0.0 0.1162790697675 0.0697674418604 0.0465116279069
2.1632847390554 0.5686636257714 0.0171673819742 0.5013575269046999 1.6027494814669 0.6395695893029 0.1229069091627 1.9379805599404998 0.7350237234935999 0.40838082865819997 0.0171673819742 2.5007527918472 0.26620047711670003 1.0215068072439002 1.6007175720848004 4.504991374418199 1.4420929905895 0.1787181383486 1.6747798101928 0.9849121159454 0.2399405308336 0.8294863523647 2.4234141768080004 0.618235114499
0.4466612074738 0.00751879699248 0.0 0.2534057917068 0.14925928683085998 0.06692473758648 0.0 0.36544331124829993 0.0 0.0 0.0 0.38799970222599994 0.029702970297 0.31995831162148003 0.0898533462368 0.38688304920696004 0.1864810541204 0.0 0.27558996501135996 0.059778158267 0.0522593612744 0.40192064319188 0.37184545522196 0.148514851485
0.0 0.0 0.0 0.0 0.0 0.0 0.0 0.0 0.0 0.0 0.0 0.0 0.0 0.0 0.0 0.0 0.0 0.0 0.0 0.0 0.0 0.0 0.0 0.0
0.29348260695679995 0.0983606557376 0.0983606557376 0.0815673730508 0.1059576169532 0.0243902439024 0.0 0.25309876049610003 0.0327868852459 0.0731707317073 0.0 0.39944022391030004 0.1311475409834 0.2043182726908 0.17073170731679999 0.5069972011201 0.35145941623379995 0.0487804878049 0.0815673730507 0.0731707317073 0.0 0.46581367453120004 0.45661735305870005 0.0487804878049
0.0 0.0 0.0 0.0 0.0 0.0 0.0 0.0 0.0 0.0 0.0 0.0 0.0 0.0 0.0 0.0 0.0 0.0 0.0 0.0 0.0 0.0 0.0 0.0
0.2432712215322 0.17684117125110002 0.0 0.0217391304348 0.2800650695062 0.0421472937001 0.0434782608696 0.3672582076309 0.553741496598 0.1551020408163 0.0 0.0638864241349 0.15507246376779998 0.486956521739 0.0816326530612 0.2528837622006 0.0217391304348 0.0 0.0638864241349 0.1237799467618 0.609494232475 0.1292517006802 0.0856255545697 0.0421472937001
0.14378227552898 0.07735715475598 0.0277777777778 0.169873396635 0.14921705813758 0.0 0.0471014492754 0.48213393303336 0.04414459436948 0.07862735299008 0.0 0.62248042645506 0.0193236714976 0.54891304347768 0.08997584541068 0.47482508745644 0.20772946859918 0.0 0.16847826086967999 0.00966183574878 0.08158420789609999 0.13164251207737998 0.38122605364008 0.04414459436948
0.4117823680588 0.33428690540612005 0.0 0.0747663551401 0.20819473045022 0.3808078252804 0.0747663551401 1.47999114202702 0.0 0.238805970149 0.0 0.88401884132324 0.35660522037342 1.0071872539735 0.11299435028219999 0.5742182482174201 0.185595860394 0.0 0.49728389574566 0.0486826125983 0.01129943502824 1.13977081170972 0.57930370324814 0.39963811545754
0.0 0.0 0.0 0.0 0.0 0.0 0.0 0.0 0.0 0.0 0.0 0.0 0.0 0.0 0.0 0.0 0.0 0.0 0.0 0.0 0.0 0.0 0.0 0.0
0.6199167844258 0.359632595383 0.020725388601 0.2419924634952 0.7086081017418001 0.1060606060604 0.227056837809 1.1212710001568 0.10027084314630001 0.212121212121 0.062176165803 1.0798202229559 0.0886913173181 0.4309546239613 0.2892330036113 2.1962238970031 0.4931307897624 0.0265151515151 0.49984298948050004 0.395293609672 0.2096875490656 0.6257065473381 0.7259773904856 0.1590909090908
0.1224489795918 0.122448979592 0.0 0.0 0.1836734693877 0.0 0.0 0.2448979591838 0.6122448979599 0.1836734693879 0.0 0.0612244897959 0.244897959184 0.3061224489799 0.0 0.122448979592 0.0 0.1836734693879 0.0 0.0612244897959 0.3061224489799 0.1836734693879 0.0 0.0612244897959
0.0 0.0 0.0 0.0 0.0 0.0 0.0 0.0 0.0 0.0 0.0 0.0 0.0 0.0 0.0 0.0 0.0 0.0 0.0 0.0 0.0 0.0 0.0 0.0
0.0 0.0 0.0 0.0 0.0 0.0 0.0 0.0 0.0 0.0 0.0 0.166666666667 0.0 0.0 0.333333333333 0.166666666667 0.166666666667 0.0 0.0 0.0 0.0 0.166666666667 0.0 0.0
0.5049305244294 0.0629762438368 0.0 0.1281936351412 0.5161362617667 0.041237113402 0.020618556701 0.1671896010756 0.0434782608696 0.0434782608695 0.0 0.27588525324979996 0.0 0.268041237113 0.2335275661139 0.5161362617667 0.23240699237989998 0.0 0.31712236665140003 0.0847153742715 0.0423576871358 0.10421335723880001 0.3767368892872 0.020618556701
0.1401515151515 0.14015151515149998 0.0 0.030303030303 0.09545454545450001 0.07500000000000001 0.0 0.3265151515152 0.0 0.15 0.0 0.42727272727309995 0.030303030303 0.2568181818181 0.105303030303 0.18030303030300002 0.040151515151500006 0.05 0.0909090909091 0.040151515151500006 0.025 0.3507575757576 0.3954545454545 0.05
0.0526315789474 0.0 0.0 0.0 0.0 0.0 0.263157894737 0.1578947368424 0.0 0.0 0.0 0.1578947368424 0.0 0.1052631578948 0.0 0.0 0.0 0.0 0.0526315789474 0.0 0.0 0.105263157895 0.105263157895 0.0
1.0302859874779 0.4746785114944 0.051282051282 0.4014937054317 0.5259860003008 0.2025844525845 0.0877727042112 1.0198576474254 0.2738095238093 0.5115995115999 0.0208333333333 0.8210247071547 0.2323087237469 0.276443875759 0.4527370777367 1.0220595614431 0.5255169741469 0.0 0.5289642815328001 0.06674911212580001 0.08218864468850001 0.4923088073769 0.6915365519822 0.20797825335480002
0.0357142857142 0.21428571428569998 0.0 0.0178571428571 0.0 0.0178571428571 0.0178571428571 0.2678571428573 0.2321428571427 0.125 0.0 0.0357142857143 0.0535714285714 0.30357142857110003 0.1071428571428 0.0535714285714 0.0178571428571 0.0535714285714 0.0535714285714 0.0892857142858 0.08928571428570001 0.07142857142850001 0.0535714285714 0.0892857142858
0.114285714286 0.1714285714288 0.0 0.0571428571428 0.0 0.342857142857 0.0 0.142857142857 0.1714285714284 0.0857142857142 0.0285714285714 0.0857142857142 0.0 0.14285714285700002 0.0857142857142 0.2285714285712 0.0 0.0285714285714 0.0571428571428 0.0 0.0 0.0857142857142 0.114285714286 0.0571428571428
0.0 0.0 0.0 0.0 0.0 0.0 0.0 0.0 0.0 0.0 0.0 0.0 0.0 0.0 0.0 0.0 0.0 0.0 0.0 0.0 0.0 0.0 0.0 0.0
0.7156649594834 0.23156453715780004 0.0792982456141 0.1987179487179 0.4537615224508 0.37628879892059997 0.2202797202795 1.2274810619053 0.12384615384619999 0.3030490175899 0.0 1.0960965380151002 0.23958318517630003 0.8395298278883001 0.26443720121680003 1.0847700084636 0.300349962259 0.0792982456141 0.6010808697693 0.07256410256410001 0.0 0.5959348858098 0.7709486618059 0.1254545454545
0.1311475409836 0.14389799635689998 0.0 0.14389799635689998 0.0327868852459 0.1261384335155 0.0277777777778 0.4667577413484 0.12112932604739998 0.0327868852459 0.0 0.28005464480910003 0.0883424408014 0.12112932604729999 0.0983606557377 0.1261384335155 0.0327868852459 0.0 0.15892531876139998 0.0983606557377 0.0883424408014 0.22449908925319997 0.2144808743169 0.24225865209459999
0.12162397216946 0.11877767235930001 0.00980392156863 0.0 0.1456435800127 0.0125 0.0643659076534 0.37407495256156004 0.11151960784333 0.05171568627453 0.0 0.31285578747686 0.11151960784315999 0.4660578747631301 0.08382352941186 0.09632352941183 0.07671568627453 0.00980392156863 0.08210784313729999 0.180147058824 0.0322580645161 0.1662318153068 0.35252213788785997 0.01960784313726
0.2333333333333 0.0 0.0333333333333 0.0 0.277777777778 0.0555555555555 0.0 0.1333333333333 0.0888888888888 0.0555555555555 0.0 0.1333333333333 0.0666666666667 0.0333333333333 0.166666666667 0.1888888888888 0.0666666666666 0.0 0.0 0.0666666666667 0.0 0.0333333333333 0.0888888888888 0.277777777778
0.97686514402296 0.28817456605053 0.027315368343600002 0.2869355853477 0.9584753486136001 0.19004541738053002 0.0308912297313 0.9056696679206601 0.16529494792223 0.153153315944 0.0 0.7795008987606601 0.17196849710743 0.29859835384962996 0.54446478345223 1.5880970597946 0.37478439102572997 0.06066876097123 0.49202653404433 0.2482613122375 0.13716308641683 0.4014067021669 0.8595702679242301 0.06066876097123
0.5370879120889 0.0999542124542 0.0 0.3545787545789 0.386584249084 0.0560439560439 0.0406593406593 0.4183608058606 0.0 0.08456959706960002 0.065934065934 0.6489010989009001 0.0538003663003 0.3635073260072 0.1867216117214 0.5324175824175001 0.3491300366298 0.0208333333333 0.399542124542 0.197802197802 0.0362179487179 0.5006410256415 0.6590201465207001 0.0076923076923
0.0 0.0 0.0 0.0 0.0 0.0 0.0 0.0 0.0 0.0 0.0 0.0 0.0 0.0 0.0 0.0 0.0 0.0 0.0 0.0 0.0 0.0 0.0 0.0
0.109589041096 0.013698630137 0.0 0.027397260274 0.164383561644 0.0 0.0 0.027397260274 0.0 0.0 0.013698630137 0.246575342466 0.013698630137 0.013698630137 0.0410958904109 0.095890410959 0.013698630137 0.0 0.054794520548 0.013698630137 0.027397260274 0.027397260274 0.0958904109589 0.0
0.0467289719627 0.05607476635522 0.0 0.0 0.018691588785 0.0747663551402 0.0 0.13084112149531998 0.09345794392524001 0.037383177570119996 0.0 0.046728971962640004 0.03738317757 0.08411214953272 0.0654205607477 0.08411214953269999 0.0 0.0 0.01869158878504 0.0467289719627 0.02803738317752 0.037383177570040005 0.0654205607476 0.0280373831776
0.0588235294118 0.2352941176468 0.0 0.117647058824 0.0588235294118 0.0588235294118 0.0 0.0588235294118 0.2941176470586 0.2352941176468 0.0 0.0588235294118 0.1176470588236 0.1176470588236 0.1764705882358 0.0 0.0588235294118 0.0 0.0588235294118 0.176470588235 0.0588235294118 0.0 0.0588235294118 0.0
0.0591341991342 0.0393073593073 0.0133333333333 0.0861471861472 0.0789610389609 0.0 0.0194805194805 0.11142857142849999 0.0064935064935 0.0064935064935 0.0 0.2430303030303 0.0263203463203 0.1842424242426 0.012987012987 0.31108225108250004 0.2040692640695 0.0064935064935 0.19688311688319998 0.0393073593073 0.078961038961 0.09913419913419999 0.17670995671 0.0
0.38432635534079995 0.084165324745 0.0 0.02356414385397 0.29398819108967 0.042082662372499996 0.0 0.32823403113246996 0.0246913580247 0.0308641975308 0.0 0.27042404723563995 0.03703703703707 0.13521202361764 0.1946859903382 0.4095544820179399 0.11277509393437 0.0 0.15877616747171003 0.02356414385397 0.00617283950617 0.1587761674718 0.22275899087477002 0.05834675254957
0.0 0.0 0.0 0.0 0.0 0.0 0.0 0.0 0.0 0.0 0.0 0.0 0.0 0.0 0.0 0.0 0.0 0.0 0.0 0.0 0.0 0.0 0.0 0.0
0.6943179286236301 0.068942167298 0.0 0.24339251327869998 0.6228669515504 0.049008612480730004 0.0493453195232 0.46168448122859995 0.01993355481726 0.0490086124807 0.0199335548173 0.5900906059361001 0.089700996678 0.2744548271096 0.6066346846834301 0.7109503851902299 0.4686868674299 0.00996677740863 0.6115863320595001 0.1187760543411 0.08673660547020001 0.35886746937 0.7153804789578 0.0797342192692
0.134831460674 0.0772018847408 0.0322580645161 0.0224719101123 0.0449438202247 0.0898876404493 0.0 0.3341790503803 0.0645161290322 0.2384922073217 0.0 0.4211670895248 0.0645161290322 0.21203334541479998 0.1123595505618 0.2569771656397 0.067415730337 0.0 0.06741573033699999 0.2189198985145 0.0869880391445 0.1866618339977 0.2667633200435 0.0
0.0 0.0 0.0 0.0 0.0 0.0 0.0 0.0 0.0 0.0 0.0 0.0 0.0 0.0 0.0 0.0 0.0 0.0 0.0 0.0 0.0 0.0 0.0 0.0
0.358974358974 0.179487179487 0.0 0.128205128205 0.15384615384600003 0.025641025641 0.051282051282 0.6589743589750001 0.025641025641 0.151282051282 0.0 0.6358974358980001 0.251282051282 0.202564102564 0.179487179487 0.48717948717900006 0.179487179487 0.0 0.23076923076900002 0.102564102564 0.0 0.510256410257 0.410256410256 0.076923076923
0.5922379032263001 0.126008064516 0.0 0.0791330645161 0.7298387096782 0.1260080645161 0.0645161290322 0.6829637096776 0.046875 0.046875 0.0937499999999 0.6653225806454 0.0 0.3664314516131 0.5216733870981 0.5100806451616 0.2520161290322 0.0 0.2520161290322 0.0645161290322 0.046875 0.3019153225805 0.36643145161319995 0.0645161290322
0.2580097087376 0.1165048543688 0.0 0.1332524271844 0.220631067961 0.1165048543688 0.025 0.44126213592200003 0.025 0.203883495146 0.0 0.6451456310676 0.0 0.1915048543688 0.1415048543688 0.1873786407766 0.0291262135922 0.0582524271844 0.1373786407766 0.0582524271844 0.0 0.2538834951452 0.6701456310680001 0.0873786407766
0.0 0.0 0.0 0.0 0.0 0.0 0.0 0.0 0.0 0.0 0.0 0.0 0.0 0.0 0.0 0.0 0.0 0.0 0.0 0.0 0.0 0.0 0.0 0.0
0.7467141101979999 0.30296427271360005 0.015625 0.21751001092150002 0.51934854256652 0.19329658328559998 0.08749317437206 1.11634217848078 0.03603411513856 0.0957356076761 0.0 0.489391674034 0.0854542617921 0.30012643663214 0.38101581595476 0.8518372315260799 0.07186817437206 0.0 0.32899055463132 0.03603411513856 0.15380414998216002 0.2597409836708 0.69574763378306 0.0149253731343
0.030303030303 0.0151515151515 0.0 0.0 0.045454545454500006 0.030303030303 0.030303030303 0.090909090909 0.136363636364 0.0454545454545 0.0 0.0757575757575 0.0757575757575 0.045454545454500006 0.0454545454545 0.0454545454545 0.060606060606 0.030303030303 0.0151515151515 0.0151515151515 0.060606060606 0.0151515151515 0.0757575757575 0.0151515151515
0.1159420289853 0.0289855072463 0.0289855072463 0.1739130434787 0.0 0.3768115942037 0.0 0.318840579711 0.0 0.086956521739 0.0 0.0579710144926 0.0 0.0289855072463 0.086956521739 0.260869565217 0.0289855072463 0.0289855072463 0.0289855072463 0.0289855072463 0.0579710144926 0.115942028986 0.086956521739 0.0579710144927
0.0 0.0 0.0 0.0 0.0 0.0 0.0 0.0 0.0 0.0 0.0 0.0 0.0 0.0 0.0 0.0 0.0 0.0 0.0 0.0 0.0 0.0 0.0 0.0
0.12145748987840001 0.0479082321187 0.0 0.0654520917679 0.1855600539811 0.025641025641 0.0 0.18218623481770002 0.0701754385964 0.0128205128205 0.0 0.17746288798899998 0.0384615384615 0.1356275303644 0.1761133603242 0.1410256410256 0.0735492577597 0.0 0.15991902833990002 0.1039136302295 0.030364372469600002 0.0958164642374 0.13090418353580002 0.025641025641
0.0967741935483 0.0 0.0 0.010752688172 0.1075268817204 0.0860215053764 0.0215053763441 0.10752688172040001 0.021505376344 0.0 0.0 0.0645161290322 0.0430107526882 0.053763440860200004 0.0752688172043 0.0860215053764 0.0215053763441 0.0 0.021505376344 0.0860215053763 0.0 0.0430107526881 0.0322580645161 0.0215053763441
0.1388888888887 0.25184948072260005 0.0 0.0277777777777 0.2383269312843 0.132771375729 0.0277777777777 0.6497652582158 0.154538341158 0.1186868686868 0.0140845070422 0.4089201877926 0.3730046948367 0.5770450988754 0.0281690140844 0.1533646322377 0.0277777777777 0.0422535211266 0.5409090909096 0.3053208137722 0.0841158059467 0.1186868686868 0.4459026888603 0.14006259780910002
0.08474576271199999 0.0 0.0 0.0 0.135593220339 0.0 0.0 0.0338983050847 0.0677966101695 0.0 0.0508474576271 0.1355932203387 0.0338983050848 0.0 0.0508474576271 0.22033898305080002 0.0 0.0169491525424 0.0847457627118 0.0169491525424 0.0 0.0338983050847 0.0338983050847 0.0
0.62733292511864 0.346653531106 0.0697674418604 0.1457470532016 0.67740078772554 0.10586046373714 0.0954897815362 1.27296147437358 0.22355526893177002 0.22126104489110002 0.00892857142857 0.88510366185937 0.16646652434310003 0.45293586895174004 1.12159846928867 2.00561645491737 0.6983315202083 0.045254403131100004 0.49366134727377003 0.3449786514855 0.1207902061259 0.57127217464797 1.09889142952777 0.20014094432719998
0.4117032392895 0.2470219435739 0.0 0.275862068966 0.29299895506810003 0.0 0.0823406478578 0.5228840125388 0.0459770114942 0.0823406478578 0.0 0.7143155694877998 0.1550679205852 0.5571577847436 0.11870428422149999 0.5956112852662999 0.3293625914315 0.0 0.8083594566346999 0.0363636363636 0.137931034483 0.32936259143220004 0.2566353187041 0.0
0.0 0.0 0.0 0.0 0.0 0.0 0.0 0.0 0.0 0.0 0.0 0.0 0.0 0.0 0.0 0.0 0.0 0.0 0.0 0.0 0.0 0.0 0.0 0.0
0.2637770897833 0.1052631578947 0.0 0.0823529411765 0.0879256965943 0.0 0.0 0.3253869969039 0.0 0.0263157894737 0.0 0.2049535603716 0.0263157894737 0.219504643963 0.1405572755418 0.41888544891670004 0.3489164086697 0.0 0.40092879257080005 0.0235294117647 0.0 0.1114551083591 0.213931888545 0.0
0.1121495327102 0.09345794392510001 0.0 0.130841121496 0.07476635514 0.03738317757 0.0 0.22429906542050002 0.09345794392500001 0.056074766355 0.0 0.1121495327101 0.130841121496 0.242990654205 0.149532710281 0.13084112149510002 0.018691588785 0.0 0.056074766355 0.130841121496 0.03738317757 0.018691588785 0.09345794392510001 0.0560747663551
0.0172413793103 0.0862068965518 0.0 0.0 0.0517241379309 0.0 0.0172413793103 0.1551724137929 0.051724137931 0.0172413793103 0.0 0.0517241379309 0.0172413793103 0.0862068965518 0.0344827586207 0.0517241379309 0.0 0.0172413793103 0.051724137931 0.051724137931 0.0344827586206 0.0862068965518 0.08620689655159999 0.0344827586207
0.0347826086956 0.1043478260869 0.0 0.08695652173900001 0.0521739130434 0.0 0.0173913043478 0.12173913043470003 0.0347826086956 0.0173913043478 0.0 0.278260869566 0.0 0.2260869565222 0.0173913043478 0.1565217391302 0.2086956521741 0.0 0.1913043478259 0.0 0.10434782608689999 0.1217391304347 0.2086956521732 0.0173913043478
0.4958291708296 0.0868131868132 0.0714285714286 0.093056943057 0.31763236763249997 0.07030469530460001 0.3035714285721 0.6611138861143999 0.031843156843100004 0.033241758241700003 0.0 0.379220779221 0.0566933066933 0.23661338661320003 0.15319680319700002 0.2245754245756 0.1602397602398 0.0178571428571 0.3860389610389 0.0854145854147 0.031843156843100004 0.30347152847180003 0.6978021978024 0.1021978021978
0.19607843137199998 0.0392156862745 0.078431372549 0.0 0.0 0.0 0.0392156862745 0.3137254901965 0.11764705882349999 0.0392156862745 0.0 0.431372549019 0.196078431373 0.078431372549 0.0 0.0392156862745 0.078431372549 0.078431372549 0.0392156862745 0.117647058823 0.0 0.0392156862745 0.0 0.078431372549
0.322460688483 0.1628771780705 0.0 0.055248618784599995 0.2753931151722 0.0331491712707 0.0523799405015 0.4108584785382 0.060560985975399995 0.0441988950276 0.0 0.3883340416493 0.0716107097322 0.2177008074797 0.1681895452614 0.5008499787505 0.11294092647689999 0.0 0.30811729706760005 0.0441988950277 0.0990225244369 0.37154696132599996 0.28931151721259996 0.0110497237569
0.22047244094500001 0.1417322834641 0.0 0.0314960629921 0.1732283464563 0.0 0.0157480314961 0.220472440945 0.0157480314961 0.0157480314961 0.0 0.2362204724411 0.0314960629921 0.0787401574804 0.0314960629922 0.18897637795289998 0.0944881889764 0.0 0.0944881889765 0.0629921259843 0.047244094488199995 0.110236220473 0.1889763779529 0.0
0.0 0.0 0.666666666667 0.0 0.0 0.0 0.0 0.0 0.0 0.0 0.0 0.0 0.0 0.0 0.0 0.0 0.0 0.0 0.0 0.0 0.333333333333 0.0 0.0 0.0
0.4435483870973 0.201612903226 0.0 0.403225806452 0.2822580645163 0.322580645162 0.0403225806451 0.5645161290324999 0.0 0.0403225806451 0.0 0.7258064516124999 0.0 0.2822580645151 0.1209677419354 0.4032258064523 0.1209677419354 0.0 0.2016129032252 0.0806451612903 0.0403225806451 0.3629032258066 0.36290322580650003 0.0
0.2146697388634 0.0758787385921 0.0357142857143 0.0509171410499 0.37878377157369997 0.0 0.010752688172 0.2564380590944 0.1470588235291 0.0588235294116 0.010752688172 0.20491099665690002 0.0 0.1036866359447 0.3452832746011 0.35481611999609997 0.18586789554539998 0.0 0.1501536098311 0.09108159392779999 0.040164452877799996 0.1160431914701 0.15745007680489997 0.010752688172
0.0 0.0 0.0 0.0 0.0 0.0 0.0 0.0 0.0 0.0 0.0 0.0 0.0 0.0 0.0 0.0 0.0 0.0 0.0 0.0 0.0 0.0 0.0 0.0
0.0 0.0 0.0 0.0 0.0 0.0 0.0 0.0 0.0 0.0 0.0 0.0 0.0 0.0 0.0 0.0 0.0 0.0 0.0 0.0 0.0 0.0 0.0 0.0
0.7175529364186 0.2138525580794 0.0176991150442 0.0992280173225 0.1504944195195 0.23638719279849998 0.0663627152988 0.8895821140194 0.17683687139389997 0.2696963176156 0.0 0.8416350301864999 0.1129372102822 0.30886031686239995 0.263844071186 0.6342567815537999 0.3333824923885 0.0 0.21672805365080003 0.136243704008 0.06531816266320001 0.36363432588199995 0.5646591530605001 0.3208084407645
0.09836065573769999 0.1311475409836 0.0 0.0327868852459 0.0 0.0327868852459 0.0327868852459 0.327868852459 0.1639344262295 0.0655737704918 0.0 0.1639344262295 0.0655737704918 0.1311475409836 0.0655737704918 0.1311475409836 0.0655737704918 0.0 0.0655737704918 0.0655737704918 0.0655737704918 0.0655737704918 0.1639344262295 0.0655737704918
0.0 0.0 0.0 0.0 0.0 0.0 0.0 0.0 0.0 0.0 0.0 0.0 0.0 0.0 0.0 0.0 0.0 0.0 0.0 0.0 0.0 0.0 0.0 0.0
0.0 0.0 0.0 0.0 0.0 0.0 0.0 0.0 0.0 0.0 0.0 0.0 0.0 0.0 0.0 0.0 0.0 0.0 0.0 0.0 0.0 0.0 0.0 0.0
0.064064064064 0.1304347826087 0.1814092953526 0.21508464986710002 0.3297645471556 0.3208801004901 0.0705052878966 1.0582036309172 0.0689655172414 0.13302958130540002 0.037037037037 0.6409122765951 0.149480815148 0.5609627618622 0.064064064064 1.0212926569743 0.1880576228402 0.027027027027 0.44613579096340006 0.111111111111 0.027027027027 0.4945920433179 0.6599583091331 0.0
0.0266666666666 0.0533333333333 0.0 0.0 0.0 0.0266666666667 0.0 0.1866666666663 0.0266666666667 0.04 0.0 0.09333333333329999 0.08 0.08 0.0399999999999 0.1066666666667 0.0266666666667 0.0 0.0133333333333 0.0133333333333 0.0133333333333 0.04 0.1066666666667 0.0266666666667
0.07317073170720001 0.5 0.0121951219512 0.0 0.0121951219512 0.0243902439024 0.0121951219512 0.1585365853658 0.0487804878048 0.0609756097561 0.0 0.060975609756 0.0853658536589 0.560975609756 0.0121951219512 0.0487804878048 0.0243902439024 0.0 0.0487804878048 0.0243902439024 0.0 0.0975609756098 0.09756097560969999 0.036585365853600005
0.29892473118310003 0.0 0.0 0.0 0.1290322580644 0.16559139784909999 0.0 0.2602150537632 0.2 0.0322580645161 0.0322580645161 0.2989247311823 0.0645161290322 0.0322580645161 0.0 0.7569892473124001 0.0322580645161 0.0666666666666 0.23010752688129998 0.266666666667 0.0 0.1333333333332 0.0 0.0
0.6520585408741 0.1687134502923 0.0 0.1516932482721 0.8802656115810998 0.2687717253505 0.0427272727273 0.48051302498649995 0.0245215311004 0.057679425837199996 0.0 1.4927488447221 0.1026289207868 0.3702975095077 0.2617198298777 0.9013503455609999 0.2512692716638 0.0 0.7598084079659 0.3452830940986 0.035380116959 0.6255686418843 1.1270011859479 0.0
0.2421758569304 0.1236959761551 0.0 0.0227272727273 0.18666169895719997 0.0327868852459 0.0454545454545 0.24217585693000002 0.0327868852459 0.0 0.0227272727273 0.28017883755600004 0.0327868852459 0.34314456035819996 0.0327868852459 0.2548435171386 0.1665424739195 0.0 0.2347242921013 0.16393442623 0.0227272727273 0.2976900149035 0.1538748137109 0.0655737704918
0.0 0.0 0.0 0.0 0.0 0.0 0.0 0.0 0.0 0.0 0.0 0.0 0.0 0.0 0.0 0.0 0.0 0.0 0.0 0.0 0.0 0.0 0.0 0.0
0.280602636535 0.1789077212804 0.111111111111 0.169491525424 0.20338983050870002 0.0 0.0 0.5122410546144 0.111111111111 0.33333333333299997 0.101694915254 0.31450094162 0.0 0.0 0.1789077212804 0.32391713747609996 0.0677966101694 0.111111111111 0.305084745763 0.1450094161957 0.0338983050847 0.1355932203387 0.3822975517891 0.0
0.0483870967742 0.0322580645161 0.0 0.0 0.0 0.0161290322581 0.0 0.1290322580646 0.0645161290322 0.1129032258066 0.0 0.0322580645162 0.1129032258066 0.0967741935485 0.0 0.0967741935484 0.0322580645162 0.0 0.0322580645161 0.0483870967742 0.0483870967742 0.048387096774300004 0.048387096774300004 0.0
0.3166666666666 0.125 0.0 0.0 0.0 0.0 0.0 0.1 0.0333333333333 0.0 0.0 0.1999999999999 0.5 0.1333333333333 0.0 0.19999999999999998 0.0333333333333 0.0 0.0666666666666 0.0 0.19166666666670001 0.0333333333333 0.0666666666666 0.0
0.107738095238 0.08511904761900001 0.0 0.0238095238095 0.036309523809500005 0.0 0.0625 0.145238095238 0.0 0.0 0.0125 0.3452380952384 0.036309523809500005 0.31666666666700005 0.0 0.21904761904750003 0.12142857142850001 0.0 0.160119047619 0.0238095238095 0.025 0.0238095238095 0.23154761904750001 0.0238095238095
0.4492834118525 0.14844036697299998 0.02 0.02 0.23819985122720003 0.0383486238532 0.0550458715595 0.5911133151496 0.07240267790720001 0.0 0.0183486238532 0.5294619390026 0.0583486238532 0.5937565088017 0.0183486238532 0.428623853212 0.0550458715595 0.0 0.259851227374 0.111743119266 0.094054054054 0.3067889908257 0.7106322836601001 0.18216216216199999
0.1219512195122 0.0975609756099 0.0 0.0 0.0 0.0 0.0 0.1463414634148 0.0975609756099 0.0 0.0 0.0487804878048 0.0731707317073 0.0731707317073 0.0487804878049 0.0243902439024 0.0487804878049 0.0243902439024 0.0487804878049 0.0487804878049 0.0 0.0 0.0487804878048 0.0487804878049
