1.1464908747914 0.255209106132 0.0 0.251308900523 0.49624817177930003 0.1256544502616 0.0 1.1072026623142002 0.32515844585279996 0.0314136125654 0.0 0.922017084597 0.0314136125654 0.28272251308859997 0.4122029802662 1.2650232104631998 0.587415477881 0.0 0.4891260571892 0.1327023761577 0.0628272251308 0.2198952879578 0.698899887657 0.157068062827
0.09411764705879999 0.09411764705879999 0.0 0.0470588235294 0.0235294117647 0.0235294117647 0.0470588235294 0.2823529411762 0.0705882352941 0.0235294117647 0.0 0.1176470588235 0.07058823529410001 0.0235294117647 0.0235294117647 0.1411764705887 0.3058823529414 0.0470588235294 0.0 0.0941176470589 0.0235294117647 0.09411764705879999 0.3294117647061 0.0235294117647
0.0 0.0 0.0 0.0 0.0 0.0 0.0 0.0 0.0 0.0 0.0 0.0 0.0 0.0 0.0 0.0 0.0 0.0 0.0 0.0 0.0 0.0 0.0 0.0
0.0 0.0 0.0 0.0 0.0 0.0 0.0 0.0 0.0 0.0 0.0 0.0 0.0 0.0 0.0 0.0 0.0 0.0 0.0 0.0 0.0 0.0 0.0 0.0
0.4139682024663 0.0649253731343 0.0108695652174 0.0733290071383 0.4342066839719 0.0483695652174 0.0125 0.32324789098 0.0616645035691 0.0326086956522 0.0 0.1659717715771 0.040720311486 0.023369565217400003 0.1048101881895 0.5808160285539 0.1624188838417 0.0 0.1955304996755 0.0326086956521 0.0274253731343 0.0274253731343 0.16321382219340003 0.0
0.0229885057471 0.08045977011489999 0.0114942528735 0.0 0.0229885057471 0.0 0.0 0.1379310344829 0.0 0.195402298851 0.0114942528735 0.022988505747 0.0344827586206 0.0459770114942 0.1494252873561 0.0804597701148 0.0229885057471 0.0344827586206 0.0344827586206 0.0114942528735 0.0 0.0 0.0574712643678 0.0229885057471
0.2 0.0 0.0 0.0 0.0 0.0 0.0 0.0 0.0 0.0 0.0 0.0 0.0 0.400000000001 0.0 0.1 0.2 0.0 0.0 0.0 0.0 0.1 1.0 0.0
0.5631105576313 0.0748720077486 0.0455790784557 0.0515151515151 0.08219178082180001 0.1292929292929 0.0 0.5194271481942 0.0444444444445 0.0555555555555 0.0 0.5080669710807 0.1426733084266 0.1515151515152 0.2251141552512 0.5104607721043 0.17739034177359997 0.0181818181818 0.2595821225969 0.0767676767676 0.0181818181818 0.0729763387296 0.225626124256 0.0474747474747
0.031914893617 0.0988583290088 0.0 0.0487804878048 0.0243902439024 0.031914893617 0.0 0.1964193046183 0.5116761805918 0.0913336792941 0.0 0.0212765957446 0.1414115204982 0.0744680851064 0.0425531914894 0.23897249610800003 0.0243902439024 0.0487804878048 0.06382978723409999 0.0669434353918 0.1995329527763 0.031914893617 0.0106382978723 0.0
0.1449275362318 0.1449275362324 0.0289855072464 0.0 0.3623188405797 0.2028985507244 0.0 0.8021739130434999 0.0869565217391 0.0833333333333 0.1 0.1449275362318 0.0 0.48260869565250003 0.18333333333329999 0.24492753623180002 0.0 0.0 0.0289855072464 0.0579710144927 0.1289855072464 0.3115942028994 0.4021739130437 0.0579710144927
0.0 0.0 0.0 0.0 0.0 0.0 0.0 0.0 0.0 0.0 0.0 0.0 0.0 0.0 0.0 0.0 0.0 0.0 0.0 0.0 0.0 0.0 0.0 0.0
0.18257549461990003 0.0531065602221 0.0 0.046511627907 0.0763623741756 0.2919125303711 0.0 0.42797639708439994 0.0531065602221 0.0597014925373 0.0 0.3651509892398 0.0 0.12946893439770002 0.507462686568 0.1825754946198 0.0531065602221 0.0298507462686 0.046511627907 0.0 0.046511627907 0.1228740020827 0.32523429364789996 0.0
0.0816326530612 0.0408163265306 0.0204081632653 0.0204081632653 0.0 0.0204081632653 0.0 0.22448979591850005 0.0 0.0 0.0 0.061224489795900006 0.0408163265306 0.0408163265306 0.0204081632653 0.1428571428571 0.0 0.0 0.0612244897959 0.0612244897959 0.0204081632653 0.061224489795900006 0.0816326530612 0.0
0.244776119403 0.129552238806 0.0 0.0149253731343 0.2 0.0549253731343 0.04 0.39462686567169997 0.214328358209 0.04 0.0 0.3098507462686 0.214328358209 0.1444776119403 0.0 0.1898507462686 0.0549253731343 0.0 0.0698507462686 0.299104477612 0.1044776119403 0.12 0.08 0.08
0.3547619047624 0.0928571428571 0.0 0.0404761904762 0.0476190476191 0.0571428571428 0.0 0.22698412698389997 0.222222222222 0.0238095238095 0.0476190476191 0.2547619047618 0.0555555555555 0.3134920634923 0.309523809524 0.3269841269842 0.1500000000003 0.0674603174603 0.1992063492062 0.0285714285714 0.0404761904762 0.0285714285714 0.1 0.0119047619048
1.7001409244691 0.44503053836850004 0.141265822785 0.6334679167872 0.8849125286619001 0.199574468085 0.0 1.2386080216156001 0.28244809346009997 0.1375214421137 0.0 0.8474843609708 0.0103092783505 0.2603683937611 0.6866508691186 3.8610576408485 0.7297891213273 0.093532757531 0.5129407555627999 0.23047397632959998 0.1622854638108 0.36075716994170004 1.3985377274315 0.1828427286685
0.7464613127978 0.1277777777778 0.0 0.0888888888888 0.3394756142278 0.0 0.037037037037 0.5568573524025 0.1321965529885 0.0 0.037037037037 1.0476347634754 0.0562706270627 0.0351851851852 0.5474697469741999 0.9201136780344998 0.4584158415841 0.0562706270627 0.6337917125041 0.053703703703700006 0.0562706270627 0.1784928492848 0.8906490649066999 0.0
0.0 0.2 0.0 0.0 0.30000000000000004 0.0 0.0 0.1 0.0 0.3 0.0 0.1 0.1 0.1 0.0 0.2 0.1 0.2 0.0 0.0 0.1 0.0 0.2 0.0
0.7821342420648999 0.0 0.0 0.0 0.4146724355785 0.0 0.0 0.6859899682205001 0.0 0.0 0.0 0.2364360378305 0.065206570433 0.1667496266799 0.461538461538 0.1428571428571 0.12643106022900003 0.0 0.1020408163265 0.0 0.0204081632653 0.179193628671 0.6163418463064 0.0
0.0 0.0 0.0 0.0 0.0 0.0 0.0 0.0 0.0 0.0 0.0 0.0 0.0 0.0 0.0 0.0 0.0 0.0 0.0 0.0 0.0 0.0 0.0 0.0
0.0 0.0 0.0 0.0 0.0 0.0 0.0 0.0 0.0 0.0 0.0 0.0 0.0 0.0 0.0 0.0 0.0 0.0 0.0 0.0 0.0 0.0 0.0 0.0
0.6219512195126 0.10975609756089999 0.0365853658536 0.0365853658536 0.0731707317072 0.0 0.0 0.1463414634145 0.10975609756089999 0.0 0.0 0.40243902438990004 0.0365853658536 0.10975609756089999 0.0 0.25609756097549996 0.1463414634146 0.0 0.219512195122 0.0 0.0365853658536 0.0731707317073 0.585365853658 0.0
0.7365205485139 0.12061489948750001 0.0 0.2814451382703 0.17363027197460001 0.162790697675 0.078947368421 0.4270999730303 0.048679542767 0.1912744020082 0.0 0.4350040453917 0.0749953322407 0.2289380329027 0.1534344335417 0.6838889695679 0.0254237288135 0.0 0.2293218264422 0.097359085534 0.09952700039410001 0.1968860859281 0.5309628031442 0.0232558139535
0.117647058824 0.0882352941176 0.0 0.0 0.0 0.0 0.0 0.4117647058817 0.0 0.0 0.0 0.35294117647080003 0.14705882353 0.1176470588235 0.0 0.20588235294100002 0.0 0.0588235294117 0.0294117647059 0.235294117647 0.117647058824 0.0588235294117 0.0294117647059 0.0294117647059
0.37875431121958003 0.046881720430059996 0.17363765469686002 0.02 0.42869141813778 0.112156862745 0.0266666666667 1.00275536142682 0.11419354838766 0.137647058823 0.00666666666666 0.80066139176426 0.39072142064376003 0.5936904037327201 2.01088658956496 1.2668378026818 0.45495256167066 0.0566037735848 0.6239929349719 0.0737634408602 0.0588235294117 1.1100060864288 2.5549081665523996 0.55610062893046
0.0 0.0 0.0 0.0 0.0 0.0 0.0 0.0 0.0 0.0 0.0 0.0 0.0 0.0 0.0 0.0 0.0 0.0 0.0 0.0 0.0 0.0 0.0 0.0
0.0 0.0 0.0 0.0 0.0 0.0 0.0 0.0 0.0 0.0 0.0 0.0 0.0 0.0 0.0 0.0 0.0 0.0 0.0 0.0 0.0 0.0 0.0 0.0
0.1101694915253 0.1078582434514 0.0 0.11864406779718001 0.0932203389831 0.0 0.00847457627118 0.7064714946076599 0.0 0.0 0.0 0.06779661016956 0.00847457627118 0.05932203389837999 0.09938366718017999 0.20955315870556 0.0508474576272 0.0 0.0762711864409 0.0 0.09938366718017999 0.00847457627118 0.17565485362087999 0.0
1.0007319572535 0.17122676035700002 0.1111111111111 0.0833992094861 0.8786195286207998 0.30676328502399997 0.0 1.0454179475928 0.0652173913042 0.32608695652229996 0.0363636363636 0.5669594495686 0.1379446640317 0.1392914653783 0.9517566974091001 1.1081466842342 0.4615429658909 0.0326086956521 0.2501976284582 0.1894085785388 0.2326892109502 0.31166007905119997 0.527638705899 0.0652173913043
0.6184448462927 0.0675313337905 0.0759493670886 0.08230965891360001 0.22579035979280002 0.08866995073879999 0.0 0.5718650620437 0.1814553844232 0.3417721518983 0.0 0.5191120533765 0.12028434245800002 0.4199663278666 1.342582777327 0.2617073018644 0.0675313337905 0.0527530086674 0.08230965891360001 0.0 0.0527530086674 0.276485626988 0.5211697948505001 0.0295566502462
0.0 0.0 0.0 0.0 0.0 0.0 0.0 0.0 0.0 0.0 0.0 0.0 0.0 0.0 0.0 0.0 0.0 0.0 0.0 0.0 0.0 0.0 0.0 0.0
1.4189974061832 0.3116654900861 0.0247933884297 0.20186619846870002 0.3172815260008 0.396313854842 0.0 1.6066641640325998 0.2531768470768 0.0991735537191 0.14968536618 0.6329632176626 0.117030696576 0.6341975059899999 1.1673572937201 1.2467262612085 0.3846717949337 0.0908238902614 0.3520795043753 0.23433373093620002 0.030844155844100003 0.2948414050802 0.8856592095812 0.14885353880559998
0.171770334928 0.1856459330143 0.0315789473684 0.0909090909091 0.0631578947368 0.0631578947368 0.0 0.1717703349281 1.0483253588524999 0.2626794258371 0.0 0.0 0.1263157894735 0.361244019138 0.1263157894735 0.3928229665071 0.10861244019130001 0.167942583732 0.0 0.22105263158 0.2033492822969 0.0454545454545 0.0947368421052 0.0631578947368
0.0 0.0 0.0 0.0 0.0 0.0 0.0 0.0 0.0 0.2 0.0 0.0 0.0 0.0 0.5 0.0 0.0 0.0 0.0999999999999 0.0 0.0999999999999 0.0999999999999 0.0 0.0
0.0 0.0 0.0 0.0 0.0 0.0 0.0 0.0 0.0 0.0 0.0 0.0 0.0 0.0 0.0 0.0 0.0 0.0 0.0 0.0 0.0 0.0 0.0 0.0
1.2637074319989 0.25756764474890004 0.1623295495109 0.5252195330902 0.4389055472272 0.0978260869565 0.190476190476 1.1062861426439 0.233169129721 0.1015742128936 0.0 1.2629935032488 0.0689655172414 0.7971014492758001 0.498500749625 0.8679410294846001 0.389162561576 0.0326086956522 0.42435924894660004 0.1623295495109 0.16045548654230002 0.7018633540376 1.2240486899401999 0.0326086956522
0.35603345280730003 0.148148148148 0.0 0.0322580645161 0.18518518518500002 0.0645161290322 0.0 0.3739545997613 0.21744324970110002 0.05316606929500001 0.0 0.1338112305854 0.3028673835123 0.15949820788500002 0.164277180406 0.180406212664 0.0322580645161 0.0 0.069295101553 0.1433691756271 0.201314217443 0.016129032258 0.1499402628434 0.016129032258
0.219512195123 0.1565040650405 0.0 0.0 0.15650406504050002 0.25 0.0 0.3130081300812 0.3516260162595 0.0487804878048 0.0 0.0 0.17073170731679999 0.0975609756096 0.0487804878048 0.3130081300816 0.0731707317072 0.07317073170720001 0.0487804878048 0.243902439024 0.170731707318 0.0243902439024 0.23983739837419998 0.0
0.3103448275863 0.0258620689655 0.0 0.0172413793103 0.04310344827582 0.0603448275864 0.0 0.04310344827576 0.0 0.00862068965516 0.0344827586207 0.0689655172414 0.0172413793103 0.02586206896546 0.0862068965516 0.13793103448285998 0.0 0.0172413793103 0.043103448275860004 0.0258620689655 0.00862068965516 0.01724137931032 0.00862068965516 0.0
2.18972285548538 0.24288532355687997 0.0 0.14290550170868999 0.9304238697917899 0.0879520229144 0.0 0.97493612924208 0.09893380429080001 0.07004709576128999 0.040064102564000004 0.7591490194896799 0.18081049362480003 0.259037712331 1.96510889688729 2.2416576079201 0.64522108258598 0.0208333333333 0.49339992689289003 0.2102564102565 0.13171376242799 0.24476791055978997 1.04933980503948 0.0208333333333
1.0789062207773 0.1993865260168 0.0761904761904 0.09111584932469999 0.4883252908387 0.0324692327834 0.0 0.8404818015189 0.0175438596491 0.0 0.0324692327834 0.8738936894466 0.0907268170425 0.2054015636103 0.6493771742787 1.2212022593802 0.391306624771 0.0149253731343 0.5705308046236 0.152380952381 0.07056447087859999 0.3409045000559 0.5618972805147 0.0
0.0 0.0 0.0 0.0 0.0 0.0 0.0 0.0 0.0 0.0 0.0 0.0 0.0 0.0 0.0 0.0 0.0 0.0 0.0 0.0 0.0 0.0 0.0 0.0
0.4611111111112 0.1166666666667 0.0416666666667 0.1166666666667 0.1333333333333 0.1527777777778 0.0 0.19722222222230001 0.0416666666667 0.0277777777778 0.0 0.47777777777799996 0.0416666666667 0.18333333333329999 0.0833333333333 0.4222222222219 0.17222222222220002 0.0 0.3138888888889 0.0277777777778 0.0833333333333 0.42222222222209993 0.31666666666629995 0.166666666667
0.0 0.0 0.0 0.0 0.0 0.0 0.0 0.0 0.0 0.0 0.0 0.0 0.0 0.0 0.0 0.0 0.0 0.0 0.0 0.0 0.0 0.0 0.0 0.0
0.0357142857142 0.0 0.0 0.0 0.16071428571409999 0.0 0.0 0.0357142857142 0.41071428571409996 0.0714285714286 0.0 0.0357142857142 0.16071428571430002 0.125 0.0535714285714 0.0535714285714 0.0178571428571 0.19642857142839998 0.0 0.0714285714286 0.3928571428575 0.125 0.0357142857143 0.0178571428571
0.1470588235295 0.0147058823529 0.0147058823529 0.0491886409736 0.18711967545629998 0.0 0.0147058823529 0.29969574036490004 0.0 0.0147058823529 0.0 0.1668356997973 0.0344827586207 0.0933062880325 0.0147058823529 0.2363083164302 0.1673427991886 0.0 0.186612576065 0.0 0.0491886409736 0.0786004056795 0.1470588235295 0.0836713995943
0.3914695945946 0.078125 0.0 0.0625 0.1549831081081 0.0 0.0 0.2892736486486 0.015625 0.0 0.03125 0.08530405405399999 0.125 0.0603885135135 0.447635135135 0.5016891891894 0.0717905405405 0.0 0.12584459459449998 0.03125 0.09375 0.0624999999999 0.3716216216218 0.0
0.0416666666666 0.0833333333334 0.0 0.0 0.0833333333334 0.0416666666666 0.0 0.062499999999900004 0.0 0.0 0.0 0.0833333333332 0.145833333334 0.062499999999900004 0.062499999999900004 0.062499999999900004 0.0 0.0 0.062499999999900004 0.0208333333333 0.0 0.062499999999900004 0.0833333333334 0.0416666666666
0.9719891088295 0.0725623582766 0.1857216004687 0.23937212425409998 0.7381062457356999 0.0408163265306 0.056689342403600004 1.0969886649732998 0.1078528498777 0.06853924365450001 0.0204081632653 0.9610791179396 0.0761068181317 0.5334554116040999 2.1848019299618002 1.3441208198499 0.34850186029069996 0.10686216234059999 0.6123688226722 0.0521541950113 0.056689342403600004 0.26029232028960003 0.7549095846712 0.10961158657
0.2481036662452 0.0891276864728 0.0 0.0176991150442 0.1068268015171 0.1419089759798 0.0176991150442 0.3198482932998 0.3204804045518 0.0711125158027 0.0 0.1061946902654 0.1248419721871 0.10619469026549999 0.106826801517 0.2661188369154 0.2658027812895 0.0 0.1419089759798 0.0884955752213 0.0714285714286 0.1061946902654 0.2654867256637 0.0176991150442
0.0 0.0 0.0 0.0 0.0 0.0 0.0 0.0 0.0 0.0 0.0 0.0 0.0 0.0 0.0 0.0 0.0 0.0 0.0 0.0 0.0 0.0 0.0 0.0
0.16666666666649999 0.0333333333333 0.0 0.2 0.3000000000002 0.0666666666666 0.0333333333333 0.5000000000008 0.0 0.0 0.0 0.46666666666559997 0.0333333333333 0.0999999999999 0.0666666666666 0.6333333333328 0.3333333333335 0.0 0.19999999999959997 0.166666666667 0.0333333333333 0.2000000000003 0.46666666666620005 0.0
0.5895767195767 0.3318342151677 0.0 0.16560846560800002 0.2273368606699 0.1042857142856 0.0 0.3197883597881 0.10754850088170001 0.1137742504408 0.0214285714285 0.8902998236326999 0.1166313932979 0.2028571428571 0.5366313932983 0.7653791887128999 0.1780599647265 0.0 0.0861199294532 0.147142857143 0.19 0.1413227513225 0.742945326279 0.0214285714285
0.039682539682500004 0.0079365079365 0.0079365079365 0.015873015873 0.0238095238095 0.0 0.0079365079365 0.0714285714286 0.031746031746 0.015873015873 0.0 0.1587301587303 0.015873015873 0.111111111111 0.2142857142858 0.0317460317461 0.0079365079365 0.0 0.0476190476191 0.0079365079365 0.0 0.0793650793653 0.10317460317449999 0.0
0.0 0.0 0.0 0.0 0.0 0.0 0.0 0.0 0.0 0.0 0.0 0.0 0.0 0.0 0.0 0.0 0.0 0.0 0.0 0.0 0.0 0.0 0.0 0.0
1.5702323563229998 0.26000567637885996 0.08560368947676 0.087912087912 0.34148952898936 0.2034043486507 0.00925925925926 0.9357763715157601 0.45429055816496006 0.1416916416915 0.0 0.69509008857526 0.40858469907786 0.5088383838383199 1.4605152932618 1.14408218281446 0.45937083260996003 0.0 0.35245489382812006 0.12668350168346 0.182242639989 0.66648883198148 0.6357040520781001 0.27027908189850003
0.0 0.0967741935483 0.0 0.0 0.0 0.0322580645161 0.0 0.0322580645161 0.225806451614 0.0645161290322 0.0 0.0 0.0322580645161 0.1290322580644 0.0322580645161 0.0 0.0 0.0322580645161 0.0967741935483 0.0322580645161 0.129032258065 0.0322580645161 0.0322580645161 0.0
0.0 0.0 0.0 0.0 0.0 0.0 0.0 0.0 0.166666666667 0.666666666666 0.0 0.0 0.0 0.0 0.0 0.0 0.0 0.166666666667 0.0 0.0 0.0 0.0 0.0 0.0
0.0 0.0 0.0 0.0 0.0 0.0 0.0 0.0 0.0 0.0 0.0 0.0 0.0 0.0 0.0 0.0 0.0 0.0 0.0 0.0 0.0 0.0 0.0 0.0
0.64864864865 0.0 0.0 0.0405405405405 0.0 0.0 0.0405405405405 0.68918918919 0.0 0.0 0.0 0.1216216216215 0.081081081081 0.0405405405405 0.202702702703 0.6081081081075 0.1216216216215 0.0 0.1621621621615 0.0405405405405 0.0 0.0 0.202702702702 0.0
0.329670329671 0.065934065934 0.0 0.0 0.131868131868 0.098901098901 0.0 0.527472527474 0.032967032967 0.032967032967 0.0 0.296703296703 0.032967032967 0.197802197802 0.065934065934 0.065934065934 0.065934065934 0.032967032967 0.131868131868 0.098901098901 0.098901098901 0.098901098901 0.32967032967 0.263736263736
0.5745192307689 0.24416208791240002 0.1875 0.0752060439561 0.09065934065919999 0.0889423076923 0.0 0.6672390109885 0.5597527472524 0.1085164835164 0.0 0.2822802197801 0.2668269230772 0.4337225274725 0.1016483516483 0.1929945054944 0.12190934065919999 0.032967032967 0.13736263736260002 0.414835164835 0.21291208791219998 0.6033653846163 0.5477335164837 0.0549450549451
0.6776859504126 0.0165289256198 0.0 0.0165289256198 0.0661157024792 0.0330578512396 0.0 0.0661157024792 0.0165289256198 0.0 0.0495867768594 0.082644628099 0.0165289256198 0.08264462809920001 0.0661157024794 0.347107438017 0.082644628099 0.0165289256198 0.115702479339 0.0165289256198 0.049586776859399995 0.0165289256198 0.16528925619840001 0.0
1.7895670375795 0.21438739235357002 0.0729927007298 0.18737360838189002 0.25938776603045 0.11370919053187001 0.017460675848560002 1.1404934643532099 0.16797275642356999 0.00970873786407 0.0 0.5139378797484 0.07650315570358 0.17549341626363002 0.32905821591411005 1.24647177419007 0.26675279612969005 0.00704225352112 0.25051789212377 0.35615265437779997 0.02716941371263 0.31654870754023995 0.33239198385644997 0.12890652682280002
0.17391304347800002 0.0260869565217 0.0086956521739 0.0173913043478 0.0782608695651 0.0173913043478 0.0 0.1565217391306 0.0260869565217 0.0 0.0 0.2 0.0 0.0260869565217 0.6869565217408 0.20869565217390004 0.0347826086956 0.0173913043478 0.1217391304346 0.0086956521739 0.0086956521739 0.1043478260871 0.0782608695651 0.0
0.0 0.0 0.0 0.0 0.027027027027 0.0 0.0 0.027027027027 0.0810810810811 0.08108108108100001 0.0 0.027027027027 0.0810810810811 0.2432432432431 0.0810810810811 0.0 0.0 0.054054054054 0.0810810810811 0.054054054054 0.054054054054 0.027027027027 0.027027027027 0.054054054054
0.34695115785159997 0.09090909090900001 0.0 0.038923719958160005 0.29076920484056 0.0 0.00862068965516 0.24180908079672003 0.0 0.0 0.0 0.33680520443558 0.030303030303 0.17071156503852 0.18307378568819999 0.23709845956779999 0.07118178447426 0.0 0.17453736474886 0.0647857889237 0.00862068965516 0.39626521050366004 0.2548707317892 0.0537634408602
0.0689655172413 0.1149425287355 0.0 0.0459770114942 0.16091954023010002 0.0 0.0459770114942 0.1379310344826 0.0459770114942 0.0 0.0 0.1379310344826 0.0689655172413 0.2298850574713 0.0919540229884 0.2298850574716 0.1149425287357 0.0689655172413 0.0229885057471 0.16091954023 0.0689655172413 0.0689655172413 0.0919540229886 0.0229885057471
0.0 0.0 0.0 0.0 0.0 0.0 0.0 0.0 0.0 0.0 0.0 0.0 0.0 0.0 0.0 0.0 0.0 0.0 0.0 0.0 0.0 0.0 0.0 0.0
0.5801771871545001 0.0798449612403 0.0333333333333 0.0798449612403 0.1596899224806 0.0 0.0 0.1798449612402 0.19523809523799998 0.046511627907 0.0 0.9146179401996001 0.6380952380946001 0.19302325581389998 0.2860465116279 0.5720930232558 0.49224806201540006 0.0 0.246511627907 0.0 0.0999999999999 0.5168327796232 0.6860465116287001 0.0
0.82753414741371 0.0251046025104 0.0521739130435 0.18377580953241002 0.28615892759672 0.07263450518461001 0.0666666666667 0.7306860560308099 0.1188546025103 0.0681856770359 0.0 0.61120781790072 0.2499270435391 0.42207018222051007 1.0358538369417 0.8176810457227099 0.22489217603519998 0.0 0.57224812018712 0.0719796025104 0.046875 0.7720669607677001 0.7350551058154 0.00836820083681
0.0 0.0 0.0 0.0 0.0 0.0 0.0 0.0 0.0 0.0 0.0 0.0 0.0 0.0 0.0 0.0 0.0 0.0 0.0 0.0 0.0 0.0 0.0 0.0
1.2879352969308 0.125460048426 0.1754662446854 0.2052058111381 0.5971065375303 0.21692530665300003 0.0211864406779 1.0327180606671 0.2291262038571 0.1893378440688 0.0211864406779 1.5940246134490998 0.0440435835351 0.9200655708997 3.6733916417192 1.612728239479 0.5282808716707 0.1312169312169 1.3184921976562 0.0326150121065 0.15332929782080001 0.5038509275319001 1.1265440584056 0.2597628191958
0.08855799373032 0.0830721003137 0.0 0.0172413793103 0.07758620689646 0.0 0.0 0.08855799373025999 0.18495297805598 0.08855799373050001 0.0 0.08620689655161999 0.054075235109760006 0.15987460815046 0.2343260188086 0.13949843260188 0.03448275862062 0.0454545454545 0.03448275862062 0.0603448275864 0.1026645768024 0.21081504702302 0.1865203761757 0.0227272727273
0.0 0.0 0.0434782608696 0.0 0.0 0.0434782608696 0.0 0.260869565218 0.0434782608696 0.130434782609 0.0 0.0434782608696 0.0 0.0 0.21739130434759998 0.0 0.0434782608696 0.0869565217391 0.0434782608696 0.0 0.0434782608696 0.0 0.0 0.0
0.2072538860101 0.233160621762 0.0259067357513 0.310880829015 0.5181347150251 0.0259067357513 0.0259067357513 0.6476683937826999 0.0777202072538 0.0259067357513 0.0 0.38860103626979997 0.0 0.0518134715026 0.103626943005 0.3108808290156 1.0103626943008 0.0 0.2590673575123 0.0777202072538 0.0 0.2072538860105 0.4404145077726 0.0518134715025
0.6673896863368 0.0467836257309 0.0233918128655 0.10194045720360001 0.4089526847421 0.056549707602199996 0.0151515151515 0.32534290271120003 0.0736948431685 0.11994152046779999 0.02 0.3579213184472 0.08 0.26380116959050004 0.6763530037218001 0.4849760765552001 0.1160287081339 0.11217437533219998 0.1517065390748 0.1854598617756 0.1136948431685 0.2071982987776 0.3646996278572 0.0268474215842
0.25867780498364 0.08576984012674001 0.0 0.0283018867924 0.10823851361068 0.10463776465503999 0.0 0.31528157856844 0.05300302462909999 0.3852801382683 0.0 0.45815929713404 0.0660377358493 0.22504680973643998 0.3288203946414 0.2200777761773 0.02470113783664 0.11047097796338001 0.08937058908241999 0.104637764655 0.03996831340914 0.2389457007056 0.62300158432984 0.13157136684464
0.0 0.0 0.0 0.0 0.0 0.0 0.0 0.0 0.0 0.0 0.0 0.0 0.0 0.0 0.0 0.0 0.0 0.0 0.0 0.0 0.0 0.0 0.0 0.0
1.208811918656 0.3430453483516 0.1263830388801 0.16360559316515 0.37345791992255006 0.19284073223155 0.0 0.62275638141795 0.16378601924754999 0.0751464180064 0.0 0.7579706301114 0.15413936653405 0.6856069275279499 2.33780191247775 0.6954733953755999 0.37345791992275 0.12972071339980001 0.59761133202385 0.5847676732071 0.0737382804535 1.3314196169388999 0.8551942064057 0.15326465574725
0.1804347826087 0.2264492753624 0.0 0.039492753623200004 0.1289855072464 0.0644927536232 0.0 0.3789855072464 0.5949275362335 0.13949275362320002 0.0 0.2144927536231 0.1789855072464 0.40398550724629995 0.1974637681159 0.2329710144927 0.0 0.0999999999999 0.039492753623200004 0.2079710144928 0.2434782608695 0.252898550724 0.175 0.0
0.34090909090829996 1.36363636364 0.113636363636 0.0 0.1704545454541 0.738636363638 0.0 0.5521064301567999 0.7746674057649999 0.2736973392456 0.0 0.232954545454 0.0975609756097 0.232954545454 1.2924057649641 0.6804323725042 0.0568181818181 0.2305986696229 0.1600609756097 0.0625 0.0487804878048 0.2930986696229 0.2840909090911 0.0
0.0 0.0 0.0 0.0 0.0 0.0 0.0 0.0 0.0 0.0 0.0 0.0 0.0 0.0 0.0 0.0 0.0 0.0 0.0 0.0 0.0 0.0 0.0 0.0
1.5107243267146 0.0735055083979 0.0265486725663 0.10818132562760001 0.4402432482701 0.3859490698946 0.1542728833706 0.8899156016925001 0.0530973451327 0.1531515260969 0.0 0.8600028573045999 0.2062488712303 0.33820243194329996 0.9352173573160999 1.5722803716655003 0.1624000280338 0.1061946902654 0.5475592958087 0.0612244897959 0.1481323740695 0.44049932745489995 0.7202537070842 0.106194690266
0.157894736842 0.0 0.0 0.0394736842105 0.19736842105250002 0.078947368421 0.0394736842105 0.7499999999995 0.078947368421 0.078947368421 0.0 0.355263157895 0.1184210526315 0.23684210526300004 0.1184210526315 0.1184210526315 0.1184210526315 0.0 0.078947368421 0.0394736842105 0.0 0.0394736842105 0.1578947368425 0.197368421053
0.54968553459 0.3198113207547 0.0283018867924 0.198113207548 0.0333333333332 0.0283018867924 0.0 0.5607288198283 0.2515723270439 0.0899371069181 0.0 1.1810025897158 0.1616352201258 0.2814465408805 0.4368109507945 0.28144654088050003 0.0566037735848 0.1399371069182 0.10157232704390001 0.3015723270443 0.1116352201257 0.3487606363302 0.5094894561593 0.0283018867924
0.8808203991126 0.0698447893569 0.0227272727272 0.120288248337 0.1707317073174 0.1186252771616 0.0 0.2893569844796 0.0 0.0243902439024 0.0731707317072 0.24223946784879996 0.0698447893569 0.0454545454545 0.2616407982271 0.5803769401333 0.0487804878048 0.0243902439024 0.3120842572055 0.0731707317072 0.0471175166296 0.1690687361418 0.3558758314863 0.0
3.0932305203234396 0.38499342844260004 0.0461538461538 0.36018907804617 1.02026385989371 0.26270950600944 0.0 1.37773671202164 0.1606376729032 0.1448826605965 0.0436781609195 0.8017901903129401 0.17274242715097 0.55310301204285 4.53472426479454 2.83557823217677 0.76619282483674 0.0 1.0724377313801499 0.2509667287494 0.23535020431610001 0.86389606882127 0.8759989530408999 0.1427439170784
2.10445138157298 0.14429276387058002 0.02315144217608 0.18472464427479998 0.26080148735846 0.0318194454974 0.0305810397553 0.56456807189446 0.021913036433879998 0.047109965375099996 0.0 0.769590753683 0.021913036433879998 0.2426036681512 2.5716706192227003 0.7514485028912601 0.24346548071578 0.0458715596329 0.6699328174509801 0.1330932175233 0.021913036433879998 0.30871853375716 0.6865173114852801 0.11984818441058
0.0 0.0 0.0 0.0 0.0 0.0 0.0 0.0 0.0 0.0 0.0 0.0 0.0 0.0 0.0 0.0 0.0 0.0 0.0 0.0 0.0 0.0 0.0 0.0
2.3894293228508 0.0 0.0 0.1571342564721 0.353853100542 0.0227272727273 0.0331125827814 0.4630295636744 0.0526315789474 0.0662251655628 0.0 0.1344069837447 0.0331125827814 0.2513070756362 0.8038356728671001 0.8065528058561999 0.07856712823590001 0.105263157895 0.2895845875981 0.105263157895 0.16431128996480002 0.0662251655629 0.4714582211093 0.1519693272917
0.0816326530612 0.0612244897959 0.0204081632653 0.0408163265306 0.0 0.0204081632653 0.0 0.22448979591850005 0.1020408163265 0.0 0.0 0.1020408163265 0.0408163265306 0.346938775511 0.1428571428573 0.2040816326532 0.061224489795900006 0.0408163265306 0.0204081632653 0.183673469388 0.12244897959180001 0.0816326530613 0.061224489795900006 0.0408163265306
0.4037267080743 0.2577639751556 0.0910973084885 0.047619047619 0.0910973084885 0.0652173913043 0.0 0.35093167701839995 0.2753623188409 0.2691511387163 0.0 0.4472049689438001 0.0652173913043 0.3623188405798 0.9544513457558 0.2474120082816 0.2836438923398 0.5072463768128 0.2298136645962 0.195652173914 0.3426501035194 0.1563146997928 0.24741200828139998 0.108695652174
0.4945280437759 0.060419516643800006 0.0310077519379 0.2400820793438 0.060419516643800006 0.0588235294117 0.0 0.46032831737339996 0.21226630186960002 0.060419516643800006 0.0 0.8912448700417 0.235294117647 0.124031007752 0.0294117647059 0.18445052439550003 0.3100775193799 0.0310077519379 0.4961240310089 0.0620155038759 0.0 0.186046511628 0.7425900592787 0.0294117647059
1.9147223844780001 0.150803375535 0.049566979915199996 0.22484611729169998 0.5000119361213999 0.1022203795834 0.0401234567901 0.7391689028244 0.0399235267656 0.061712728902999996 0.0242914979757 1.5477362773772998 0.0493670498906 0.3296001250307 2.9317015164080003 0.9417817569815 0.08618849074439999 0.0277777777778 0.6508337753421 0.0364372469635 0.1014363256441 0.6498193915721 0.7200819265488999 0.0798470535311
0.243902439024 0.0731707317072 0.0 0.0487804878048 0.0487804878048 0.07317073170720001 0.0 0.14634146341440002 0.0 0.0 0.0 0.29268292683 0.2195121951214 0.1951219512204 0.0 0.0975609756096 0.0487804878048 0.0 0.0975609756096 0.0975609756098 0.07317073170720001 0.0487804878048 0.0975609756096 0.0975609756098
1.74873762807072 0.40488399042191997 0.13430730571729999 0.32369626700562004 1.2620579301267398 0.0801268185555 0.09551811081752001 1.23163009127232 0.19536257441642002 0.23811713924391997 0.009900990099 1.41075571787342 0.12497153905229999 1.0524720810799 4.0603802352736205 1.5941997838771 0.80683193281894 0.090487859106 1.3891310256868201 0.1630833801075 0.1271103989012 0.71712009975942 1.59534283745946 0.14377426325542
0.5521951219522 0.20634146341459997 0.0 0.11317073170729999 0.432682926829 0.12975609756099998 0.0731707317073 0.3892682926828999 0.2829268292683 0.06 0.0 0.36926829268320005 0.056585365853599995 0.352682926829 0.6985365853666 0.2760975609755 0.0731707317073 0.04 0.2395121951219 0.146341463415 0.1565853658536 0.6321951219506 1.6829268292673 0.0365853658536
0.0 0.0 0.0 0.0 0.0 0.0 0.0 0.0 0.0 0.0 0.0 0.0 0.0 0.0 0.0 0.0 0.0 0.0 0.0 0.0 0.0 0.0 0.0 0.0
0.2578125 0.03515625 0.0 0.046875 0.2109375 0.0937500000003 0.0234375 0.2343749999999 0.03515625 0.0234375 0.0 0.3281250000003 0.046875 0.1171875 0.0703125 0.3046875000003 0.26953125 0.0 0.19921875 0.0820312500003 0.03515625 0.22265625 0.25781249999989997 0.1054687500003
2.5986131385172997 0.0962190725584 0.0458015267175 0.3029717310787 0.88029036999994 0.05424976616471 0.0375939849624 0.68844181879622 0.27025448659912 0.31943751096522 0.11670655364291 1.2291359091634002 0.0463446278248 0.58648356685412 1.63768280971361 1.3573741601938099 0.47745262334290994 0.049423722057920005 0.2727904797248 0.1629952406387 0.14827116617381 0.28546047689051 1.278768775458 0.05723648196611
0.7206086565347001 0.1571710770795 0.1120303545927 0.0919243482172 0.7390717596673001 0.1019773514052 0.0451407224862 1.5450331514401001 0.214007705998 0.36769739286899994 0.0116959064327 2.0600442019206 0.31434215415940003 0.5718476793994 1.4849107160319 0.8074087112986 0.2140077059985 0.0451407224862 0.4062665023767 0.10033444816 0.0116959064327 0.44812141837349995 1.294099239177 0.1354221674587
0.111111111111 0.0 0.0555555555556 0.0 0.0 0.0 0.0555555555556 0.0555555555556 0.0 0.0 0.0 0.22222222222260002 0.0 0.0 0.0 0.0 0.0 0.0 0.0 0.0 0.0 0.0555555555556 0.444444444444 0.0
1.19456709994861 0.34816592275612 0.0302114803625 0.22015477293719998 0.5602029731784199 0.1368214396039 0.0185185185185 0.78840461111922 0.4815095621506 0.2007354511885 0.00478468899521 1.0697857892012999 0.24082198462052 0.35276748510171 2.3131270568657003 1.33871186556912 0.61760599047161 0.17671159573681 0.94748366154861 0.23768977205131003 0.02467511817171 0.47637492216951005 1.04879218324052 0.1713760544974
0.4251700680264 0.22448979591789997 0.0 0.0136054421769 0.48979591836840003 0.0510204081632 0.0 0.3367346938776 0.5952380952384 0.31292517006730003 0.0 0.2278911564625 0.2585034013595 0.3911564625848001 0.7346938775521 0.5748299319725 0.078231292517 0.23129251700700001 0.6802721088433001 0.353741496599 0.2244897959177 0.33333333333290005 0.3979591836738 0.0646258503401
0.06447597709729999 0.0741847149614 0.0485436893204 0.03534976350506 0.03534976350506 0.0679611650488 0.0 0.16462642465195998 0.38982151941169996 0.68529402214416 0.0 0.5385156562863 0.15765604874919997 0.28312281499248004 0.28967107185749996 0.34867032503152007 0.00970873786406 0.14794731088516 0.17084997456450002 0.0 0.1382385730211 0.29176001991606 0.048543689320359996 0.00970873786406
0.0 0.0 0.0 0.0 0.0 0.0 0.0 0.0 0.0 0.0 0.0 0.0 0.0 0.0 0.0 0.0 0.0 0.0 0.0 0.0 0.0 0.0 0.0 0.0
1.6615934137230899 0.40371880925679005 0.04300827299728 0.2923808752628 0.41290165476119 0.4119438779261 0.080992855383 0.8779078808695999 0.2582895882999 0.36664791649779993 0.055740330130500004 1.3736694339626 0.29762197894109 0.96444078169039 0.9136068973406 1.21961042415017 0.4899909832348 0.0707779241155 0.7149111905007901 0.092225609756 0.050505050505 0.78398096924729 2.0504576235505 0.11307565789499
0.2221374045803 0.1547480165799 0.0152671755725 0.0090909090909 0.17994448299819998 0.0243580846634 0.0152671755725 0.3992197610514 0.3281692518334 0.1731755350075 0.0 0.1916030534351 0.10894648986239999 0.22841495207900003 0.1640846259166 0.3020818875779 0.0701596113809 0.158255340698 0.6600521409697999 0.13088133240810002 0.14857175009839999 0.1091921901081 0.1638389256707 0.0425399028452
0.8031698436496 0.3781395016772 0.0186335403726 0.070678946241 0.18489326765199998 0.2297137145714 0.0443349753694 0.7638180909538 0.3630327693294 0.0295566502462 0.0 0.897465552938 0.1111587063609 0.5077746840864 0.445919897195 0.3742842864281001 0.10023559648720001 0.0295566502462 0.423117012922 0.2737202827153 0.1297922467337 0.28978367958859996 0.4497751124435 0.0814449917898
1.7670737664858 0.0623351245725 0.0 0.1666829506595 0.2217879824131 0.460967269174 0.0 0.6942843185152 0.10727894479719999 0.0623351245725 0.0695652173912 0.32320468979 0.14206155349279997 0.0695652173912 0.26380068392739997 0.8551050317544 0.5233023937479 0.0347826086956 0.2638006839276 0.26380068392739997 0.10727894479719999 1.1872984855886 0.3536883243776 0.0
2.00604968425291 0.26662279584262 0.01041286079649 0.4379208875528 1.20805651865791 0.27744487268471996 0.09837064271899 1.5332357979860298 0.12385413834680001 0.36303027528569 0.0 1.48534842071422 0.09294413368719001 0.52993668481091 6.388750457597049 2.64584703987479 0.7348975645661 0.03061488099849 1.61245141639874 0.21391939534367 0.30591901450068 0.6568003560290301 1.90096888994709 0.07660327141176
2.1319248153339 0.2522685693743 0.0182926829268 0.23848311454510002 0.32878122736150006 0.1038846154174 0.0473092264434 1.2644330668159 0.2443018425823 0.0625930692381 0.0321715817694 1.0428783811522002 0.08559193249060001 0.2754136307473 2.6250238785536997 1.4270654125231 0.4673142263049 0.0335765257215 0.9965761942053 0.25075811720860003 0.0625930692381 0.5272315415591 1.426655229709 0.05487804878039999
0.0 0.0 0.0 0.0 0.0 0.0 0.0 0.0 0.0 0.0 0.0 0.0 0.0 0.0 0.0 0.0 0.0 0.0 0.0 0.0 0.0 0.0 0.0 0.0
0.3642708642707 0.126621126621 0.047619047619 0.230769230769 0.4365904365915 0.1607266607265 0.1288981288985 1.2461637461646 0.0611325611325 0.1424116424115 0.0 0.531185031186 0.1131076131075 0.6584496584491001 0.4727749727745 1.0964755964752 0.4272349272351 0.047619047619 0.5409860409856 0.051975051975000006 0.1380556380555 2.142411642413 0.782546282547 0.051975051975000006
0.29850746268760003 0.1492537313431 0.0 0.119402985075 0.0597014925372 0.0597014925372 0.0 0.4477611940297 0.0597014925372 0.0597014925372 0.0 0.7164179104474999 0.0597014925372 0.29850746268609996 0.1492537313431 0.32835820895560003 0.23880597014889998 0.0 0.1194029850744 0.0298507462686 0.119402985075 0.14925373134300002 0.3582089552242 0.1791044776122
0.665501562944 0.2130718954248 0.0261437908497 0.082693947144 0.1219096334186 0.11310031258869999 0.1000284171639 0.37848820687679996 0.1480534242682 0.1219096334185 0.0 0.4481386757598 0.0392156862745 0.4177038931513 0.7658141517476 0.6004262574593 0.3566069906225 0.1957658425689 0.23927252060219997 0.143790849674 0.2480534242682 0.1219096334185 0.3827791986355 0.0696220517192
0.40506329113920003 0.151898734177 0.0253164556962 0.0506329113923 0.0759493670885 0.0 0.329113924051 0.7341772151888 0.3037974683552 0.07594936708859999 0.0 1.5696202531654 0.1012658227847 0.151898734177 0.0759493670885 0.4303797468357 0.17721518987340001 0.0 0.3797468354442 0.0 0.0506329113923 0.151898734177 0.7594936708854 0.0
2.6744519432114 0.1100105770783 0.02365500797765 0.26064541051349005 0.48490689299001 0.0605509294895 0.17634227402021 1.1417361752979098 0.05687641468724999 0.12512435495664 0.0 1.37533348971806 0.12811820590944 0.40098955680473003 1.7710120395951499 1.82026220056109 0.28771555984739 0.00413223140495 0.48323237180268996 0.1804185900404 0.08324850632845 0.8086873819558 1.4520620853054402 0.0904878005056
0.18391911410670003 0.1194029850745 0.0597014925373 0.0298507462686 0.1516610495906 0.129032258065 0.0298507462686 0.42272508425579997 0.0597014925372 0.0645161290322 0.0 0.1815117958591 0.14925373134359998 0.11940298507449999 0.1516610495906 0.43235435724550003 0.0298507462686 0.0 0.0 0.0597014925373 0.0298507462686 0.0621088107847 0.2484352431395 0.2855079441513
1.9705447590274 0.41603779178789996 0.152000214869 0.23748417056069998 1.508976817013 0.398615384616 0.09834647614950001 1.7392405800549002 0.19538054430389998 0.5201360120326 0.0280001074344 1.8280843109119 0.3091688984079 1.4588722695648 1.6896867919649001 1.9699206859339002 0.5612165513073999 0.109519660507 1.5177995981488 0.319308659218 0.30956720597270004 0.8553418793256999 1.7084041547434 0.09834647614950001
0.276842105263 0.11894736842100001 0.0 0.0263157894737 0.138947368421 0.157894736842 0.0263157894737 0.5073684210530001 0.2905263157893 0.1726315789473 0.0 0.20421052631609998 0.1263157894737 0.1842105263161 0.1715789473683 0.2242105263156 0.0526315789474 0.0663157894737 0.177894736842 0.15157894736799998 0.1526315789474 0.2515789473684 0.41473684210529993 0.10631578947380001
0.0 0.0 0.0 0.0 0.0 0.0 0.0 0.0 0.0 0.0 0.0 0.0 0.0 0.0 0.0 0.0 0.0 0.0 0.0 0.0 0.0 0.0 0.0 0.0
0.6474820143874 0.3561151079134 0.0647482014388 0.2589928057552 0.3561151079146 0.25899280575579997 0.0323741007194 1.2625899280583999 0.0323741007194 0.0323741007194 0.0 1.1330935251799998 0.161870503597 0.2913669064752 0.2589928057552 0.9388489208646 0.3884892086326 0.0647482014388 0.517985611511 0.129496402878 0.0323741007194 1.0359712230228 0.6798561151083999 0.0647482014388
1.1877783086969 0.0749314008302 0.038626609442 0.1371047153962 0.8742069125988001 0.2639470388151 0.026700421273300003 1.2151215670169 0.1650143168118 0.2280195294731 0.0662763790272 0.5422738788326 0.1158339889429 0.4567285754278 0.7964139817715 1.2188224180325997 0.3913700500947 0.0560541032644 0.7388204543728999 0.20781560154860002 0.2845282487868 0.6128214753856001 1.1583014533212999 0.1424885708332
0.42115630848019997 0.3708263567415 0.0140845070422 0.0630355559932 0.3433467940506 0.2521422239729 0.0140845070422 1.0427459864088 0.1052890771199 0.4634098296062 0.0630355559932 1.8956958534364 0.20988870284619998 0.6021865458483999 0.5317640106386999 0.6451295183686999 0.0281690140845 0.1891066679797 0.2870087658817 0.0771200630355 0.0771200630355 0.3151777799663 0.9603072983347 0.0281690140844
0.0357142857142 0.0 0.0357142857142 0.0357142857142 0.0357142857142 0.0 0.107142857143 0.0714285714284 0.0 0.0 0.0 0.1071428571427 0.0 0.0357142857142 0.0 0.0357142857142 0.0 0.0 0.0357142857142 0.0 0.0357142857142 0.1071428571427 0.3214285714295 0.0
2.0536359435204 0.5767815054027999 0.1233245244387 0.43341813453250005 0.7677834307183 0.404270974693 0.0445682451253 1.4483924050763999 0.18463319796869998 0.44186594381520006 0.034188034188 1.7478939004356 0.23909663340389997 0.9235924829062 1.8115978748118 1.9118616102245998 0.5880664348807 0.0987332112331 0.8381461556593999 0.21389568403800002 0.0997964997964 1.2071675294164 1.6391823628253999 0.16810728088580001
0.2975044563277 0.3301604278075 0.0 0.0386809269162 0.14089126559710002 0.0841354723707 0.117647058824 0.7947237076656001 0.6545811051692 0.2898752228163 0.0 0.3066310160427 0.536185383244 0.4961853832439 0.577397504457 0.4420677361853 0.2655971479504 0.14766488413540002 0.4051693404632 0.154723707665 0.3455971479505 0.403101604278 0.13279857397500003 0.0386809269162
0.06666666666660001 0.06666666666660001 0.0222222222222 0.0148148148148 0.0222222222222 0.103703703704 0.0 0.0592592592594 0.0296296296296 0.0074074074074 0.0 0.13333333333320002 0.0148148148148 0.0222222222222 0.1481481481482 0.1407407407406 0.0296296296296 0.0074074074074 0.0222222222222 0.0 0.0 0.0222222222222 0.0592592592592 0.0074074074074
0.0 0.0 0.0 0.0 0.0 0.0 0.0 0.0 0.0 0.0 0.0 0.0 0.0 0.0 0.0 0.0 0.0 0.0 0.0 0.0 0.0 0.0 0.0 0.0
0.45276505324355004 0.06882695830326 0.0536078031521 0.10712241834422 0.22426400608619 0.11433544463008999 0.06127108377599 0.38392882129300004 0.10993034190873001 0.06771921073115 0.0 0.54797394395605 0.12326031633969001 0.33976708558894 0.3194736650515 0.49989041658026 0.16445951671310002 0.0367749350268 0.24703154256986004 0.0481532927307 0.050380377203700005 0.26879232576274004 0.62619952009054 0.08407192091939
0.0710011966493 0.036218587953700004 0.0178699641005 0.027044276027100002 0.1250897487037 0.0086956521739 0.0 0.23039489429600002 0.0632628639808 0.0796968488233 0.0 0.1159154367769 0.036218587953700004 0.115915436777 0.2781810929406 0.13378540087750002 0.07243717590740001 0.0366972477064 0.11400079776640001 0.08887116075 0.10043877143999999 0.0898284802552 0.0883925009971 0.0700438771442
0.5099415204678 0.4304093567252 0.0444444444444 0.1754385964915 0.435867446394 0.1875243664717 0.0148148148148 1.0682261208572998 0.5598440545817 0.2725146198828 0.0148148148148 0.6795321637425 0.3251461988301 0.6514619883039999 0.4031189083825 0.46939571150049997 0.09434697855740001 0.1754385964914 0.5126705653025001 0.5504873294343 0.21052631579 0.6124756335292001 0.44639376218320004 0.1551656920078
0.4285714285716 0.0824175824175 0.0 0.032967032967 0.148351648352 0.131868131868 0.0 0.428571428572 0.0494505494505 0.032967032967 0.0 0.247252747253 0.0494505494505 0.0164835164835 0.065934065934 0.6263736263745 0.0164835164835 0.032967032967 0.131868131868 0.0659340659341 0.0164835164835 0.1483516483515 0.247252747253 0.0
2.3980423729920197 0.37715184160960996 0.04613797969921 0.30933059979460004 1.30086799460552 0.20001584806001 0.06806780426060999 1.64220789213742 0.29317356617852 0.31619642931311 0.03631831377 1.6031933430878103 0.2594705641167 0.85725225751422 2.9244500928597 2.66402467274952 0.7039607572236101 0.13949999584021 1.7077309290812 0.3069148446383 0.15202891441851002 0.8607828011945199 1.6123954595607 0.22078472529711002
0.6830821231353 0.12832354039330002 0.0607227779197 0.2177766423647 0.2415155147678 0.0516045355395 0.0264900662251 0.5150234834043 0.0885884410555 0.0356083086054 0.0118694362018 0.6168569575718 0.0237388724036 0.2351484662098 0.5250063867002 0.7405427712388001 0.2602629355239 0.0118694362018 0.42694597834469994 0.11370291037000001 0.07259221412139999 0.4173167999692 0.4438068661935 0.0516045355395
0.146666666667 0.0666666666667 0.0133333333333 0.0 0.053333333333299995 0.0133333333333 0.0 0.0933333333333 0.1466666666667 0.0133333333333 0.0 0.0266666666666 0.0666666666667 0.0266666666666 0.08 0.0266666666666 0.0133333333333 0.0266666666667 0.08 0.0266666666667 0.0133333333333 0.0266666666666 0.0266666666667 0.0133333333333
1.04360506150338 0.05323275862066 0.0 0.1685886771526 0.43175161322819 0.0 0.00624999999999 0.77918557168764 0.0125 0.09724364791276 0.0 0.41195301472054996 0.1170321637426 0.18728448275869003 0.20091374269020001 0.8264745916521601 0.3354028029842 0.0125 0.33247252470276 0.043708408953360006 0.05306513409956 0.46497151643479 0.40699359749959996 0.01487068965515
0.08666666666667999 0.02666666666666 0.0 0.0133333333333 0.0733333333333 0.0333333333333 0.0 0.10666666666672 0.0333333333333 0.02 0.0 0.05999999999998 0.04666666666666 0.13333333333345998 0.0466666666666 0.08666666666656 0.00666666666666 0.0 0.0133333333333 0.0600000000002 0.02666666666666 0.08666666666666001 0.03999999999996 0.0
0.2647619047618 0.0980952380952 0.047619047619 0.0 0.10380952380950001 0.0714285714286 0.0238095238095 0.2066666666664 0.1780952380953 0.04 0.0 0.278095238095 0.0266666666666 0.24666666666700002 0.2447619047621 0.3419047619046 0.0742857142857 0.0133333333333 0.2466666666666 0.0238095238095 0.09047619047620001 0.1142857142857 0.2409523809524 0.0238095238095
0.3151509054326 0.2293963782697 0.1418511066399 0.1720523138834 0.19443326626399998 0.0714285714286 0.140845070422 0.2706438631789 0.1561904761905 0.049798792756499996 0.0 0.66854460094 0.0855130784708 0.22989268947029998 0.1328034875922 0.5005365526491 0.11042253521100001 0.0 0.36419852448010004 0.0415023474178 0.0415023474178 0.1793427230047 0.8765325285045 0.027417840375499998
1.64266856471191 0.11380379646880001 0.00547945205479 0.21015377401329 0.63655080318821 0.1840972427893 0.0364956627546 0.83990081718524 0.1156864424289 0.23762706665539002 0.0401146131805 0.9310946708978101 0.17526937896599 0.42367726453059 1.1839818683751 1.27826345345116 0.24220077009108998 0.0109589041096 0.82618710931266 0.1318764042669 0.20082912153768 0.6974285009223999 0.70178555373832 0.13386876436812
0.20146520146519997 0.043956043956 0.0 0.051282051282 0.0 0.03663003663 0.0 0.2344322344331 0.010989010989 0.1282051282053 0.0 0.1428571428574 0.062271062271 0.164835164835 0.021978021978 0.1831501831501 0.010989010989 0.032967032967 0.021978021978 0.190476190476 0.010989010989 0.095238095238 0.29670329670330003 0.058608058608
1.062661340462 0.34151546240930003 0.0671051003999 0.2751549636465 1.5504655579289 0.3048646498555 0.171009771987 1.7167688169570003 0.1342102007998 0.262455503786 0.0261685839552 1.3972433569982 0.16711334680239998 0.7477615463772 1.266532622202 1.7272837886221 0.43174444560300007 0.0342019543973 1.3508787673724998 0.3517660641132 0.3792334564634 0.6892933398984 1.3759813825329998 0.1685859764265
0.2228571428569 0.15428571428569998 0.0 0.0514285714285 0.0685714285712 0.0171428571428 0.0 0.3257142857136 0.102857142857 0.0342857142857 0.0 0.1714285714284 0.0857142857143 0.1885714285712 0.1885714285714 0.18857142857120002 0.1542857142856 0.0171428571428 0.1028571428571 0.154285714286 0.0514285714285 0.0514285714285 0.5485714285711999 0.11999999999979999
0.0 0.0 0.0 0.0 0.0 0.0 0.0 0.0 0.0 0.0 0.0 0.0 0.0 0.0 0.0 0.0 0.0 0.0 0.0 0.0 0.0 0.0 0.0 0.0
0.08602150537624001 0.010752688172 0.00537634408602 0.02150537634402 0.0322580645161 0.00537634408602 0.010752688172 0.177419354839 0.0 0.010752688172 0.00537634408602 0.11827956989262 0.010752688172 0.03763440860214 0.01075268817204 0.08602150537616 0.0806451612904 0.0 0.048387096774020005 0.0268817204301 0.0 0.14516129032242 0.06451612903224 0.00537634408602
1.0360007618092 0.1648451096413 0.0730299667036 0.0883397145839 0.38985216951553003 0.14361820199769998 0.04121127741031 0.8894364578471099 0.1603359843434 0.12607556364063 0.141176470588 1.08840932822861 0.12955099199431 0.5852734305736099 0.3955604883461 0.89804753429721 0.31682220281171003 0.070588235294 0.5489889603276 0.18727121081751 0.17320400081420997 0.45452324504621 0.71648464231011 0.1813540510543
0.1353383458644 0.0676691729322 0.0 0.0451127819548 0.0902255639096 0.0225563909774 0.0 0.406015037595 0.0451127819548 0.0451127819548 0.0 0.6766917293235999 0.135338345865 0.1353383458646 0.1353383458644 0.1804511278192 0.0676691729322 0.0225563909774 0.1578947368418 0.0451127819548 0.0225563909774 0.27067669173000003 0.27067669173020004 0.0225563909774
0.0 0.0 0.0 0.0 0.0 0.0 0.0 0.0 0.0 0.0 0.0 0.0 0.0 0.0 0.0 0.0 0.0 0.0 0.0 0.0 0.0 0.0 0.0 0.0
1.6267034772901 0.6124090821992001 0.0758249839139 0.2945826313567 0.7781451759907001 0.0490118577075 0.0648043108337 1.1841277159794 0.37380966341849997 0.4089800184769 0.0182926829268 0.8172470344517999 0.30450889341009996 0.8542669863129 1.2173730065338 1.2206358636799 0.4374992993885 0.0667340748231 0.7749648573330999 0.7030742741192 0.08502675774980001 0.6045717975334 1.2067662244800998 0.22063933008949999
0.163888888889 0.05 0.0 0.1500000000003 0.1083333333334 0.0638888888889 0.0 0.28055555555580003 0.33055555555579996 0.1722222222223 0.0472222222222 0.0611111111112 0.163888888889 0.1777777777779 0.1805555555556 0.313888888889 0.05 0.0 0.0305555555556 0.125 0.261111111111 0.063888888889 0.1388888888889 0.0666666666666
0.0384615384615 0.0769230769231 0.0 0.0 0.0 0.0 0.0 0.0384615384615 0.0384615384615 0.11538461538460001 0.0 0.0384615384615 0.0384615384615 0.0 0.269230769231 0.0384615384615 0.0384615384615 0.11538461538450001 0.0 0.0 0.11538461538460001 0.0384615384615 0.0 0.0
0.030303030303 0.0 0.0 0.0 0.333333333334 0.0 0.0 0.212121212121 0.0 0.030303030303 0.030303030303 0.060606060606 0.0 0.0 0.030303030303 0.09090909090900001 0.0 0.0 0.060606060606 0.0 0.0 0.0 0.121212121212 0.0
1.0270356418433 0.2235294117644 0.0857142857142 0.1470733120833 0.24215686274479997 0.3339080459778 0.10057471264349999 0.9366705302808 0.235714285714 0.28613445378159996 0.0 1.2738819665789998 0.2142857142859 0.464063556457 0.8616536269698 0.7194291509707 0.2828165749054 0.0147058823529 0.5305467014387001 0.0865546218486 0.11289964261539999 0.6414903892585 1.0363034869117997 0.142857142857
0.19876543209859998 0.0666666666667 0.0 0.0 0.1407407407407 0.0456790123456 0.0 0.1283950617284 0.12469135802449999 0.1283950617282 0.0 0.07407407407399999 0.0580246913579 0.0740740740741 0.3234567901241 0.1197530864198 0.0827160493827 0.08641975308630001 0.0790123456789 0.058024691357999994 0.0456790123456 0.0913580246914 0.049382716049299995 0.0246913580246
0.24920634920610002 0.2333333333329 0.031746031746 0.0 0.1047619047618 0.0333333333333 0.111111111112 0.836507936508 0.2634920634918 0.15555555555540002 0.0 0.39365079365100003 0.24920634920589996 0.7793650793645001 0.30476190476209997 0.398412698413 0.17142857142839998 0.0666666666666 0.3365079365076 0.166666666667 0.1999999999998 0.31428571428560004 0.4793650793648 0.1206349206348
0.59785903751375 0.07315270935955 0.0 0.0912087912087 0.23516483516465 0.26576354679785 0.0 0.4563471011744 0.052747252747200005 0.0428571428571 0.0214285714286 0.9163698370593001 0.06703296703295 0.0142857142857 0.5165403561954001 0.5492042440319 0.0357142857143 0.00714285714285 0.0642857142859 0.2123152709358 0.00714285714285 0.14630541871915 0.5886699507387501 0.0384615384615
1.2980736847384 0.11245990143152002 0.06985727686939999 0.2588535542965 0.9930895111766 0.25084698469852 0.0263984136164 1.5993261953742597 0.31227582635114004 0.2956726821421 0.0 0.8892536955305399 0.21490631288302 0.26696238289754004 1.60706301183412 2.665246850652 0.98799295895442 0.11024218002359999 0.9330655735336201 0.2569909369889 0.15019676281684 0.5049541229924399 1.1830719733869999 0.01319920680822
1.6889901893767003 0.5052484709992 0.08821546960079998 0.24981739107159998 0.9479441696936999 0.05612990810349999 0.0320855614973 1.3771435607742 0.1283422459892 0.295922794955 0.0 1.5635990041965 0.1688339610165 0.5739097074227 1.2413341732218 1.8471203074538 0.5405707338754 0.05612990810349999 1.086520054593 0.4495627996011 0.15319576794019998 1.0795231170627 1.7339214792777002 0.1359392241744
0.0563380281689 0.0281690140845 0.0281690140845 0.0140845070422 0.0 0.0281690140844 0.0 0.0704225352113 0.0704225352111 0.0563380281689 0.0 0.1267605633802 0.0422535211267 0.056338028169 0.0563380281691 0.0563380281689 0.0563380281689 0.0281690140845 0.0422535211267 0.0 0.0422535211267 0.0704225352112 0.0563380281689 0.0140845070422
0.43623708857011 0.13513586711210002 0.06148113646951 0.1379013039057 0.18239044308481 0.265757876682 0.0090909090909 0.45923435389121003 0.1073804367017 0.16910292474002 0.0365670395725 0.72070406590741 0.08943997008870999 0.3153880199824 0.3547204963491 0.59094927622514 0.21038722506410998 0.28202581926570003 0.9706074373996101 0.0929674099485 0.03612228479481 0.6217886699775 0.6431204417033 0.0714995034757
0.23376623376619998 0.0974025974027 0.0 0.0779220779222 0.1363636363637 0.0584415584415 0.0 0.3701298701297 0.0974025974025 0.038961038961 0.0 0.155844155844 0.1363636363635 0.3701298701295 0.11688311688299999 0.4090909090907 0.077922077922 0.0 0.0974025974025 0.155844155844 0.0974025974027 0.077922077922 0.0974025974027 0.0974025974025
0.027027027027 0.1238738738738 0.0405405405405 0.0 0.166666666667 0.0 0.0 0.2747747747751 0.2860360360364 0.331081081081 0.0 0.040540540540500006 0.11036036036029999 0.0405405405405 0.10810810810810001 0.1238738738738 0.0405405405405 0.0675675675676 0.054054054054 0.0405405405405 0.09684684684679999 0.0135135135135 0.0135135135135 0.0
0.2596540627515 0.0929203539823 0.053097345132699994 0.09855189058729999 0.10237329042650001 0.0265486725664 0.0 0.4018503620269 0.0 0.039823008849599995 0.0 0.8282381335485001 0.0227272727273 0.4680209171359 0.1289219629928 0.6045856798063 0.2918342719232 0.0 0.5440466613033 0.0360016090105 0.10800482703129999 0.2065567176186 0.6104183427193 0.0758246178599
1.6184976748685997 0.33929905873340005 0.1383190367921 0.45703780734700006 0.8395644384109999 0.5484055618638 0.1254011553273 1.2524934915550001 0.0522103658536 0.37125999802489995 0.0384615384615 1.4158237000275 0.1606429907965 0.6050205556795 1.3575732268001002 1.2799666429132002 0.610376685375 0.0182926829268 0.6427428856908 0.0727652876267 0.0901550311048 1.1616426102489 1.6317957647623003 0.1722518088076
0.16666666666649999 0.1333333333332 0.133333333333 0.0 0.0333333333333 0.0 0.0 0.2999999999995 0.0333333333333 0.0333333333333 0.0 0.33333333333390003 0.133333333333 0.133333333333 0.0333333333333 0.0333333333333 0.0 0.0666666666666 0.0333333333333 0.133333333333 0.0 0.16666666666649999 0.0666666666666 0.0333333333333
1.6989664935017 0.3120374187987 0.0119402985074 0.1213655479507 1.3868741009507 0.1435877701728 0.049723756906 1.267636037125 0.1535655058041 0.1535655058042 0.048742475467900004 0.9261345207659 0.1094252494433 0.8203302089921 0.8906178133274001 1.9714109012935002 0.4751115509018 0.0 1.4730271295461 0.2310949854775 0.2055560136698 0.9044244706472999 1.6329219464357998 0.0119402985074
0.2857142857148 0.1428571428574 0.0 0.142857142857 0.1714285714288 0.1142857142856 0.0285714285714 0.6571428571432 0.0857142857142 0.0857142857142 0.0285714285714 0.3428571428568 0.0285714285714 0.19999999999979998 0.1142857142856 0.28571428571440005 0.0857142857142 0.0 0.1142857142856 0.142857142857 0.14285714285700002 0.142857142857 0.6000000000011999 0.0571428571428
0.125 0.0 0.25 0.0 0.0 0.0 0.0 0.0 0.0 0.0 0.0 0.125 0.125 0.25 0.0 0.125 0.0 0.0 0.0 0.0 0.0 0.0 0.0 0.0
0.07926829268300001 0.0182926829268 0.0060975609756 0.0731707317073 0.054878048780500004 0.05 0.0060975609756 0.2158536585366 0.11219512195120002 0.0560975609756 0.0 0.1036585365854 0.1560975609756 0.0865853658537 0.042682926829199996 0.0792682926829 0.0548780487806 0.05 0.2548780487805 0.0121951219512 0.05 0.2658536585365 0.1658536585367 0.0060975609756
1.053165106008 0.1881050258225 0.0 0.1730215870525 0.9064191759273 0.2850850838673 0.0785041941473 1.4583757343422001 0.266228521769 0.20859901546160003 0.0246913580247 1.0293231616059 0.3191424009098 0.3837765427096 0.6486617720367 0.9719896710574001 0.5884001095556 0.0372670807452 0.4727834972491 0.257433046329 0.3336699806111 0.8482070193197999 1.1107196853268002 0.3564312301159
0.25014992503732003 0.13823088455761 0.0 0.0173913043478 0.11236881559211 0.03455772113941 0.06041979010491 0.3890554722641001 0.03478260869562 0.3620689655170001 0.0258620689655 0.44122938530722 0.0608695652174 0.12976011994 0.12976011994 0.57833583208421 0.12083958020982 0.0775862068965 0.09497751124432 0.09497751124430001 0.0258620689655 0.2590704647675 0.51011994003051 0.051724137931
0.0 0.0 0.0 0.0 0.0 0.0 0.0 0.0 0.0 0.0 0.0 0.0 0.0 0.0 0.0 0.0 0.0 0.0 0.0 0.0 0.0 0.0 0.0 0.0
0.7187338288806999 0.4790569987512 0.0 0.2059846879194 0.8365689766905 0.2585815384017 0.0539168278529 2.1613624949620998 0.6321996561352 0.41026955641709995 0.0555555555555 0.9782163814273 0.2780692053857 0.5278274258878 0.8995159797125001 1.3862293292060002 0.366979227987 0.23330939342239998 0.6458542467496 0.2240911675331 0.1208360197721 0.42302196486759996 0.9534711155625001 0.150348420918
0.054054054054 0.054054054054 0.0 0.0 0.0135135135135 0.0 0.0 0.1081081081081 0.1351351351351 0.0810810810811 0.0 0.027027027027 0.027027027027 0.08108108108100001 0.06756756756750001 0.054054054054 0.027027027027 0.0135135135135 0.09459459459450001 0.0 0.08108108108100001 0.040540540540500006 0.027027027027 0.0135135135135
0.1777777777774 0.1777777777778 0.0666666666666 0.0444444444444 0.0222222222222 0.155555555556 0.0 0.1777777777776 0.1777777777782 0.0222222222222 0.0 0.1777777777776 0.0222222222222 0.1111111111111 0.0222222222222 0.3333333333332 0.0 0.0444444444444 0.0888888888888 0.0222222222222 0.0 0.0222222222222 0.111111111111 0.0222222222222
0.0 0.0 0.0 0.0 0.0 0.0 0.0 0.0 0.0 0.0 0.0 0.0 0.0 0.0 0.0 0.0 0.0 0.0 0.0 0.0 0.0 0.0 0.0 0.0
0.43048036729359995 0.2126416474283 0.0703795217442 0.12286319121639999 0.47067448599006 0.2291096804742 0.1104613009591 0.5713083555896801 0.0278187177598 0.1409177232725 0.0 0.48326092634328 0.2610143920053 0.4065940436638 0.50800421472654 0.9304803459495601 0.26854164953739995 0.0645682001614 0.44136408434076 0.07901277779947999 0.0327673754364 0.48475830938650005 0.60428350463708 0.0486951842884
0.2042160737812 0.148880105402 0.0 0.202898550725 0.08959156785240001 0.1159420289854 0.0579710144927 0.6831357048747 0.2358366271409 0.0 0.0 0.5118577075094 0.20421607378099998 0.3227931488801 0.1600790513833 0.33926218708829997 0.030303030303 0.030303030303 0.1185770750988 0.27602108036949996 0.1765480895915 0.4374176548094 0.3932806324115 0.2608695652177
0.1705469493259 0.14304391271314001 0.06152805949962 0.0648099947944 0.14212844124504 0.1076456826245 0.120689655173 0.2666774369192 0.17054694932595998 0.14167070551124 0.0 0.3147815732943 0.15002363472072 0.42421631453994 0.24325213759581998 0.12725352576164 0.13850843968942 0.0353982300884 0.15384109090679998 0.2609512526405 0.19469026548670001 0.15620755473370002 0.3589485840107 0.0526396093988
0.062015503876 0.12984496124029998 0.0 0.00775193798449 0.0881782945737 0.015503875969 0.0 0.26744186046507995 0.05717054263568 0.01550387596898 0.00775193798449 0.10077519379839 0.09593023255819 0.09108527131789 0.14534883720949 0.22771317829468 0.1065891472868 0.00775193798449 0.1637596899225 0.0697674418606 0.049418604651189996 0.07267441860468 0.2180232558142 0.0
1.9745319630185998 0.7874648873739001 0.10516759705420001 0.3220016521115 1.4107672411269 0.3155726628402 0.052162592217500005 2.0906978041803 0.6403165064522 0.5514239896133 0.0338983050847 1.4289695855785 0.24256863580040003 0.6743867864380001 1.3596706031381 3.3678771810598 0.8487495035536 0.11146301280820001 1.0733812323272 0.6904010525084 0.199132705859 0.920836578509 1.5844743306942999 0.2140835906511
0.3481549771892 0.15147861853779998 0.0322199371202 0.18828451882799999 0.3673971113154 0.0338983050847 0.0112994350282 0.7716001229220999 0.0983381793253 0.06611824220490001 0.020920502092 0.7456445169375001 0.0322199371202 0.5054487861383 0.4008462756779 0.8004633241124 0.3477058364658 0.0322199371202 0.7648866510647999 0.1966763586503 0.1401791835092 0.39458194454240003 0.5155189939241 0.0338983050847
0.0877192982457 0.0526315789473 0.0 0.0350877192982 0.140350877193 0.0 0.0 0.0877192982456 0.0350877192982 0.0526315789473 0.0 0.0350877192982 0.0175438596491 0.0350877192982 0.0526315789473 0.0701754385964 0.0 0.0175438596491 0.0 0.0175438596491 0.0526315789473 0.0701754385964 0.140350877193 0.0
0.41852523075569 0.0835945663531 0.020202020202 0.12365301724128999 0.40747725095759 0.03080100574709 0.0386135057471 0.431910701846 0.0229885057471 0.1148445663531 0.020202020202 0.47176778561438004 0.0229885057471 0.41424209770119996 0.20301615290918001 0.51809038662437 0.28905161529109 0.015625 0.3036806644024 0.0431905259491 0.00781249999999 0.43345360937049 0.47231474224987 0.0919540229886
0.0 0.0 0.0 0.0 0.0 0.0 0.0 0.0 0.0 0.0 0.0 0.0 0.0 0.0 0.0 0.0 0.0 0.0 0.0 0.0 0.0 0.0 0.0 0.0
0.1052631578948 0.169092945129 0.0 0.0212765957447 0.105263157895 0.0425531914893 0.0 0.0739081746921 0.137737961926 0.09518477043679999 0.0 0.0212765957447 0.0 0.2855543113106 0.1791713325871 0.1590145576707 0.0 0.0212765957447 0.0212765957447 0.148936170213 0.24300111982109998 0.0212765957447 0.10638297872329999 0.0425531914893
0.18324768654260004 0.0419304819744 0.0476358503881 0.19877344518759 0.11773534644700001 0.17060443110308998 0.0 0.27787330901429 0.07121770850930001 0.0860973888497 0.0769230769231 0.35426461379428 0.0769230769231 0.38831294045139003 0.09368135418010001 0.78773842774338 0.17230908386089 0.0 0.28069617422230003 0.0137614678899 0.0275229357798 0.1223225024103 0.38225968371980007 0.0281690140845
0.997625023052 0.2570399301557 0.0229357798165 0.2688262124848 0.731617519939 0.13477940159500001 0.038560779816499996 1.0812455338623 0.1469323394495 0.0688073394495 0.0 0.9775245205394999 0.07712155963299999 0.3459477721173 0.48902410561989995 0.6708701189442 0.5301500334240999 0.045871559633 0.39207289313480004 0.10169756465810001 0.0972220621455 0.4475495309117 0.9732406297545999 0.1033377898667
0.1076923076923 0.0 0.0 0.0153846153846 0.0 0.0307692307692 0.0153846153846 0.15384615384619998 0.09230769230769999 0.0461538461538 0.0 0.1384615384616 0.0153846153846 0.0461538461538 0.0307692307692 0.10769230769239999 0.0 0.0 0.076923076923 0.0461538461538 0.0153846153846 0.0307692307692 0.0307692307692 0.0
1.0645581440071001 0.16401097538269999 0.0695506814227 0.2596048904679 1.0529941916387 0.20325524851489998 0.08660497792050001 1.6727725630236998 0.35540884884679996 0.3756471692548 0.0 1.5011996942827002 0.0780905977522 0.7598563929168001 0.8243547735899 1.2059913632327002 0.4963828782483001 0.030045292673599996 1.0950500763297 0.392911509047 0.0372670807454 0.7436813728302 1.3303022737463 0.2004590041285
0.20625 0.13125 0.0 0.0562499999999 0.0749999999999 0.1125 0.0 0.29999999999969995 0.0375 0.056249999999999994 0.0 0.2999999999999 0.075 0.22499999999979997 0.3 0.28125 0.13125 0.0562499999999 0.01875 0.0375 0.1125 0.075 0.33749999999979996 0.075
0.0 0.0 0.0 0.0 0.0 0.0 0.0 0.0 0.0 0.0 0.0 0.0 0.0 0.0 0.0 0.0 0.0 0.0 0.0 0.0 0.0 0.0 0.0 0.0
0.3062200956936 0.172248803828 0.0 0.2296650717705 0.24880382775100002 0.1148325358851 0.0191387559808 0.5741626794249 0.0 0.0 0.0 0.49760765550170005 0.0382775119617 0.0765550239232 0.2105263157893 0.3444976076552 0.15311004784670001 0.0 0.13397129186589998 0.0765550239234 0.0 0.3253588516748 0.4210526315784999 0.0574162679425
0.39221003328119997 0.0888080857881 0.0 0.12985332182940001 0.5096758289176 0.054665351904199994 0.0 0.1885862196472 0.0491803278688 0.0546653519042 0.0396277579193 0.6271416245535 0.0245901639344 0.1735486256623 0.3662023912247 0.6915444348578 0.17354862566220003 0.0546653519043 0.2473191174657 0.19813878959679998 0.0642179218537 0.2022063355109 0.5958338469125999 0.0737704918032
0.0612244897959 0.0102040816326 0.0 0.0102040816326 0.0204081632653 0.0408163265306 0.0 0.112244897959 0.0204081632652 0.1632653061226 0.0 0.0102040816326 0.0102040816326 0.07142857142850001 0.0204081632653 0.061224489795900006 0.0 0.0408163265306 0.0306122448979 0.0408163265306 0.0 0.0816326530612 0.19387755102050003 0.0
0.0588235294118 0.0 0.117647058824 0.0 0.117647058824 0.0 0.176470588235 0.0 0.0 0.0 0.0 0.0588235294118 0.0 0.0588235294118 0.0 0.0 0.117647058824 0.117647058824 0.0 0.0 0.0588235294118 0.0 0.1176470588236 0.0
1.09994436714116 0.15952021834359997 0.2976345688207 0.47271859634759994 0.7597184027889001 0.27888617419993 0.101694915254 1.51728940163596 0.28039690452423 0.45578770404246 0.0 0.9612505584575299 0.44587361237353 1.04220062644833 0.4244555710155 1.7543340673951302 0.60084946625323 0.20742656036753 0.67576148234143 0.24469814001193 0.0 0.3488399271048 1.69468639259293 0.17603234253253
0.37499999999989997 0.25 0.0 0.03125 0.125 0.1562499999999 0.03125 0.375000000001 0.75 0.09375 0.0 0.15625 0.0625 0.2187499999998 0.03125 0.15625 0.1562499999999 0.125 0.03125 0.125 0.0937499999999 0.1874999999999 0.40625 0.0625
0.36842105263200003 0.2105263157893 0.157894736842 0.105263157895 0.1052631578946 0.473684210528 0.0 0.2631578947373 0.0526315789473 0.1578947368419 0.0 0.1578947368423 0.0526315789473 0.1578947368419 0.0 0.9999999999992999 0.0 0.0526315789473 0.0526315789473 0.0 0.0526315789473 0.157894736842 0.3684210526313 0.0526315789473
0.0 0.0 0.0 0.0 0.0 0.0 0.0 0.0 0.0 0.0 0.0 0.0 0.0 0.0 0.0 0.0 0.0 0.0 0.0 0.0 0.0 0.0 0.0 0.0
0.6480820003108 0.14955738468699 0.00729927007299 0.05109489051099 0.10218978102189 0.0 0.0656934306571 0.40736139152029 0.02189781021899 0.057151731635300004 0.0 0.52772169591588 0.31247088057129996 0.3404255319153 0.1507998136357 0.5216648547908901 0.39757726354998 0.00729927007299 0.24320546668739 0.00729927007299 0.0 0.717347414196 0.25656157788457 0.00729927007299
0.1323529411764 0.132352941176 0.0 0.0882352941176 0.0882352941176 0.1323529411764 0.0882352941176 0.6617647058830001 0.0 0.2205882352936 0.0 0.0882352941176 0.1764705882348 0.2647058823524 0.2205882352936 0.1323529411764 0.0 0.0 0.0882352941176 0.0 0.0882352941176 0.0 0.1764705882348 0.220588235294
0.3225698543879 0.2165731995279 0.0666666666667 0.0165289256198 0.1134149940967 0.1772432113338 0.307142857143 0.6394628099174 0.1339285714285 0.21030106257360004 0.0 0.5664797323882 0.2268299881934 0.6622195985844 0.3237160566714 0.29976879181419996 0.4183097205822 0.0 0.2524695001969 0.3812721369546 0.1202380952381 0.2621753246751 0.255903187721 0.0267857142857
0.1813953488371 0.08992248062000001 0.0 0.0 0.2436804853385 0.1870239298958 0.0 0.42204246713800003 0.20724637681129998 0.13340074148949999 0.0348837209302 0.41782945736480004 0.055106167846199997 0.0232558139534 0.10155038759679999 0.2365015166833 0.04496124031 0.0116279069767 0.1147286821705 0.29160768453 0.0 0.0581395348837 0.1218402426692 0.0232558139535
1.6977538755647 0.37587151326304996 0.0171673819742 0.36518007670679997 1.4501132935917502 0.4328899428064 0.0759973740896 1.54496677669465 0.4323858519147 0.30935508124669997 0.0171673819742 2.04246769069375 0.28036393454060005 0.7031555518128999 1.3081197318523499 2.8086983132485 1.106070475211 0.1387536287963 1.03789173469875 0.6209622848935 0.20587929297405 0.63715564288955 1.9580366494652 0.43359651909665
0.45112781954900005 0.0375939849624 0.0 0.375939849624 0.3007518796998 0.0375939849624 0.0 0.6390977443618 0.0 0.0 0.0 0.7518796992478 0.0 0.26315789473719997 0.300751879699 0.3007518796996 0.3383458646618 0.0 0.3383458646618 0.15037593985 0.112781954887 0.37593984962439997 0.22556390977439997 0.0
0.0 0.0 0.0 0.0 0.0 0.166666666667 0.0 0.0 0.5 0.0 0.0 0.0 0.333333333333 0.0 0.0 0.0 0.0 0.0 0.0 0.0 0.0 0.0 0.0 0.0
0.3543022790882 0.0491803278688 0.0491803278688 0.1151739304278 0.14956417433018 0.03439024390239 0.0 0.26752499000389 0.04639344262289 0.08317073170729 0.0 0.42386645341850004 0.0655737704918 0.13874450219899997 0.24073170731679 0.57666933226739 0.23670531787279997 0.0487804878049 0.1651739304277 0.0931707317073 0.02999999999999 0.32827269092378997 0.44465013994407 0.058780487804889994
0.050847457627 0.08474576271180001 0.0 0.0 0.0254237288135 0.01694915254234 0.00847457627117 0.12711864406761 0.05932203389824 0.00847457627117 0.0 0.05932203389817 0.0169491525423 0.08474576271197 0.05084745762697 0.1440677966105 0.00847457627117 0.00847457627117 0.0338983050846 0.0593220338985 0.02542372881347 0.0254237288135 0.0677966101694 0.0338983050847
0.1956521739132 0.0625554569654 0.0 0.0217391304348 0.2133984028395 0.0421472937001 0.0434782608696 0.1672582076309 0.0204081632653 0.0408163265306 0.0 0.0638864241349 0.0217391304348 0.2298136645963 0.0816326530612 0.2528837622006 0.0217391304348 0.0 0.0638864241349 0.1237799467618 0.1237799467613 0.0816326530612 0.0856255545697 0.0421472937001
0.25241545893710005 0.1002415458936 0.0555555555556 0.1521739130435 0.2729468599032 0.0 0.10386473429939999 0.8188405797100999 0.0241545893719 0.0241545893719 0.0 0.8526570048304 0.0483091787439 1.2958937198055 0.2041062801932 0.8103864734305 0.4637681159419 0.0 0.41425120772970003 0.0241545893719 0.10386473429939999 0.2874396135264 0.6666666666669999 0.0241545893719
1.3862093180457 0.3014757416814 0.0243902439024 0.1780259858671 0.8341465990287 0.3262891824464 0.1292454980623 1.8561838591515003 0.17073170731679999 0.1084819803422 0.0 1.5937865812662 0.21519299993110003 1.1805645903989 1.0129530108856 1.1740133907199 0.8413120944135 0.0 0.6865386973341 0.19518634280250002 0.1427587157228 1.0785760495245 1.2005471823753 0.36339022877460003
0.0 0.0 0.0 0.0 0.0 0.0 0.0 0.0 0.0 0.0 0.0 0.0 0.0 0.0 0.0 0.0 0.0 0.0 0.0 0.0 0.0 0.0 0.0 0.0
0.6102580274441 0.2830899670275 0.03907965223495 0.1740381775066 0.49511778143069995 0.090909090909 0.2033519084762 1.00228028608875 0.07336316533185 0.181818181818 0.0155440414508 0.8219914727114 0.08955336545995 0.45559877609575 0.2871271537512 1.6273396256266 0.3694479022926 0.0227272727272 0.44446116220925 0.2759067357513 0.14245685230115 0.4487513671882 0.6246786350847501 0.22110939907529997
0.10344827586204 0.06034482758627 0.0 0.0172413793103 0.060344827586240005 0.0258620689655 0.0 0.06896551724134001 0.025862068965469998 0.0172413793103 0.0 0.08620689655167 0.0 0.0344827586206 0.06896551724137 0.10344827586199999 0.0344827586207 0.00862068965517 0.00862068965517 0.0431034482759 0.01724137931034 0.0172413793103 0.1982758620692 0.0
0.0 0.0 0.0 0.0 0.0 0.0 0.0 0.0 0.0 0.0 0.0 0.0 0.0 0.0 0.0 0.0 0.0 0.0 0.0 0.0 0.0 0.0 0.0 0.0
0.0 0.0 0.0 0.0 0.0 0.0 0.0 0.0 0.0 0.0 0.0 0.0 0.0 0.0 0.0 0.0 0.0 0.0 0.0 0.0 0.0 0.0 0.0 0.0
0.8027566113861 0.09765533286360001 0.0 0.305005229344 0.9940865723254999 0.1317133038781 0.020618556701 0.5365477791289 0.0890269151137 0.16997929606610002 0.0 1.0710198288183 0.19999999999979998 0.38232695139859996 0.4368401955133 1.1798008580394002 0.34389767560959994 0.0 0.5789236088869999 0.1635973618491 0.053227252353099996 0.5341305415037 0.8548942391837 0.053951890034299996
0.0625000000001 0.0625 0.0 0.0 0.025 0.037500000000000006 0.0 0.0875 0.0 0.0750000000001 0.0 0.1 0.0 0.037500000000000006 0.037500000000000006 0.0750000000001 0.0125 0.025 0.0 0.0125 0.0125 0.1375 0.17500000000000002 0.025
0.0 0.0 0.0 0.0 0.0 0.0 0.0 0.0 0.0 0.0 0.0 0.0 0.0 0.0 0.0 0.0 0.0 0.0 0.0 0.0 0.0 0.0 0.0 0.0
1.004082133222 0.4477863625225 0.00662251655629 0.382980307649 0.6111636707668 0.16668418655188 0.19180770174129 1.0669916605343799 0.4404761904761 0.23680752654249002 0.0416666666667 0.9677590315011799 0.2367724867723 0.16012298959349 0.9471687865727899 1.03185115105738 0.8347612039665999 0.0 0.7586066435406901 0.09458547951929 0.07738095238090001 0.3810224604926 0.69396702757658 0.2189328638004
0.1091269841269 0.599206349207 0.0 0.0823412698412 0.0555555555555 0.0267857142857 0.0267857142857 0.6240079365078999 0.792658730159 0.2986111111114 0.0 0.1646825396824 0.4692460317461 0.7331349206351001 0.2162698412697 0.2470238095241 0.1378968253967 0.1359126984126 0.2470238095236 0.1894841269845 0.24503968253949998 0.1071428571428 0.35813492063510005 0.133928571429
0.0941798941799 0.1597883597883 0.0 0.0285714285714 0.0 0.1714285714289 0.0 0.2566137566136 0.1227513227512 0.1539682539682 0.0142857142857 0.11693121693110001 0.0 0.07142857142850001 0.0428571428571 0.1883597883598 0.0 0.1253968253967 0.0656084656084 0.0 0.074074074074 0.0798941798941 0.205291005291 0.0285714285714
0.0 0.0 0.0 0.0 0.0 0.0 0.0 0.0 0.0 0.0 0.0 0.0 0.0 0.0 0.0 0.0 0.0 0.0 0.0 0.0 0.0 0.0 0.0 0.0
0.7232333767933 0.44161668839710005 0.0533333333333 0.346153846154 0.8572359843565 0.542051282052 0.076923076923 1.6211734028685 0.2220512820511 0.2816166883966 0.0 1.5083963494137 0.3795654063456 0.8807475010858001 0.5284398087791 1.8867796610167 0.4739243807042 0.0533333333333 0.8931334202522 0.1451282051285 0.0 0.9948283355069001 0.9303346371161 0.16
0.0 0.0 0.0 0.0 0.0 0.0 0.0 0.0 0.0 0.0 0.0 0.0 0.0 0.0 0.0 0.0 0.0 0.0 0.0 0.0 0.0 0.0 0.0 0.0
0.1290322580644 0.0645161290322 0.0 0.0 0.1290322580644 0.0 0.0645161290322 0.1290322580644 0.0 0.0 0.0 0.258064516129 0.0 0.580645161291 0.0 0.0 0.0 0.0 0.0 0.0 0.0645161290322 0.129032258064 0.451612903226 0.0
0.35833333333320005 0.0340909090909 0.0446969696969 0.0 0.35732323232350005 0.0555555555555 0.0 0.16742424242409998 0.1002525252524 0.06691919191910001 0.0 0.2356060606059 0.10075757575760001 0.0787878787878 0.20075757575779998 0.3707070707072 0.0666666666666 0.0 0.0454545454546 0.1121212121213 0.0227272727272 0.0674242424242 0.2138888888888 0.30050505050529996
0.78501876278436 0.36903690087693003 0.0514117538857 0.3053263560237 1.1369971516862 0.25088399520693 0.0402809010928 1.26543327839406 0.16897900441763 0.228270686836 0.0 0.9248858679082599 0.21891685391493002 0.35454780997152996 0.48940068136113 1.8682722615218001 0.53565321844863 0.12764087477852998 0.59170756066133 0.3715714542138 0.16451560733943 0.6345646862151 0.98904345768303 0.12764087477853
0.7747252747270001 0.2527472527475 0.0 0.22527472527450002 0.5549450549451 0.1373626373625 0.0604395604395 0.6483516483515 0.0 0.175824175824 0.043956043956 0.5659340659335 0.021978021978 0.43956043956009994 0.29670329670350004 0.5549450549445 0.30219780219750003 0.0 0.5274725274725001 0.131868131868 0.076923076923 0.4615384615386 0.7087912087920001 0.0384615384615
0.0333333333333 0.0 0.0 0.0 0.16666666666660002 0.0333333333333 0.0 0.1333333333332 0.0999999999999 0.0 0.0 0.0 0.0333333333333 0.0333333333333 0.0 0.16666666666629998 0.0333333333333 0.0 0.0 0.0 0.1 0.0333333333333 0.133333333333 0.0
0.8158685725636 0.1845741512805 0.0 0.1691483025611 0.9189477863821001 0.0 0.0 0.7997280127062001 0.056666666666700005 0.1584057971015 0.0410958904109 1.0404506650772 0.09776255707760001 0.4815306730199 0.3937224538417 0.6028886241811999 0.409936470121 0.0 0.4197458804843 0.12950168751229998 0.1205975779234 0.3910323605321 0.6749176096885 0.0934782608696
0.0 0.0 0.0 0.0 0.0 0.0 0.0 0.0 0.0 0.0 0.0 0.0 0.0 0.0 0.0 0.0 0.0 0.0 0.0 0.0 0.0 0.0 0.0 0.0
0.0416666666666 0.0208333333333 0.0 0.0 0.125 0.0 0.0 0.20833333333339998 0.0208333333333 0.0 0.0 0.08333333333330001 0.0 0.062499999999900004 0.0208333333333 0.10416666666650001 0.0208333333333 0.0 0.0 0.0416666666667 0.0416666666667 0.0 0.16666666666680002 0.0416666666666
0.0533333333333 0.0266666666667 0.0266666666667 0.133333333333 0.08000000000009999 0.0 0.0 0.08 0.0 0.0 0.0 0.21333333333340002 0.0266666666667 0.1866666666666 0.0 0.453333333334 0.21333333333360002 0.0 0.16 0.0266666666667 0.08 0.1333333333333 0.1066666666667 0.0
0.3231162196677 0.18518518518500002 0.0 0.0 0.0 0.222222222222 0.0 0.3231162196678 0.037037037037 0.148148148148 0.0 0.39463601532540005 0.10855683269470001 0.312899106003 0.037037037037 0.18263090676870003 0.037037037037 0.0 0.0 0.0 0.0 0.3256704980841 0.3282247765004 0.0344827586207
0.271167048055 0.0394736842105 0.0 0.0263157894736 0.1001144164759 0.0566361556064 0.0 0.2660183066363 0.0263157894737 0.0434782608696 0.0 0.1487414187642 0.0921052631583 0.0829519450801 0.0566361556064 0.16990846681939997 0.0394736842105 0.0 0.0657894736842 0.1567505720827 0.0263157894737 0.0263157894736 0.1527459954232 0.1527459954234
0.9103836468687 0.1417567767733 0.0 0.43415790253270004 0.9912605539910001 0.0952451488667 0.0465116279069 0.8062509257879 0.046511627907 0.0952451488667 0.0465116279069 1.1362761072434 0.2093023255819 0.47622574433439996 0.7509998518727999 0.8727595911713001 0.6966375351804001 0.0232558139535 0.8772033772790001 0.2580358465413 0.076433121019 0.6080580654726 1.2149311213173002 0.186046511628
0.067415730337 0.0224719101123 0.0 0.0112359550562 0.0224719101123 0.044943820224700004 0.0 0.1348314606742 0.0 0.0224719101124 0.0 0.14606741573049997 0.0 0.08988764044959999 0.056179775281 0.1123595505618 0.0337078651685 0.0 0.0337078651685 0.0449438202248 0.0112359550562 0.0449438202246 0.1011235955056 0.0
0.0 0.0 0.0 0.0 0.0 0.0 0.0 0.0 0.0 0.0 0.0 0.0 0.0 0.0 0.0 0.0 0.0 0.0 0.0 0.0 0.0 0.0 0.0 0.0
0.4487179487175 0.2243589743592 0.0 0.160256410256 0.1923076923073 0.0320512820512 0.0641025641025 0.4487179487186 0.0320512820512 0.0641025641025 0.0 0.5448717948724 0.0641025641024 0.1282051282049 0.2243589743587 0.6089743589739001 0.2243589743587 0.0 0.2884615384611 0.128205128205 0.0 0.5128205128212 0.5128205128204 0.0961538461537
0.6730224776943 0.094758064516 0.0 0.0847846602608 0.6473919011675 0.1373112560055 0.0645161290322 0.6586950926563 0.03125 0.03125 0.0837765957446 0.6679821551134 0.0 0.3408330473578 0.4974047700768 0.4901338366508 0.2746225120108 0.0 0.1895161290321 0.0645161290322 0.03125 0.2975935140698 0.5323224090602 0.1070693205215
0.2580097087376 0.1165048543688 0.0 0.1332524271844 0.220631067961 0.1165048543688 0.025 0.44126213592200003 0.025 0.203883495146 0.0 0.6451456310676 0.0 0.1915048543688 0.1415048543688 0.1873786407766 0.0291262135922 0.0582524271844 0.1373786407766 0.0582524271844 0.0 0.2538834951452 0.6701456310680001 0.0873786407766
0.0 0.0 0.0 0.0 0.0 0.0 0.0 0.0 0.0 0.0 0.0 0.0 0.0 0.0 0.0 0.0 0.0 0.0 0.0 0.0 0.0 0.0 0.0 0.0
0.8093278706639 0.2705652920068 0.015625 0.1647251547143 0.5874228053978999 0.2788444536903 0.0780283036039 0.8251153856149 0.0509594882729 0.23006396588539998 0.0 0.5410844297674 0.1058401372925 0.38021380466989996 0.294375845078 0.7327982799423 0.0624033036039 0.0 0.2911310715584 0.0509594882729 0.0955587914088 0.29104786390329995 0.7991331452498001 0.0447761194029
0.0 0.0344827586207 0.0 0.0 0.0689655172414 0.0 0.0 0.20689655172410001 0.1379310344827 0.0344827586207 0.0 0.0 0.0344827586207 0.27586206896550003 0.0689655172414 0.0 0.0 0.0 0.0 0.0344827586207 0.0 0.0344827586207 0.0344827586207 0.0344827586207
0.0579710144927 0.0144927536232 0.0144927536232 0.0869565217391 0.0 0.1884057971013 0.0 0.159420289855 0.0 0.0434782608695 0.0 0.0289855072464 0.0 0.0144927536232 0.0434782608695 0.1304347826086 0.0144927536232 0.0144927536232 0.0144927536232 0.0144927536232 0.0289855072464 0.0579710144928 0.0434782608695 0.0289855072463
0.0 0.0 0.0 0.0 0.0 0.0 0.0 0.0 0.0 0.0 0.0 0.0 0.0 0.0 0.0 0.0 0.0 0.0 0.0 0.0 0.0 0.0 0.0 0.0
0.32681463273550004 0.17439632735680002 0.047619047619 0.1286961393869 0.2800541016001 0.041266025641 0.0 0.6248945681507 0.1014254385964 0.1073145604395 0.0 0.6030581260841 0.14858058608059999 0.4838418160784 0.2237324079432 0.28313873626360003 0.0735492577597 0.063244047619 0.19116902833990002 0.1039136302295 0.030364372469600002 0.22230455947539998 0.6524815644879001 0.088141025641
0.0967741935483 0.1764705882347 0.0 0.010752688172 0.16635041113210003 0.0860215053764 0.0215053763441 0.22517394054380002 0.4332700822257 0.0588235294117 0.0 0.2998102466786 0.1018342820999 0.1125869702719 0.134092346616 0.3801391524351 0.0215053763441 0.117647058823 0.021505376344 0.144845034788 0.2941176470584 0.0430107526881 0.0322580645161 0.0215053763441
0.0 0.3085787451984 0.0 0.0 0.2664959453688 0.1331626120358 0.0 0.6826291079810999 0.380281690141 0.0909090909091 0.0422535211267 0.3267605633798 0.2356807511737 0.5508322663247 0.0845070422534 0.1267605633802 0.0 0.1267605633801 0.2909090909091 0.6159624413157 0.169014084507 0.0909090909091 0.2240717029447 0.253521126761
0.0 0.0 0.0 0.0 0.0 0.0 0.0 0.0 0.0 0.0 0.0 0.0 0.0 0.0 0.0 0.0 0.0 0.0 0.0 0.0 0.0 0.0 0.0 0.0
0.44616586107149003 0.22539792717190002 0.0 0.13919201300249 0.38769890303199 0.07430469074298 0.0775552131483 0.75725349657168 0.19911208673660002 0.16230801162299 0.0 0.64802633589778 0.13491075134898 0.3336780857093001 1.4267829113136 1.5409638256834999 0.38445189850798994 0.013698630137 0.42331087771618003 0.23661270236589999 0.1398784612348 0.36390395330269004 0.82418730307728 0.060606060606
0.0701754385964 0.0350877192982 0.0 0.105263157895 0.21052631579 0.0350877192982 0.0 0.1754385964912 0.0 0.0350877192982 0.0 0.2105263157894 0.0350877192982 0.1052631578946 0.0350877192982 0.3157894736838 0.0350877192982 0.0 0.3508771929822 0.0701754385964 0.0 0.1052631578946 0.0701754385964 0.0
0.07692307692309999 0.0384615384616 0.0 0.0192307692308 0.1153846153846 0.0 0.0192307692308 0.153846153846 0.0576923076923 0.0384615384616 0.0 0.19230769230769998 0.0 0.0192307692308 0.0 0.07692307692309999 0.0192307692308 0.0384615384615 0.0 0.0769230769232 0.0 0.0192307692308 0.0384615384616 0.0
0.42291021671810003 0.0 0.0 0.247058823529 0.15851393188840002 0.0 0.0 0.47616099071150003 0.0 0.0 0.0 0.29907120743040005 0.0 0.15851393188840002 0.1585139318885 0.6513931888543 0.5467492260064 0.0 0.38699690402500003 0.0705882352941 0.0 0.17647058823509998 0.2470588235291 0.0
0.05607476635511 0.046728971962500004 0.0 0.0654205607479 0.03738317757002 0.018691588785 0.0 0.11214953271021 0.04672897196251 0.02803738317751 0.0 0.05607476635501 0.0654205607479 0.12149532710260999 0.07476635514041 0.0654205607475 0.00934579439251 0.0 0.02803738317751 0.0654205607479 0.018691588785 0.00934579439251 0.046728971962500004 0.0280373831775
0.0172413793103 0.0862068965518 0.0 0.0 0.0517241379309 0.0 0.0172413793103 0.1551724137929 0.051724137931 0.0172413793103 0.0 0.0517241379309 0.0172413793103 0.0862068965518 0.0344827586207 0.0517241379309 0.0 0.0172413793103 0.051724137931 0.051724137931 0.0344827586206 0.0862068965518 0.08620689655159999 0.0344827586207
0.0173913043478 0.11600370027750001 0.0 0.2987974098055 0.0899167437557 0.0 0.0086956521739 0.3161887141534 0.0173913043478 0.0086956521739 0.0 0.20296022201699998 0.0 0.24070305272899997 0.20018501387590001 0.5888991674371 0.2320074005552 0.0 0.095652173913 0.127659574468 0.11600370027750001 0.5076780758554 0.7426456984268001 0.0725254394079
0.5226107226111 0.1418803418802 0.0 0.1591297591297 0.4209790209794 0.216006216006 0.0 0.5182595182593 0.0501942501942 0.0307692307692 0.0 0.4949494949495 0.041958041958 0.227195027195 0.2571872571876 0.30629370629370006 0.1776223776223 0.0 0.280808080808 0.0501942501942 0.027972027972 0.3204351204353 0.6717948717946 0.0837606837606
0.0 0.0 0.0 0.0 0.0 0.0 0.0 0.0 0.0 0.0 0.0 0.0 0.0 0.0 0.0 0.0 0.0 0.0 0.0 0.0 0.0 0.0 0.0 0.0
1.5526632667536 0.6308534416268 0.0 0.2209944751386 0.8622562213720999 0.2066707591568 0.2629385654248 1.572921093641 0.12685932851679999 0.2138326171476 0.0 1.1779800412402999 0.2080952605815 0.8045639136799999 0.5367182950055 1.5575309691330999 0.46387196801559993 0.0 0.577198533 0.250869654185 0.20235790401530002 1.0324841416003 1.197844359447 0.3404951913236
0.0357142857143 0.1071428571429 0.0 0.0 0.0 0.0 0.0 0.0 0.1071428571429 0.0714285714286 0.0 0.0714285714286 0.1071428571429 0.0357142857143 0.0714285714286 0.0714285714286 0.0 0.0357142857143 0.0714285714286 0.0357142857143 0.0714285714286 0.0714285714286 0.0 0.0357142857143
0.0 0.0 0.0 0.0 0.0 0.0 0.0 0.0 0.0 0.0 0.0 0.0 0.0 0.0 0.0 0.0 0.0 0.0 0.0 0.0 0.0 0.0 0.0 0.0
0.3548387096783 0.161290322581 0.0 0.322580645162 0.22580645161329999 0.25806451613 0.0322580645161 0.4516129032264001 0.0 0.0322580645161 0.0 0.5806451612907001 0.0 0.2258064516127 0.0967741935483 0.3225806451622 0.0967741935483 0.0 0.1612903225805 0.0645161290322 0.0322580645161 0.2903225806454 0.29032258064540006 0.0
0.21505376344139998 0.0215053763441 0.0 0.0430107526881 0.2365591397853 0.0 0.0215053763441 0.1935483870966 0.0 0.0 0.0215053763441 0.2795698924733 0.0 0.0645161290322 0.0645161290322 0.34408602150490003 0.0860215053763 0.0 0.0860215053763 0.0645161290322 0.0215053763441 0.0430107526881 0.1720430107532 0.0215053763441
0.0 0.0 0.0 0.0 0.0 0.0 0.0 0.0 0.0 0.0 0.0 0.0 0.0 0.0 0.0 0.0 0.0 0.0 0.0 0.0 0.0 0.0 0.0 0.0
0.0 0.0 0.0 0.0 0.0 0.0 0.0 0.0 0.0 0.0 0.0 0.0 0.0 0.0 0.0 0.0 0.0 0.0 0.0 0.0 0.0 0.0 0.0 0.0
0.5945746025767 0.10155472469532 0.00884955752212 0.0815289022782 0.07267934475612 0.1832898476653 0.0663627152988 0.67292053330502 0.09902179663041999 0.18120074239444 0.0 0.7098071388219198 0.10408765276012 0.26461252925193995 0.15063076633391997 0.40599922891382 0.12557046919682 0.0 0.1468470649415 0.084061830343 0.05646860514112 0.33708565331561996 0.36996888757359997 0.1828774062815
0.0555555555556 0.1396825396824 0.111111111111 0.111111111111 0.1126984126984 0.0 0.0 0.3349206349206 0.5047619047624 0.1968253968254 0.0 0.13968253968260003 0.309523809524 0.3095238095237 0.0 0.25238095238089997 0.0 0.0571428571428 0.0 0.1396825396824 0.16825396825400002 0.0285714285714 0.0285714285714 0.0
0.153846153846 0.076923076923 0.0 0.0384615384615 0.0 0.269230769232 0.0 0.2692307692305 0.076923076923 0.3076923076925 0.0 0.11538461538450001 0.0 0.0 0.0 0.23076923076900002 0.0384615384615 0.0 0.0384615384615 0.115384615384 0.0 0.115384615384 0.115384615384 0.0384615384615
0.0 0.0 0.0 0.0 0.0 0.0 0.0 0.0 0.0 0.0 0.0 0.0 0.0 0.0 0.0 0.0 0.0 0.0 0.0 0.0 0.0 0.0 0.0 0.0
0.23914823914799999 0.090909090909 0.1295715778474 0.054054054054 0.05733005733 0.221384393798 0.138138138138 0.5345816035468001 0.09508881922670001 0.1221158462537 0.0 0.8571173053923999 0.1859979101357 0.46345091172640007 0.05733005733 0.2442316925074 0.249249249249 0.027027027027 0.3292195016331 0.030303030303 0.027027027027 0.2884577367335 0.55826673068 0.0
0.08 0.16 0.0 0.0 0.0 0.08 0.0 0.56 0.08 0.12 0.0 0.28 0.24000000000000002 0.24 0.12 0.32 0.08 0.0 0.04 0.04 0.04 0.12 0.32 0.08
0.0263157894737 0.105263157895 0.0 0.0263157894737 0.0526315789474 0.0 0.0 0.07894736842109999 0.178947368421 0.0263157894737 0.0 0.0263157894737 0.4526315789474 0.278947368421 0.0263157894737 0.1263157894736 0.0263157894737 0.0 0.2263157894737 0.210526315789 0.0526315789474 0.0263157894737 0.0526315789474 0.0
0.16559139784909999 0.0 0.0 0.0 0.1290322580644 0.0989247311827 0.0 0.22688172042989999 0.1 0.0322580645161 0.0322580645161 0.1655913978493 0.0645161290322 0.0322580645161 0.0 0.5236559139794 0.0322580645161 0.0333333333333 0.1634408602149 0.133333333333 0.0 0.0666666666666 0.0 0.0
0.5393308080808 0.1555555555555 0.0 0.1385353535353 0.8612878787877999 0.1017676767677 0.0427272727273 0.46406565656550003 0.0113636363636 0.0313636363636 0.0 0.7383207070711 0.0763131313131 0.0980303030302 0.297904040404 0.9079292929294 0.2167297979797 0.0 0.7046464646463001 0.3239015151512 0.0222222222222 0.48159090909089997 0.7864141414138 0.0
0.0930735930736 0.11471861471870001 0.0 0.0465367965368 0.0703463203463 0.0 0.0454545454545 0.0692640692641 0.0 0.0 0.0227272727273 0.22943722943730002 0.0 0.1612554112554 0.047619047619 0.3051948051946 0.13961038961029998 0.0 0.2554112554111 0.119047619048 0.0227272727273 0.09199134199129999 0.16558441558429998 0.0
0.0 0.0 0.0 0.0 0.0 0.0 0.0 0.0 0.0 0.0 0.0 0.0 0.0 0.0 0.0 0.0 0.0 0.0 0.0 0.0 0.0 0.0 0.0 0.0
0.2837772397096 0.0963680387408 0.0444444444444 0.22663438256680002 0.5113263384453 0.0444444444444 0.0 0.46462200699489997 0.0222222222222 0.0222222222222 0.101694915254 0.5779930051118 0.0952380952381 0.1396825396824 0.1535108958836 0.4350282485871 0.2201775625502 0.0 0.41302125369939996 0.0561205273069 0.0338983050847 0.3451170298624 0.5822975517893001 0.13015873015860002
0.0967741935483 0.0645161290322 0.0 0.0 0.0 0.0322580645161 0.0 0.25806451612939996 0.1290322580644 0.2258064516132 0.0 0.0645161290322 0.2258064516132 0.1935483870971 0.0 0.1935483870966 0.0645161290322 0.0 0.0645161290322 0.0967741935483 0.0967741935483 0.0967741935483 0.0967741935483 0.0
0.236842105263 0.0 0.0 0.0 0.0 0.0 0.0 0.39473684210500004 0.157894736842 0.236842105263 0.0 0.315789473684 0.236842105263 0.078947368421 0.0 0.236842105263 0.157894736842 0.078947368421 0.078947368421 0.078947368421 0.236842105263 0.0 0.47368421052700005 0.0
0.025 0.07499999999990001 0.0 0.0 0.025 0.0 0.125 0.0999999999999 0.0 0.0 0.025 0.5000000000008 0.025 0.30000000000090005 0.0 0.19999999999970003 0.0999999999999 0.0 0.22499999999980003 0.0 0.0499999999999 0.0 0.22499999999989997 0.0
0.7851342216191 0.2589763399327 0.04 0.0663157894737 0.4434021950482 0.09383872525350001 0.0825688073393 0.9118193326113 0.0545499628068 0.0526315789474 0.0275229357798 0.6477633210225 0.1075229357798 0.7693118613543 0.2380492515698 0.8408305166589001 0.187831965234 0.0 0.5748266276891999 0.23024625784640002 0.10702702702700001 0.5928150651855 0.7396184112648 0.1473968705548
0.0 0.0 0.0 0.0 0.0 0.0 0.0 0.0 0.0 0.0 0.0 0.0 0.0 0.0 0.0 0.0 0.0 0.0 0.0 0.0 0.0 0.0 0.0 0.0
