0.9234957315651 0.10568436798789999 0.0 0.2291027261241 0.7685115931208 0.09730998375149999 0.0 0.7961184329294999 0.109947643979 0.1014210919968 0.0 0.9832538106411001 0.0585639491398 0.4162381038345 0.838519072551 1.2873649188882 0.6201222500188001 0.0 0.7956619296941 0.17569184741910002 0.1171278982795 0.4789131612205 0.914969179584 0.1819823072756
0.141176470588 0.141176470588 0.0 0.0705882352941 0.035294117647 0.035294117647 0.0705882352941 0.4235294117641 0.105882352941 0.035294117647 0.0 0.17647058823519998 0.10588235294109999 0.035294117647 0.035294117647 0.211764705882 0.4588235294111 0.0705882352941 0.0 0.141176470588 0.035294117647 0.141176470588 0.49411764706 0.035294117647
0.0 0.0 0.0 0.0 0.0 0.0 0.0 0.0 0.0 0.0 0.0 0.0 0.0 0.0 0.0 0.0 0.0 0.0 0.0 0.0 0.0 0.0 0.0 0.0
0.3966942148755 0.0991735537189 0.0330578512396 0.231404958678 0.1322314049585 0.0330578512396 0.0330578512396 0.4958677685947 0.0 0.0 0.0 0.5289256198351 0.1983471074376 0.0 0.0661157024792 0.6280991735537 0.330578512397 0.0 0.2314049586778 0.0661157024792 0.0661157024792 0.0991735537189 0.29752066115759995 0.0330578512396
1.0583711875412 0.22985074626859997 0.0108695652174 0.1031797534069 0.9955872809863 0.1608695652174 0.0499999999999 0.7878001297859 0.15158987670340002 0.0326086956522 0.0 0.24824789098 0.0705710577548 0.0608695652173 0.202011680727 1.5627190136290001 0.3346203763789 0.0 0.4725827384813 0.0326086956521 0.0798507462686 0.0798507462686 0.27534068786489996 0.0
0.4186046511644 0.0697674418604 0.0 0.0 0.0697674418604 0.279069767442 0.0 0.279069767442 0.1046511627906 0.0697674418604 0.0 0.4534883720922 0.20930232558120002 0.0697674418604 0.279069767442 0.104651162791 0.0697674418604 0.0 0.1395348837208 0.0348837209302 0.0 0.2790697674432 0.0697674418604 0.0
0.1 0.0 0.0 0.0 0.0 0.0 0.0 0.0 0.0 0.0 0.0 0.0 0.0 0.2 0.0 0.05 0.1 0.0 0.0 0.0 0.0 0.05 0.5 0.0
0.4896360868964 0.0871474035857 0.0318804483188 0.0515151515151 0.08005692937190001 0.3240981240979 0.0 0.49932396370719995 0.0574314574315 0.0555555555555 0.0 0.46341299491990007 0.1282630611396 0.1645021645022 0.14221075727920002 0.4636719444938 0.12188420407589999 0.031168831168800003 0.2149281464354 0.0897546897546 0.0181818181818 0.0585660914428 0.3144003637153 0.1124098124098
0.159574468085 0.372340425532 0.0 0.0 0.0 0.159574468085 0.0 0.3723404255314 0.851063829787 0.21276595744639998 0.0 0.1063829787234 0.585106382979 0.3723404255317 0.212765957447 0.5851063829797 0.0 0.0 0.319148936169 0.212765957447 0.265957446808 0.1595744680847 0.0531914893617 0.0
0.0 0.0 0.0 0.0 0.0 0.0 0.0 0.0 0.0 0.0 0.0 0.0 0.0 0.0 0.0 0.0 0.0 0.0 0.0 0.0 0.0 0.0 0.0 0.0
0.0 0.0 0.0 0.0 0.0 0.0 0.0 0.0 0.0 0.0 0.0 0.0 0.0 0.0 0.0 0.0 0.0 0.0 0.0 0.0 0.0 0.0 0.0 0.0
0.9317571151069 0.3281242953324 0.0273972602739 0.12120219555520001 0.3942011179449 0.7133212474458 0.0 0.9364735862997999 0.12282645390430001 0.1472525293828 0.0 0.9534834769946001 0.2369043025275 0.22819870825639998 0.9350666553934001 0.8337330533437001 0.3374090929515 0.0447761194029 0.2961970066799 0.0970480416746 0.046511627907 0.4102865711195 0.8437450354591001 0.0140845070422
0.0816326530612 0.0408163265306 0.0204081632653 0.0204081632653 0.0 0.0204081632653 0.0 0.22448979591850005 0.0 0.0 0.0 0.061224489795900006 0.0408163265306 0.0408163265306 0.0204081632653 0.1428571428571 0.0 0.0 0.0612244897959 0.0612244897959 0.0204081632653 0.061224489795900006 0.0816326530612 0.0
0.2 0.04 0.0 0.0 0.2 0.04 0.04 0.32 0.08 0.04 0.0 0.28 0.08 0.04 0.0 0.16 0.04 0.0 0.04 0.12 0.0 0.12 0.08 0.08
0.464285714286 0.107142857143 0.0 0.0357142857143 0.1428571428573 0.0 0.0 0.0 0.0 0.0714285714285 0.142857142857 0.2500000000005 0.0 0.107142857143 0.428571428571 0.6428571428579001 0.1071428571428 0.0357142857143 0.1785714285715 0.0 0.0357142857143 0.0 0.2142857142858 0.0357142857143
0.8076775849324 0.2189003436433 0.0253164556962 0.150576362608 0.37915524816269996 0.0 0.0 0.6612336334761 0.19518900343599999 0.0 0.0 0.5107703684364999 0.020618556701 0.0999434512157 0.29662447257380004 2.0030579842552 0.1998869024313 0.0 0.32056200791690004 0.2189003436433 0.053951890034299996 0.2 0.5757797207357 0.061855670103
0.7213788045467 0.1444444444444 0.0 0.1222222222221 0.3039970663732 0.0 0.037037037037 0.5682434910164 0.1123945727905 0.0 0.037037037037 0.6849284928486 0.053135313531299994 0.051851851851799996 0.3265126512648 0.8387605427207 0.5125412541252999 0.053135313531299994 0.4659699303259 0.0703703703703 0.053135313531299994 0.2420242024201 0.600880088009 0.0
0.0 0.0 0.0 0.0 0.0 0.0 0.0 0.0 0.0 0.0 0.0 0.0 0.0 0.0 0.0 0.0 0.0 0.0 0.0 0.0 0.0 0.0 0.0 0.0
1.5440687361454999 0.0681818181818 0.0 0.0 0.23392461197319997 0.0 0.0 0.3852549889144 0.0681818181818 0.0 0.0340909090909 0.17544345898020003 0.0243902439024 0.1463414634146 0.0 0.3409090909097 0.3652993348113 0.0 0.23863636363590002 0.0 0.0 0.1998337028825 0.1754434589799 0.0
0.0263157894736 0.0789473684209 0.0 0.0 0.0789473684209 0.0 0.0 0.0526315789472 0.0263157894736 0.0263157894736 0.0526315789473 0.18421052631579998 0.13157894736859999 0.2631578947369 0.105263157895 0.3421052631576 0.0263157894736 0.0263157894736 0.0 0.184210526316 0.0789473684209 0.0526315789473 0.2368421052626 0.0263157894736
0.0 0.0 0.0 0.0 0.0 0.0952380952381 0.0 0.4761904761903 0.0 0.0 0.0 0.0 0.0952380952381 0.3809523809522 0.0 0.0 0.2857142857141 0.0 0.0952380952381 0.0952380952381 0.0 0.0 0.380952380952 0.0952380952381
0.5964523281594 0.07317073170720001 0.0243902439024 0.08499630450840001 0.0487804878048 0.0 0.0 0.1581670362156 0.07317073170720001 0.0 0.0 0.7531411677755 0.0243902439024 0.1943828529192 0.060606060606 0.5343680709528 0.2187730968217 0.0 0.38876570583900005 0.0 0.0243902439024 0.1093865484108 0.632668144863 0.0
0.2993978966373 0.0867165944028 0.0 0.0762711864409 0.2483047991179 0.162790697675 0.0 0.37219299297928 0.03173039022468 0.16250221361538 0.0 0.14931192267475998 0.046223143847880004 0.0634607804493 0.0858511422254 0.3573689111299 0.00847457627118 0.0434782608695 0.26852724603478 0.0634607804493 0.048679542767079996 0.1266330768395 0.27536803139616 0.0232558139535
0.0 0.0 0.0 0.0 0.0 0.0 0.0 0.0 0.0 0.0 0.0 0.0 0.0 0.0 0.0 0.0 0.0 0.0 0.0 0.0 0.0 0.0 0.0 0.0
0.500158247109 0.136129032258 0.1099939135728 0.12 0.4790261716373 0.3199999999999 0.16 1.2643213633598998 0.10451612903230001 0.12 0.04 0.7254534388314 0.2588679245283 0.4154595252589 1.3772489348748 1.4311259890463999 0.48967741935479997 0.0188679245283 0.3356299452225 0.1522580645161 0.0 0.4813998782718 1.5100547778451 0.44981132075429997
0.0571428571428 0.228571428572 0.0 0.0 0.0571428571428 0.0 0.0 0.2285714285712 0.39999999999979996 0.114285714286 0.0 0.1142857142856 0.1714285714288 0.285714285715 0.0 0.0571428571428 0.0 0.1714285714288 0.0 0.0 0.0571428571428 0.0 0.0571428571428 0.0
0.0 0.0 0.0 0.0 0.0 0.0 0.0 0.0 0.0 0.0 0.0 0.0 0.0 0.0 0.0 0.0 0.0 0.0 0.0 0.0 0.0 0.0 0.0 0.0
0.33050847457599997 0.0508474576271 0.0 0.3559322033905 0.2796610169486 0.0 0.0254237288135 0.4830508474586 0.0 0.0 0.0 0.2033898305081 0.0254237288135 0.1779661016946 0.0254237288135 0.35593220338910003 0.1525423728811 0.0 0.228813559323 0.0 0.0254237288135 0.0254237288135 0.2542372881357 0.0
0.3896940418675 0.0511272141707 0.0555555555555 0.0217391304348 0.2870370370373 0.1207729468598 0.0 0.33051529790700007 0.0217391304348 0.10869565217379999 0.0 0.18921095008060002 0.0217391304348 0.0587761674718 0.38526570048299996 0.3272946859904 0.10547504025759999 0.0108695652174 0.0652173913044 0.0511272141707 0.08373590982279999 0.0978260869565 0.19484702093400003 0.0217391304348
0.34900542495435 0.032362661345599994 0.0253164556962 0.04221487809435 0.0998939951361 0.059113300492549994 0.0 0.25466109621495003 0.07033734489 0.1139240506331 0.0 0.2321506516182 0.0548731059424 0.2040281848224 0.8317640456465001 0.13649685103200002 0.0323626613456 0.022510444596849997 0.04221487809435 0.0 0.022510444596849997 0.1463490677813 0.20820602357044998 0.0197044334975
0.0 0.0 0.0 0.0 0.0 0.0 0.0 0.0 0.0 0.0 0.0 0.0 0.0 0.0 0.0 0.0 0.0 0.0 0.0 0.0 0.0 0.0 0.0 0.0
1.22739694838372 0.2943197301075 0.00826446280991 0.19545869809100003 0.29653029312593004 0.38668170684840003 0.0 1.15209103152381 0.04397874852411 0.0330578512397 0.1187575311285 0.8738842474014199 0.15700743107141 0.73842416748502 1.1923146868026102 1.2369510554493202 0.38429608871712 0.10628029008302 0.36574203678191003 0.2993548019867 0.1369365928188 0.7025772479915999 0.8691609812527 0.18053337037281
0.3112781954888 0.1263157894735 0.0421052631578 0.0 0.0842105263156 0.1080200501252 0.0 0.1684210526313 1.309022556393 0.2636591478694 0.0 0.0238095238095 0.1684210526318 0.5162907268168 0.21604010025079998 0.5345864661663 0.1080200501252 0.0659147869673 0.0 0.3661654135345 0.3057644110278 0.047619047619 0.1263157894735 0.10802005012509999
0.2105263157892 0.140350877193 0.140350877193 0.0 0.0701754385964 0.561403508771 0.0 0.561403508771 0.140350877193 0.0701754385964 0.0 0.4210526315788 0.0701754385964 0.350877192982 0.140350877193 0.140350877193 0.0 0.0 0.0 0.0701754385964 0.0 0.280701754386 0.5614035087734 0.0701754385964
0.0 0.0 0.0 0.0 0.0 0.0 0.0 0.0 0.0 0.0 0.0 0.0 0.0 0.0 0.0 0.0 0.0 0.0 0.0 0.0 0.0 0.0 0.0 0.0
0.7036660241307 0.1485269270126 0.0969396254254 0.2653851645604 0.40163846648150003 0.1754658385092 0.031746031746 0.6844434925398 0.153804050356 0.2226922253158 0.0 0.5676863948978 0.1403940886699 0.2260179434094 0.3882523024204 0.354310939768 0.151067323481 0.0465838509317 0.2501011399062 0.0612253397111 0.0376121463078 0.174430641822 0.528569048809 0.18944099378940002
0.0 0.0 0.0 0.0 0.0 0.0 0.0 0.0 0.0 0.0 0.0 0.0 0.0 0.0 0.0 0.0 0.0 0.0 0.0 0.0 0.0 0.0 0.0 0.0
0.1811846689896 0.0722996515679 0.0 0.0 0.036585365853600005 0.0357142857143 0.0 0.4660278745641 0.24128919860609999 0.095818815331 0.0 0.1071428571428 0.12108013937269999 0.2630662020908 0.16724738675939999 0.3231707317078 0.14372822299659999 0.036585365853600005 0.0243902439024 0.1576655052263 0.1210801393732 0.0121951219512 0.39372822299739996 0.0
0.0 0.0 0.0 0.0 0.0 0.0 0.0 0.0 0.0 0.0 0.0 0.0 0.0 0.0 0.0 0.0 0.0 0.0 0.0 0.0 0.0 0.0 0.0 0.0
1.0511685321383 0.17772023690447003 0.0 0.0965517607554 0.77065747944997 0.21020408163260001 0.0 0.9751222247735 0.04946690214537 0.07002354788057 0.02003205128207 0.5270419406982001 0.14668282193836998 0.18084593624176998 0.9557132116909001 1.61898930422057 0.37280856109483995 0.0104166666667 0.24930461864854003 0.2801282051283 0.17085688121387 0.2186120254551 0.83723634337377 0.0104166666667
1.170029551492 0.22701155874815998 0.0761904761904 0.08365316275755999 0.49879923689746 0.03377847604086 0.0 0.8448023042681999 0.0263157894737 0.0 0.03377847604086 0.9387012306884 0.11704260651619999 0.19793887704316 0.50313470242656 1.21360864848606 0.36407436501726 0.00746268656716 0.54591703138496 0.152380952381 0.07187371413606 0.337369543261 0.5561366101824199 0.0
0.2 0.30000000000000004 0.0 0.0 0.0 0.1 0.0 0.0416666666667 0.1666666666667 0.3416666666667 0.0 0.0416666666667 0.125 0.0833333333333 0.0416666666667 0.1833333333334 0.0 0.0 0.0416666666667 0.125 0.208333333334 0.0 0.0 0.0
0.5005420054198 0.07222222222220001 0.0 0.1088075880758 0.091056910569 0.0277777777778 0.0 0.16991869918700003 0.0 0.0521680216802 0.0365853658536 0.3344173441735 0.0 0.08997289972900001 0.0853658536588 0.2808943089429 0.2375338753387 0.0 0.18319783197830003 0.0277777777778 0.0833333333333 0.33983739837399995 0.2785907859076 0.0
0.0842105263158 0.1473684210526 0.0 0.0 0.0421052631578 0.0210526315789 0.0 0.3368421052633 0.1052631578946 0.0421052631578 0.0 0.0631578947368 0.105263157895 0.3157894736848 0.0421052631578 0.2526315789476 0.1052631578946 0.0421052631578 0.0631578947368 0.0210526315789 0.0210526315789 0.0421052631578 0.0631578947367 0.0842105263157
0.0 0.0 0.0 0.0 0.0 0.0 0.0 0.0 0.0 0.0 0.0 0.0 0.0 0.0 0.0 0.0 0.0 0.0 0.0 0.0 0.0 0.0 0.0 0.0
0.1470588235295 0.0147058823529 0.0147058823529 0.0147058823529 0.0147058823529 0.0 0.0147058823529 0.1617647058822 0.0 0.0147058823529 0.0 0.13235294117660001 0.0 0.0588235294118 0.0147058823529 0.0294117647058 0.0294117647058 0.0 0.11764705882359999 0.0 0.0147058823529 0.0441176470588 0.1470588235295 0.0147058823529
0.6953948179922 0.1487132352942 0.0117647058823 0.1205121703854 0.2748559220983 0.0 0.0235294117647 0.7624659078449001 0.015625 0.0705882352942 0.03125 0.5563966476621001 0.125 0.1907377268241 0.6517357875113 0.8186674250319 0.147625198728 0.0 0.41800511210979996 0.0430147058823 0.09375 0.19110040567949999 0.6092675840145 0.0
0.2938596491222 0.37719298245599997 0.0 0.0 0.271929824562 0.0833333333332 0.0 1.0723684210538 0.210526315789 0.0 0.0 0.27192982456160003 0.291666666668 0.2302631578948 0.12499999999980001 0.12499999999980001 0.0 0.0 0.12499999999980001 0.0416666666666 0.0 0.2302631578948 0.166666666667 0.0833333333332
0.6300037710041 0.0442176870747 0.1613451832351 0.12365431609477 0.4484182022327 0.0204081632652 0.03231292517 0.6124984287485 0.06583118684347 0.0543669080535 0.0102040816326 0.7415482635266 0.04202166303407 0.3546693340662 1.4259903146980002 0.80698104484497 0.20599696189127 0.0653358430749 0.3936140068300699 0.0340136054421 0.0323129251699 0.17802122414887 0.43723461824440996 0.0789993416721
0.2123893805309 0.0176991150442 0.0 0.0176991150442 0.0353982300885 0.10619469026549999 0.0176991150442 0.17699115044250002 0.10619469026549999 0.0353982300884 0.0 0.1061946902654 0.0176991150442 0.10619469026549999 0.0353982300884 0.19469026548680002 0.23008849557520003 0.0 0.10619469026549999 0.0884955752213 0.0 0.1061946902654 0.2654867256637 0.0176991150442
0.0 0.0 0.0 0.0 0.0 0.0 0.0 0.0 0.0 0.0 0.0 0.0 0.0 0.0 0.0 0.0 0.0 0.0 0.0 0.0 0.0 0.0 0.0 0.0
0.041666666666700006 0.00833333333333 0.0 0.05 0.0750000000001 0.0166666666667 0.00833333333333 0.1250000000003 0.0 0.0 0.0 0.11666666666666001 0.00833333333333 0.024999999999990002 0.0166666666667 0.15833333333333 0.08333333333340001 0.0 0.05000000000006 0.0416666666667 0.00833333333333 0.05000000000003 0.11666666666663 0.0
0.7891288298261 0.20447274517050001 0.0 0.239682539682 0.5644026085887 0.06428571428560001 0.0 0.4242155777041 0.1401870308846 0.1049772363725 0.044684385382 0.6137566137561 0.1013227513226 0.135880398671 0.401322751323 1.4058385628163 0.1227513227512 0.0232558139535 0.11875845945600001 0.107142857143 0.17325581395349998 0.2219084533035 0.9540851482719 0.044684385382
0.129365079365 0.015873015873 0.0325396825397 0.0484126984127 0.0642857142857 0.0833333333334 0.015873015873 0.35952380952339996 0.063492063492 0.24841269841299998 0.0 0.4007936507944 0.13174603174600003 0.28888888888869996 0.861904761905 0.3634920634928 0.015873015873 0.08333333333330001 0.09523809523809999 0.015873015873 0.0 0.2253968253977 0.4063492063497 0.05
0.42857142857099995 0.0 0.0 0.0 0.0 0.0 0.0 0.0 0.0 0.142857142857 0.0 0.285714285714 0.0 0.142857142857 0.0 0.0 0.0 0.0 0.285714285714 0.0 0.0 0.142857142857 0.42857142857099995 0.142857142857
1.112878746933 0.3250519787239 0.084052898439 0.1185243328099 0.20449457949459998 0.2156475408488 0.037037037037 0.8168163995623 0.1928449000881 0.14988582845710002 0.0 0.6603816576143 0.1357612504493 1.0310245310241002 1.8251471682039002 0.8604852186333999 0.3713709719743 0.0510204081632 0.4160324268468 0.0903765546621 0.0830783904223 0.3195827199849 0.7515646195226 0.14693984009860003
0.0967741935483 0.0762141084721 0.021978021978 0.021978021978 0.0322580645161 0.043956043956 0.0 0.0981921304501 0.5841900035444 0.1077632045373 0.0 0.021978021978 0.1839773130095 0.260900389933 0.6267281106005 0.14073023750430003 0.0974831619992 0.1084721729883 0.021978021978 0.0542360864941 0.1736972704714 0.18326834455900004 0.0432470755051 0.0
0.0138888888889 0.32777777777780004 0.0 0.0 0.0277777777778 0.0416666666666 0.0 0.2694444444445 0.0555555555555 0.15555555555560002 0.0 0.1277777777778 0.0 0.18333333333340002 0.208333333334 0.0555555555555 0.0 0.1 0.19722222222219998 0.0 0.0277777777778 0.0555555555556 0.11111111111110002 0.041666666666700006
0.0 0.0 0.0 0.0 0.0 0.0 0.0 0.0 0.0 0.0 0.0 0.0 0.0 0.0 0.0 0.0 0.0 0.0 0.0 0.0 0.0 0.0 0.0 0.0
0.2627278441235 0.0232558139535 0.0 0.036769327467 0.0697674418604 0.0 0.0135135135135 0.27624135763700003 0.0 0.0232558139535 0.0 0.1103079824009 0.027027027027 0.1995600251415 0.0908233815211 0.2492143306096 0.11030798240089999 0.0 0.054054054054 0.0135135135135 0.0 0.25581395348900005 0.1838466373348 0.0
0.1098901098903 0.021978021978 0.0 0.0 0.0439560439561 0.032967032967 0.0 0.1758241758246 0.010989010989 0.010989010989 0.0 0.0989010989012 0.010989010989 0.065934065934 0.021978021978 0.021978021978 0.021978021978 0.010989010989 0.043956043956 0.032967032967 0.032967032967 0.032967032967 0.10989010989010001 0.087912087912
0.5661057692306 0.1502403846155 0.09375 0.078125 0.0384615384616 0.0540865384615 0.0 0.4338942307696 0.3052884615383 0.0576923076923 0.0 0.3004807692308 0.1622596153847 0.32331730769230005 0.0384615384616 0.46394230769230005 0.4290865384616 0.0 0.32692307692300004 0.269230769231 0.1971153846155 0.3978365384615 0.31370192307699996 0.0
0.3388429752069 0.00826446280991 0.0 0.00826446280991 0.033057851239620004 0.0165289256198 0.0 0.033057851239620004 0.00826446280991 0.0 0.0247933884297 0.04132231404952 0.00826446280991 0.04132231404961 0.0330578512397 0.1735537190084 0.04132231404952 0.00826446280991 0.0578512396696 0.00826446280991 0.02479338842971 0.00826446280991 0.08264462809920001 0.0
2.23348951948919 0.344323020936 0.0437956204379 0.32163314245849006 0.9446111247494801 0.094220848104 0.02716941371259 1.52039528656397 0.1484844139957 0.0194174757281 0.015503875969 0.5781780826856701 0.13024011398489 0.22095797494799 2.66438384021669 2.19515898124738 0.57816829489449 0.0281690140845 1.1338092199743002 0.3658868443652 0.046586889440690005 0.6948877405789 0.54600087932269 0.1045283821131
0.9221249764728501 0.08242047807255001 0.0639092791265 0.1251129305477 0.2624129493693 0.0260869565217 0.0 0.3922501411627 0.0391304347825 0.00757575757575 0.00757575757575 0.4038961038957 0.0151515151515 0.11542913608095001 1.1927724449491 0.96239412761065 0.19124317711285002 0.0260869565216 0.39635328439675 0.056333521550849995 0.046052136269399996 0.37838321099235 0.27972896668499997 0.00757575757575
0.0 0.0 0.0 0.0 0.0 0.0 0.0 0.0 0.0 0.0 0.0 0.0 0.0 0.0 0.0 0.0 0.0 0.0 0.0 0.0 0.0 0.0 0.0 0.0
1.4327030033348 0.0 0.0 0.0431034482758 0.7422135706337 0.0 0.0431034482758 0.516963292547 0.0 0.0 0.0 0.6028921023353001 0.0 0.18298109009990002 0.80784204672 0.6674082313695 0.1398776418241 0.0 0.5706340378211001 0.172413793104 0.0431034482758 1.4427141268098 0.4307563959945 0.161290322581
0.0689655172413 0.1149425287355 0.0 0.0459770114942 0.16091954023010002 0.0 0.0459770114942 0.1379310344826 0.0459770114942 0.0 0.0 0.1379310344826 0.0689655172413 0.2298850574713 0.0919540229884 0.2298850574716 0.1149425287357 0.0689655172413 0.0229885057471 0.16091954023 0.0689655172413 0.0689655172413 0.0919540229886 0.0229885057471
0.5741071428572 0.17410714285739998 0.0571428571428 0.0857142857142 0.20803571428559997 0.09107142857139999 0.0 0.26517857142879997 0.5428571428572 0.0 0.0 0.33303571428559997 0.0857142857142 0.4133928571438 0.11964285714279999 0.4678571428568 0.0 0.0571428571428 0.03125 0.0857142857142 0.0285714285714 0.1741071428574 0.2053571428574 0.0
0.21627906976760003 0.0343669250646 0.0111111111111 0.0343669250646 0.0687338501292 0.0 0.0 0.0677002583979 0.033333333333300005 0.0232558139535 0.0 0.304134366925 0.0222222222222 0.0798449612403 0.1263565891474 0.2527131782951 0.2183462532305 0.0 0.0899224806202 0.0 0.033333333333300005 0.1242894056848 0.2596899224806 0.0
0.71616639379041 0.0251046025104 0.0260869565217 0.025759505184610003 0.10205566672722999 0.017063853010719998 0.133333333333 0.51247953429111 0.0251046025104 0.06746103935469999 0.0 0.60944151355302 0.13393972469850998 0.08452489236541999 0.7621672427383 0.42533503122933 0.09223819052801 0.0 0.22070826511442998 0.0251046025104 0.0 0.40186768540381 0.5856891637864101 0.00836820083681
0.08 0.04 0.02 0.04 0.02 0.04 0.0 0.08 0.02 0.02 0.0 0.13999999999999999 0.06 0.12 0.04 0.06 0.0 0.06 0.0 0.02 0.0 0.0 0.06 0.0800000000001
1.2310756882808 0.1237489911218 0.07199354318 0.17130750605290002 0.8180185633576 0.110070845664 0.0169491525424 0.877461662632 0.2201416913279 0.20321047439679998 0.0169491525424 0.9495762711875 0.0550443906376 0.5970764953823999 5.0613196125892 1.8621603443644 0.6179580306698 0.1693121693122 1.6968545421931 0.03599677159 0.2252824858761 0.4814568200169 1.2123060712038 0.17472872388119998
0.04310344827582 0.0603448275864 0.0 0.0172413793103 0.07758620689646 0.0 0.0 0.04310344827576 0.02586206896548 0.0431034482759 0.0 0.08620689655161999 0.00862068965516 0.06896551724135999 0.1206896551723 0.02586206896548 0.03448275862062 0.0 0.03448275862062 0.0603448275864 0.0344827586206 0.05172413793102 0.16379310344839998 0.0
0.0 0.0 0.0 0.0 0.0 0.0 0.0 0.0 0.0 0.0 0.0 0.0 0.0 0.0 0.0 0.0 0.0 0.0 0.0 0.0 0.0 0.0 0.0 0.0
0.041450777202 0.0466321243524 0.00518134715025 0.062176165803 0.10362694300505 0.00518134715025 0.00518134715025 0.1295336787565 0.0155440414508 0.00518134715025 0.0 0.07772020725395001 0.0 0.0103626943005 0.020725388601 0.06217616580305 0.20207253885975 0.0 0.05181347150255001 0.0155440414508 0.0 0.041450777202 0.0880829015544 0.0103626943005
1.2438702817648 0.09356725146190001 0.046783625731 0.1432748538017 0.46184476342415004 0.12067517278045 0.00757575757575 0.605231259968 0.1019351408825 0.2550345560872 0.04 0.8673577884111 0.18272727272725 0.56548112705995 1.1784635831993 0.6820733652320998 0.26236044657115 0.17131844763425 0.2579585326954 0.2497076023392 0.17435938330675002 0.4295481127071 0.7975810738968001 0.061270600744300005
0.07547169811314 0.00943396226414 0.0 0.0283018867924 0.04716981132068 0.02830188679244 0.0 0.13207547169834 0.0377358490566 0.0188679245283 0.0 0.32075471698154 0.0660377358493 0.17924528301894 0.2830188679239 0.1132075471698 0.00943396226414 0.01886792452828 0.028301886792420003 0.0283018867924 0.00943396226414 0.132075471698 0.42452830188684 0.00943396226414
0.68 0.0 0.0 0.02 0.0 0.0 0.04 0.02 0.0 0.02 0.0 0.04 0.0 0.02 0.0 0.02 0.02 0.0 0.0 0.0 0.0 0.04 0.08 0.0
1.02060911026322 0.32032288256361 0.1521187228713 0.14335732929567 0.43179107620452 0.19736261014091 0.0 0.57283351347692 0.20556067547307 0.07074113166281 0.0 0.74359588607052 0.27715842387432 0.51475489295506 1.71868682241826 0.56604035262246 0.24649907908871 0.12767436336491 0.40179316096467 0.6105033571982 0.12994435760316997 0.7369576145446 0.7281200999612999 0.08357453738065
0.1637681159421 0.3001672240803 0.0 0.0311594202899 0.09565217391309999 0.0478260869565 0.0 0.2623188405798 0.7141583054645999 0.13628762541810002 0.0 0.1862876254181 0.1289855072464 0.3174470457079 0.1557971014494 0.2900222965439 0.0 0.10512820512820001 0.0311594202899 0.3118171683388 0.253734671126 0.3131549609804 0.1551282051282 0.0
0.0681818181817 0.3560606060603 0.0227272727273 0.0 0.0340909090909 0.147727272728 0.0 0.1396895787142 0.3551367331855 0.4048410938653 0.0 0.11742424242419999 0.0487804878048 0.0340909090909 0.5950665188469001 0.3799889135253 0.0113636363636 0.1190872135993 0.0487804878048 0.0 0.0243902439024 0.035753880266 0.0568181818182 0.0
0.0 0.0 0.0 0.0 0.0 0.0 0.0 0.0 0.0 0.0 0.0 0.0 0.0 0.0 0.0 0.0 0.0 0.0 0.0 0.0 0.0 0.0 0.0 0.0
1.2158255588590001 0.2272349647823 0.0176991150442 0.1350460538198 0.4362967984714 0.41376196496389994 0.068022718267 0.7156524358524 0.0961125158028 0.23390373848639998 0.0 0.9563106671816002 0.1800162542896 0.4092559821445 0.6393732529331999 1.10191318107 0.1188489779744 0.095796460177 0.45906938128560004 0.0969387755102 0.070731766488 0.7438565929604 1.4118220977478 0.1565107458913
0.20961887477297003 0.04310344827587 0.00862068965517 0.048094373865670004 0.30738484141367 0.08756805807617 0.0394736842105 0.89490968801257 0.1889637887823 0.09618874773134001 0.00862068965517 0.5104355716876 0.21571169302547 0.32551205600184 0.84707458300844 0.24567885230289999 0.1184210526315 0.058292282430170005 0.11137758188567001 0.056715063520799996 0.03448275862064 0.0394736842105 0.28104744620208 0.22323049001847
0.8136792452828 0.4632075471708 0.0522012578616 0.1987421383656 0.1166666666666 0.0188679245283 0.0 0.542610062893 0.3066037735849 0.08773584905649999 0.0 0.7979559748425 0.2188679245283 0.6320754716982 0.3075471698108 0.3237421383648 0.0377358490566 0.1627358490566 0.2482704402519 0.3816037735849 0.5188679245283 0.4544025157232 0.2970125786164 0.0188679245283
0.3902439024384 0.0162601626016 0.0 0.0650406504065 0.11382113821130001 0.0487804878048 0.0 0.1626016260168 0.0 0.0162601626016 0.0487804878048 0.14634146341440002 0.0162601626016 0.0 0.113821138212 0.34146341463450003 0.0325203252032 0.0162601626016 0.1626016260162 0.0487804878048 0.0162601626016 0.0975609756097 0.1463414634152 0.0
1.5800470825094 0.1962325695353 0.0461538461538 0.1808356723376 0.63078565736054 0.20081621771270003 0.0 1.05570822457618 0.1461040001424 0.19396050130154 0.0291187739464 0.81005715966734 0.1322768748133 0.4476194647384 3.19384235272054 2.07789162572628 0.55959800607404 0.0 0.61489368984464 0.1784647428479 0.2252692467487 0.45599654023520003 1.9172515863466002 0.1270761646624
3.7365725702593 0.4204612613654 0.0645284877674 0.2266282508157 0.45994881345460004 0.0431420122829 0.0366972477063 1.0210425203828 0.05808372319090001 0.061490636136000004 0.0 1.3743873456652 0.05808372319090001 0.42119938399370005 4.4050786853778 1.5512264635540003 0.5027217644234 0.0550458715595 1.1355268463236001 0.2798694878683 0.05808372319090001 0.45387311019269994 1.3759087821019 0.2003992891925
0.19178082191770002 0.0 0.0 0.0 0.0547945205479 0.054794520548 0.0 0.054794520548 0.0821917808219 0.1917808219178 0.0 0.054794520548 0.191780821918 0.1917808219178 0.54794520548 0.1369863013698 0.0 0.0 0.054794520548 0.0 0.027397260274 0.109589041096 0.054794520548 0.0
0.897534668721 0.0526315789474 0.0 0.1163328197227 0.30328035033600004 0.049043062201 0.0 0.5721149947292 0.0 0.0 0.0 0.3768348065847 0.0 0.2087421944691 0.42950693374430005 0.5102586975915 0.2260968291296 0.0254237288135 0.39956207931200005 0.0517395182872 0.0980861244019 0.3568242640507 0.3259873489578 0.0
0.040816326530500005 0.0306122448979 0.0102040816326 0.0204081632653 0.0 0.0102040816326 0.0 0.1122448979591 0.05102040816310001 0.0 0.0 0.051020408163000006 0.0204081632653 0.173469387755 0.0714285714285 0.1020408163264 0.0306122448979 0.0204081632652 0.0102040816326 0.0918367346941 0.061224489795900006 0.0408163265306 0.0306122448978 0.0204081632653
0.434782608696 0.0724637681158 0.0724637681159 0.0 0.0724637681159 0.108695652174 0.0 0.1086956521738 0.1811594202898 0.2898550724638 0.0 0.5072463768117 0.1086956521738 0.3260869565219 0.7971014492759 0.2536231884058 0.0362318840579 0.2898550724649 0.1449275362319 0.326086956523 0.2536231884059 0.1811594202899 0.25362318840570003 0.18115942029
0.0588235294117 0.0588235294117 0.0 0.294117647059 0.0588235294117 0.117647058823 0.0 0.176470588235 0.1764705882347 0.0588235294117 0.0 0.2941176470587 0.470588235294 0.0 0.0588235294117 0.0588235294117 0.0 0.0 0.0 0.0 0.0 0.0 0.0588235294117 0.0588235294117
1.2768501173837 0.1140175565418 0.03464160678089 0.150112386038 0.29489156407177997 0.081628892574 0.0493827160493 0.57618937849358 0.045134203028900005 0.04273877277279 0.0161943319838 1.88435167094429 0.030393093760389997 0.28831028542980003 1.74158149125589 0.5118604010983899 0.0441919954881 0.037037037037 0.35060191619469 0.0242914979757 0.08362446278119 0.6673201692844901 0.56438604697268 0.0902684060578
0.243902439024 0.11862527716169999 0.0 0.0487804878048 0.0487804878048 0.11862527716169999 0.0 0.19179600886889997 0.0 0.0 0.0 0.3381374722845 0.26496674057590003 0.1951219512204 0.1363636363636 0.4157427937916 0.0487804878048 0.0 0.18847006651870002 0.1430155210643 0.11862527716170002 0.0942350332593 0.0975609756096 0.1884700665189
2.08286144724162 0.5217205376161 0.2912321354563 0.3131897127531 1.83139735141906 0.15561475366330002 0.12541021804036 1.4596026285567598 0.24652815857799998 0.25501341100946 0.014301430143 2.36041330927348 0.23681558182006002 1.7990205059358 5.289354902957601 1.94106761108856 1.0541759623843 0.0944728013174 1.9129731246194 0.2908551563164 0.20415625377610003 1.1564790539304601 2.06687048541966 0.2964734666841
0.0853658536586 0.0243902439024 0.0 0.0121951219512 0.0487804878049 0.0182926829268 0.0121951219512 0.0548780487805 0.030487804878 0.0 0.0 0.0548780487805 0.0060975609756 0.0487804878049 0.10975609756060001 0.042682926829199996 0.0121951219512 0.0 0.0365853658536 0.0243902439025 0.0060975609756 0.08536585365839999 0.28048780487799996 0.0060975609756
0.0 0.0 0.0 0.0 0.0 0.0 0.0 0.0 0.0 0.0 0.0 0.0 0.0 0.0 0.0 0.0 0.0 0.0 0.0 0.0 0.0 0.0 0.0 0.0
0.42802526595760004 0.0564328457446 0.0212765957446 0.0681515957446 0.2322140957446 0.0937500000003 0.0234375 0.2769281914892 0.03515625 0.0872672872338 0.0212765957446 0.3281250000003 0.0681515957446 0.1171875 0.2830784574466 0.3472406914896 0.26953125 0.0851063829787 0.2417719414893 0.0820312500003 0.03515625 0.3077626329787 0.36419547872290003 0.12674534574489998
3.2327793492056998 0.142877219903 0.0458015267175 0.1835555435506 0.9648729028247 0.0779651811845 0.0676691729323 1.0010636430623001 0.3750701178653 0.3694660932324 0.1679553452339 1.4760762080617 0.0621549045047 0.9099544155636999 2.5439591958675 1.7958733376891 0.5917746991677 0.0484272760487 0.3449891116223 0.1441956259316 0.1452818281462 0.44815388793550004 1.7799041994631 0.0801792142909
0.24659195368576997 0.051829685696899996 0.03594828766447 0.03927321089787 0.23575661561950995 0.0376107492812 0.01588139803237 0.49158012087131 0.0735590369455 0.1570928435911 0.00584795321637 0.65544016116064 0.10365937139406999 0.18558939153897 0.45482993995574 0.31005887069963994 0.07355903694569998 0.01588139803237 0.14293258229187 0.0301003344481 0.00584795321637 0.143793150658 0.43969176005730004 0.047644194097169995
0.0 0.0 0.0 0.0 0.0 0.0 0.0 0.0 0.0 0.0 0.0 0.0 0.0 0.0 0.0 0.0 0.0 0.0 0.0 0.0 0.0 0.0 0.0 0.0
2.0015298094473 0.5582608142311001 0.07097736100749999 0.3939185523691 0.54619567931665 0.5144091728594999 0.037037037037 1.32349166119225 0.52630798822435 0.324043194134 0.065960355434 1.0965150677659001 0.29714670116935 1.0641397353433 1.8889495550647 1.69824590466915 0.45218907991985 0.139302978371 0.97876156104915 0.3768126563162 0.19987692383914998 0.9858316792019499 1.0644124960396 0.39568403599285
0.0 0.0 0.0 0.0 0.0 0.0 0.0 0.0 0.0 0.0 0.0 0.0 0.0 0.0 0.0 0.0 0.0 0.0 0.0 0.0 0.0 0.0 0.0 0.0
0.0776699029126 0.0970873786407 0.0970873786407 0.0194174757281 0.0194174757281 0.135922330098 0.0 0.15533980582610002 0.1553398058252 0.0194174757281 0.0 0.33009708737840004 0.0388349514562 0.13592233009670002 0.0776699029126 0.34951456310719997 0.0194174757281 0.0194174757281 0.1165048543688 0.0 0.0 0.0194174757281 0.0970873786407 0.0194174757281
0.0833333333332 0.0416666666666 0.0 0.0 0.0416666666666 0.0 0.0 0.0 0.0 0.0 0.0416666666666 0.0 0.0833333333332 0.0 0.291666666668 0.20833333333300003 0.0 0.0 0.125 0.0 0.0416666666666 0.0416666666666 0.0 0.0
0.5349891600440999 0.25660409887429997 0.06346015501718 0.17379531003440002 0.22580711401974 0.2611579453688 0.030303030303 0.7212272579609 0.07636278195487999 0.12300532475977999 0.0151515151515 1.73997890510894 0.1611867157372 0.8186643380171801 0.5781705258680601 0.84553041378748 0.68405019890856 0.02267031214398 0.53158487467728 0.0625000000001 0.030303030303 0.8686271412151799 1.1066132717999597 0.0682565789476
0.2221374045803 0.100693962526 0.0152671755725 0.0090909090909 0.17994448299819998 0.0243580846634 0.0152671755725 0.2370575988894 0.2741151977795 0.1461485079805 0.0 0.1916030534351 0.0548924358084 0.20138792505200004 0.1370575988896 0.3020818875779 0.0701596113809 0.13122831367100002 0.2276197085358 0.13088133240810002 0.09451769604440001 0.0821651630811 0.10978487161679999 0.0425399028452
0.7079530650349 0.33986227549479997 0.1673968500443 0.14963530389656 0.1376412634018 0.08466175075730001 0.0608066502463 0.9366688766958 0.3236544992809 0.060520760028120006 0.0 1.21344225471392 0.09451396750602 0.34804026558146 0.36854593786576 0.29948951094656 0.16486294667787998 0.04011259676282 0.5769426211267 0.2137301884769 0.2210944910198 0.6506095879136601 0.82996211978066 0.00985221674876
0.8835368832429 0.0311675622862 0.0 0.0833414753297 0.11089399120650001 0.2304836345872 0.0 0.34714215925749997 0.053639472398599994 0.0311675622862 0.0347826086956 0.1616023448951 0.0710307767463 0.0347826086956 0.13190034196369999 0.4275525158775 0.26165119687399996 0.0173913043478 0.13190034196380002 0.13190034196369999 0.053639472398599994 0.5936492427942 0.17684416218869997 0.0
4.209663241508189 0.52020400294689 0.058458165875 0.9154087639126001 1.66885653090029 0.52212540440559 0.1536960496419 2.50385487727157 0.12055684519449 0.5715295468815 0.0 2.01077056796038 0.23540307402889 0.95509815140208 6.825778534421691 3.7571304739682 1.0427014721491998 0.068559175976 1.76898991076009 0.5046815092623 0.47690371157065997 1.42468222169829 2.57753837528478 0.10740939297829
2.378573608904 0.28175918599640004 0.0182926829268 0.25456890542980004 0.35290991368860003 0.1092465457122 0.049990191590799996 1.3797145681560998 0.2443018425823 0.0652740343855 0.0402144772117 1.1340311961645 0.0909538627854 0.3129471428116 2.6840051117974 1.5021324366517999 0.49412387777940003 0.0335765257215 1.0448335668595998 0.2668439080933 0.0652740343855 0.5513602278862 1.590194103704 0.05487804878039999
0.2155369383091 0.079207920792 0.0769230769229 0.039603960396 0.039603960396 0.019801980198 0.0 0.079207920792 0.2155369383089 0.1782178217822 0.0 0.039603960396 0.2749428789029 0.2947448591011 0.138613861387 0.2376237623762 0.019801980198 0.019801980198 0.558263518661 0.0990099009902 0.1957349581109 0.0990099009901 0.079207920792 0.0
1.43936243936666 0.05015592515588 0.0 0.0576923076923 0.30975893475899996 0.060451935451880004 0.0661691911691 0.6527571527570601 0.0135135135135 0.12730175230168 0.0 0.33292495792496 0.08426145926138001 0.264676764677 0.49383724383680005 0.8904316404321799 0.28666716166710005 0.0 0.27633402633406 0.02312889812888 0.0803633303633 0.7701588951588 0.6731140481140001 0.04693842193838001
0.29850746268760003 0.1492537313431 0.0 0.119402985075 0.0597014925372 0.0597014925372 0.0 0.4477611940297 0.0597014925372 0.0597014925372 0.0 0.7164179104474999 0.0597014925372 0.29850746268609996 0.1492537313431 0.32835820895560003 0.23880597014889998 0.0 0.1194029850744 0.0298507462686 0.119402985075 0.14925373134300002 0.3582089552242 0.1791044776122
0.2614379084973 0.0261437908497 0.0522875816993 0.078431372549 0.1568627450979 0.0522875816993 0.0261437908497 0.2091503267973 0.2091503267977 0.156862745098 0.0 0.28758169934669997 0.078431372549 0.28758169934629996 0.5490196078442999 0.39215686274499995 0.0784313725491 0.104575163399 0.1307189542483 0.287581699347 0.20915032679700002 0.156862745098 0.156862745098 0.0522875816993
0.2580872011256 0.11761603375520001 0.0126582278481 0.0808720112518 0.079641350211 0.0 0.164556962026 0.47819971870590006 0.1796765119549 0.037974683544299996 0.0 0.9236990154716 0.0784106891702 0.1176160337553 0.1074191279888 0.3124120956407 0.1719409282701 0.0 0.2315400843887 0.0138888888889 0.053094233474 0.1176160337553 0.4630801687756 0.0
3.18156458012869 0.1224117531059 0.0335732597121 0.14784714587089 1.2188037395867002 0.0431973503137 0.1961787774891 1.2124322904636002 0.058117876833900003 0.17471561362909 0.0 1.9654358543227002 0.09465250970459 0.52620244291318 3.1743707101173 2.33974912263048 0.48979153553869004 0.0227272727273 1.50349016567249 0.192819766068 0.07581317888720002 0.7653168794541001 1.34922240871249 0.111565766121
0.0645161290322 0.0 0.0 0.0 0.0322580645161 0.129032258065 0.0 0.0645161290322 0.0 0.0645161290322 0.0 0.0322580645161 0.0 0.0 0.0322580645161 0.1935483870965 0.0 0.0 0.0 0.0 0.0 0.0322580645161 0.129032258065 0.225806451614
2.7022694707826 0.5727001001202999 0.2066516600961 0.3727251795582 1.9001312932632999 0.398615384616 0.11510625268579999 2.2096254399242 0.3907148871171 0.6797182320958001 0.0335866996132 2.4037410326529 0.36848186643340003 1.9251227411437 2.3177623892564 2.8687160285466 0.7802564429872 0.1753442900917 2.0117969831485003 0.4130662496966 0.44257564529180005 1.2297365790402 2.3229706382914 0.1585845135554
0.0 0.0 0.0 0.0 0.0 0.0 0.0 0.0 0.0 0.0 0.0 0.0 0.0 0.0 0.0 0.0 0.0 0.0 0.0 0.0 0.0 0.0 0.0 0.0
0.0 0.0 0.0 0.0 0.0 0.0 0.0 0.0 0.0 0.0 0.0 0.0 0.0 0.0 0.0 0.0 0.0 0.0 0.0 0.0 0.0 0.0 0.0 0.0
0.0 0.0 0.0 0.0 0.0 0.0 0.0 0.0 0.0 0.0 0.0 0.0 0.0 0.0 0.0 0.0 0.0 0.0 0.0 0.0 0.0 0.0 0.0 0.0
1.29462760541713 0.09029841324962 0.0257510729613 0.11665566884981 0.70220668638115 0.11039092205133999 0.03198467801195 1.00066142116659 0.10403331908452 0.12964335156924 0.0441842526848 0.8353438391603599 0.130193067951 0.47537229462247 0.70913018027785 0.99687321623962 0.3344618970274 0.06262192742862 0.7169597404717001 0.1593781686986 0.1077182860761 0.47572535686659 1.22995781885899 0.11582681488834
0.3092681965922 0.1750221609375 0.0140845070422 0.0350635280212 0.2034866541906 0.14025411208490002 0.0140845070422 0.5112774549399 0.07731704914790001 0.3515217177182 0.0350635280212 0.8607308184765 0.09800059095830001 0.3224662661285 0.2520437309177 0.4213532945928 0.0281690140845 0.1051905840637 0.14714862602169998 0.049148035063500004 0.049148035063500004 0.1753176401064 0.5966709346987 0.0281690140844
0.0 0.0 0.0 0.0 0.0 0.0 0.0 0.0 0.0 0.0 0.0 0.0 0.0 0.0 0.0 0.0 0.0 0.0 0.0 0.0 0.0 0.0 0.0 0.0
1.9196943163481999 0.5064101674279 0.1207294717043 0.49205203372469997 0.7104747493192999 0.49389857050700003 0.0389972144846 1.4827354827699002 0.2837361176066 0.5006903055936001 0.042735042735 1.5867227437799996 0.3426660746943 0.9713031787803 1.7509584868484 1.9318746088226 0.5687810777126 0.11106532356519999 0.7536967455842001 0.2085151159837 0.0940577940577 1.2205158482314 1.6112981102921 0.25639141942559995
0.2823529411762 0.284705882353 0.0 0.0235294117647 0.1105882352941 0.0235294117647 0.117647058824 0.7341176470596 0.5788235294116 0.21411764705880004 0.0 0.2611764705882 0.505882352941 0.4658823529409 0.42588235294149995 0.41176470588229996 0.2352941176474 0.0870588235294 0.3294117647057 0.0941176470589 0.3152941176475 0.3576470588235 0.11764705882350002 0.0235294117647
0.2571428571424 0.1999999999996 0.0222222222222 0.132275132275 0.1238095238094 0.103703703704 0.0 0.23703703703679999 0.2074074074072 0.2423280423278 0.0 0.3079365079362 0.16084656084640003 0.253968253968 0.5767195767204 0.2550264550262 0.0296296296296 0.2677248677252 0.13968253968240002 0.0 0.1301587301586 0.212698412698 0.132275132275 0.0074074074074
0.0 0.0 0.0 0.0 0.0 0.0 0.0 0.0 0.0 0.0 0.0 0.0 0.0 0.0 0.0 0.0 0.0 0.0 0.0 0.0 0.0 0.0 0.0 0.0
0.7913714538766501 0.08951468544888999 0.07787082543766 0.14250111313172 0.40900889306752997 0.1700291147229 0.0477588295593 0.86137493398775 0.19350040578616 0.17503508702436 0.0 1.04691331911492 0.22689067429109003 0.7115296956679401 0.6689499828688599 0.95451090752152 0.20147501731925999 0.06138582650369 0.51328950723252 0.0764326673078 0.06818854759212 0.53733550366906 0.88049669580199 0.09463631306806
0.25648185081749997 0.2390905464699 0.0536098923015 0.0811328280813 0.5491822895889 0.0695652173913 0.0 0.8650977263662001 0.2767451136816 0.28256880733969997 0.0 0.4347028320699 0.2825688073391 0.3477463103312 0.9649780614297 0.6187475069805001 0.2607897885918 0.1100917431192 0.47243717590769996 0.266613482249 0.3882728360589 0.3999202233743 0.5260470682089 0.2536098923024
0.25672411116289995 0.30615949904312 0.11539823008851999 0.0292397660818 0.09672411116269 0.13165657506619 0.146194690265 0.20830098845926998 0.10257206437922 0.33633493763886 0.0 0.33099208197498 0.07333229829737 0.64311131811772 0.05278683434241001 0.12042643481846999 0.04584795321637 0.22222222222173998 0.6929006882992401 0.0818713450292 0.09278683434244 0.21668477979648998 0.64779175076379 0.0499404854318
0.29670329670359996 0.0428571428571 0.0153846153846 0.010989010989 0.0494505494506 0.1054945054944 0.0153846153846 0.2043956043956 0.0164835164835 0.010989010989 0.0 0.1747252747252 0.0318681318681 0.0054945054945 0.08351648351640001 0.301098901099 0.1285714285715 0.010989010989 0.0901098901098 0.0373626373626 0.0054945054945 0.1263736263736 0.22087912087980005 0.0153846153846
2.79032310419532 0.48547556597111996 0.076697606253 0.4913019604069 1.63827944343376 0.3808332927121 0.09862743081440001 2.29482625794676 0.4408209854684 0.35043284377198 0.0435125583743 1.8477392301020599 0.29239223284899996 0.71351682376206 3.3197327937959002 3.28373078904026 0.8366396870898001 0.1740854173021 1.7318637501066598 0.45675779094195995 0.21267545173416003 0.8659914142992 1.85580483291022 0.31793873672676
0.75689193069722 0.06954149516593999 0.08734564946851 0.27915908873350004 0.32686417153193004 0.03393318656061 0.0 0.61880204843483 0.06954149516591 0.08567052742393 0.04199770268972 0.6439887048906501 0.04367282473422 0.26203694840662 0.84858093232494 0.9611132382509202 0.26774432851451 0.0178041543026 0.37928352637141005 0.07928113333971999 0.09708528764222 0.4716545419747 0.53617067100591 0.02183641236711
0.1999999999998 0.0 0.0 0.0 0.0 0.0 0.0 0.0 0.0 0.0999999999999 0.0 0.0 0.0 0.0 0.0 0.0 0.0 0.0 0.6 0.0 0.0 0.0 0.0999999999999 0.0
0.5707249445453201 0.07198275862066 0.0 0.125350373059 0.2901214962694 0.0 0.0125 0.64530399274048 0.025 0.08967785843911999 0.0 0.49864892115342 0.11476608187130001 0.1935344827587 0.203581871345 0.6337114337569599 0.267054849768 0.025 0.28660264166155996 0.02616454930426 0.03084291187736 0.43496420649330003 0.4333459366807 0.02112068965516
0.26000000000010004 0.0799999999999 0.0 0.04 0.21999999999980002 0.1 0.0 0.3200000000009 0.0999999999999 0.0599999999999 0.0 0.1799999999998 0.13999999999999999 0.4 0.14 0.26 0.02 0.0 0.04 0.18 0.0799999999999 0.26000000000010004 0.11999999999989999 0.0
0.0266666666666 0.0266666666666 0.0 0.0 0.08 0.0 0.0 0.0399999999999 0.1066666666667 0.04 0.0 0.04 0.0266666666666 0.08 0.17333333333349998 0.0799999999999 0.0266666666667 0.0133333333333 0.08 0.0 0.0666666666667 0.0666666666667 0.0266666666666 0.0
0.11552649228705 0.1212273641852 0.09490274983235 0.054493628437300004 0.09020791415158999 0.0714285714286 0.0469483568075 0.08735747820245 0.1428571428572 0.04040912139505 0.0 0.1784037558688 0.07612340710935 0.08266264252184999 0.059188464118049997 0.17002012072429998 0.0234741784037 0.0 0.15124077800135 0.00938967136149 0.00938967136149 0.037558685445999995 0.33249496981869 0.00469483568075
3.1476791866425 0.3866580440209 0.0246575342465 0.617652614148 1.1293083545276 0.4092529090411 0.0940299093298 1.9764378230182 0.3625987565448 0.524678076349 0.0401146131805 1.8343276452815998 0.5527362312106999 1.131930628143 2.0098017106344 2.3600669843283 0.5886955323803 0.0493150684931 1.1779342340651 0.21971368114509998 0.3274205800382 1.9410614460058 1.7772232506111998 0.3167051866082
0.395604395604 0.175824175824 0.0 0.0 0.0 0.043956043956 0.0 0.21978021978 0.043956043956 0.307692307693 0.0 0.5714285714289999 0.043956043956 0.351648351648 0.087912087912 0.21978021978 0.043956043956 0.131868131868 0.087912087912 0.351648351648 0.043956043956 0.175824175824 0.5714285714289999 0.131868131868
1.7151177195265 0.45381772054919994 0.1025646311795 0.41315691818910005 2.6078049646661 0.4423755094273 0.342019543974 2.693239009468 0.20512926235919998 0.3666387446372 0.0417886447037 2.3826815122358997 0.23928998474469998 1.2298858051972 2.0850763219847996 2.6299212630263997 0.6976243042003001 0.0684039087947 2.465009484425 0.5467712759846999 0.6228031070981 1.181098730586 2.2030045541997003 0.2647770788476
0.1485714285713 0.11756302521029999 0.0 0.0342857142857 0.0457142857144 0.0114285714286 0.0 0.3347899159671 0.2156302521002 0.0669747899159 0.0147058823529 0.14369747899160001 0.11596638655470001 0.18453781512599998 0.1551260504203 0.15512605042009997 0.1175630252104 0.0261344537815 0.08327731092429999 0.1910924369746 0.19605042016810004 0.0489915966386 0.4098319327727 0.182941176471
0.0 0.0 0.0 0.0 0.0 0.0 0.0 0.181818181818 0.0 0.0 0.0 0.090909090909 0.181818181818 0.0 0.0 0.0 0.0 0.0 0.090909090909 0.0 0.0 0.454545454546 0.0 0.0
0.5003360215052 0.0430107526881 0.0215053763441 0.0860215053763 0.1290322580645 0.052755376344100005 0.0430107526881 0.9284274193548999 0.03125 0.1055107526881 0.0215053763441 0.47311827957089997 0.0742607526881 0.2755376344082 0.07426075268820001 0.4065860215053 0.3225806451612 0.0625 0.2247983870966 0.10752688172 0.0 0.5806451612901 0.4143145161292 0.0215053763441
1.5815201529687202 0.24553423221042 0.0482796892342 0.12730639367758 0.50457147970948 0.15890833274048 0.05223938612778 0.92335681701812 0.14528622778762001 0.15978976485874002 0.127799343088 1.1797065708447 0.21531597763252 0.5132212724083 0.4815653327606 1.25918654019062 0.3732233337174 0.0588235294118 0.7001956863755999 0.18618194216618 0.1958606150954 0.4865800068939 1.1258084989888801 0.14973887409122
0.5391844997116 0.1445922498554 0.0 0.1028050896471 0.2825332562177 0.0994794679006 0.0192307692308 0.5983227299027 0.0451127819548 0.6412666281086001 0.0 0.8689994216315 0.15456911509579999 0.2891844997109 0.173799884326 0.3727588201271 0.0676691729322 0.0994794679006 0.19635627530340002 0.0643435511856 0.0610179294389 0.3475997686531 0.7322151532683 0.09947946790039999
0.0 0.0 0.0 0.0 0.0 0.0 0.0 0.0 0.0 0.0 0.0 0.0 0.0 0.0 0.0 0.0 0.0 0.0 0.0 0.0 0.0 0.0 0.0 0.0
1.0679125218498 0.34006207977340003 0.056575359254800006 0.1328390566744 0.6409678675336 0.0554018445323 0.0340045377198 0.762673630184 0.15980807358409999 0.1682392496317 0.0060975609756 0.6546536289429999 0.14855091146729998 0.5311892756768 0.5783568253002 0.9066120526087998 0.34422296406060005 0.0429389956185 0.6282238772850001 0.33299849714199997 0.049036556594 0.45236806647039995 0.7956356208038 0.1106309463223
0.190915915916 0.104054054054 0.0 0.1500000000003 0.18941441441440002 0.0638888888889 0.0 0.3346096096098001 0.46569069069080005 0.2533033033034 0.07424924924920001 0.0611111111112 0.2449699699701 0.23183183183189998 0.1805555555556 0.42199699699700005 0.05 0.108108108108 0.1116366366366 0.125 0.288138138138 0.14496996997 0.1388888888889 0.0666666666666
0.0454545454545 0.1136363636362 0.0113636363636 0.0 0.0 0.0909090909091 0.0 0.21590909090889998 0.3068181818179 0.0227272727273 0.0 0.1022727272728 0.0227272727273 0.0568181818182 0.0340909090908 0.0795454545455 0.0795454545454 0.363636363637 0.23863636363619997 0.0113636363636 0.0 0.0454545454546 0.1363636363637 0.0227272727273
0.0 0.0 0.0 0.0 0.0 0.0 0.0 0.0 0.0 0.0 0.0 0.0 0.0 0.0 0.0 0.0 0.0 0.0 0.0 0.0 0.0 0.0 0.0 0.0
1.02439502355215 0.14535974973935 0.1090198123045 0.0678670310309 0.39322210636099997 0.13992125418009999 0.0172413793103 0.63892164970695 0.16678832116795 0.1667883211681 0.0 0.4918377620366 0.15250260688235 0.21432526698049997 0.3258279098201 0.65927151127255 0.1393153788069 0.0 0.2573352270685 0.1894681960377 0.031527093596 0.3379705871773 0.26618244579489997 0.0649113660063
0.37388250319266997 0.04310344827587 0.0172413793103 0.0 0.2480842911876 0.08876117496807 0.0 0.3058748403575 0.0913154533843 0.19380587484027 0.0 0.36877394635989996 0.1602809706256 0.30842911877367 0.42209450830114004 0.31098339719008 0.15676883780336998 0.259259259259 0.08014048531277 0.0740740740741 0.037037037037 0.11717752234986999 0.2257343550446 0.1171775223499
0.39999999999951996 0.14999999999994001 0.0499999999999 0.04166666666662 0.16666666666652002 0.07500000000000001 0.0 0.63333333333342 0.14166666666652 0.05 0.0 0.63333333333352 0.21666666666654 0.6333333333338 0.18333333333343999 0.32500000000011997 0.1166666666666 0.0333333333333 0.22499999999981998 0.1416666666669 0.1 0.21666666666664 0.41666666666694 0.05
0.0 0.0 0.0 0.0 0.0 0.0 0.0 0.0 0.0 0.0 0.0 0.0 0.0 0.0 0.0 0.0 0.0 0.0 0.0 0.0 0.0 0.0 0.0 0.0
0.8409604366578199 0.12216436455183001 0.0353792548914 0.23067830257030003 0.87956987566651 0.27649772667281003 0.060893993224800005 1.42126942610871 0.21796650135440002 0.2658546400078 0.0 0.7542881090682 0.31657718625711 0.19338141152830002 1.3486974658867 2.24477710456811 0.9707022053232099 0.09828420104671001 0.59933490022001 0.31602399690690003 0.1893759972636 0.38607718573380007 1.20079871787941 0.0304469966123
1.02790901049296 0.2829385741536 0.05230963996442 0.16514380871960002 0.56257008385492 0.04161445279862 0.0106951871658 0.72659171324024 0.042780748663100006 0.15858245211952 0.0 0.8793868025689401 0.0835684353485 0.30826230013511996 0.6818092468243 1.0733091083319 0.3298003810772 0.04161445279862 0.5809842677099399 0.20004919830790002 0.08274166923532 0.6415174522757 0.96198942096774 0.0638315932433
0.0 0.0 0.0 0.0 0.0 0.0 0.0 0.0 0.0 0.0 0.0 0.0 0.0 0.0 0.0 0.0 0.0 0.0 0.0 0.0 0.0 0.0 0.0 0.0
0.3220904992481 0.0188679245283 0.0176991150442 0.1639672733345 0.23476373351109997 0.0188679245283 0.0 0.3479712806809 0.054266154616699994 0.0542661546167 0.054266154616699994 0.4989146769081 0.0365670395725 0.12973785273 0.329103356154 0.47537151444319997 0.1816663883786 0.0188679245283 0.8916346635508998 0.0566037735848 0.0176991150442 0.4504925697105 0.6074469861419001 0.0188679245283
0.1558441558441 0.0649350649351 0.0 0.0519480519481 0.0909090909091 0.038961038961 0.0 0.2467532467531 0.064935064935 0.025974025974 0.0 0.10389610389599999 0.0909090909091 0.246753246753 0.077922077922 0.2727272727271 0.051948051948 0.0 0.064935064935 0.103896103896 0.0649350649351 0.051948051948 0.0649350649351 0.064935064935
0.1666666666667 0.0151515151515 0.0 0.0 0.030303030303 0.0151515151515 0.0 0.0757575757575 0.0151515151515 0.0151515151515 0.0 0.12121212121210001 0.0757575757575 0.045454545454500006 0.0151515151515 0.0757575757575 0.0909090909091 0.0 0.045454545454500006 0.0909090909091 0.0151515151515 0.0 0.090909090909 0.0
0.1946902654868 0.1238938053102 0.0707964601769 0.070796460177 0.10619469026549999 0.0353982300884 0.0 0.35398230088439997 0.0 0.0530973451326 0.0 0.6194690265477 0.0 0.23008849557600003 0.141592920354 0.4424778761068 0.176991150443 0.0 0.5132743362834999 0.0176991150442 0.0530973451327 0.1238938053098 0.6017699115047 0.070796460177
1.7164927298310801 0.3408184802998 0.1009908536586 0.2419236632268 0.80992026266329 0.2449431285177 0.0739329268292 0.8673487335833001 0.050495426829190004 0.2828330206374 0.0480769230769 1.24871013133329 0.0952743902438 0.29214059568458 1.5779784240205001 1.30849847560808 0.63383853189469 0.0213414634146 0.5084427767353 0.0667213883676 0.045379924953 0.9175216932473 1.35428881332189 0.152087242026
0.16666666666649999 0.1333333333332 0.133333333333 0.0 0.0333333333333 0.0 0.0 0.2999999999995 0.0333333333333 0.0333333333333 0.0 0.33333333333390003 0.133333333333 0.133333333333 0.0333333333333 0.0333333333333 0.0 0.0666666666666 0.0333333333333 0.133333333333 0.0 0.16666666666649999 0.0666666666666 0.0333333333333
1.4028794985345 0.2981219841019 0.0844032847808 0.1588459883898 1.0936656993276 0.4423801249370001 0.10262708291719999 1.6134303851834 0.20032368279059998 0.3003236827907 0.0464253319039 1.1725669727649 0.213398526902 0.9263222925504 0.7878536492800999 1.6207176193856 0.4554204614293 0.0333333333333 1.097740678224 0.21021895779689997 0.1143728869464 0.8968762656792 1.5682479236652997 0.1595036863873
0.0714285714285 0.03571428571425 0.0 0.0357142857143 0.0428571428571 0.02857142857145 0.00714285714285 0.16428571428555 0.35476190476155 0.3547619047616 0.00714285714285 0.08571428571430001 0.00714285714285 0.049999999999999996 0.0285714285714 0.07142857142855 0.02142857142855 0.0 0.0285714285714 0.0357142857143 0.3690476190472501 0.0357142857143 0.15000000000014999 0.0142857142857
0.0 0.0 0.0 0.0 0.0 0.0 0.0 0.0 0.0 0.0 0.0 0.0 0.0 0.0 0.0 0.0 0.0 0.0 0.0 0.0 0.0 0.0 0.0 0.0
0.23780487804919997 0.0548780487804 0.0182926829268 0.21951219512140002 0.1646341463414 0.0 0.0182926829268 0.3475609756092 0.0365853658536 0.0182926829268 0.0 0.310975609756 0.0182926829268 0.109756097561 0.1280487804876 0.23780487804859998 0.1646341463416 0.0 0.1646341463414 0.0365853658536 0.0 0.3475609756098 0.3475609756098 0.0182926829268
0.2458218607927 0.0703079976947 0.0 0.0330409169494 0.179996158033 0.0785041941473 0.047576359095800005 0.31004674393270004 0.0454632771979 0.0496894409936 0.0 0.4591150669139 0.0867003905999 0.055772555548300004 0.1281936351411 0.2854581545758 0.1530383556381 0.0372670807452 0.0806172760453 0.0454632771979 0.0227316385989 0.2542741883848 0.2585003521802 0.0724210795927
0.1123688155921 0.1040479760118 0.0 0.0347826086956 0.09542728635671001 0.026011994002970003 0.0346326836581 0.34707646176934 0.0695652173912 0.12068965517234001 0.00862068965517 0.45142428785600996 0.1217391304348 0.13020989505247 0.13020989505247 0.33770614692691 0.06926536731627 0.0258620689655 0.06064467766111001 0.0606446776611 0.00862068965517 0.17331334332844 0.45989505247459994 0.0172413793103
0.0 0.0 0.0 0.0 0.0 0.0 0.0 0.0 0.0 0.0 0.0 0.0 0.0 0.0 0.0 0.0 0.0 0.0 0.0 0.0 0.0 0.0 0.0 0.0
1.0047412764327 0.5262051853952999 0.0322580645161 0.2748532428025 0.8344589283370001 0.30382281052119997 0.0652804642166 2.0171819870095 0.5133634445572 0.3730192460452 0.037037037037 1.0170268008518 0.1765901092655 0.6671841068943001 0.9298076675183999 1.5459842900017 0.6932255622981001 0.1388415078152 1.0090312392148 0.22571073877300002 0.4153673546268 0.517926536651 1.3564604481162 0.32462195110220005
0.2081081081079 0.10810810810810001 0.0 0.05 0.227027027027 0.0 0.0 0.3162162162161 0.7202702702711 0.5621621621620001 0.0 0.104054054054 0.504054054054 0.36216216216200003 0.38513513513489994 0.40810810810799997 0.054054054054 0.1270270270269 0.1891891891891 0.0999999999999 0.2121621621621 0.231081081081 0.054054054054 0.07702702702700001
0.0 0.0 0.0 0.0 0.0 0.0 0.0 0.285714285714 0.142857142857 0.285714285714 0.0 0.0 0.0 0.142857142857 0.0 0.0 0.0 0.0 0.0 0.0 0.142857142857 0.0 0.0 0.0
0.0 0.0 0.0 0.0 0.0 0.0 0.0 0.0 0.0 0.0 0.0 0.0 0.0 0.0 0.0 0.0 0.0 0.0 0.0 0.0 0.0 0.0 0.0 0.0
0.5185738739806001 0.20298545178439997 0.062443013807699996 0.1211704069259 0.4803091056263 0.1418080931727 0.143229662541 0.9365704508071 0.0442028985507 0.1250447073995 0.0 0.6353576614404 0.2307770825596 0.5473364714175 0.5395661844828 0.9415182051825999 0.32908073007969996 0.0238095238095 0.4440845258759 0.1157370071231 0.0525693556344 0.5464574332937 0.8014951386332 0.015873015873
0.1304347826086 0.0434782608696 0.0 0.152173913044 0.0217391304348 0.086956521739 0.0434782608695 0.4782608695646 0.1086956521738 0.0 0.0 0.3043478260871 0.130434782609 0.1739130434782 0.1086956521738 0.1521739130434 0.0 0.0 0.0434782608696 0.195652173914 0.0869565217391 0.282608695652 0.2608695652172 0.19565217391349998
0.2466118580479 0.399500978298 0.13286004056790002 0.1236335242061 0.4330682654505001 0.16410274820930001 0.241379310346 0.6996050907389 0.4466118580481 0.24985190902710003 0.0 0.6802312014204 0.221355615789 1.0342906891180998 0.35853273259240004 0.22292627762100004 0.31024610027050004 0.0353982300884 0.30360444452359997 0.3762318476366 0.19469026548670001 0.32794521531549997 0.7274408084864 0.0698809887091
0.08 0.0599999999999 0.0 0.0 0.02 0.02 0.0 0.08 0.0 0.0 0.0 0.36 0.1 0.0 0.0599999999999 0.08 0.0 0.0 0.0 0.0800000000001 0.0 0.02 0.02 0.02
2.1660306278787997 0.6697975772235001 0.1452035512541 0.44854273392700006 1.9084662311093001 0.2524050727732 0.0695501229567 2.4521619044818 0.4742361052745 0.48482773574660004 0.0169491525424 1.6306089957986 0.24074270572970002 0.7832597781012001 1.5203300477358002 3.7043786588786998 1.1758748824829 0.1618126493205 1.1188686768416998 0.5854771516208 0.1964364911192 0.8016246325171998 1.7752497118967 0.21716480279000003
0.37160485072040006 0.1519041202752 0.029501453797599997 0.1129707112972 0.36281114814540005 0.0508474576271 0.0169491525424 0.6866888873136 0.1098503652222 0.08034891142469999 0.0125523012552 0.6100985745684 0.029501453797599997 0.34394723778430003 0.2811857315087 0.6734983334522 0.2391319764559 0.029501453797599997 0.6013048719947001 0.219700730445 0.1349549677328 0.3282745904552 0.47202326076089995 0.050847457627099996
0.0 0.0 0.0 0.0 0.0 0.0 0.0 0.0 0.0 0.0 0.0 0.0 0.0 0.0 0.0 0.0 0.0 0.0 0.0 0.0 0.0 0.0 0.0 0.0
0.4056976010108 0.030303030303 0.010101010101 0.1640625 0.3220486111111 0.0234375 0.0468749999999 0.40893308080790003 0.0 0.12405303030279999 0.010101010101 0.4828756313129 0.0 0.0703124999999 0.1175820707073 0.36931818181790005 0.2513415404039 0.0468749999999 0.28164457070689997 0.010101010101 0.0234375 0.371764520203 0.429135101011 0.0
0.1184210526315 0.0394736842105 0.0 0.0263157894736 0.0263157894736 0.0263157894737 0.0 0.3289473684213 0.07894736842099999 0.0263157894737 0.0 0.1578947368425 0.0 0.2500000000007 0.11842105263160001 0.32894736842050004 0.0 0.0131578947368 0.078947368421 0.210526315789 0.0 0.0394736842105 0.078947368421 0.0526315789474
0.0 0.0 0.0 0.0 0.0 0.0 0.0 0.0 0.4 0.0 0.0 0.0 0.2 0.0 0.0 0.0 0.0 0.0 0.0 0.0 0.4 0.0 0.0 0.0
0.0321100917431 0.0137614678899 0.0091743119266 0.00917431192659 0.022935779816500003 0.00917431192659 0.0 0.07798165137619001 0.0045871559633 0.0091743119266 0.0 0.14678899082577998 0.0 0.09633027522939001 0.0091743119266 0.11926605504588 0.05963302752289 0.0 0.11926605504580001 0.0137614678899 0.0275229357798 0.0275229357798 0.1926605504588 0.0
0.77595867535919 0.29133973120858997 0.00917431192659 0.2906456220827 0.7373199340092801 0.34411717366899996 0.040424311926590004 0.8212467809433901 0.18377293577978998 0.027522935779790002 0.0 1.1092920086922902 0.25628722034418 0.45921354418148996 0.3602376066312 0.40388097537459 0.48881880733930005 0.01834862385318 0.34316654595299 0.11977406244970001 0.08084862385308 0.6094328424269 1.1322831160472 0.09689361017219
0.0 0.0 0.0 0.0 0.0 0.0 0.0 0.0 0.0 0.0 0.0 0.0 0.0 0.0 0.0 0.0 0.0 0.0 0.0 0.0 0.0 0.0 0.0 0.0
1.6589794829423998 0.2504770307928 0.046350096841 0.44989881809730004 1.7791290855619 0.3084858211023 0.2009491208653 2.7798882426154 0.5697110103656 0.5454830884327 0.0 2.4030767033485 0.0709671835885 0.9578253044220999 1.4443756981859002 2.1464020266042 0.7583374144344 0.0461224630916 1.5311514963077002 0.5972167034686 0.0496894409938 1.1521055554988 1.9761881663947 0.2771900460494
0.06874999999999 0.0794642857145 0.0 0.01875 0.02499999999999 0.03749999999999 0.0 0.18928571428576996 0.19107142857128 0.09017857142859001 0.0 0.1000000000002 0.1142857142857 0.12857142857139 0.1714285714284 0.14732142857159 0.04374999999999 0.0723214285714 0.02410714285709 0.11964285714299999 0.16249999999998 0.060714285714200004 0.130357142857 0.025
0.0 0.5 0.0 0.0 0.0 0.0 0.0 0.0 0.0 0.0 0.0 0.0 0.0 0.0 0.0 0.0 0.0 0.0 0.0 0.0 0.0 0.5 0.0 0.0
0.15311004784692 0.0861244019141 0.0 0.11483253588529999 0.12440191387529999 0.05741626794252 0.00956937799042 0.28708133971280003 0.0 0.0 0.0 0.24880382775111998 0.0191387559808 0.03827751196168 0.1052631578945 0.17224880382762 0.07655502392332 0.0 0.06698564593292 0.0382775119617 0.0 0.16267942583772 0.2105263157894 0.02870813397122
0.5797922224920999 0.0905671436655 0.0 0.1794001131871 0.4881740641926 0.0666181582989 0.0 0.47888673296099993 0.125 0.1701127819548 0.0225563909774 0.40005052954910003 0.0 0.3778357183282 0.44201026760490003 0.8036219581212999 0.1988034602632 0.0701127819548 0.1988034602633 0.112781954887 0.1905671436655 0.234628910987 0.6981708303017 0.07150537634410001
0.13333333333320002 0.0888888888888 0.0 0.0 0.0888888888888 0.088888888889 0.088888888889 0.222222222222 0.0222222222222 0.06666666666660001 0.0 0.1999999999998 0.088888888889 0.13333333333320002 0.24444444444500002 0.11111111111100001 0.0222222222222 0.0222222222222 0.0222222222222 0.0222222222222 0.0444444444444 0.1333333333334 0.1555555555554 0.0
0.117647058824 0.0 0.235294117647 0.0 0.235294117647 0.0 0.352941176471 0.0 0.0 0.0 0.0 0.117647058824 0.0 0.117647058824 0.0 0.0 0.235294117647 0.235294117647 0.0 0.0 0.117647058824 0.0 0.235294117648 0.0
0.47290485077079997 0.1942963082668 0.09356180542612 0.19640955034809998 0.39953894421721997 0.12686360941604 0.0794491525424 0.9049470940054198 0.20691291510072002 0.3503337667094 0.0 0.4882507544524599 0.30757437699129997 0.41525484596272 0.15254967697629998 1.33481880366252 0.4017288792961 0.09724915607269999 0.36517066626701994 0.1097695923218 0.0625 0.30806367527452005 0.86771431736572 0.064137258554
0.5763319672139999 0.4334016393448 0.0 0.0726178278688 0.241290983607 0.1663678278688 0.0234375 0.5271516393455999 0.8575819672136 0.0703125 0.0 0.2155481557376 0.2927766393442 0.3607838114754 0.1217981557376 0.1663678278688 0.1663678278688 0.2412909836065 0.1217981557376 0.3888319672131 0.3653944672135 0.140625 0.40304815573770003 0.046875
0.0 0.0 0.0 0.0 0.0909090909091 0.0 0.0 0.0909090909091 0.0909090909091 0.1818181818182 0.0909090909091 0.0 0.0 0.0 0.0 0.181818181818 0.0 0.0909090909091 0.0909090909091 0.0 0.0 0.0909090909091 0.0 0.0
0.333333333333 0.333333333333 0.0 0.0 0.0 0.0 0.0 0.333333333333 0.0 0.0 0.0 0.0 0.0 0.0 0.0 0.0 0.0 0.0 0.0 0.0 0.0 0.0 0.0 0.0
0.5077732565568 0.1729095828851 0.0600530856005 0.1280489735477 0.2302387545698 0.0816953316953 0.14373254032629998 0.848820065365 0.12432311763210001 0.1637786315401 0.0227272727273 0.8990894234203 0.1626107970389 0.2993751327084 0.2671362470632 0.544995947064 0.1849664860613 0.0281120536595 0.2989944711356 0.1055076310552 0.0 0.24540753981160002 0.4288643321492 0.0508393263868
0.0441176470588 0.0441176470588 0.0 0.0294117647058 0.0294117647058 0.0441176470588 0.0294117647059 0.22058823529459998 0.0 0.0735294117647 0.0 0.0294117647058 0.0588235294117 0.0882352941176 0.0735294117647 0.0441176470588 0.0 0.0 0.0294117647058 0.0 0.0294117647059 0.0 0.0588235294117 0.0735294117648
0.28571428571449997 0.4126984126981 0.0555555555555 0.0555555555555 0.21428571428549997 0.428571428571 0.3690476190473 1.0277777777772998 0.35714285714249994 0.45634920634879994 0.0 0.714285714285 0.428571428571 0.8214285714288 0.642857142859 0.357142857143 0.142857142857 0.0 0.25396825396809997 0.928571428573 0.142857142857 0.32539682539649994 0.5079365079363 0.0714285714285
0.0999999999999 0.0666666666666 0.0 0.0 0.0 0.0333333333333 0.0 0.0999999999999 0.0333333333333 0.0666666666666 0.0 0.2666666666673 0.0 0.0 0.0666666666666 0.0999999999999 0.0333333333333 0.0 0.0333333333333 0.0999999999999 0.0 0.0 0.0 0.0
1.2193561980518002 0.28092672990580003 0.0300429184549 0.3470885766745 1.3351889957578 0.3313102851686 0.0647573315767 1.2774880275814 0.37848802244620006 0.3825217696032 0.0300429184549 1.2731109067719002 0.17385789528759998 0.40132968968789995 1.3705010110946 2.2955663215167 1.0532319756225 0.0753561657049 0.7705011271493999 0.5909292083395999 0.2170377897277 0.5448949815608 1.2888541242054001 0.26761702966
0.3956766917288 0.07612781954879999 0.00892857142857 0.23449248120257002 0.26080827067694 0.0582706766916 0.0 0.47274436090324 0.026785714285670004 0.00892857142857 0.0 0.5582706766915699 0.0 0.20253759398504 0.23402255639039998 0.27866541353394 0.21193609022567 0.0 0.2744360902255 0.10808270676699999 0.07659774436087 0.26127819548857 0.23355263157880002 0.0178571428571
0.0222222222222 0.0222222222222 0.0 0.0 0.088888888889 0.0 0.0 0.1333333333333 0.0444444444444 0.0222222222222 0.0 0.06666666666660001 0.0222222222222 0.0666666666667 0.08888888888890001 0.1111111111111 0.0222222222222 0.0444444444444 0.0222222222222 0.0444444444444 0.0 0.08888888888890001 0.06666666666660001 0.0222222222222
1.0385299213652999 0.1325136612021 0.0491803278688 0.3395641743301 0.7228162068510999 0.0665853658536 0.0 1.1051672664274999 0.1897267759561 0.13975609756090002 0.0 0.8213461282153 0.0989071038251 0.7253298680528999 0.46609756097520005 1.7998400639754 0.3810142609621 0.23983739837430001 0.5895641743303001 0.1697560975609 0.12333333333319998 0.5169718779158 1.1809916033591 0.1031707317073
0.050847457627 0.08474576271180001 0.0 0.0 0.0254237288135 0.01694915254234 0.00847457627117 0.12711864406761 0.05932203389824 0.00847457627117 0.0 0.05932203389817 0.0169491525423 0.08474576271197 0.05084745762697 0.1440677966105 0.00847457627117 0.00847457627117 0.0338983050846 0.0593220338985 0.02542372881347 0.0254237288135 0.0677966101694 0.0338983050847
0.0 0.0408163265306 0.0 0.0 0.061224489795900006 0.0204081632653 0.0 0.1020408163265 0.0204081632653 0.0408163265306 0.0 0.0204081632653 0.0 0.1428571428571 0.0816326530612 0.12244897959180001 0.0 0.0 0.0204081632653 0.102040816327 0.1020408163265 0.0816326530612 0.0204081632653 0.0204081632653
0.1352657004831 0.05797101449269999 0.0 0.0772946859904 0.1739130434782 0.0 0.0386473429951 0.5217391304345 0.0193236714976 0.0193236714976 0.0 0.6376811594206 0.0386473429951 0.7922705314013 0.096618357488 0.27053140096559997 0.1932367149759 0.0 0.3091787439616 0.0193236714976 0.0386473429951 0.096618357488 0.4444444444456 0.0193236714976
0.58396340497531 0.10400850484021998 0.0121951219512 0.07966719854099999 0.30700941018573 0.0957696017637 0.0674720765898 0.68080834617935 0.0853658536585 0.0243902439024 0.0 0.6685977702485499 0.05807734459402 0.46867285083442 0.4178723990633 0.40383696566254 0.36977639378783 0.0 0.26825919930376 0.11820620503040999 0.06007992283314 0.42813126610552005 0.5637914536917701 0.13404846625674
0.0363636363636 0.0545454545454 0.0 0.0181818181818 0.0545454545454 0.0363636363636 0.0 0.18181818181840004 0.0727272727272 0.0 0.0 0.1636363636364 0.0909090909091 0.0545454545454 0.0 0.0727272727272 0.0 0.0181818181818 0.0545454545454 0.0 0.0 0.0363636363636 0.0363636363636 0.0181818181818
0.487795572304 0.177814413565 0.100725388601 0.1510833725859 0.5213353744693 0.0454545454544 0.1209962317477 0.8418770607623 0.054816297691800006 0.250909090909 0.102176165803 0.6804262835614 0.0735398021666 0.3194394724455 0.18317239755040002 1.5186481394263 0.3816156382472 0.0513636363636 0.4792369288745 0.308626943005 0.1490814884596 0.3984338200652 0.4932501177575 0.10818181818179999
0.0408163265306 0.0408163265306 0.0 0.0 0.061224489795900006 0.0 0.0 0.0816326530612 0.20408163265360002 0.061224489795900006 0.0 0.0204081632653 0.0816326530612 0.1020408163266 0.0 0.0408163265306 0.0 0.061224489795900006 0.0 0.0204081632653 0.1020408163265 0.061224489795900006 0.0 0.0204081632653
0.0 0.0 0.0 0.0 0.0 0.0 0.0 0.0 0.0 0.0 0.0 0.0 0.0 0.0 0.0 0.0 0.0 0.0 0.0 0.0 0.0 0.0 0.0 0.0
0.131868131868 0.032967032967 0.0 0.065934065934 0.065934065934 0.098901098901 0.065934065934 0.39560439560399996 0.032967032967 0.0 0.0 0.23076923076900002 0.0 0.164835164835 0.098901098901 0.56043956044 0.098901098901 0.0 0.098901098901 0.065934065934 0.032967032967 0.428571428571 0.296703296703 0.032967032967
0.5882638577627 0.0748810057416 0.0 0.1281936351412 0.6351838808144 0.05314187530680001 0.020618556701 0.1909991248852 0.055383022774400006 0.0791925465838 0.0 0.41874239610689995 0.0833333333334 0.2918507609226 0.26924185182820004 0.6947076903385 0.24431175428469998 0.0 0.3766461761753 0.0966201361763 0.0423576871358 0.1637371667627 0.4719749845253 0.020618556701
0.0625000000001 0.0625 0.0 0.0 0.025 0.037500000000000006 0.0 0.0875 0.0 0.0750000000001 0.0 0.1 0.0 0.037500000000000006 0.037500000000000006 0.0750000000001 0.0125 0.025 0.0 0.0125 0.0125 0.1375 0.17500000000000002 0.025
0.0526315789474 0.0 0.0 0.0 0.0 0.0 0.263157894737 0.1578947368424 0.0 0.0 0.0 0.1578947368424 0.0 0.1052631578948 0.0 0.0 0.0 0.0 0.0526315789474 0.0 0.0 0.105263157895 0.105263157895 0.0
0.8764762210849 0.3532940093147 0.05405558385689999 0.33904879199369997 0.5291961823189 0.1452499548525 0.1076402538801 1.1620719452693 0.2023809523808 0.41524553445140006 0.0208333333333 0.8853213376764 0.14378613522439998 0.32122065894710006 0.5906414838528 0.9674298644292 0.6668579731037001 0.0 0.47557175794170004 0.0866166617947 0.049832112332 0.49618204966090007 0.9280469143206 0.18300028797949996
0.07483719983714 0.1997354497353 0.0 0.02744708994707 0.05698005698 0.047390109890070004 0.00892857142857 0.20800264550254 0.45652726902759994 0.09953703703704 0.0 0.054894179894100004 0.19487688237687 0.32130138380117 0.14901302401297 0.27464896214927004 0.16135022385017 0.04530423280417 0.08234126984117002 0.1016229141229 0.1970645095644 0.07417582417577 0.11937830687817 0.0446428571429
0.11596638655470001 0.08571428571430001 0.0 0.0285714285714 0.1254901960784 0.1714285714289 0.0 0.31456582633010005 0.321008403361 0.23501400560189997 0.0142857142857 0.0428571428571 0.0666666666666 0.2478991596635 0.3095238095241 0.1731092436975 0.0666666666666 0.28095238095270003 0.095238095238 0.0 0.1176470588236 0.0428571428571 0.11596638655470001 0.0285714285714
0.0 0.0 0.0 0.0 0.0 0.0 0.0 0.0 0.0 0.0 0.0 0.0 0.0 0.0 0.0 0.0 0.0 0.0 0.0 0.0 0.0 0.0 0.0 0.0
0.566801619434 0.23076923077 0.0526315789474 0.346153846154 0.7064777327949 0.22064777328000001 0.076923076923 0.9595141700401001 0.11538461538450001 0.3886639676119001 0.0 0.9939271255074 0.11538461538450001 0.7246963562751001 0.269230769231 1.1578947368411 0.4757085020245 0.0526315789474 0.4757085020244 0.0384615384615 0.0 0.4757085020239 0.5566801619438 0.0
0.1311475409836 0.113867966327 0.0 0.0598139122729 0.16792202038089998 0.09836065573769999 0.0 0.3548958794865 0.2277359326538 0.11386796632690001 0.0 0.3318564466108 0.0327868852459 0.1466548515728 0.0983606557377 0.2334957908728 0.0327868852459 0.054054054054 0.1311475409836 0.0983606557377 0.0868409392999 0.19672131147539998 0.15817456801059998 0.1311475409836
0.21095399698335998 0.08651960784320001 0.08672699849173 0.11538461538460001 0.0811274509805 0.1278846153846 0.10903092006040001 0.3864819004524601 0.11151960784333 0.09017722473603 0.0 0.4915158371041601 0.18844268476626003 0.32958144796383004 0.12228506787335999 0.09632352941183 0.15363876319753 0.00980392156863 0.15903092006039998 0.180147058824 0.0 0.3709464555052 0.43440799396696006 0.058069381598759996
0.0 0.0 0.0 0.0 0.277777777778 0.0555555555555 0.0 0.0 0.0555555555555 0.0555555555555 0.0 0.0 0.0 0.0 0.166666666667 0.0555555555555 0.0 0.0 0.0 0.0 0.0 0.0 0.0555555555555 0.277777777778
0.7334009697980599 0.24663852034883 0.039363561114700005 0.2961309706859 0.8674083812972 0.22046470629373 0.0355860654121 1.00358426004336 0.16713697617013 0.1907120013901 0.0 0.8030130554660599 0.19544267551123 0.31017963928793 0.41857207666863006 1.5806436770503 0.42243191949173003 0.09415481787483 0.47629327686122996 0.3099163832256 0.15083934687823 0.4688053663217 0.8751265349348301 0.09415481787483
0.6064560439574 0.17085622710659998 0.0 0.26245421245399997 0.4377976190479 0.0912087912087 0.0450549450549 0.5058836996336 0.0 0.12470238095250001 0.043956043956 0.5524725274721001 0.0323946886447 0.3685668498169 0.2252289377287 0.5107142857144 0.2981913919412 0.0104166666667 0.4470238095233 0.131868131868 0.0565705128205 0.4426282051286 0.6124771062279001 0.0230769230769
0.0 0.0 0.0 0.0 0.0 0.0 0.0 0.0 0.0 0.0 0.0 0.0 0.0 0.0 0.0 0.0 0.0 0.0 0.0 0.0 0.0 0.0 0.0 0.0
0.199589041096 0.0803652968037 0.0 0.027397260274 0.3177168949773 0.0 0.0 0.3507305936073 0.056666666666700005 0.1366666666667 0.013698630137 0.29657534246600004 0.0703652968037 0.29036529680400003 0.1477625570776 0.14589041095900002 0.163698630137 0.0 0.1681278538813 0.047031963470299996 0.0440639269407 0.1840639269407 0.2092237442922 0.05
0.0 0.0 0.0 0.0 0.0 0.0 0.0 0.0 0.0 0.0 0.0 0.0 0.0 0.0 0.0 0.0 0.0 0.0 0.0 0.0 0.0 0.0 0.0 0.0
0.0 0.0769230769231 0.0 0.0 0.0769230769231 0.0 0.0 0.1538461538462 0.1538461538462 0.230769230769 0.0 0.0 0.0769230769231 0.0 0.0 0.0 0.0 0.0769230769231 0.0 0.0 0.1538461538462 0.0 0.0 0.0
0.0 0.0 0.0 0.0 0.0 0.0 0.0 0.0 0.0 0.0 0.0 0.0 0.0 0.0 0.0 0.0 0.0 0.0 0.0 0.0 0.0 0.0 0.0 0.0
0.5374884106766 0.12428390182020001 0.0113636363636 0.04362343239147 0.42975894207877 0.0848692236373 0.0454545454546 0.5856450983264699 0.0587822671156 0.042227833894400005 0.0 0.54522641877794 0.059764309764370006 0.23284048211584 0.2642512077294 0.71983116185964 0.19301224808457002 0.0 0.24237300541631 0.03225979602787 0.028900112233470002 0.29919118723460003 0.31169179719897 0.10716098179867001
0.0 0.0 0.0 0.0 0.0 0.0 0.0 0.0 0.0 0.0 0.0 0.0 0.0 0.0 0.0 0.0 0.0 0.0 0.0 0.0 0.0 0.0 0.0 0.0
0.8954803557214199 0.06506972512 0.1346749226007 0.2960196373025 0.7891050065406 0.16323579693432 0.0427008012507 0.6840656757911001 0.04270080125074 0.1632357969344 0.0132890365448 0.7454508189233 0.25329911646450004 0.4585938453531 0.9450651928895201 1.01860549628722 0.5623642435803999 0.059276097219819995 0.9451717179717999 0.09829231648209999 0.1249531659797 0.6326310299441 0.7547397273237 0.1119796755912
0.0 0.0645161290322 0.0645161290322 0.0 0.0 0.0 0.0 0.1290322580644 0.129032258064 0.3870967741942 0.0 0.2580645161284 0.1290322580644 0.0645161290322 0.0 0.0645161290322 0.0 0.0 0.0 0.258064516129 0.1290322580644 0.193548387097 0.129032258064 0.0
0.0 0.0 0.0 0.0 0.0 0.0 0.0 0.0 0.0 0.0 0.0 0.0 0.0 0.0 0.0 0.0 0.0 0.0 0.0 0.0 0.0 0.0 0.0 0.0
0.179487179487 0.0897435897436 0.0 0.0641025641026 0.07692307692300002 0.0128205128205 0.025641025641 0.1794871794874 0.0128205128205 0.025641025641 0.0 0.217948717949 0.025641025641 0.051282051282 0.0897435897435 0.24358974358970004 0.0897435897436 0.0 0.11538461538450001 0.0512820512821 0.0 0.20512820512860003 0.20512820512820001 0.0384615384615
0.4769276143695 0.0215053763441 0.0 0.0548301648599 0.4116424517561 0.0640585678335 0.0550589454592 0.39395467939 0.0240963855421 0.0240963855422 0.0453729812868 0.4175935037338 0.0 0.195910615695 0.2623314121271 0.5226671958944 0.1281171356668 0.0 0.1032517165434 0.0550589454592 0.0240963855422 0.1741764587518 0.4476409412531 0.0976121369486
0.07766990291247 0.03883495145627 0.0 0.01941747572814 0.04854368932031 0.03883495145627 0.0 0.09708737864071 0.0 0.0679611650488 0.0 0.1650485436893 0.0 0.03883495145624 0.03883495145627 0.02912621359221 0.00970873786407 0.0194174757281 0.02912621359217 0.0194174757281 0.0 0.06796116504857 0.16504854368927002 0.02912621359217
0.0 0.0 0.0 0.0 0.0 0.0 0.0 0.0 0.0 0.0 0.0 0.0 0.0 0.0 0.0 0.0 0.0 0.0 0.0 0.0 0.0 0.0 0.0 0.0
0.3510914728292 0.2194933658033 0.0 0.1625221244492 0.4621028582911 0.15871860211150002 0.0271204950855 0.5334157639057 0.152856407617 0.1688111168297 0.0 0.2325169777687 0.2293850344578 0.151155492512 0.2363205001066 0.6282276590133001 0.0616032537062 0.0 0.24641301482480002 0.0838908903757 0.0859934976086 0.21002849503530002 0.5339994727798 0.06433350488930001
0.0384615384615 0.0192307692308 0.0 0.0 0.0384615384616 0.0384615384615 0.0 0.0192307692308 0.1538461538462 0.09615384615389999 0.0 0.0576923076923 0.0576923076923 0.07692307692309999 0.0576923076923 0.0384615384615 0.0192307692308 0.0576923076923 0.0 0.0769230769232 0.07692307692309999 0.0384615384616 0.0192307692308 0.0192307692308
0.17561807331669999 0.0144927536232 0.0144927536232 0.0869565217391 0.0 0.1884057971013 0.0 0.159420289855 0.0588235294118 0.0434782608695 0.0 0.2054560954818 0.0 0.24978687127 0.0434782608695 0.30690537084360003 0.0144927536232 0.073316283035 0.073316283035 0.0144927536232 0.0878090366582 0.0579710144928 0.1023017902813 0.0289855072463
0.0 0.0 0.0 0.0 0.0 0.0 0.0 0.0 0.0 0.0 0.0 0.0 0.0 0.0 0.0 0.0 0.0 0.0 0.0 0.0 0.0 0.0 0.0 0.0
0.449599961442 0.3008073067283 0.0238095238095 0.2192970406788 0.40406424715649997 0.056891025641 0.0153846153846 0.7651737516871 0.20285087719290001 0.13038003663 0.0 0.8207682668207 0.23342490842480002 0.5878301523039 0.2503952188166 0.39008699633680005 0.1701754385965 0.0550595238095 0.307979082321 0.1719298245617 0.07867746288790001 0.38380325814530003 0.830970454983 0.15064102564100001
0.3870967741931 0.1764705882347 0.0 0.0430107526881 0.4889310562935 0.3440860215053 0.0860215053763 0.5477545857056 0.4977862112579 0.0588235294117 0.0 0.49335863377480005 0.23086654016469998 0.27387729285240003 0.3598987982288 0.6382036685647 0.0860215053763 0.117647058823 0.0860215053762 0.4029095509167 0.2941176470584 0.1720430107525 0.129032258064 0.0860215053763
0.2083333333336 0.22677733065029998 0.0769230769231 0.0416666666666 0.39869989165819997 0.1986083165658 0.0416666666666 0.9907908992414 0.3112843729039 0.18452380952359998 0.0140845070422 0.2922535211264 0.43133802817 0.49544059227109993 0.0281690140844 0.5166124954857 0.11858974358970001 0.0422535211266 0.37500000000120004 0.2664319248832 0.6804222772526 0.1955128205126 0.696776814734 0.1678403755868
0.08474576271199999 0.0 0.0 0.0 0.135593220339 0.0 0.0 0.0338983050847 0.0677966101695 0.0 0.0508474576271 0.1355932203387 0.0338983050848 0.0 0.0508474576271 0.22033898305080002 0.0 0.0169491525424 0.0847457627118 0.0169491525424 0.0 0.0338983050847 0.0338983050847 0.0
0.5387343144271 0.33627384375839997 0.0465116279069 0.1108633322714 0.5529480610136 0.11159639447300002 0.0717406624383 1.2486829475887 0.23789509577169998 0.21487576350589999 0.0178571428571 0.9798629754902 0.1600812429579 0.37530323027279994 1.5827434067692001 1.9273787582524997 0.6294876226521999 0.0631115459883 0.5408168588738 0.362186443694 0.1414558792506 0.6025113335701999 1.0055734119244 0.1415081042987
0.30946488478260004 0.1786613870098 0.0 0.1742286751364 0.3655942363752 0.0350877192982 0.0478578892372 0.3879777814443 0.0114942528736 0.08294560853539999 0.0 0.5800142990703999 0.15567288126280002 0.4900071495351 0.11930924489909998 0.6010559313641 0.22651927624710003 0.0 0.6075125116867 0.10653907496000001 0.0344827586207 0.2966947148439 0.1888797228179 0.0
0.3076923076922 0.1538461538462 0.0 0.0769230769231 0.46153846153809996 0.0 0.0769230769231 0.615384615384 0.2307692307691 0.1538461538462 0.0 0.7692307692303 0.0 0.0769230769231 0.0 0.3076923076921 0.0769230769231 0.153846153846 0.0 0.307692307693 0.0 0.0769230769231 0.1538461538462 0.0
0.25953260761 0.2266553480473 0.0 0.1791271347249 0.09981024667909999 0.0 0.0 0.48497952661480004 0.0 0.0526315789473 0.016129032258 0.1438330170776 0.0526315789473 0.2984520123842 0.1405572755416 0.3433336662334 0.4762508738644 0.0 0.43488464995520004 0.0396584440227 0.0 0.1802157195643 0.5713172875271001 0.0
0.0 0.0 0.0 0.0 0.0 0.0 0.0 0.0 0.0 0.0 0.0 0.0 0.0 0.0 0.0 0.0 0.0 0.0 0.0 0.0 0.0 0.0 0.0 0.0
0.2967778405883 0.2379875635955 0.0 0.0327868852459 0.2673827020916 0.0 0.0672696438666 0.5398530243074999 0.10344827586210001 0.1000565291125 0.0 0.136235161108 0.1328434143584 0.3035613340873 0.2328999434713 0.3001695873375 0.09836065573769999 0.0344827586207 0.2673827020916 0.13623516110790002 0.1345392877332 0.2052006783496 0.2379875635953 0.1345392877332
0.0347826086956 0.1256244218316 0.0 0.1720629047178 0.0734505087881 0.0 0.0173913043478 0.20684551341340002 0.0347826086956 0.0173913043478 0.0 0.29953746531069997 0.0 0.2686401480116 0.08122109158179999 0.32673450508720003 0.2512488436635 0.0 0.1913043478259 0.0425531914893 0.1256244218316 0.270675300647 0.42146160961990004 0.0386679000925
0.6782384282382 0.2733211233208 0.0357142857143 0.23014763014759998 0.3441058941058999 0.30264180264150004 0.142857142857 0.8569985569981 0.0864024864024 0.0153846153846 0.0 0.5123265623266 0.062937062937 0.4216228216229 0.27381507381590003 0.320979020979 0.1944555444555 0.0 0.4121156621155 0.0864024864024 0.041958041958 0.5744866244859 1.0221611721601 0.1109279609279
0.0980392156861 0.0196078431372 0.0392156862745 0.0 0.0 0.0 0.0196078431372 0.1568627450981 0.0588235294117 0.0196078431372 0.0 0.21568627450959998 0.0980392156864 0.0392156862745 0.0 0.0196078431372 0.0392156862744 0.0392156862745 0.0196078431372 0.0588235294117 0.0 0.0196078431372 0.0 0.0392156862745
0.5410380365491 0.0910539736506 0.0 0.09012430939225 0.21461963450915 0.14157458563535 0.035805354866099995 0.3352369315765 0.049511262218499996 0.08459944751375 0.0 0.29993625159389997 0.055036124096800004 0.15692732681660002 0.11294092647680001 0.48600191245204993 0.14781661708459998 0.0 0.33194326391835005 0.0220994475138 0.15047280068000002 0.3107734806629 0.33696345091410007 0.00552486187845
0.14595050618676 0.17800899887513 0.0 0.0157480314961 0.08661417322829 0.0 0.00787401574803 0.11023622047256 0.11501687289092999 0.07930258717663 0.0 0.18953880764923 0.122890888639 0.07508436445449 0.08717660292466 0.16591676040506 0.04724409448823 0.0357142857143 0.11867266591686 0.0672103487065 0.09505061867273 0.126546681665 0.09448818897653001 0.0357142857143
0.0 0.0 0.0 0.0 0.0 0.0 0.0 0.0 0.0 0.0 0.0 0.0 0.0 0.0 0.0 0.0 0.0 0.0 0.0 0.0 0.0 0.0 0.0 0.0
0.1774193548389 0.0806451612904 0.0 0.1612903225807 0.1129032258066 0.1290322580646 0.0161290322581 0.225806451613 0.0 0.0161290322581 0.0 0.29032258064530003 0.0 0.1129032258065 0.0483870967742 0.1612903225807 0.0483870967742 0.0 0.0806451612904 0.0322580645161 0.0161290322581 0.1451612903226 0.1451612903227 0.0
0.43323558162279996 0.1851417399801 0.0 0.0975562072335 0.40019550342169996 0.0545454545454 0.0215053763441 0.1935483870966 0.0545454545454 0.0 0.0215053763441 0.6613880742917 0.0545454545454 0.0645161290322 0.2826979472142 1.0531769305957 0.3042033235583 0.0 0.1951124144671 0.0645161290322 0.0215053763441 0.5884652981425 0.2265884652986 0.0215053763441
0.0909090909091 0.0227272727273 0.0 0.0 0.0454545454545 0.0454545454545 0.113636363636 0.1590909090909 0.0 0.0 0.0 0.1590909090906 0.0909090909092 0.0681818181818 0.0681818181818 0.0454545454545 0.0 0.0227272727273 0.0 0.0 0.0 0.0227272727273 0.0454545454546 0.0
0.0 0.0 0.0 0.0 0.0 0.0 0.0 0.0 0.0 0.0 0.0 0.0 0.0 0.0 0.0 0.0 0.0 0.0 0.0 0.0 0.0 0.0 0.0 0.0
0.4863679156469 0.05140274901142 0.00884955752212 0.1453586895122 0.13650913199012 0.2658633025798 0.0851063829787 0.78254565995152 0.19395594050082 0.13104876671054 0.0 0.60798343061622 0.00884955752212 0.64212012803664 0.25701374505732 0.4146111843343201 0.32050461306722 0.0 0.1630578045563 0.10280549802290001 0.10884955752212 0.50952739597072 0.4500094144226 0.127659574468
0.12613843351549997 0.18670309653919998 0.0555555555556 0.0883424408015 0.0277777777778 0.0327868852459 0.0327868852459 0.4667577413480001 0.3306010928962 0.1211293260474 0.0 0.21948998178509999 0.14890710382509997 0.214480874317 0.0655737704918 0.21448087431699997 0.0655737704918 0.0 0.0655737704918 0.1211293260474 0.1211293260474 0.0655737704918 0.1639344262295 0.0655737704918
0.153846153846 0.076923076923 0.0 0.0384615384615 0.5 0.269230769232 0.0 0.2692307692305 0.076923076923 0.3076923076925 0.0 0.11538461538450001 0.0 0.0 0.5 0.23076923076900002 0.0384615384615 0.0 0.0384615384615 0.115384615384 0.0 0.115384615384 0.115384615384 0.0384615384615
0.0 0.0 0.0 0.0 0.0 0.0 0.0 0.0 0.0 0.0 0.0 0.0 0.0 0.0 0.0 0.0 0.0 0.0 0.0 0.0 0.0 0.0 0.0 0.0
0.4968149968155 0.3122529644267 0.1646903820816 0.2321016668841 0.2877680051591 0.32282875761109997 0.09753231492360001 0.8770648118479 0.121212121212 0.19378469378450003 0.0185185185185 1.5167222558541 0.3650270824191 0.8276181319652001 0.1331786331785 0.9390991782294001 0.1780476128302 0.054054054054 0.3219128219127 0.1161616161615 0.054054054054 0.5879377401115 0.7816175859646001 0.0
0.0967741935483 0.0645161290322 0.0 0.0 0.0645161290322 0.0 0.0 0.0645161290322 0.1290322580645 0.0322580645161 0.0 0.1612903225811 0.0 0.0645161290322 0.0 0.0322580645161 0.0322580645161 0.0645161290322 0.0322580645161 0.0967741935484 0.0322580645161 0.0322580645161 0.0 0.0
0.4928135888498 0.205357142857 0.0121951219512 0.0 0.0121951219512 0.0243902439024 0.1550522648082 0.4085365853658 0.0487804878048 0.12347560975609999 0.0 0.310975609756 0.21036585365889998 0.8288327526132 0.0121951219512 0.23628048780480002 0.09581881533099999 0.0 0.1112804878048 0.0243902439024 0.0 0.0975609756098 0.42791811846669997 0.1615853658536
0.133333333333 0.0 0.0 0.0 0.0 0.0666666666666 0.0 0.0333333333333 0.1 0.0 0.0 0.1333333333332 0.0 0.0 0.0 0.23333333333319997 0.0 0.0333333333333 0.0666666666666 0.133333333333 0.0 0.0666666666666 0.0 0.0
0.9819018093409002 0.11340758262690001 0.0 0.6956967666010999 0.9675107073103001 0.1833599149384 0.1454545454545 1.0726030261212 0.035885167464100004 0.1715149723132 0.0224719101123 0.9945869099034002 0.2056087187666 0.2744816586921 0.3861500875098 1.0623320729476 0.3581910172092 0.0224719101123 0.9621630258837 0.4329346092501 0.0467409159602 0.565757217354 1.2987754541276002 0.0
0.2950819672137 0.0491803278688 0.0 0.0 0.2459016393448 0.0491803278688 0.0 0.2950819672125 0.0491803278688 0.0 0.0 0.1475409836064 0.0491803278688 0.34426229508170003 0.0491803278688 0.2459016393441 0.1475409836064 0.0 0.147540983606 0.245901639344 0.0 0.3442622950825 0.1967213114753 0.0983606557377
0.0 0.0 0.0 0.0 0.0 0.0 0.0 0.0 0.0 0.0 0.0 0.0 0.0 0.0 0.0 0.0 0.0 0.0 0.0 0.0 0.0 0.0 0.0 0.0
0.0 0.0 0.0 0.166666666667 0.166666666667 0.0 0.0 0.0 0.0 0.0 0.0 0.0 0.0 0.0 0.0 0.166666666667 0.0 0.0 0.333333333333 0.0 0.0 0.0 0.0 0.166666666667
0.0483870967742 0.0322580645161 0.0 0.0 0.0 0.0161290322581 0.0 0.1290322580646 0.0645161290322 0.1129032258066 0.0 0.0322580645162 0.1129032258066 0.0967741935485 0.0 0.0967741935484 0.0322580645162 0.0 0.0322580645161 0.0483870967742 0.0483870967742 0.048387096774300004 0.048387096774300004 0.0
0.07894736842109999 0.0 0.0 0.0 0.0 0.0 0.0 0.1315789473684 0.0526315789474 0.07894736842109999 0.0 0.1052631578948 0.078947368421 0.0263157894737 0.0 0.07894736842109999 0.0526315789474 0.0263157894737 0.0263157894737 0.0263157894737 0.07894736842109999 0.0 0.1578947368427 0.0
0.0684782608696 0.07499999999990001 0.0869565217391 0.0869565217391 0.0684782608696 0.0434782608696 0.125 0.18695652173900001 0.0434782608696 0.0869565217391 0.025 0.7608695652188 0.025 0.30000000000090005 0.0 0.19999999999970003 0.0999999999999 0.0434782608696 0.2684782608694 0.0 0.0499999999999 0.0 0.311956521739 0.0434782608696
0.6162111701272 0.5972026396280999 0.04 0.1329824561403 0.2792563978753 0.40882343473329 0.0275229357798 1.20286817962348 0.07584097859319 0.0526315789474 0.07584097859319 0.38713021084839 0.35584097859359004 0.78402382102069 0.21970062771659 0.49220666344789005 0.1327860936745 0.0 0.49569612103599003 0.1385031385804 0.08 0.5126927410267901 0.69258973120829 0.1996491228067
0.1886178861788 0.0975609756099 0.0 0.0666666666666 0.0 0.0 0.0 0.8796747967478 0.0975609756099 0.0 0.0 0.0487804878048 0.0731707317073 0.0731707317073 0.0487804878049 0.091056910569 0.0487804878049 0.0243902439024 0.0487804878049 0.0487804878049 0.0 0.0666666666666 0.0487804878048 0.0487804878049
