0.9201990282680999 0.12986019216369998 0.0 0.2291027261241 0.6503797249890999 0.09730998375149999 0.0 0.8307338175453 0.109947643979 0.0728496634255 0.0 0.8261109534979 0.0442782348541 0.35909524669189996 0.6918157758469 1.1939583254819 0.5349574148542999 0.0 0.7017058857369 0.152065473793 0.0885564697082 0.3789131612202 0.8061779707932 0.1819823072756
0.09411764705879999 0.23697478991589999 0.0 0.0470588235294 0.0711484593837 0.0235294117647 0.0470588235294 0.4252100840333001 0.26106442577010003 0.0235294117647 0.0 0.2128851540615 0.1658263305322 0.0711484593837 0.0235294117647 0.1411764705887 0.3535014005604 0.0470588235294 0.0 0.0941176470589 0.0711484593837 0.09411764705879999 0.4722689075632 0.0235294117647
0.0 0.0 0.0 0.0 0.0 0.0 0.0 0.0 0.0 0.0 0.0 0.0 0.0 0.0 0.0 0.0 0.0 0.0 0.0 0.0 0.0 0.0 0.0 0.0
0.222222222222 0.0 0.0 0.444444444444 0.0 0.0 0.0 0.111111111111 0.0 0.0 0.0 0.0 0.111111111111 0.0 0.0 0.0 0.0 0.0 0.0 0.0 0.0 0.111111111111 0.0 0.0
0.4695652173913 0.1357142857142 0.0108695652174 0.0434782608696 0.3942546583851 0.08586956521729999 0.025 0.5372670807451 0.1788819875777 0.0683229813665 0.0 0.1336956521741 0.0108695652174 0.10729813664589999 0.2361801242241 0.8917701863368 0.1402173913043 0.0 0.2041925465837 0.10403726708059999 0.025 0.0964285714285 0.1010869565217 0.0
0.2314889067095 0.34509489441350005 0.0459770114942 0.0 0.1152098369419 0.0930232558139 0.0 0.6447473937463 0.0348837209302 0.8048650093564 0.0459770114942 0.2431168136861 0.2076984763434 0.20716385993019998 0.6907244052403 0.3567228013896 0.11520983694180001 0.137931034483 0.1844426623896 0.0576049184709 0.0 0.09302325581420001 0.2531408714245 0.0919540229884
0.0 0.0 0.0 0.0 0.0 0.0 0.0 0.0 0.0 0.0 0.0 0.0 0.0 0.0 0.0 0.0 0.0 0.0 0.0 0.0 0.0 0.0 0.0 0.0
0.6007556713437001 0.2189292189291 0.051748251748200004 0.1440559440566 0.1606804959746 0.2311688311686 0.0 0.8896759014403 0.2199586905469 0.037037037037 0.0 0.6068154068163001 0.26260079789470003 0.10177230177220001 0.360045836517 0.6752704811526999 0.049350649350600004 0.049350649350600004 0.28184168772400003 0.3739800504513 0.0671328671328 0.0941470294411 0.3271963330784 0.196485867074
0.058230683090699994 0.10078387458009999 0.0 0.0 0.0263157894737 0.031914893617 0.0 0.1270996640537 0.4596864501684 0.1478163493841 0.0 0.0475923852183 0.1433370660695 0.1534154535275 0.0425531914894 0.1696528555434 0.0 0.0526315789474 0.06382978723409999 0.1741321388584 0.10582306830909999 0.031914893617 0.0106382978723 0.0526315789474
0.0 0.42857142857099995 0.0 0.0 0.0 0.0 0.0 0.0 0.142857142857 0.0 0.0 0.0 0.0 0.0 0.0 0.0 0.0 0.0 0.0 0.0 0.428571428571 0.0 0.0 0.0
0.0 0.0 0.0 0.0 0.0 0.0 0.0 0.0 0.0 0.0 0.0 0.0 0.0 0.0 0.0 0.0 0.0 0.0 0.0 0.0 0.0 0.0 0.0 0.0
0.3909221018198 0.16683704763860002 0.0273972602739 0.0 0.2764260887346 0.2960539766915 0.0 0.46779799631959995 0.0846452668165 0.0870987528112 0.0 0.28869351870750004 0.0273972602739 0.1144960130851 0.5622572071159 0.5005111429155 0.19423430791250001 0.0298507462686 0.0821917808217 0.0547945205479 0.0 0.0298507462686 0.318544264976 0.0
0.0816326530612 0.0408163265306 0.0204081632653 0.0204081632653 0.0 0.0204081632653 0.0 0.22448979591850005 0.0 0.0 0.0 0.061224489795900006 0.0408163265306 0.0408163265306 0.0204081632653 0.1428571428571 0.0 0.0 0.0612244897959 0.0612244897959 0.0204081632653 0.061224489795900006 0.0816326530612 0.0
0.10000000000010001 0.02 0.0 0.0 0.1 0.02 0.02 0.16 0.04 0.02 0.0 0.1400000000001 0.04 0.02 0.0 0.08 0.02 0.0 0.02 0.06 0.0 0.06 0.04 0.04
0.39999999999979996 0.114285714286 0.0 0.0571428571428 0.0 0.114285714286 0.0 0.39841269841309995 0.222222222222 0.0 0.0 0.3428571428578 0.0555555555555 0.277777777778 0.166666666667 0.16984126984109998 0.228571428572 0.0555555555555 0.1682539682538 0.0571428571428 0.0571428571428 0.0571428571428 0.0571428571428 0.0
1.738005982436 0.4952608520343 0.08 0.30884972024229995 0.513916620879 0.186382978723 0.0 0.7699272609858999 0.2814610348946 0.10195913208339999 0.0 0.8002392757365999 0.020618556701 0.1559110221176 0.35871427568250003 2.0481214976087 0.5494458066111 0.0722561617863 0.4159355194125 0.3126191836124 0.1476707300033 0.3039182641666 1.015653858432 0.3231322658477
0.51910524385805 0.07222222222225 0.0 0.0611111111111 0.27081041437455 0.0 0.0185185185185 0.42273560689485 0.0759992665933 0.0 0.0185185185185 0.73850385038445 0.0463696369637 0.02592592592595 0.40088008800845 0.6174000733409 0.3354785478548 0.0463696369637 0.45080674734119996 0.0351851851852 0.0463696369637 0.14081408140805002 0.6568756875693 0.0
0.0 0.35 0.0 0.0 0.15000000000000002 0.0 0.0 0.175 0.375 0.525 0.0 0.05 0.175 0.55 0.0 0.225 0.05 0.1 0.0 0.0 0.05 0.125 0.1 0.0
0.307692307693 0.0 0.0 0.0 0.076923076923 0.0 0.0 0.153846153846 0.0 0.0 0.0 0.0 0.0 0.0 0.230769230769 0.0 0.0 0.0 0.0 0.0 0.0 0.0 0.230769230769 0.0
0.0 0.0 0.0 0.0 0.0 0.0 0.0 0.0 0.0 0.0 0.0 0.0 0.0 0.0 0.0 0.0 0.0 0.0 0.0 0.0 0.0 0.0 0.0 0.0
0.0 0.0 0.0 0.0 0.0 0.0 0.0 0.0 0.375 0.0 0.0 0.0 0.0 0.125 0.0 0.0 0.0 0.0 0.0 0.0 0.5 0.0 0.0 0.0
0.20731707317130002 0.036585365853600005 0.0121951219512 0.0121951219512 0.0243902439024 0.0 0.0 0.0487804878048 0.036585365853600005 0.0 0.0 0.1341463414633 0.0121951219512 0.036585365853600005 0.0 0.0853658536584 0.0487804878048 0.0 0.0731707317073 0.0 0.0121951219512 0.0243902439024 0.1951219512195 0.0
0.7108023754829 0.09272183449640001 0.0 0.299601196411 0.5924183969822 0.0294117647059 0.0588235294117 1.0553556721135 0.0169491525424 0.0604274134119 0.0 0.3079023798169 0.0898391781178 0.1221335992023 0.3034158394385 0.9435389483732001 0.0463609172483 0.130434782609 0.8110884737108 0.1221335992023 0.080259222333 0.4811652000523 0.6158047596338 0.0294117647059
0.0 0.0 0.0 0.0 0.0 0.0 0.0 0.0 0.0 0.0 0.0 0.0 0.0 0.0 0.0 0.0 0.0 0.0 0.0 0.0 0.0 0.0 0.0 0.0
0.1263948062487 0.010752688172 0.0592412254006 0.0 0.145262730777 0.0 0.0 0.2720632988438 0.0430107526882 0.0 0.0 0.2531953743152 0.0188679245283 0.19395414891469998 0.7770338811108 0.3737066342067 0.1397849462366 0.0188679245283 0.2018665043622 0.0215053763441 0.0 0.3745181578418 0.8001623047269 0.1698113207543
0.1308441558444 0.1824675324678 0.0 0.0227272727272 0.0853896103896 0.0 0.0340909090909 0.20519480519470001 0.211363636364 0.0571428571428 0.0 0.1253246753246 0.11980519480509999 0.1883116883116 0.0340909090909 0.1535714285714 0.0568181818181 0.0857142857142 0.0681818181818 0.0113636363636 0.0626623376623 0.0340909090909 0.130844155844 0.0
0.0 0.0 0.0 0.0 0.0 0.0 0.0 0.2 0.0 0.6 0.0 0.2 0.0 0.0 0.0 0.0 0.0 0.0 0.0 0.0 0.0 0.0 0.0 0.0
0.6610169491519999 0.101694915254 0.0 0.7118644067801 0.5593220338989999 0.0 0.0508474576271 0.9661016949162 0.0 0.0 0.0 0.40677966101720003 0.0508474576271 0.3559322033901 0.0508474576271 0.7118644067792 0.305084745763 0.0 0.457627118645 0.0 0.0508474576271 0.0508474576271 0.5084745762711 0.0
0.4121651295562 0.0581027667984 0.0555555555555 0.039920948616600005 0.2067193675889 0.17632850241530001 0.0 0.5184453227938 0.0 0.1425120772945 0.0363636363636 0.3914361001314 0.0944664031622 0.2777777777775 0.0616600790513 0.3025911286778 0.2191919191919 0.0 0.1535792709705 0.2429512516472 0.099033816425 0.1389547650416 0.35050505050520003 0.0217391304348
0.34900542495435 0.032362661345599994 0.0253164556962 0.04221487809435 0.0998939951361 0.059113300492549994 0.0 0.25466109621495003 0.07033734489 0.1139240506331 0.0 0.2321506516182 0.0548731059424 0.2040281848224 0.8317640456465001 0.13649685103200002 0.0323626613456 0.022510444596849997 0.04221487809435 0.0 0.022510444596849997 0.1463490677813 0.20820602357044998 0.0197044334975
0.0 0.0 0.0 0.0 0.0 0.0 0.0 0.0 0.0 0.0 0.0 0.0 0.0 0.0 0.0 0.0 0.0 0.0 0.0 0.0 0.0 0.0 0.0 0.0
1.0765010528353 0.2780599203981 0.0247933884297 0.1292995898196 0.22073509901500002 0.3860045764915 0.0 0.9573205613521001 0.042650531286800006 0.0991735537191 0.0927835051545 0.5478112562220999 0.117030696576 0.5403288136407 0.7205631762813001 0.8629927944590999 0.2708680728826 0.0805146119109 0.21993330006429998 0.2007281612482 0.0178571428571 0.26123583539219997 0.7565924001022001 0.0962219598583
0.2691729323305 0.0947368421052 0.0315789473684 0.0 0.0631578947368 0.0869674185463 0.0 0.1263157894736 1.035338345866 0.2215538847116 0.0 0.0238095238095 0.1263157894735 0.4110275689215 0.1739348370925 0.4187969924811001 0.0869674185463 0.0553884711779 0.0 0.2924812030085 0.2531328320804 0.047619047619 0.0947368421052 0.0869674185463
0.0526315789473 0.0350877192982 0.0350877192982 0.0 0.0175438596491 0.140350877193 0.0 0.140350877193 0.0350877192982 0.2175438596491 0.0 0.10526315789480001 0.0175438596491 0.08771929824550001 0.5350877192982 0.0350877192982 0.0 0.0 0.0999999999999 0.0175438596491 0.0999999999999 0.1701754385965 0.1403508771931 0.0175438596491
0.142857142857 0.0 0.0 0.0 0.47619047619 0.166666666667 0.0 0.0 0.0 0.0 0.571428571429 0.45238095238099996 0.0 0.0 0.166666666667 0.309523809524 0.142857142857 0.0 0.0 0.0 0.285714285714 0.0 0.285714285714 0.0
1.1417701863352 0.1400621118012 0.072204968944 0.1043478260869 0.30745341614919997 0.2594720496897 0.0 0.7141304347827 0.0 0.1257763975156 0.0 0.9029503105592 0.0607142857143 0.2781055900618 0.5970496894404 0.2416149068321 0.1249999999999 0.072204968944 0.27810559006220004 0.0793478260869 0.108695652174 0.535248447206 0.7121118012425001 0.14363354037269999
0.0 0.0 0.0 0.0 0.0 0.0 0.0 0.0 0.0 0.0 0.0 0.0 0.0 0.0 0.0 0.0 0.0 0.0 0.0 0.0 0.0 0.0 0.0 0.0
0.1811846689896 0.0722996515679 0.0 0.0 0.036585365853600005 0.0357142857143 0.0 0.4660278745641 0.24128919860609999 0.095818815331 0.0 0.1071428571428 0.12108013937269999 0.2630662020908 0.16724738675939999 0.3231707317078 0.14372822299659999 0.036585365853600005 0.0243902439024 0.1576655052263 0.1210801393732 0.0121951219512 0.39372822299739996 0.0
0.6976127320957001 0.0709549071618 0.0 0.0921750663129 0.10543766578239999 0.120689655173 0.0 0.4131299734751 0.0 0.0172413793103 0.0689655172414 0.1956233421751 0.2075596816974 0.0517241379309 0.26856763925689997 0.29509283819669996 0.0769230769231 0.0344827586206 0.0862068965517 0.051724137931 0.0172413793103 0.0344827586206 0.0941644562334 0.0
1.9394892117743 0.22666870561729996 0.0 0.0773705288567 0.7463477574657 0.1379520229144 0.0 0.9639406252249 0.1277799581369 0.0896624803767 0.0496794871794 0.6468398530891 0.16459387568520004 0.2292471563524 0.8107873481114001 1.9805291898685997 0.5172528738547 0.0208333333333 0.4912140929247001 0.29871794871839996 0.1713291470434 0.2586388783018 1.0302921918408 0.0208333333333
0.6442150151507 0.12826469157966 0.0571428571428 0.06460554370996 0.30130550256211 0.01623461639171 0.0 0.55357423409205 0.00877192982455 0.0 0.01623461639171 0.5036135113907999 0.05488721804505 0.15031982942416 0.34373620618636 0.7629820820706599 0.26231997905226 0.00746268656716 0.38050349755005997 0.114285714286 0.04480604496311 0.2275951071711 0.35713911644756996 0.0
0.0 0.0 0.0 0.0 0.0 0.0 0.0 0.0833333333333 0.3333333333336 0.0833333333333 0.0 0.0833333333333 0.2500000000003 0.166666666667 0.0833333333333 0.1666666666666 0.0 0.0 0.0833333333333 0.25 0.416666666667 0.0 0.0 0.0
0.2560975609754 0.0 0.0 0.0365853658536 0.0243902439024 0.0 0.0 0.036585365853600005 0.0 0.0243902439024 0.0365853658536 0.0121951219512 0.0 0.0121951219512 0.0853658536588 0.0975609756097 0.10975609756089999 0.0 0.0609756097561 0.0 0.0 0.0731707317073 0.1341463414632 0.0
0.0842105263158 0.1473684210526 0.0 0.0 0.0421052631578 0.0210526315789 0.0 0.3368421052633 0.1052631578946 0.0421052631578 0.0 0.0631578947368 0.105263157895 0.3157894736848 0.0421052631578 0.2526315789476 0.1052631578946 0.0421052631578 0.0631578947368 0.0210526315789 0.0210526315789 0.0421052631578 0.0631578947367 0.0842105263157
0.0714285714286 0.0 0.0 0.0 0.0357142857143 0.0 0.0 0.0714285714286 0.2500000000003 0.142857142857 0.0 0.0714285714286 0.17857142857129998 0.250000000001 0.1071428571428 0.1071428571428 0.0357142857143 0.1071428571428 0.0 0.142857142857 0.0714285714285 0.2499999999998 0.0714285714285 0.0357142857143
0.1470588235295 0.0147058823529 0.0147058823529 0.0147058823529 0.0147058823529 0.0 0.0147058823529 0.1617647058822 0.0 0.0147058823529 0.0 0.13235294117660001 0.0 0.0588235294118 0.0147058823529 0.0294117647058 0.0294117647058 0.0 0.11764705882359999 0.0 0.0147058823529 0.0441176470588 0.1470588235295 0.0147058823529
1.0298206860712 0.1754807692307 0.0 0.1442307692307 0.5261824324319 0.211538461539 0.0 0.9912292099783999 0.08894230769219999 0.0384615384615 0.0624999999999 0.2979469854466 0.3076923076922 0.2631886694385 1.1847713097706998 1.4971413721435 0.24389293139270002 0.0 0.440878378378 0.0624999999999 0.1875 0.1442307692306 1.1018711018733 0.0
0.0833333333332 0.166666666667 0.0 0.0 0.166666666667 0.0833333333332 0.0 0.12499999999980001 0.0 0.0 0.0 0.16666666666660002 0.291666666668 0.12499999999980001 0.12499999999980001 0.12499999999980001 0.0 0.0 0.12499999999980001 0.0416666666666 0.0 0.12499999999980001 0.166666666667 0.0833333333332
0.7832135986242399 0.049886621315139996 0.1590776095389 0.0902791537325 0.6184917332639001 0.01020408163264 0.0300453514738 0.6389387783507 0.08914536688444 0.05720137517372 0.00510204081632 0.8295598435635401 0.0494628272019 0.42801323473301994 2.3645071453784 1.0504700261991402 0.2577989124454 0.10346080179632 0.5845910448942999 0.04478458049882 0.03004535147384 0.23081386223964 0.431213439546 0.0636932192232
0.17762326169404002 0.15170670037932 0.0 0.00884955752212 0.16055625790119998 0.12452591656142 0.00884955752212 0.37420986093574 0.48166877370434 0.08912768647283999 0.0 0.05309734513272 0.22313527180771997 0.053097345132740004 0.16055625790123998 0.24020227560041998 0.1864728192162 0.0 0.12452591656133999 0.0442477876107 0.1428571428572 0.05309734513272 0.13274336283132 0.00884955752212
0.1 0.1 0.1 0.0 0.0 0.0 0.0 0.1 0.0 0.2 0.0 0.1 0.0 0.0 0.1 0.0 0.0 0.0 0.0 0.0 0.0 0.2 0.0 0.0
0.08333333333330001 0.0166666666667 0.0 0.1 0.15 0.0333333333333 0.0166666666667 0.2499999999999 0.0 0.0 0.0 0.23333333333309997 0.0166666666667 0.050000000000100006 0.0333333333333 0.31666666666640003 0.1666666666667 0.0 0.1000000000001 0.0833333333334 0.0166666666667 0.1000000000001 0.2333333333337 0.0
1.0701058201065 0.0850970017636 0.0 0.1724867724866 0.40705467372105 0.85476190476255 0.0 0.2878306878304 0.0636684303351 0.03183421516755 0.00714285714285 0.26631393298075 0.04611992945325 0.0698412698412 0.25723104056470003 1.17504409171085 0.053262786596099995 0.0 0.33430335096915 0.0357142857143 0.0500000000002 0.15105820105805 0.5739858906525 0.00714285714285
0.07500000000000001 0.0 0.025 0.025 0.025 0.125 0.0 0.32499999999990004 0.0 0.325000000001 0.0 0.1249999999999 0.1499999999998 0.1 0.649999999999 0.450000000001 0.0 0.1249999999999 0.0 0.0 0.0 0.1 0.300000000001 0.07500000000000001
0.2142857142856 0.0 0.0 0.0 0.0 0.0 0.0 0.0 0.0 0.0714285714286 0.0 0.1428571428572 0.0 0.0714285714286 0.0 0.0 0.0 0.0 0.142857142857 0.0 0.0 0.0714285714286 0.2142857142856 0.0714285714286
0.41243247493291996 0.1350755725755 0.02988215488212 0.043956043956 0.10224728974721 0.042718855218810005 0.0185185185185 0.29472610722591003 0.074074074074 0.0443306693306 0.0 0.24324055574021 0.0295075295075 0.47979797979771005 0.8729788729781 0.32920782920772995 0.13322788322772 0.0 0.19076987826970998 0.0298821548821 0.0223526473526 0.10101010101 0.333025770526 0.037037037037
0.0483870967742 0.1040411201701 0.043956043956 0.043956043956 0.0161290322581 0.087912087912 0.0 0.1479971641261 0.5393477490254 0.0703651187522 0.0 0.043956043956 0.1744062389223 0.3282523927683 0.5276497695865 0.1362991846862 0.0981921304501 0.1201701524283 0.043956043956 0.0600850762141 0.20223325062039998 0.1246012052464 0.0381070542361 0.0
0.0277777777778 0.6555555555556001 0.0 0.0 0.0555555555555 0.0833333333333 0.0 0.5388888888888 0.1111111111111 0.311111111111 0.0 0.2555555555555 0.0 0.3666666666665 0.416666666667 0.1111111111111 0.0 0.2 0.3944444444448 0.0 0.0555555555555 0.111111111111 0.22222222222210003 0.08333333333330001
0.0 0.0 0.0 0.0 0.0 0.0 0.0 0.0 0.0 0.0 0.0 0.0 0.0 0.0 0.0 0.0 0.0 0.0 0.0 0.0 0.0 0.0 0.0 0.0
0.6025758205237 0.0619858745326 0.0481927710844 0.0 0.1171582883258 0.144578313253 0.0 0.3032820938931 0.0 0.1377648525135 0.0 0.6409638554216 0.1583714167013 0.1997507270463 0.1826339842128 0.16535105941 0.07577897798090001 0.0 0.130951391774 0.099875363523 0.0240963855422 0.13444121312840002 0.6653926049016 0.1068550062319
0.1469271469273 0.021978021978 0.0 0.0493827160494 0.1180301180301 0.032967032967 0.0 0.2622439289109 0.048026048025999996 0.0480260480259 0.0 0.1729751729751 0.0603717270383 0.1276624609957 0.133089133089 0.0713607380273 0.0713607380273 0.0727174060507 0.08099308099300001 0.14407814407800001 0.107041107041 0.032967032967 0.10989010989010001 0.087912087912
0.7391826923075999 0.306833791209 0.09375 0.1035370879122 0.14285714285700002 0.0925480769231 0.0 0.8693337912090001 0.6267170329666001 0.15934065934060002 0.0 0.26407967032949997 0.2776442307691 0.3878777472528 0.1648351648352 0.23454670329660002 0.158482142857 0.065934065934 0.1978021978022 0.560439560439 0.291208791209 0.4651442307693 0.6880151098899 0.10989010989
0.3388429752069 0.00826446280991 0.0 0.00826446280991 0.033057851239620004 0.1341759844438 0.0 0.26835196888642 0.12591152163391 0.0 0.08361691784150001 0.04132231404952 0.06708799222171 0.27661643169721 0.0330578512397 0.2323772484202 0.04132231404952 0.00826446280991 0.0578512396696 0.00826446280991 0.14244044725371 0.00826446280991 0.08264462809920001 0.0
2.07009022366196 0.25244383318837 0.0437956204379 0.27000827509329 0.9225224873329502 0.08451211023997 0.017460675848560002 1.28685664029587 0.13877567613167002 0.00970873786407 0.0310077519379 0.48346727247898 0.10098912259986001 0.19371329970152998 3.01080304748509 2.11571954452175 0.5526874955952901 0.0211267605634 0.95583418984307 0.2962163944815 0.02716941371263 0.5440918763592401 0.48588864423529 0.0851109063849
1.0200216450219999 0.0481601731601 0.07846320346312001 0.2086038961037 0.20508658008636 0.0 0.0 0.31737012986982 0.0 0.030303030303 0.030303030303 0.29058441558412 0.060606060606 0.11769480519468001 0.39935064935026 0.72240259740156 0.49377705627755997 0.0 0.29247835497812 0.0481601731601 0.06953463203456 0.13744588744605998 0.39935064935021997 0.030303030303
0.0 0.0 0.0 0.0 0.027027027027 0.0 0.0 0.027027027027 0.0810810810811 0.08108108108100001 0.0 0.027027027027 0.0810810810811 0.2432432432431 0.0810810810811 0.0 0.0 0.054054054054 0.0810810810811 0.054054054054 0.054054054054 0.027027027027 0.027027027027 0.054054054054
0.22580645161319998 0.0 0.0 0.0 0.6129032258063 0.0 0.0 0.1290322580644 0.0 0.0 0.0 0.25806451612930004 0.0 0.0967741935483 0.161290322581 0.3225806451615 0.0967741935483 0.0 0.22580645161329999 0.0 0.0 0.5806451612920001 0.1290322580643 0.161290322581
0.0689655172413 0.1149425287355 0.0 0.0459770114942 0.16091954023010002 0.0 0.0459770114942 0.1379310344826 0.0459770114942 0.0 0.0 0.1379310344826 0.0689655172413 0.2298850574713 0.0919540229884 0.2298850574716 0.1149425287357 0.0689655172413 0.0229885057471 0.16091954023 0.0689655172413 0.0689655172413 0.0919540229886 0.0229885057471
0.36190476190489995 0.09523809523809999 0.0380952380952 0.0571428571428 0.0761904761904 0.0190476190476 0.0 0.1142857142857 0.3619047619043 0.0 0.0 0.0761904761904 0.0571428571428 0.17142857142919998 0.0380952380952 0.2285714285713 0.0 0.0380952380952 0.0 0.0571428571428 0.0190476190476 0.09523809523809999 0.09523809523809999 0.0
0.3000000000006 0.0333333333333 0.0333333333333 0.0333333333333 0.0666666666666 0.0 0.0 0.1333333333332 0.0999999999999 0.0 0.0 0.6333333333336 0.0666666666666 0.0999999999999 0.0999999999999 0.19999999999979998 0.16666666666649999 0.0 0.2 0.0 0.0999999999999 0.2333333333333 0.5000000000008 0.0
1.5534119792089998 0.1770087227854 0.0260869565217 0.1102925170276 0.4903969191210099 0.23719008519331 0.133333333333 1.0686103051593001 0.1431104177007 0.23652706304100002 0.0 0.8613385421322 0.35278945166851006 0.20253070755571 1.8345734550664 0.8617579799571199 0.19265660056990996 0.0 0.48934169536681 0.1431104177007 0.1016949152541 0.67050111565751 1.05473391238591 0.059002907595100004
0.08 0.04 0.02 0.04 0.02 0.04 0.0 0.08 0.02 0.02 0.0 0.13999999999999999 0.06 0.12 0.04 0.06 0.0 0.06 0.0 0.02 0.0 0.0 0.06 0.0800000000001
0.7585262753183699 0.06147296206609 0.14537746341038 0.06961259079898 0.50932606941118 0.12780684194139 0.00423728813559 0.48120877898738 0.05088927443398 0.09088927443388 0.00423728813559 1.16516262797748 0.03090395480219 0.6372747898036498 3.73421488627457 1.11104408559177 0.34413236481058995 0.0666666666667 1.21568527450994 0.017570621468889998 0.15542776432609 0.43834648846856994 0.6739998919629999 0.10598647626678001
0.08855799373032 0.0830721003137 0.0 0.0172413793103 0.07758620689646 0.0 0.0 0.08855799373025999 0.18495297805598 0.08855799373050001 0.0 0.08620689655161999 0.054075235109760006 0.15987460815046 0.2343260188086 0.13949843260188 0.03448275862062 0.0454545454545 0.03448275862062 0.0603448275864 0.1026645768024 0.21081504702302 0.1865203761757 0.0227272727273
0.0 0.0 0.0434782608696 0.0 0.0 0.0434782608696 0.0 0.260869565218 0.0434782608696 0.130434782609 0.0 0.0434782608696 0.0 0.0 0.21739130434759998 0.0 0.0434782608696 0.0869565217391 0.0434782608696 0.0 0.0434782608696 0.0 0.0 0.0
0.08290155440409999 0.0932642487049 0.0103626943005 0.124352331606 0.20725388601 0.0103626943005 0.0103626943005 0.25906735751309995 0.0310880829015 0.0103626943005 0.0 0.155440414508 0.0 0.020725388601 0.0414507772021 0.1243523316061 0.4041450777205 0.0 0.1036269430052 0.0310880829015 0.0 0.0829015544041 0.17616580310889998 0.020725388601
1.1689845826684 0.0467836257309 0.0233918128655 0.1757044125465 0.9005794790008999 0.0924348750664 0.0681818181818 0.7133014354066001 0.1797554492291 0.1785539606592 0.02 1.4316852737901 0.1481818181818 0.4695427963847 1.1600053163221 1.1285167464128 0.3939393939395 0.1955077086655 0.2840829346092 0.31982987772439997 0.1970281765018 0.3738649654443 1.1593567251455001 0.1707868155232
0.40414806279757 0.15738873685707 0.0 0.0141509433962 0.14572231024034 0.16682269912121 0.0 0.43244994958921 0.04940227567328 0.7422583897441399 0.0 0.43518651879561004 0.0330188679247 0.18122569494457 0.2331124873975 0.27034423159994 0.03525133227707 0.19264006913414 0.13628834797621 0.16682269912119999 0.06578568342207 0.27977819386409997 0.60921071582941 0.24899179029307
0.68 0.0 0.0 0.02 0.0 0.0 0.04 0.02 0.0 0.02 0.0 0.04 0.0 0.02 0.0 0.02 0.02 0.0 0.0 0.0 0.0 0.04 0.08 0.0
1.295862361142 0.5603021054843 0.17679947435420001 0.280929191984 0.44888434475696 0.30893847545596 0.0 0.6722641554824599 0.12829778107532 0.19534830617249999 0.0 0.9394667918171999 0.29178166557556007 0.720931613704 2.8779075424695 1.09389869214356 0.43518571461905997 0.07015472696769999 0.8006966220642999 1.3342114418508 0.12715262073806 0.8555695972235 1.3002736921066 0.08514308281619999
0.0333333333334 0.0833333333334 0.0 0.0166666666667 0.0666666666667 0.0333333333333 0.0 0.2333333333334 0.30000000000009996 0.0833333333334 0.0 0.13333333333340003 0.1 0.25 0.0833333333334 0.1166666666666 0.0 0.0666666666667 0.0166666666667 0.1 0.1333333333334 0.0333333333334 0.1166666666667 0.0
0.1363636363637 0.545454545454 0.0454545454545 0.0 0.0681818181818 0.295454545455 0.0 0.279379157429 0.37694013303780005 0.1430155210641 0.0 0.0681818181818 0.0975609756097 0.0681818181818 1.1901330376918 0.25997782705039996 0.0227272727273 0.0715077605321 0.0975609756097 0.0 0.0487804878048 0.0715077605321 0.11363636363650001 0.0
0.0 0.0 0.0 0.0 0.0 0.0 0.0 0.0 0.0 0.0 0.0 0.0 0.0 0.0 0.0 0.0 0.0 0.0 0.0 0.0 0.0 0.0 0.0 0.0
0.9666081727891 0.2269068689423 0.0265486725663 0.0801201011377 0.34549251215460003 0.5594184576494 0.09457139083329999 0.6806786233179999 0.1233354403708 0.2160766961649 0.0 0.8888839619856002 0.23941213653639998 0.3954925121542 0.6184669258003 0.7684398802458999 0.0581407123673 0.12286135693210001 0.3194676113739 0.0535714285714 0.0680227182669 0.7464136334756 1.2079707341923 0.19309945217070001
0.10435571687837 0.04310344827587 0.00862068965517 0.02177858439197 0.15199637023577 0.03493647912877 0.0131578947368 0.27586206896567 0.1125226860254 0.04355716878404 0.00862068965517 0.2735934664243 0.06533575317597 0.09618874773134001 0.22050816696884 0.1429219600723 0.0394736842105 0.034482758620670004 0.03493647912887 0.030399274047099998 0.03448275862064 0.0131578947368 0.10435571687828 0.09165154264977
1.2173535253238 0.7106752730897 0.0881827209533 0.396226415096 0.1269230769231 0.0776564051639 0.0 0.8863322129716 0.4829692154917 0.3453937819878 0.0 1.3333416087396 0.2987090367428 1.0152547551758 0.799564586357 0.9026029333133 0.1237338629593 0.23820754717 0.34541860820439996 0.5158639523339 0.633526850508 0.5474180734858001 0.8580417844328 0.0566037735849
1.7671840354775998 0.2062084257204 0.090909090909 0.1884700665188 0.1707317073174 0.2549889135252 0.0 0.4257206208432 0.0 0.0243902439024 0.0731707317072 0.3104212860306 0.2062084257204 0.181818181818 0.534368070955 0.7849223946786 0.0487804878048 0.0243902439024 0.5166297117508 0.0731707317072 0.1152993348114 0.23725055432359998 0.7649667405778001 0.0
0.8123949367271002 0.08827108275401 0.0153846153846 0.09943219384091 0.29987673536842996 0.08030216498164 0.0 0.42362753653215995 0.062494436829040004 0.051837360654720006 0.014559386973179999 0.26648140672707 0.056649676575589995 0.16986215845739003 1.45201694208276 0.8629668940476 0.24131171030047002 0.0 0.29402478262019 0.08179331130029999 0.07304466269978 0.21120698716630998 0.29674197723242 0.04571904074330001
2.4901977817196 0.1967665877158 0.029773958732399998 0.2520029317358 0.3545698410457 0.0379356534485 0.0428134556574 0.7031751156601 0.0346517609413 0.0593423812772 0.0 1.0325471908905002 0.0346517609413 0.3052846734779 3.6495206303620003 0.9741230274685 0.3382464516127 0.0642201834861 0.8202659685132 0.16519318309429998 0.0346517609413 0.4137066861359 0.8276558982769 0.138703116869
0.19178082191770002 0.0833333333333 0.0 0.0833333333333 0.0547945205479 0.054794520548 0.0 0.054794520548 0.24885844748890001 0.4417808219181 0.0 0.054794520548 0.2751141552513 0.1917808219178 0.79794520548 0.1369863013698 0.0 0.0833333333333 0.054794520548 0.0 0.027397260274 0.109589041096 0.054794520548 0.0
0.56207206196009 0.0 0.0 0.02171960938378 0.15097092827478997 0.0 0.00662251655629 0.11600628577845999 0.0 0.01324503311258 0.0 0.08104164328208 0.00662251655629 0.05668425188018 0.28128858457729 0.27174767089517 0.04052082164097 0.00847457627118 0.10753170950725999 0.00847457627118 0.0132450331126 0.12341452463819999 0.11045010663376 0.01986754966889
0.12244897959170001 0.0918367346938 0.0306122448979 0.0612244897959 0.0 0.0306122448979 0.0 0.33673469387780003 0.15306122448960002 0.0 0.0 0.1530612244895 0.0612244897959 0.520408163266 0.2142857142859 0.3061224489797 0.09183673469379999 0.0612244897958 0.0306122448979 0.275510204082 0.1836734693877 0.122448979592 0.0918367346937 0.0612244897959
0.3322981366457 0.0672877846791 0.067287784679 0.0238095238095 0.067287784679 0.0652173913043 0.0 0.2080745341614 0.1086956521739 0.22153209109719998 0.0 0.37577639751520003 0.0652173913043 0.1956521739128 0.7163561076608 0.19979296066250002 0.06935817805380001 0.1739130434788 0.15838509316760002 0.195652173914 0.2474120082815 0.1325051759833 0.19979296066240002 0.108695652174
0.1456908344735 0.03716370269039 0.00775193798449 0.1703146374835 0.03716370269039 0.0588235294117 0.0 0.18125854993159002 0.1192430460556 0.03716370269039 0.0 0.33310533515809004 0.235294117647 0.031007751938 0.0294117647059 0.06817145462838001 0.0775193798449 0.00775193798449 0.12403100775209 0.015503875969 0.0 0.046511627907 0.20770633834938998 0.0294117647059
1.68715062984755 0.13315277098135 0.00995024875619 0.16583408932415003 0.31605915541488 0.12719897245795 0.00925925925925 0.59267184492463 0.02545359124305 0.16339948270098997 0.0323886639676 0.6535221671539899 0.04575242387719 0.3116572610473 1.62062382643849 0.61116755535944 0.0684834934638 0.028867102396450003 0.31810299669889 0.0877986822259 0.06779250396684 0.36118246453953995 0.47240794519088 0.0901228687606
0.0 0.0 0.0 0.0 0.0 0.0 0.0 0.0 0.0 0.0 0.0 0.0 0.0 0.0 0.0 0.0 0.0 0.0 0.0 0.0 0.0 0.0 0.0 0.0
1.6667320428966201 0.32635644535972 0.1508089558823 0.23990850361382 1.4014181738432399 0.0834271485885 0.11195375438192001 1.00140922303152 0.15016836268752 0.18093003591832002 0.013201320132 1.6646831106123197 0.12160520241860001 1.1192910706708001 4.64196439368962 1.6910720864916002 0.81734729204724 0.06522764077649999 1.6043328535626198 0.1795850302725 0.1502127091322 0.87877026477572 1.5892194558899602 0.15037492332142
0.5975609756102 0.1707317073172 0.0 0.0853658536585 0.341463414634 0.128048780488 0.0853658536585 0.38414634146369997 0.2134146341465 0.0 0.0 0.3841463414634 0.0426829268292 0.341463414634 0.7682926829272001 0.2987804878047 0.0853658536585 0.0 0.2560975609757 0.170731707317 0.0426829268292 0.5975609756092 1.9634146341505 0.0426829268292
0.0555555555555 0.0 0.222222222223 0.111111111111 0.0 0.0 0.0 0.0 0.0 0.0 0.0 0.111111111111 0.0 0.16666666666649999 0.0 0.111111111111 0.0 0.0 0.2222222222225 0.0 0.0 0.0 0.0 0.0
0.34374999999989997 0.0468749999999 0.0 0.0624999999999 0.28125 0.125 0.03125 0.31249999999989997 0.046875 0.03125 0.0 0.4375 0.0624999999999 0.1562499999999 0.09375 0.40625 0.359375 0.0 0.265625 0.109375 0.0468749999999 0.296875 0.34375 0.140625
1.09039770339418 0.09699175525334 0.0458015267175 0.15348035558073997 0.4298792923161999 0.0661074736746 0.00751879699248 0.57142234614368 0.1930736246559 0.25157254513302 0.043702024184 1.09077501040472 0.054249766164699995 0.28868781031580004 0.7688395786386 0.8415507723812801 0.3037423653679 0.040522137708899994 0.17089775675264002 0.1283853492518 0.12156641312649999 0.29073464813612004 0.9039494905561001 0.046151457151139996
0.47401670285027 0.10534139138250001 0.07608206692866999 0.05265113731927 0.50331514404701 0.064366602124 0.02925932445377 1.05345303056971 0.1404486690525 0.21060454927669997 0.00584795321637 1.40460404076024 0.21068278276587 0.38625828786007 1.0300807760764399 0.49734984059984 0.1404486690527 0.02925932445377 0.26333392008507 0.0702341137123 0.00584795321637 0.30432826771480004 0.8544074791201 0.08777797336137
0.111111111111 0.0 0.0555555555556 0.0 0.0 0.0 0.0555555555556 0.0555555555556 0.0 0.0 0.0 0.22222222222260002 0.0 0.0 0.0 0.0 0.0 0.0 0.0 0.0 0.0 0.0555555555556 0.444444444444 0.0
1.50641090121796 0.45002104424862005 0.0700749401655 0.3824328551547 0.64753871006037 0.40660312932490006 0.037037037037 0.9113663534163199 0.5883832188729999 0.37588138615295 0.03075871496921 0.9875477855128 0.35154364519097003 0.61509584712871 2.4743029068634 1.88988973547897 0.5690314811722101 0.14689174567531 1.00484623854871 0.42209387639461005 0.12252892599515999 0.7405081258801101 1.07892519222592 0.19028620331690002
0.3911564625842 0.163265306122 0.0 0.00680272108843 0.44897959183786 0.0510204081632 0.0 0.29591836734703003 0.4251700680273 0.25850340135996 0.0 0.13945578231282998 0.23129251700573 0.32312925170039 0.67346938775613 0.46598639455732993 0.06462585034005999 0.21768707483006 0.6462585034012001 0.2789115646259 0.163265306122 0.3197278911561 0.37755102040853006 0.057823129251629996
0.0776699029126 0.0970873786407 0.0970873786407 0.0194174757281 0.0194174757281 0.135922330098 0.0 0.15533980582610002 0.1553398058252 0.0194174757281 0.0 0.33009708737840004 0.0388349514562 0.13592233009670002 0.0776699029126 0.34951456310719997 0.0194174757281 0.0194174757281 0.1165048543688 0.0 0.0 0.0194174757281 0.0970873786407 0.0194174757281
0.0 0.0 0.0 0.0 0.0 0.0 0.0 0.0 0.0 0.0 0.0 0.0 0.0 0.0 0.0 0.0 0.0 0.0 0.0 0.0 0.0 0.0 0.0 0.0
1.1128129259172899 0.33054807754969 0.04300827299728 0.1826247777021 0.26656019134688996 0.338773146219 0.0627001724562 0.7315664174553 0.166826173666 0.2568918189369 0.0374476472037 1.3370840681090002 0.26103661308749 0.8363920012025899 0.6575093363651 0.9635128631740699 0.3802348856739 0.0524852411887 0.6783258246471899 0.0556402439024 0.050505050505 0.67422487168659 1.4102137211116 0.11307565789499
0.1000000000002 0.0090909090909 0.0 0.0090909090909 0.0272727272727 0.0090909090909 0.0 0.1454545454544 0.09090909090900001 0.0545454545455 0.0 0.1 0.0090909090909 0.0181818181818 0.045454545454500006 0.0272727272727 0.0090909090909 0.0090909090909 0.1818181818183 0.0545454545455 0.0181818181818 0.0363636363636 0.0181818181818 0.0272727272727
0.5469108183003 0.19068017011890998 0.06743566992010999 0.07342787189821 0.17705013039700002 0.0919438240064 0.0443349753694 0.8765449208165 0.37013126090002 0.0703729767768 0.0 1.1481780118352 0.1067221491293 0.36367530520450003 0.28717813962221 0.31769469406921 0.16100773142821 0.049964813511500006 0.54931357850501 0.2488755622184 0.13334149251901 0.59173054529221 0.5187070330384 0.0147783251231
1.5079140205164 0.0510991695163 0.0 0.1554469956033 0.5793844650705 0.393551538837 0.0 0.7033219345386 0.2152418172938 0.0510991695163 0.0695652173912 0.31196873473380005 0.16306790425 0.0695652173912 0.2848070346846 0.8761113825116001 0.4446507083549 0.0347826086956 0.24132877381520002 0.241328773815 0.10654616511960001 1.0165608207135 0.30874450415279997 0.173913043478
2.34754976164924 0.35989064765493006 0.0374497625137 0.6855356307585001 1.1572620580690198 0.40756796652044003 0.11132769720289 1.91267749803701 0.09955315752412999 0.446204711257 0.0 1.4379351832129703 0.16843770763544003 0.60111965890037 4.75490412312213 2.807977348175 0.779284271666 0.047550772614700004 1.2397900569937301 0.4273141190154 0.39603446276576004 0.8778668335601401 1.80003715271127 0.09672941843933999
3.4419836172451 0.3807752897768 0.0121951219512 0.3692337762199 0.541469154052 0.13933808800820002 0.045837965082 1.9694348842977 0.30115028224560003 0.0698554323309 0.0643431635388 1.6792171947260999 0.127142966057 0.4805854892073999 3.7792840975034996 1.9740051460599002 0.5651535351529999 0.036212589200099995 1.516371048545 0.4050735887672 0.0698554323309 0.7705670345507 2.2243297372965998 0.036585365853600005
0.1386138613862 0.079207920792 0.0 0.039603960396 0.039603960396 0.019801980198 0.0 0.079207920792 0.138613861386 0.1782178217822 0.0 0.039603960396 0.19801980198 0.21782178217819997 0.138613861387 0.2376237623762 0.019801980198 0.019801980198 0.019801980198 0.0990099009902 0.11881188118799998 0.0990099009901 0.079207920792 0.0
1.9056776556803 0.0716575091574 0.047619047619 0.144230769231 0.502518315019 0.1490384615383 0.1018772893772 1.0480769230783 0.047619047619 0.161401098901 0.0 0.41323260073319995 0.1311813186812 0.5503663003657 0.7344322344309 1.1717032967041 0.3651556776554 0.047619047619 0.5915750915755 0.0240384615384 0.1552197802197 1.5899725274719 0.9919871794871 0.053800366300299995
0.07462686567186 0.0373134328358 0.0 0.0298507462687 0.01492537313432 0.0149253731343 0.0 0.11194029850746 0.0149253731343 0.0149253731343 0.0 0.17910447761246 0.0149253731343 0.07462686567162 0.0373134328358 0.08208955223886 0.0597014925373 0.0 0.02985074626862 0.00746268656716 0.0298507462687 0.037313432835759996 0.089552238806 0.044776119403
0.1307189542485 0.0130718954248 0.0261437908497 0.039215686274500006 0.0784313725491 0.0261437908497 0.0130718954248 0.1045751633987 0.1045751633987 0.078431372549 0.0 0.1437908496732 0.0392156862745 0.1437908496732 0.2745098039221 0.19607843137260003 0.0392156862744 0.0522875816994 0.06535947712420001 0.143790849674 0.10457516339869999 0.078431372549 0.07843137254900001 0.0261437908497
0.3136427566812 0.15928270042190001 0.0126582278481 0.1364275668072 0.12130801687760001 0.0 0.164556962026 0.5893108298171 0.2074542897327 0.037974683544299996 0.0 1.0625879043608 0.1061884669479 0.159282700422 0.1768635724331 0.4096343178627 0.25527426160350003 0.0 0.2732067510554 0.0277777777778 0.08087201125179999 0.15928270042190001 0.5464135021088 0.0
2.4921998751771497 0.0929707247988 0.025205715207649998 0.126496894779 0.8925583209139 0.028106267347699998 0.1149275594476 0.9905861730289001 0.0612797650695 0.13972720617545 0.0 1.3328874256368999 0.0822882932838 0.54301013874125 2.3111841180811497 1.8714852266048 0.37360612552105 0.0165289256198 1.12827611306735 0.16927062169089999 0.08365518479424999 0.8743023453335002 1.1651530444743998 0.08429393521084999
0.1194029850745 0.1194029850745 0.0597014925373 0.0298507462686 0.1194029850745 0.0 0.0298507462686 0.35820895522359997 0.0597014925372 0.0 0.0 0.149253731343 0.14925373134359998 0.11940298507449999 0.11940298507449999 0.238805970149 0.0298507462686 0.0 0.0 0.0597014925373 0.0298507462686 0.0298507462686 0.1194029850745 0.0597014925373
2.6306420535062798 0.53891969616619 0.0994957026214 0.3108219079449 1.7843040852525802 0.1456923076924 0.10282047700893 1.7426990372045998 0.23530932668284998 0.49877975934663005 0.03374785131063 2.74773931370459 0.26004224460283 1.5127407789235303 3.00726947992839 3.3062777706669504 0.7689242929897899 0.12935678985803 2.41851335615769 0.33257681564310004 0.59649098693411 1.4435028390131002 2.250512649837 0.10282047700893
0.11894736842109999 0.0663157894737 0.0 0.00877192982455 0.08631578947365 0.0526315789474 0.00877192982455 0.20912280701775 0.1501754385965 0.13754385964910001 0.0 0.08140350877195 0.10877192982455 0.061403508771950006 0.0838596491228 0.10140350877189999 0.0175438596491 0.04877192982455 0.07263157894735 0.0638596491228 0.1175438596491 0.1638596491228 0.15157894736869998 0.08877192982465
0.166666666667 0.0 0.166666666667 0.5 0.0 0.0 0.0 0.166666666667 0.0 1.166666666667 0.0 0.0 0.0 0.0 0.166666666667 0.0 0.166666666667 0.0 0.166666666667 0.5 0.0 0.666666666667 0.0 0.166666666667
0.2158273381288 0.11870503597149999 0.021582733813 0.0863309352518 0.11870503597149999 0.0863309352517 0.0107913669065 0.4208633093529 0.0107913669065 0.0107913669065 0.0 0.37769784172640003 0.053956834532300005 0.0971223021582 0.0863309352518 0.3129496402882 0.1294964028775 0.0215827338129 0.1726618705035 0.0431654676259 0.0107913669065 0.3453237410069 0.2266187050358 0.021582733813
1.5085474981021998 0.054119867287700005 0.038626609442 0.17725273941519998 0.7285209051796 0.108700381717 0.04761750464745 1.1338485863668 0.06617010208 0.0938198716651 0.0939261486125 0.79324775503045 0.08744669782465 0.4609947345008501 0.91522872876315 1.5051103600182998 0.40060156890095 0.0409025881129 0.6711973635186499 0.1361375974079 0.038626609442 0.38649179226485 1.4558783077966502 0.0569856818998
0.3939722249584 0.1401556190288 0.0211267605634 0.035112774549400004 0.21781739387370003 0.1404510981975 0.0211267605634 0.43474835024110003 0.09849305623950001 0.4573525066484 0.035112774549400004 0.6442430808624 0.0770708165075 0.30887422436760004 0.2032404215501 0.492169802029 0.0422535211267 0.1053383236481 0.1333103516201 0.0562395351127 0.0562395351127 0.1755638727471 0.6677336747759 0.0422535211268
0.0357142857142 0.0 0.0357142857142 0.0357142857142 0.0357142857142 0.0 0.107142857143 0.0714285714284 0.0 0.0 0.0 0.1071428571427 0.0 0.0357142857142 0.0 0.0357142857142 0.0 0.0 0.0357142857142 0.0 0.0357142857142 0.1071428571427 0.3214285714295 0.0
1.3729947154431001 0.4798161903032 0.08394638478199999 0.32673809514810004 0.6430671635106 0.34420992700510006 0.033426183844 1.143731792809 0.43641418838089996 0.429803968556 0.017094017094 1.2663548669511 0.3924519012258 0.5768162048147 1.2463958134985003 1.3893832644278998 0.4284130994619 0.0550213675213 0.5606841131235 0.1566008347288 0.0417853751186 1.0564500424795 1.1751031079842997 0.34329738179089997
0.1563279857396 0.127807486631 0.0 0.0269162210338 0.06559714794990001 0.0723707664883 0.0588235294118 0.30766488413540005 0.2051693404635 0.12281639928680001 0.0 0.11604278074840002 0.18324420677359998 0.18324420677339998 0.30445632798600003 0.136185383244 0.1479500891265 0.08413547237060001 0.24046345811050002 0.10766488413559999 0.1479500891265 0.1042780748662 0.0739750445632 0.0269162210338
0.1999999999996 0.2769230769227 0.0222222222222 0.10370370370360002 0.8205128205126 0.103703703704 0.0 0.23703703703679999 0.7920227920223 0.5390313390312 0.0 0.222222222222 0.1037037037036 0.264957264957 0.548148148149 0.1407407407406 0.0296296296296 0.09629629629620001 0.111111111111 0.0769230769231 0.0444444444444 0.15555555555519998 0.1037037037036 0.0074074074074
0.0 0.0 0.0 0.0 0.0 0.0 0.0 0.0 0.0 0.0 0.0 0.0 0.0 0.0 0.0 0.0 0.0 0.0 0.0 0.0 0.0 0.0 0.0 0.0
0.86908069865935 0.06896674024339 0.06940779739486 0.13927368718322003 0.45329634913923 0.1736510038429 0.0409095144908 0.9273937247786499 0.19913047105176 0.15810903093886 0.0 0.96106378888462 0.20835090523129002 0.64382547132544 0.6552154924434599 1.07611314520262 0.22241742569616 0.07709263278639 0.46451951512162 0.0973750756848 0.08389535387482 0.50993824339506 0.8079513325379901 0.09302260009375998
0.1144794575188 0.0449142401276 0.026565616274400003 0.035739928201 0.1859593139211 0.0173913043478 0.0 0.3782209812526 0.0806541683286 0.1318707618667 0.0 0.1767850019942 0.0449142401276 0.1767850019943 0.3912245712014 0.20335061826870002 0.0898284802552 0.0366972477064 0.20965297167980002 0.1410450737935 0.1091344236139 0.12461108895080002 0.14926206621440002 0.1309134423616
0.7483290140487999 0.42120788697420003 0.18190757128790003 0.1169590643275 0.5631438288638 0.2145802066621 0.24942641756800002 1.6838834284095 0.6164501716433 0.33348858872820003 0.037037037037 1.6086688243179 0.3513429591682 1.2791691049717 0.6572305887623999 1.0387236148766001 0.2869245763985 0.152046783626 0.7984539481982 0.5140950667265001 0.17574910728139997 0.7637039425583 1.0237766339306 0.1837016336317
0.285714285714 0.054945054945 0.0 0.021978021978 0.2239010989013 0.0879120879119 0.0 0.5044642857145001 0.189217032967 0.053228021978 0.0 0.164835164835 0.126717032967 0.010989010989 0.075206043956 0.41758241758229997 0.010989010989 0.021978021978 0.087912087912 0.106456043956 0.010989010989 0.255151098901 0.25858516483530003 0.03125
1.9932610769367 0.41448490633339996 0.051457417358700006 0.44786300274366 1.40935154796246 0.39435287967036 0.06022934718326001 2.1953557740116203 0.45568125016086 0.2896166584402 0.03035466363746 1.4883094025339598 0.3091461706692 0.53687032275786 2.74830288523766 2.82944486015676 0.7356043897517199 0.1432548275351 1.3678008382275202 0.45811162898246 0.1671069967614 0.6603797649987 1.5431827793233 0.27047660862696005
2.2815390457163 0.3126154915031 0.2082469887421 0.3789287713389 0.5053765553911 0.2034717023232 0.0397350993377 1.3609338084336 0.2530128424964 0.30257490188589997 0.20838518234939998 1.2789754909192999 0.09418971953659999 0.7042111649035001 1.4693321128352 1.6750909827428002 0.6421413162749999 0.0148367952522 1.202877089466 0.2232010583855 0.15856765496209999 0.9095972924211 1.4654614240156998 0.1066975087749
0.146666666667 0.0666666666667 0.0133333333333 0.0 0.053333333333299995 0.0133333333333 0.0 0.0933333333333 0.1466666666667 0.0133333333333 0.0 0.0266666666666 0.0666666666667 0.0266666666666 0.08 0.0266666666666 0.0133333333333 0.0266666666667 0.08 0.0266666666667 0.0133333333333 0.0266666666666 0.0266666666667 0.0133333333333
0.33256704980820007 0.10948275862055999 0.0 0.1453065134098 0.281130268199 0.0 0.025 0.83017241379296 0.0499999999999 0.10086206896535999 0.0 0.8047892720323601 0.1722222222221 0.2060344827587 0.2972222222232 0.75344827586206 0.280651340996 0.0499999999999 0.35392720306486 0.00862068965516 0.03084291187736 0.533429118774 0.600670498084 0.033620689655160005
0.3466666666668 0.1066666666665 0.0 0.0533333333333 0.2933333333328 0.133333333333 0.0 0.4266666666667 0.1333333333332 0.0799999999999 0.0 0.2399999999996 0.1866666666666 0.5333333333335999 0.1866666666663 0.3466666666662 0.0266666666666 0.0 0.0533333333333 0.240000000001 0.1066666666665 0.3466666666666 0.1599999999998 0.0
0.1457142857142 0.0623809523809 0.0238095238095 0.0 0.3191774891778 0.0357142857143 0.0119047619048 0.1687878787878 0.1878354978355 0.1309090909091 0.0 0.1590476190477 0.1175757575757 0.20878787878799998 0.2090476190478 0.3927705627704 0.0504761904762 0.0133333333333 0.1633333333334 0.0573593073593 0.3058441558442 0.0904761904763 0.13380952380959998 0.0119047619048
0.4347753185781 0.1775653923542 0.1887994634474 0.1296109993294 0.1653252850435 0.0714285714286 0.234741784037 0.2939302481555 0.1428571428572 0.059188464117999995 0.0 0.8920187793434 0.0949027498323 0.2704560697521 0.1530851777331 0.5643863179074 0.1173708920186 0.0 0.4704896042924 0.0469483568075 0.0469483568075 0.18779342723019998 1.2339034205238002 0.0234741784037
1.82236790136932 0.17382656210050001 0.013698630137 0.2858612748965 0.67161772629602 0.21297819423569997 0.0554225379754 1.02864360479844 0.1263941395675 0.23611982482950003 0.0286532951289 0.94497385604622 0.17775789802250003 0.451804595064 1.1891159108456 1.37056631485556 0.3253738281434 0.0273972602739 0.69958664614986 0.12788064338479999 0.17142220549640003 0.7873134952316001 0.89452410223352 0.17669955292231998
0.296703296703 0.131868131868 0.0 0.0 0.0 0.032967032967 0.0 0.164835164835 0.032967032967 0.23076923077 0.0 0.428571428572 0.032967032967 0.263736263736 0.065934065934 0.164835164835 0.032967032967 0.098901098901 0.065934065934 0.263736263736 0.032967032967 0.131868131868 0.4285714285719999 0.098901098901
1.1910927130104 0.42975075652620004 0.1171051003999 0.2751549636465 1.688700852046 0.3646685714242 0.171009771987 2.0255923463691 0.2342102007998 0.31245550378599996 0.0261685839552 1.5158708079787 0.16711334680239998 0.956585075789 1.4430032104377 1.9733622199954002 0.45135228874020006 0.0342019543973 1.3900944536468998 0.3615699856819 0.38903737803210003 0.7089011830358001 1.5946088335132997 0.1783898979952
0.1485714285713 0.1322689075633 0.0 0.0342857142857 0.0457142857144 0.0114285714286 0.0 0.45243697479149997 0.36268907563020003 0.1110924369747 0.0294117647059 0.1731092436976 0.17478991596690002 0.2433613445378 0.1845378151263 0.18453781512589998 0.13226890756339998 0.0408403361345 0.0979831932773 0.279327731092 0.3578151260504 0.0636974789916 0.45394957983149997 0.285882352942
0.0 0.0 0.0 0.0 0.0 0.0 0.0 0.0 0.0 0.0 0.0 0.0 0.0 0.0 0.0 0.0 0.0 0.0 0.0 0.0 0.0 0.0 0.0 0.0
0.5003360215052 0.0430107526881 0.0215053763441 0.0860215053763 0.1290322580645 0.052755376344100005 0.0430107526881 0.9284274193548999 0.03125 0.1055107526881 0.0215053763441 0.47311827957089997 0.0742607526881 0.2755376344082 0.07426075268820001 0.4065860215053 0.3225806451612 0.0625 0.2247983870966 0.10752688172 0.0 0.5806451612901 0.4143145161292 0.0215053763441
1.7066424210568398 0.23229633199782002 0.0176470588235 0.1367568875986 0.5017995485372 0.1098224326971 0.0514679821407 0.7060568229830199 0.09382820997904 0.14529619211954 0.0908928038221 0.9527978936975201 0.20369049903862002 0.33904524749841997 0.48312817607704 1.2856914568659201 0.35539875376782 0.035294117647 0.64431808557714 0.1241452773578 0.17128437173670003 0.3579148036853 1.1729995757758 0.08178504951954
0.04511278195481 0.02255639097737 0.0 0.01503759398494 0.03007518796984 0.00751879699247 0.0 0.13533834586467 0.0150375939849 0.01503759398494 0.0 0.22556390977414 0.0451127819549 0.0451127819548 0.0451127819548 0.060150375939709996 0.02255639097741 0.00751879699247 0.052631578947339996 0.0150375939849 0.00751879699247 0.09022556390980001 0.09022556390987 0.00751879699247
0.0 0.0 0.0 0.0 0.0 0.0 0.0 0.0 0.0 0.0 0.0 0.0 0.0 0.0 0.0 0.0 0.0 0.0 0.0 0.0 0.0 0.0 0.0 0.0
1.92150488116179 0.7723444257841998 0.12893341912519 0.5222634895498901 0.97816112199127 0.1052700922265 0.030799773114 1.46089474830098 0.41254089135819 0.7039514711857999 0.0121951219512 1.0251578859789001 0.5673253544375 1.2148329708513 1.1575628519538 1.76468368914547 0.58893855814529 0.21244651619759 1.2193275681095 0.7110595905109001 0.13989587543699 0.6177694843968999 1.45703734984287 0.27510286923730004
0.10202702702706001 0.07905405405403002 0.0 0.07500000000030001 0.11441441441436001 0.025 0.0 0.14572072072072 0.2518018018018 0.13941441441449 0.043693693693700006 0.01666666666666 0.11441441441443001 0.12905405405403 0.041666666666700006 0.21644144144136002 0.02500000000003 0.108108108108 0.08941441441433001 0.0416666666667 0.0603603603604 0.10608108108099001 0.04166666666673 0.0333333333334
0.0384615384615 0.0769230769231 0.0 0.0 0.0 0.0 0.0 0.0384615384615 0.0384615384615 0.11538461538460001 0.0 0.0384615384615 0.0384615384615 0.0 0.269230769231 0.0384615384615 0.0384615384615 0.11538461538450001 0.0 0.0 0.11538461538460001 0.0384615384615 0.0 0.0
0.0 0.0 0.0 0.0 0.0 0.0 0.0 0.571428571429 0.142857142857 0.142857142857 0.0 0.0 0.0 0.0 0.142857142857 0.0 0.0 0.0 0.0 0.0 0.0 0.0 0.0 0.0
0.48011715635205 0.16701220634223998 0.0433263816476 0.07284548856039 0.20117667504949 0.1384080639556 0.0119047619047 0.52934429246163 0.11491136600624 0.093902962645 0.0 0.61051135782739 0.13633993743485 0.3385808337935 0.3071500132899 0.42981353125205 0.11013310433639999 0.0147058823529 0.3144002126397 0.0874930994295 0.052801120448 0.34950520354118997 0.35260279294258 0.04301355578729
0.37511707109396997 0.10977011494257001 0.0172413793103 0.0 0.24067688378039997 0.10974882928907001 0.0 0.3108131119626 0.16662409535959996 0.19874414644527 0.0 0.294699872286 0.16892294593430002 0.23435504469996998 0.49863771817813995 0.25789697743727996 0.14071945508727 0.1728395061729 0.13446147296707 0.0827160493827 0.058024691357999994 0.15915283099187 0.1763516389953 0.0924861643253
0.4575396825394 0.2749999999998 0.0984126984126 0.041666666666700006 0.2408730158728 0.1166666666666 0.111111111112 1.0642857142856 0.33849206349169997 0.0749999999999 0.0 0.9103174603184001 0.3242063492062 0.7876984126984 0.39087301587300005 0.4817460317469 0.1242063492063 0.05 0.4503968253968001 0.300000000001 0.1499999999998 0.3309523809524 0.8071428571447999 0.07341269841270001
0.2758620689657 0.0344827586207 0.0 0.0 0.0 0.172413793104 0.0 0.137931034483 0.0 0.0 0.0 0.4482758620687 0.0 0.0 0.275862068965 0.1379310344827 0.0 0.0 0.0 0.103448275862 0.0 0.0689655172413 0.34482758620660003 0.0
2.56254207668582 0.23082236112520998 0.0823572768694 0.443097960561 1.44974571616801 0.4285767540686 0.1140213170287 2.00843408954294 0.41846782406780003 0.49681992241470996 0.0 1.29592360371012 0.40557137107922 0.5776100900237201 2.1367646225745 3.5859877110986 1.51970548877101 0.1208898871496 1.36258105719022 0.5259287415296 0.21479831193851 0.90813288437591 2.0542102735129095 0.0570106585144
1.5204304209722 0.4213449733963 0.07357380751340001 0.23632443407989998 0.8278433382934001 0.046835839599 0.0267379679144 1.2786503357339 0.1069518716576 0.22814472679009998 0.0 1.4808134976492 0.1500760591317 0.5809627678823 1.3609558656001999 1.782505226972 0.5253415959684 0.046835839599 1.1759621312633 0.38407767413140004 0.1463644070067 1.0120538646104 1.4831899266877997 0.1040234275527
0.0 0.0 0.0 0.0 0.0 0.0 0.0 0.0 0.0 0.0 0.0 0.0 0.0 0.0 0.0 0.0 0.0 0.0 0.0 0.0 0.0 0.0 0.0 0.0
0.7462050122183901 0.10992567181249 0.0553982300884 0.24033020132820002 0.43101403077329004 0.042652944539789996 0.0090909090909 0.6723862434668899 0.09526758653479 0.14435849562559 0.07708576835299 0.5827007088753899 0.05077844735539 0.20769754651199002 0.3751878443821 0.7346652701670799 0.31936479505300003 0.00628930817609 0.83846658267499 0.055231560892 0.0826709573611 0.34552487641509 0.7714177001275 0.00628930817609
0.0779220779221 0.0324675324676 0.0 0.0259740259741 0.045454545454599996 0.0194805194805 0.0 0.12337662337659999 0.0324675324675 0.012987012987 0.0 0.05194805194799999 0.0454545454546 0.1233766233765 0.038961038961 0.1363636363636 0.025974025974 0.0 0.0324675324675 0.051948051948 0.0324675324676 0.025974025974 0.0324675324676 0.0324675324675
0.801801801803 0.2633087633085 0.202702702703 0.0 0.121212121212 0.060606060606 0.0 0.84357084357 1.074119574121 0.466011466011 0.0 0.6875511875515 0.43816543816500003 0.38452088452100003 0.6011466011459999 0.5057330057325 0.56633906634 0.3378378378375 0.452088452088 0.5663390663400001 0.1281736281735 0.0675675675675 0.43120393120350003 0.0
0.17141920681732 0.24713208783992 0.035398230088419996 0.0353982300885 0.05309734513272 0.09177318911823999 0.0 0.28810226155373997 0.0 0.026548672566359996 0.074074074074 0.30973451327452 0.148148148148 0.15208128482469999 0.1078334972139 0.29531301212702 0.12553261225829998 0.0 0.25663716814119997 0.00884955752212 0.0265486725663 0.1730580137658 0.33792199278970003 0.0353982300884
1.19473724482948 0.24707344897739997 0.0983037928897 0.598013818259 0.75235327024729 0.7980746087187001 0.1082718228497 1.3247616237761 0.03220274390239 0.4357657746618999 0.0384615384615 1.19294180015619 0.1374160973433 0.64725218276608 1.2821560252599 1.10224480401798 0.45203064879039 0.0121951219512 0.6611157996834001 0.0605701656755 0.1366890490769 1.0586760666026 1.46671031867839 0.1619822324276
0.0833333333331 0.06666666666650001 0.0666666666667 0.0 0.0166666666666 0.0 0.0 0.1499999999999 0.0166666666666 0.0166666666666 0.0 0.1666666666669 0.0666666666667 0.0666666666667 0.0166666666666 0.0166666666666 0.0 0.0333333333333 0.0166666666666 0.0666666666667 0.0 0.0833333333332 0.0333333333332 0.0166666666666
1.0607791436226 0.15660236393738 0.02708146016896 0.08068086645236001 0.8546411919630599 0.22525917970636 0.06277041869120001 0.9083369678923201 0.05693220643756 0.056932206437660005 0.025307165828320002 0.6622304506232 0.10179217736760002 0.56904577160854 0.52946049887658 1.21058387090042 0.32643965819652 0.0 0.9919903908537601 0.15504385812340002 0.11900717407386 0.7158655236097 1.00384683783258 0.09937061679566
0.2142857142858 0.16596638655469997 0.0 0.107142857143 0.20700280112049999 0.1445378151261 0.0214285714286 0.6301120448174 0.1427170868348 0.1819327731093 0.0214285714286 0.2767507002803 0.0998599439777 0.208823529412 0.1053221288516 0.2731092436975 0.0642857142857 0.0196078431373 0.1053221288516 0.1463585434175 0.185574229692 0.1659663865548 0.469607843138 0.0428571428571
0.0 0.0 0.0 0.0 0.0 0.0 0.0 0.0 0.0 0.0 0.0 0.0 0.0 0.0 0.0 0.0 0.0 0.0 0.0 0.0 0.0 0.0 0.0 0.0
0.3170731707326 0.0731707317072 0.0243902439024 0.2926829268288 0.21951219512220002 0.0 0.0243902439024 0.4634146341462 0.0487804878048 0.0243902439024 0.0 0.4146341463412 0.0243902439024 0.1463414634146 0.17073170731679999 0.3170731707318 0.2195121951228 0.0 0.2195121951216 0.0487804878048 0.0 0.46341463414640005 0.4634146341462 0.0243902439024
0.5915087952396 0.128116953905 0.0 0.0598706537747 0.48509041094509997 0.1719971226791 0.076519177819 0.8061482708984 0.14233398138130002 0.1383639487248 0.0123456790123 0.7875653075107 0.16097842095139997 0.2089204918517 0.3878499077576 0.545534820001 0.3825637970138 0.0559006211181 0.1610811896184 0.1457487436613 0.17925735055400002 0.5465316928894 0.5932577463901 0.2325149162996
0.36251874062940004 0.2422788605695 0.0 0.0521739130434 0.207796101949 0.060569715142400005 0.095052473763 0.7361319340334 0.1043478260868 0.4827586206894 0.0344827586207 0.8926536731633 0.18260869565239998 0.2599700149924 0.2599700149924 0.9160419790118001 0.19010494752610002 0.103448275862 0.1556221889055 0.1556221889054 0.0344827586207 0.4323838080954 0.970014992505 0.0689655172413
0.0 0.0 0.0 0.0 0.0 0.0 0.0 0.0 0.0 0.0 0.0 0.0 0.0 0.0 0.0 0.0 0.0 0.0 0.0 0.0 0.0 0.0 0.0 0.0
0.29141627415985 0.1269693032325 0.00763358778625 0.05550592821175 0.13391261978235 0.05412538573985 0.031914893617 0.49886308267039997 0.0471820691895 0.12420821828825 0.0 0.25324833522810003 0.0846597368849 0.22758648692525002 0.16582751339930002 0.50787721292905 0.22202371284709999 0.0478723404255 0.2449244762063 0.1019977261653 0.031914893617 0.1422364788045 0.59046613610565 0.00763358778625
0.0232558139534 0.0348837209302 0.0 0.0116279069767 0.0232558139535 0.0 0.0232558139535 0.11627906976740002 0.1279069767442 0.046511627907 0.0116279069767 0.0697674418605 0.0465116279069 0.093023255814 0.0465116279069 0.0581395348837 0.0116279069767 0.0 0.0697674418605 0.0348837209302 0.0348837209302 0.0348837209302 0.0813953488373 0.0
0.0555555555556 0.0277777777778 0.0 0.0 0.0555555555556 0.0277777777778 0.0 0.16666666666680002 0.0277777777778 0.1111111111112 0.0 0.1111111111112 0.0 0.0555555555556 0.0555555555556 0.0277777777778 0.0 0.0277777777778 0.0277777777778 0.0 0.0555555555556 0.0555555555556 0.08333333333340001 0.0277777777778
0.0 0.0 0.0 0.0 0.0 0.0 0.0 0.0 0.0 0.0 0.0 0.0 0.0 0.0 0.0 0.0 0.0 0.0 0.0 0.0 0.0 0.0 0.0 0.0
0.46337471398878 0.1775666195465 0.07251666137728 0.08692549942849999 0.24643023742755998 0.07251666137728 0.07753524573859999 0.73499038095414 0.0386882829772 0.10885433195809999 0.0 0.59647746856236 0.0759416309768 0.55712829054196 0.40961419482994 0.59765027167264 0.27388237266515997 0.0169491525424 0.28715177323246 0.06461422704997999 0.04884038070578 0.4773749362845 0.49802751362086 0.0169491525424
0.060606060606 0.181818181818 0.0 0.0 0.12121212121210001 0.0 0.0 0.09090909090900001 0.18181818181800002 0.0 0.0 0.2121212121211 0.060606060606 0.18181818181800002 0.030303030303 0.27272727272700004 0.060606060606 0.060606060606 0.121212121212 0.030303030303 0.121212121212 0.12121212121210001 0.09090909090900001 0.0
0.5320506237192 0.20946561989224002 0.21161285316832001 0.1139903226632 0.39057389065134 0.12488706193480001 0.241379310346 0.6281811113113001 0.18778832863626 0.21063622275254001 0.0 0.6615876784387 0.20174777265172 1.1203723348903398 0.30967384477492 0.53793752802324 0.32053218191702004 0.0353982300884 0.2055652288378 0.2781926319508 0.19469026548670001 0.2890509690919 0.9248050000655 0.0698809887091
0.142015503876 0.1065116279069 0.0 0.00775193798449 0.066511627907 0.035503875969 0.0 0.18077519379848 0.01550387596898 0.01550387596898 0.00775193798449 0.46077519379839 0.15426356589149 0.00775193798449 0.12201550387609 0.26604651162797993 0.0232558139535 0.00775193798449 0.0387596899225 0.1497674418607 0.00775193798449 0.051007751937979996 0.1130232558142 0.02
1.5118720788861002 0.5682929107933 0.1056178518201 0.17378969525000001 0.9659082217902001 0.2920250811489 0.0358744394618 1.4233487081713 0.4067693997228 0.617626767851 0.0338983050847 1.3195951108039004 0.1642552426164 0.39403656528659997 0.9515144298252001 2.6201380406581 0.830982920236 0.0727661192106 0.5980926043632 0.5261666584545 0.24923091002550002 0.7719443844217 1.1200453509423 0.24620820317310002
0.6776531665555 0.2664563922636 0.03661678840741 0.10705983927731 0.6537654089598199 0.10061877858479999 0.0282485875706 1.03702315382381 0.1738523553996 0.16898159873821 0.00836820083681 0.93188707769171 0.03661678840741 0.37645984805692 0.31874582800021 0.9615089777489999 0.24201480701029998 0.03661678840741 0.74926916136781 0.3318316949263 0.19058875707321 0.6412333696926 0.8239638526133 0.1006187785848
0.23076923076900002 0.076923076923 0.0 0.076923076923 0.0 0.0 0.0 0.0 0.0 0.0 0.0 0.076923076923 0.0 0.0 0.0 0.153846153846 0.0 0.307692307693 0.0 0.0 0.0 0.076923076923 0.0 0.0
0.7795791971432 0.1556948798327 0.040404040404 0.212823275862 0.7574832375474001 0.0501077586207 0.0657327586207 0.7833616335768001 0.0344827586207 0.2181948798327 0.040404040404 0.8975585597346 0.0344827586207 0.6330818965523001 0.38304380007030003 0.9902037617546 0.5091377133406 0.03125 0.5613843173106 0.0748867990247 0.015625 0.728976184257 0.8641697143847 0.137931034483
0.1776315789473 0.0592105263157 0.0 0.0394736842104 0.0394736842104 0.0394736842105 0.0 0.49342105263150005 0.11842105263149999 0.0394736842105 0.0 0.2368421052637 0.0 0.375 0.1776315789477 0.49342105263159997 0.0 0.0197368421052 0.1184210526314 0.315789473684 0.0 0.0592105263157 0.1184210526316 0.078947368421
0.0862068965517 0.063829787234 0.0344827586207 0.038517975055 0.0344827586206 0.0425531914893 0.0 0.1247248716069 0.1368305209095 0.0425531914894 0.0 0.1074834922963 0.0 0.2311078503304 0.07300073367570001 0.244314013206 0.0689655172413 0.0212765957447 0.038517975055 0.148936170213 0.1885546588407 0.0730007336757 0.1581071166543 0.0425531914893
0.2247706422022 0.0963302752292 0.0642201834862 0.0642201834862 0.1605504587161 0.0642201834862 0.0 0.5458715596345 0.0321100917431 0.0642201834862 0.0 1.0275229357814 0.0 0.6743119266063999 0.0642201834862 0.8348623853216 0.4174311926604 0.0 0.8348623853202 0.0963302752292 0.192660550459 0.1926605504584 1.348623853212 0.0
1.6062844110018 0.3618905263383 0.0229357798165 0.493465720331 1.3446587402949 0.6561582255398 0.046373279816499996 1.7436412569946 0.1859948394495 0.0688073394495 0.0 1.9069103477024998 0.2857290157731 0.6563877185599 1.1267405111131001 1.1683782186545 0.8126170560378 0.045871559633 0.9086311504310001 0.2575308704416 0.1429978159142 1.0019491330893002 1.8092986611406 0.3467478224863
0.0 0.0 0.0 0.0 0.0 0.0 0.0 0.0 0.0 0.0 0.0 0.0 0.0 0.0 0.0 0.0 0.0 0.0 0.0 0.0 0.0 0.0 0.0 0.0
1.0900031282913 0.2066631175179 0.0616442930609 0.21239607199670002 1.1129110291791 0.20335897219510002 0.1542633716186 1.6611641426668 0.23596492979960002 0.2567530850377 0.0 1.4281524935766001 0.053000653051200004 0.6466549083195999 1.0759706612953 1.3372548865098 0.5985121083049001 0.0343671126785 1.0107343596096998 0.3439522529667 0.0372670807454 0.6837145417053 1.29453976304 0.2607570368362
0.0 0.0 0.0 0.0 0.0 0.0 0.0 0.0 0.0 0.0 0.0 0.0 0.0 0.0 0.0 0.0 0.0 0.0 0.0 0.0 0.0 0.0 0.0 0.0
0.0 0.0 0.0 0.0 0.0 0.0714285714286 0.0 0.0 0.0 0.0 0.0 0.0 0.0 0.0 0.0 0.0 0.0 0.0 0.142857142857 0.0 0.0 0.714285714286 0.0 0.0714285714286
0.15311004784692 0.0861244019141 0.0 0.11483253588529999 0.12440191387529999 0.05741626794252 0.00956937799042 0.28708133971280003 0.0 0.0 0.0 0.24880382775111998 0.0191387559808 0.03827751196168 0.1052631578945 0.17224880382762 0.07655502392332 0.0 0.06698564593292 0.0382775119617 0.0 0.16267942583772 0.2105263157894 0.02870813397122
0.9626716221289 0.24445744341817 0.0 0.1211009021606 0.7644588225778999 0.06880103484514 0.0294117647059 1.2613366908714403 0.5 0.5444493586906399 0.00751879699247 0.6713061115780701 0.0441176470588 0.8340519229772699 0.76625410775564 0.65533972502384 0.26735363075524 0.1150375939848 0.26735363075537 0.08171163202119999 0.6150456787124701 0.8233867400949 1.0569540549662 0.29788108791900003
0.06666666666660001 0.0444444444444 0.0 0.0 0.0444444444444 0.0444444444445 0.0444444444445 0.1111111111112 0.0111111111111 0.033333333333300005 0.0 0.0999999999999 0.0444444444445 0.06666666666660001 0.12222222222259999 0.05555555555550001 0.0111111111111 0.0111111111111 0.0111111111111 0.0111111111111 0.0222222222222 0.0666666666667 0.0777777777777 0.0
0.0 0.0 0.0 0.0 0.0 0.0 0.0 0.0 0.0 0.0 0.0 0.0 0.0 0.0 0.0 0.0 0.0 0.0 0.0 0.0 0.0 0.0 0.0 0.0
0.57889959871218 0.1699636755956 0.0112994350282 0.19770799569701 0.35916043209061 0.06519026558903 0.0338983050847 0.76058919596399 0.07098484765474 0.16306443980866997 0.0 0.40264316032725 0.08503670916433 0.38959682923552996 0.44201500400961 0.61080720118493 0.32747816872034 0.03822696563624 0.26826190174423 0.09919644853133 0.0425531914894 0.14847375883421 0.6713742077229299 0.06357826217393
0.0 0.0 0.0 0.0 0.0 0.0 0.0 0.0 0.0 0.0 0.0 0.0 0.0 0.0 0.0 0.0 0.0 0.0 0.0 0.0 0.0 0.0 0.0 0.0
0.1842105263163 0.1052631578947 0.078947368421 0.0526315789473 0.0526315789474 0.236842105264 0.0 0.1315789473687 0.0263157894737 0.07894736842109999 0.0 0.078947368421 0.0263157894737 0.07894736842109999 0.0 0.5 0.0 0.0263157894737 0.0263157894737 0.0 0.0263157894737 0.078947368421 0.1842105263157 0.0263157894737
0.0 0.0 0.0 0.0 0.444444444444 0.0 0.0 0.444444444444 0.0 0.222222222222 0.222222222222 0.222222222222 0.222222222222 0.0 0.0 0.0 0.0 0.0 0.0 0.0 0.0 0.0 0.222222222222 0.0
0.7341067837002999 0.1789059339402 0.021897810219 0.17797602955769998 0.3312607010907 0.0 0.22177164999569998 0.8230823358429998 0.0903847886816 0.0897635742073 0.0 0.766248880759 0.2421145066999 0.5158917783021999 0.2396334834602 0.7803872620357 0.38343313028799997 0.021897810219 0.3287758431932 0.021897810219 0.0 0.6227540891828001 0.38591798818539996 0.021897810219
0.2495006491559 0.1849845201233 0.0 0.0882352941176 0.29027264556050003 0.1323529411764 0.0882352941176 0.9164336362732 0.1375212224107 0.4345101368214 0.0 0.1934984520122 0.40227703984880003 0.8029062219126 0.41074103665170003 0.1849845201237 0.0526315789473 0.1052631578946 0.1408668730649 0.105263157895 0.1527514231498 0.0526315789473 0.43962848297210005 0.4345101368223
0.18447461629266 0.23839859635306 0.111111111111 0.1276400367308 0.05984356552528 0.0701003541912 0.2023809523813 0.4450183654731601 0.044642857142760006 0.1587137609862 0.0 0.25457497048371996 0.1196871310508 0.81936245572726 0.1630017709563 0.14381641086181998 0.2492621015349 0.0 0.37231077003842006 0.14912927981159999 0.0178571428571 0.43082611832566 0.6289190607369199 0.00892857142856
0.0999999999999 0.0666666666666 0.0 0.0 0.173913043478 0.16376811594229998 0.0 0.31739130434740004 0.20724637681129998 0.1101449275361 0.0 0.2666666666673 0.0434782608695 0.0 0.0666666666666 0.1434782608694 0.0333333333333 0.0 0.0333333333333 0.18695652173900001 0.0 0.0 0.086956521739 0.0
1.38409903029692 0.3376514997097 0.00858369098711 0.28867793078389997 1.03740152489911 0.3287562179362 0.06741368310251 1.11207768701801 0.3282521270445 0.20710186236251002 0.00858369098711 1.4234875687136102 0.1782970721057 0.6859881698384 1.03763746395091 2.5803834273212094 0.912028234415 0.07753835886181 1.03382012864471 0.5278574735089 0.14786031849921 0.43358663453161006 1.51543443577681 0.33748176870132
0.4242630090078 0.0686090225564 0.00892857142857 0.21871045187267002 0.23036086503394 0.0705538598972 0.0 0.42413273282254005 0.026785714285670004 0.00892857142857 0.0 0.48710265763356997 0.009900990099 0.23901492592894 0.1837731705504 0.32742592868324 0.18387087768927 0.0 0.27607384798639995 0.08790850889599999 0.06394234348247 0.29500111665316997 0.29735074071309997 0.0673620933521
0.0 0.0 0.0 0.0 0.0 0.0 0.0 0.0 0.0 0.0 0.0 0.0 0.0 0.0 0.0 0.0 0.0 0.0 0.0 0.0 0.0 0.0 0.0 0.0
0.3418632546976 0.0491803278688 0.0491803278688 0.0895641743302 0.12614954018379998 0.0365853658536 0.0 0.24850059976 0.0163934426229 0.10975609756089999 0.0 0.4680127948821 0.0655737704918 0.17532986805259998 0.2560975609752 0.39984006397460004 0.2976809276288 0.0731707317073 0.0895641743301 0.109756097561 0.0 0.40363854458250004 0.520991603359 0.0731707317073
0.050847457627 0.08474576271180001 0.0 0.0 0.0254237288135 0.01694915254234 0.00847457627117 0.12711864406761 0.05932203389824 0.00847457627117 0.0 0.05932203389817 0.0169491525423 0.08474576271197 0.05084745762697 0.1440677966105 0.00847457627117 0.00847457627117 0.0338983050846 0.0593220338985 0.02542372881347 0.0254237288135 0.0677966101694 0.0338983050847
0.0 0.0 0.0 0.0 0.0 0.0 0.0 0.0 0.0 0.0 0.0 0.0 0.0 0.0 0.0 0.0 0.0 0.0 0.0 0.0 0.0 0.0 0.0 0.0
0.19263285024148 0.07065217391298001 0.0833333333332 0.12198067632849999 0.17028985507238 0.0 0.1026570048309 0.51086956521716 0.00966183574878 0.00966183574878 0.0 0.40217391304376005 0.0193236714976 0.85446859903348 0.17330917874388 0.84359903381754 0.42995169082198004 0.0 0.19625603864738 0.00966183574878 0.1026570048309 0.29830917874428 0.38888888888918 0.00966183574878
0.86868901216021 0.1950847482612 0.020325203252 0.120317605045 0.5250058274376099 0.2567011984312 0.059341995289 1.09619318305443 0.142276422764 0.1003518990414 0.0 1.00049347979461 0.13968871724690002 0.62533270986872 0.6528179688577 0.75658336183382 0.5001332905770299 0.0 0.34514224994540005 0.07259507095301 0.10389968306459998 0.4865411595895 0.71117565710623 0.2213095564237
0.0 0.0 0.0 0.0 0.0 0.0 0.0 0.0 0.0 0.0 0.0 0.0 0.0 0.0 0.0 0.0 0.0 0.0 0.0 0.0 0.0 0.0 0.0 0.0
0.24823677186390003 0.1012717852095 0.08518134715025 0.06617993405555 0.23135657089000003 0.030303030303 0.063392997331 0.46777987125115006 0.0279086198775 0.22060606060600002 0.0555440414508 0.3374171769509 0.0231197990265 0.15720835295990002 0.07893703878155 0.6764044590988001 0.1727523944103 0.04757575757575 0.16874862615795003 0.1892400690848 0.0562097660542 0.17063118228905 0.23853980216665 0.0854545454544
0.14426460239264 0.10116115411687 0.0 0.0172413793103 0.12156931738214 0.0258620689655 0.0 0.15059817030254002 0.22994370161907002 0.0784658691062 0.0 0.10661505981697 0.0816326530612 0.1365235749472 0.06896551724137 0.1442646023926 0.0344827586207 0.06984517945107 0.00862068965517 0.0635116115412 0.11928219563684 0.0784658691062 0.1982758620692 0.0204081632653
0.2 0.2 0.0 0.0 0.375 0.0 0.0 0.0 0.0 0.2 0.0 0.0 0.125 0.125 0.0 0.0 0.0 0.0 0.525 0.0 0.0 1.050000000001 0.2 0.0
0.0 0.0 0.0 0.0 0.0 0.0 0.0 0.0 0.0 0.0 0.0 0.0 0.0 0.0 0.0 0.0 0.0 0.0 0.0 0.0 0.0 0.0 0.0 0.0
0.1373873873873 0.09298584298580001 0.027027027027 0.0 0.1731016731017 0.0119047619048 0.0 0.1048906048907 0.0389317889318 0.08976833976830001 0.0 0.1969111969111 0.1644144144145 0.050836550836600006 0.0357142857143 0.2596525096528 0.1200128700128 0.0 0.0595238095239 0.0389317889318 0.08108108108100001 0.0595238095239 0.1492921492921 0.108108108108
0.0151515151515 0.0151515151515 0.0 0.030303030303 0.045454545454500006 0.0 0.0 0.1515151515152 0.0 0.0 0.0 0.2272727272731 0.030303030303 0.1818181818181 0.030303030303 0.030303030303 0.0151515151515 0.0 0.0909090909091 0.0151515151515 0.0 0.0757575757576 0.045454545454500006 0.0
0.0 0.0 0.0 0.0 0.0 0.0 0.0 0.0 0.0 0.0 0.0 0.0 0.0 0.0 0.0 0.0 0.0 0.0 0.0 0.0 0.0 0.0 0.0 0.0
0.7396853384333999 0.22469148294726 0.0606781004131 0.24087830599206 0.42012175784726 0.16114049061045999 0.0772257333992 1.17053185977146 0.047619047619 0.39014829908928 0.0 0.8957390993367199 0.057145923584259996 0.38610555330209995 0.44058804820375996 0.9338048250094201 0.62860330405486 0.0 0.33239268719615994 0.11076563337735999 0.017094017094 0.51212514507412 0.9245933069756601 0.22832204066892003
0.037037037037 0.1851851851851 0.0 0.037037037037 0.037037037037 0.0 0.0 0.1481481481481 0.2962962962961 0.0740740740741 0.0 0.074074074074 0.259259259259 0.18518518518500002 0.037037037037 0.111111111111 0.074074074074 0.037037037037 0.1111111111111 0.037037037037 0.0740740740741 0.0 0.18518518518500002 0.0
0.11596638655470001 0.08571428571430001 0.0 0.0285714285714 0.0588235294118 0.1714285714289 0.0 0.2478991596635 0.321008403361 0.10168067226890001 0.0142857142857 0.0428571428571 0.0 1.2478991596635 0.0428571428571 0.1731092436975 0.0 0.0142857142857 0.0285714285714 0.0 0.1176470588236 0.0428571428571 0.11596638655470001 0.0285714285714
0.0 0.0 0.0 0.0 0.0 0.0 0.0 0.0 0.0 0.0 0.0 0.0 0.0 0.0 0.0 0.0 0.0 0.0 0.0 0.0 0.0 0.0 0.0 0.0
0.2712495711244 0.1293089960886 0.039649122806999997 0.0512820512821 0.2425261328032 0.1592982456141 0.0 1.1173407442990002 0.052307692307600004 0.15543585168920002 0.0 0.7974111942169 0.12982181660150002 0.4918136279416 0.23049109082980002 0.7082911320015 0.1156247855623 0.039649122806999997 0.3861158763922 0.0266666666667 0.0 0.5006313044674999 0.31508497449639994 0.04
0.0 0.111111111111 0.0 0.111111111111 0.0 0.0277777777778 0.0277777777778 0.1388888888889 0.0555555555556 0.0 0.0 0.08333333333330001 0.0555555555555 0.0555555555555 0.0 0.0277777777778 0.0 0.0 0.0277777777778 0.0 0.0555555555555 0.0277777777778 0.08333333333330001 0.111111111111
0.05710784313726 0.08651960784320001 0.00980392156863 0.0 0.0811274509805 0.0125 0.0321078431373 0.3095588235293601 0.11151960784333 0.05171568627453 0.0 0.18382352941186 0.11151960784315999 0.17573529411783 0.08382352941186 0.09632352941183 0.07671568627453 0.00980392156863 0.08210784313729999 0.180147058824 0.0 0.1017156862746 0.12671568627455998 0.01960784313726
0.0 0.0 0.0 0.0 0.277777777778 0.0555555555555 0.0 0.0 0.0555555555555 0.0555555555555 0.0 0.0 0.0 0.0 0.166666666667 0.0555555555555 0.0 0.0 0.0 0.0 0.0 0.0 0.0555555555555 0.277777777778
0.36836691999695004 0.14942988813660002 0.019681780557350002 0.14913670378745 0.5061164991116501 0.14350359183220002 0.018779342723 0.67393496143495 0.1024327392356 0.15786832957025 0.0 0.43353415813674995 0.1320646525463 0.1937197235345 0.20345137133860003 0.9322355544097002 0.30288361272315 0.0616550709882 0.23930276530285002 0.20486547847130002 0.12030964412425 0.300860252104 0.52421188894915 0.0616550709882
0.47115384615440004 0.15929487179520002 0.0 0.23589743589770001 0.3580128205131 0.0692307692307 0.0230769230769 0.46891025641010003 0.0 0.11314102564110001 0.0 0.45769230769229996 0.0208333333333 0.2887820512821 0.18012820512799999 0.5038461538463 0.2612179487178 0.0208333333333 0.48525641025599997 0.0 0.06698717948710001 0.3929487179497 0.39967948717939994 0.0230769230769
0.0 0.0 0.0 0.0 0.0 0.0 0.0 0.0 0.0 0.0 0.0 0.0 0.0 0.0 0.0 0.0 0.0 0.0 0.0 0.0 0.0 0.0 0.0 0.0
0.2204347826088 0.11014492753630001 0.0 0.0869565217392 0.392463768116 0.0 0.0 0.584202898551 0.056666666666700005 0.1584057971015 0.0 0.267391304348 0.056666666666700005 0.4071014492757 0.2371014492754 0.11521739130440001 0.30217391304350005 0.0 0.2220289855073 0.0550724637681 0.0384057971015 0.3088405797103 0.2872463768115 0.0934782608696
0.0 0.0 0.0 0.0 0.0 0.0 0.0 0.0 0.0 0.0 0.0 0.0 0.0 0.0 0.0 0.0 0.0 0.0 0.0 0.0 0.0 0.0 0.0 0.0
0.125 0.229166666667 0.0 0.0 0.375 0.0 0.0 0.625 0.0625 0.0 0.0 0.25 0.0 0.35416666666700003 0.0625 0.3125 0.0625 0.0 0.0 0.125 0.625 0.0 0.666666666667 0.125
0.0591341991342 0.0393073593073 0.0133333333333 0.0861471861472 0.0789610389609 0.0 0.0194805194805 0.11142857142849999 0.0064935064935 0.0064935064935 0.0 0.2430303030303 0.0263203463203 0.1842424242426 0.012987012987 0.31108225108250004 0.2040692640695 0.0064935064935 0.19688311688319998 0.0393073593073 0.078961038961 0.09913419913419999 0.17670995671 0.0
1.2007514761143998 0.45228126677430003 0.0 0.0594739667203 0.7237788513156 0.3557702630164 0.0 1.1502952227585999 0.1358024691358 0.2716049382713 0.0 0.8865271068169001 0.2222222222227 0.3691894793343001 0.5375201288247 1.0907139023077002 0.34900697799220004 0.0 0.39162640901760004 0.0594739667203 0.0246913580247 0.61384863124 0.9763821792809 0.1290391841116
0.173913043478 0.0 0.0 0.0 0.173913043478 0.0869565217391 0.0 0.3478260869561 0.0 0.0869565217391 0.0 0.0869565217391 0.0 0.0869565217391 0.0869565217391 0.260869565217 0.0 0.0 0.0 0.260869565217 0.0 0.0 0.173913043478 0.173913043478
0.5847599297468 0.09579533190850001 0.0 0.27189622701340005 0.6152316058991001 0.06257274054629999 0.0332225913621 0.5376769579109001 0.033222591362 0.0625727405463 0.0332225913621 0.7624902130894 0.1495016611301 0.3128637027321 0.4054002581622 0.5360475696715 0.4430031529716 0.016611295681 0.5283026853159001 0.1788518103132 0.0382165605095 0.3688130858914 0.7968343314221 0.1328903654486
0.0 0.0 0.0 0.0 0.0 0.0 0.0 0.0 0.0 0.0 0.0 0.0 0.0 0.0 0.0 0.0 0.0 0.0 0.0 0.0 0.0 0.0 0.0 0.0
0.0 0.0 0.0 0.0 0.0 0.0 0.0 0.0 0.0 0.0 0.0 0.0 0.0 0.0 0.0 0.0 0.0 0.0 0.0 0.0 0.0 0.0 0.0 0.0
0.0897435897435 0.04487179487175 0.0 0.0320512820513 0.03846153846145001 0.00641025641025 0.0128205128205 0.08974358974375002 0.00641025641025 0.0128205128205 0.0 0.10897435897445 0.0128205128205 0.025641025641 0.044871794871699996 0.12179487179475001 0.044871794871699996 0.0 0.05769230769215 0.025641025641 0.0 0.10256410256425 0.10256410256394999 0.0192307692307
0.2223639734592 0.0 0.0 0.0333247885158 0.22159493987810003 0.0425531914894 0.0120481927711 0.3434420512325 0.1403754553094 0.0706080134491 0.0453729812868 0.2473009305905 0.0 0.16165205105410002 0.296089851738 0.4238925022206 0.0851063829786 0.0 0.0834967778088 0.035304006724600004 0.047352199495700006 0.0666495770315 0.3436149347514 0.0778571982139
0.07766990291247 0.03883495145627 0.0 0.01941747572814 0.04854368932031 0.03883495145627 0.0 0.09708737864071 0.0 0.0679611650488 0.0 0.1650485436893 0.0 0.03883495145624 0.03883495145627 0.02912621359221 0.00970873786407 0.0194174757281 0.02912621359217 0.0194174757281 0.0 0.06796116504857 0.16504854368927002 0.02912621359217
0.0 0.0 0.0 0.0 0.0 0.0 0.0 0.0 0.0 0.0 0.0 0.0 0.0 0.0 0.0 0.0 0.0 0.0 0.0 0.0 0.0 0.0 0.0 0.0
0.7549882451254001 0.16880591635119999 0.0 0.1401340647478 0.29048312444732 0.1486972801497 0.01965780851836 0.5463486364882799 0.06460554370996 0.1243070362475 0.0 0.4721758263829 0.06315461022409999 0.18463097225624 0.22321852231096 0.68463527610008 0.05414056713906 0.0 0.33084798284182 0.09908830233066 0.04404805242076 0.1863611176366 0.38474574143595996 0.0149253731343
0.0769230769231 0.0729442970822 0.0 0.0 0.1458885941644 0.0769230769231 0.0 0.2453580901856 0.4456233421757 0.2267904509287 0.0 0.11538461538460001 0.1498673740053 0.429708222812 0.18435013262600003 0.0769230769231 0.0384615384615 0.11538461538460001 0.0 0.1883289124667 0.1538461538465 0.11140583554370001 0.0729442970822 0.0729442970822
0.23358908780930002 0.0289855072463 0.0289855072463 0.1739130434787 0.0 0.3768115942037 0.0 0.318840579711 0.0588235294118 0.086956521739 0.0 0.234441602728 0.0 0.2642796248931 0.086956521739 0.437340153452 0.0289855072463 0.0878090366581 0.0878090366581 0.0289855072463 0.1167945439044 0.115942028986 0.1457800511508 0.0579710144927
0.0 0.0 0.0 0.0 0.0 0.0 0.0 0.0 0.0 0.0 0.0 0.0 0.0 0.0 0.0 0.0 0.0 0.0 0.0 0.0 0.0 0.0 0.0 0.0
0.3672450356659 0.3237324079424 0.0238095238095 0.19438982070549998 0.3862926547134 0.051282051282 0.0307692307692 0.6103913630228 0.0701754385964 0.0494505494505 0.0 0.509331019857 0.1930402930401 0.41438210911920004 0.3717177559289 0.5450549450544 0.2350877192982 0.0238095238095 0.2804318488526 0.1859649122806 0.10472334682850001 0.38446115288180005 0.5931752458064001 0.051282051282
0.19354838709709998 0.0 0.0 0.0215053763441 0.2150537634408 0.1720430107531 0.0430107526881 0.21505376344100002 0.0430107526882 0.0 0.0 0.1290322580644 0.0860215053764 0.1075268817203 0.15053763440909998 0.1720430107528 0.0430107526881 0.0 0.0430107526882 0.172043010753 0.0 0.0860215053763 0.0645161290322 0.0430107526881
0.0 0.363636363636 0.0 0.0 0.181818181818 0.181818181818 0.0 0.0 0.0 0.181818181818 0.0 0.0 0.0 0.363636363636 0.0 0.0 0.0 0.0 0.181818181818 0.0 0.0 0.181818181818 0.363636363636 0.0
0.558429973239 0.0 0.0 0.078947368421 0.21454058875999998 0.39473684210500004 0.078947368421 0.5075825156117 0.0677966101695 0.0 0.0508474576271 0.5303300624447 0.0338983050848 0.078947368421 0.2087421944691 0.3782337198928001 0.0 0.0169491525424 0.0847457627118 0.17484388938440001 0.0 0.1128456735057 0.3496877787687 0.078947368421
0.49784933210844007 0.293908448055 0.0232558139535 0.2357195695491 0.49181925981544006 0.08477287552634 0.0406982716402 1.0094903626451799 0.16363871307827 0.2064831287435 0.00892857142857 0.8433127426964699 0.0968940876475 0.18509059748354 2.06423182514897 1.87476528450907 0.5589715504322 0.07265166340500001 0.6167579123830701 0.30911314712710003 0.1652763884068 0.48383957027567 0.61389804390937 0.0586328400281
0.0574712643679 0.0344827586207 0.0 0.0689655172414 0.0459770114943 0.0 0.0114942528736 0.1034482758622 0.0114942528736 0.0114942528736 0.0 0.1149425287357 0.0114942528736 0.0574712643679 0.0114942528736 0.10344827586220001 0.0459770114943 0.0 0.1839080459772 0.0 0.0344827586207 0.0459770114943 0.0459770114943 0.0
0.0 0.75 0.0 0.0 0.0 0.0 0.0 0.0 0.0 0.0 0.0 0.0 0.0 0.0 0.0 0.0 0.0 0.25 0.0 0.0 0.0 0.0 0.0 0.0
0.5105762508739 0.0645161290322 0.0 0.551802656547 0.38128433036950005 0.133333333333 0.0 1.1908984986183 0.0 0.133333333333 0.0645161290322 0.7724424914272001 0.0 0.5232198142415 0.38988648090850003 1.3004760478048 0.5755917307506 0.0 0.7797862778402 0.24490828589459998 0.133333333333 0.1821631878557 1.0679316888059 0.0
0.16822429906550002 0.1401869158877 0.0 0.196261682244 0.1121495327101 0.0560747663551 0.0 0.3364485981301 0.1401869158877 0.0841121495326 0.0 0.1682242990652 0.196261682244 0.3644859813076 0.22429906542150002 0.1962616822428 0.0280373831775 0.0 0.0841121495326 0.196261682244 0.0560747663551 0.0280373831775 0.1401869158877 0.0841121495326
0.0172413793103 0.0862068965518 0.0 0.0 0.0517241379309 0.0 0.0172413793103 0.1551724137929 0.051724137931 0.0172413793103 0.0 0.0517241379309 0.0172413793103 0.0862068965518 0.0344827586207 0.0517241379309 0.0 0.0172413793103 0.051724137931 0.051724137931 0.0344827586206 0.0862068965518 0.08620689655159999 0.0344827586207
0.0347826086956 0.1043478260869 0.0 0.08695652173900001 0.0521739130434 0.0 0.0173913043478 0.12173913043470003 0.0347826086956 0.0173913043478 0.0 0.278260869566 0.0 0.2260869565222 0.0173913043478 0.1565217391302 0.2086956521741 0.0 0.1913043478259 0.0 0.10434782608689999 0.1217391304347 0.2086956521732 0.0173913043478
0.5933899433895999 0.1468253968253 0.0357142857143 0.21227661227640002 0.23151848151829998 0.16705516705499998 0.142857142857 0.8751026751020999 0.0781662781662 0.0 0.0 0.4495448995445 0.083916083916 0.32239982239980003 0.24599844599919998 0.335664335664 0.1755744255743 0.0 0.34739149739130004 0.0781662781662 0.055944055944 0.4372682872683 0.9272893772888 0.0579365079365
0.0 0.0 0.0 0.0 0.0 0.0 0.0 0.0 0.0 0.0 0.0 0.0 0.0 0.0 0.0 0.0 0.0 0.0 0.0 0.0 0.0 0.0 0.0 0.0
1.2030642520992998 0.215469613259 0.0 0.2078729281768 0.25639451606290004 0.299723756906 0.049723756906 0.5393646408839 0.0331491712707 0.19129834254130001 0.0 0.3022304072028 0.049723756906 0.21935747902560002 0.16574585635359998 0.5792664211169 0.2819470022507 0.0 0.24102209944749997 0.1033353795785 0.1581491712707 0.2563945160629 0.5561182729691 0.0906486597093
0.11023622047246001 0.07086614173222999 0.0 0.0157480314961 0.08661417322829 0.0 0.00787401574803 0.11023622047256 0.00787401574803 0.00787401574803 0.0 0.11811023622063 0.0157480314961 0.03937007874019 0.01574803149606 0.09448818897646 0.04724409448823 0.0 0.04724409448826 0.0314960629922 0.02362204724413 0.0551181102364 0.09448818897653001 0.0
0.0 0.0 0.0 0.0 0.0 0.0 0.0 0.0 0.0 0.0 0.0 0.0 0.0 0.0 0.0 0.0 0.0 0.0 0.0 0.0 0.0 0.0 0.0 0.0
0.2661290322583 0.120967741936 0.0 0.2419354838715 0.1693548387098 0.193548387097 0.0241935483871 0.33870967741989993 0.0 0.0241935483871 0.0 0.4354838709686 0.0 0.1693548387095 0.0725806451613 0.2419354838712 0.0725806451613 0.0 0.1209677419354 0.0483870967742 0.0241935483871 0.21774193548440002 0.2177419354844 0.0
0.824647395615 0.20914923154 0.0714285714286 0.15512046460759998 1.0493046485456 0.0181818181818 0.0537634408602 0.7149634047167 0.1652406417109 0.0588235294116 0.0537634408602 0.9270377945914 0.0181818181818 0.30414746543820004 0.6541856625363 1.3150660850848 0.573495321883 0.0 0.46570311409 0.2201138519927 0.083175205566 0.4195971643785 0.5911464879202 0.0537634408602
0.0 0.0 0.0 0.0 0.0 0.0 0.0 0.0 0.0 0.0 0.0 0.0 0.0 0.0 0.0 0.0 0.0 0.0 0.0 0.0 0.0 0.0 0.0 0.0
0.0 0.0 0.0 0.0 0.0 0.0 0.0 0.0 0.0 0.0 0.0 0.0 0.0 0.0 0.0 0.0 0.0 0.0 0.0 0.0 0.0 0.0 0.0 0.0
0.8772493746146 0.16234499825142 0.00884955752212 0.0496140086612 0.04076445113912 0.15390788211349998 0.0688956433637 0.82286987474282 0.12536424850482 0.24199101595053998 0.0 0.93929042149632 0.19932574799811997 0.26157301557404 0.09743927697232 0.46121706072732 0.15191292107122 0.0 0.1625512189433 0.0865947584079 0.10408765276012 0.36038859151242 0.35375814795860006 0.270010131712
0.0555555555556 0.111111111111 0.111111111111 0.111111111111 0.0555555555556 0.0 0.0 0.2777777777778 0.33333333333360005 0.1111111111112 0.0 0.1111111111112 0.166666666667 0.16666666666660002 0.0 0.16666666666660002 0.0 0.0 0.0 0.111111111111 0.1111111111112 0.0 0.0 0.0
0.0769230769231 0.0384615384615 0.0 0.0192307692307 0.0 0.134615384616 0.0 0.1346153846157 0.0384615384614 0.1538461538461 0.0 0.057692307692200004 0.0 0.0 0.0 0.11538461538460001 0.0192307692307 0.0 0.0192307692307 0.0576923076922 0.0 0.0576923076922 0.0576923076922 0.0192307692307
0.0 0.0 0.0 0.0 0.0 0.0 0.0 0.0 0.0 0.0 0.0 0.0 0.0 0.0 0.0 0.0 0.0 0.0 0.0 0.0 0.0 0.0 0.0 0.0
0.054054054054 0.0652173913044 0.0217391304348 0.1515863689776 0.0757931844888 0.09753231492360001 0.0757931844888 0.20564042303160002 0.0 0.054054054054 0.0 0.3360752056402 0.0217391304348 0.45475910693280003 0.054054054054 0.2820211515864 0.0975323149236 0.054054054054 0.108108108108 0.0 0.054054054054 0.44359576968229997 0.2925969447708 0.0
0.0266666666666 0.0533333333333 0.0 0.0 0.0 0.0266666666667 0.0 0.1866666666663 0.0266666666667 0.04 0.0 0.09333333333329999 0.08 0.08 0.0399999999999 0.1066666666667 0.0266666666667 0.0 0.0133333333333 0.0133333333333 0.0133333333333 0.04 0.1066666666667 0.0266666666667
0.8187064459922 0.316964285714 0.0121951219512 0.0 0.0121951219512 0.0243902439024 0.29790940766519997 0.28353658536579995 0.0487804878048 0.09222560975609999 0.0 0.18597560975599997 0.14786585365889998 0.65918989547 0.0121951219512 0.1425304878048 0.1672473867594 0.0 0.0800304878048 0.0243902439024 0.0 0.0975609756098 0.4770252613237 0.0990853658536
0.0322580645161 0.0 0.0 0.0 0.4017595307914 0.0322580645161 0.0 0.37536656891459996 0.0909090909091 0.2140762463341 0.1231671554252 0.0322580645161 0.15542521994129999 0.0322580645161 0.0909090909091 0.2903225806462 0.0322580645161 0.0 0.0967741935483 0.0 0.0 0.0 0.0 0.0
0.8056051892942 0.3467409159601 0.0 0.5482725241768001 1.0264792387774002 0.21407087064980002 0.0627272727273 0.8963151473330001 0.0245215311004 0.1001513359495 0.0224719101123 1.5381038096707 0.14485114300899998 0.3800410992514 0.3538016026616 1.3521805577952 0.4886834414515 0.0224719101123 0.9433285270476001 0.48736642743260006 0.0800742492935 0.7910893851865001 1.3706519110039 0.0
0.23905329643040002 0.1549215811511 0.0 0.0703463203463 0.19993258108019998 0.0163934426229 0.0454545454545 0.1914342488112 0.0163934426229 0.0 0.0227272727273 0.32623660492510004 0.0163934426229 0.3236285572352 0.11163153786100001 0.6014477325947001 0.26021928890760004 0.0 0.4236392023274 0.3200624512098 0.0227272727273 0.2305549641615 0.374015328933 0.0327868852459
0.333333333333 0.0 0.0 0.0 0.0 0.166666666667 0.0 0.166666666667 0.0 0.0 0.0 0.0 0.0 0.166666666667 0.0 0.0 0.0 0.166666666667 0.0 0.0 0.0 0.0 0.0 0.0
0.0 0.0 0.0 0.166666666667 0.166666666667 0.0 0.0 0.0 0.0 0.0 0.0 0.0 0.0 0.0 0.0 0.166666666667 0.0 0.0 0.333333333333 0.0 0.0 0.0 0.0 0.166666666667
0.0 0.0 0.0 0.0 0.0 0.0 0.0 0.0 0.0 0.0 0.0 0.0 0.0 0.0 0.0 0.0 0.0 0.0 0.0 0.0 0.0 0.0 0.0 0.0
0.2333333333336 0.0 0.0 0.0 0.0 0.0 0.0 0.266666666667 0.0333333333333 0.0 0.0 0.1999999999999 0.166666666667 0.1333333333333 0.0 0.19999999999999998 0.0333333333333 0.0 0.0666666666666 0.0 0.2333333333337 0.2000000000003 0.0666666666666 0.166666666667
0.107738095238 0.08511904761900001 0.0 0.0238095238095 0.036309523809500005 0.0 0.0625 0.145238095238 0.0 0.0 0.0125 0.3452380952384 0.036309523809500005 0.31666666666700005 0.0 0.21904761904750003 0.12142857142850001 0.0 0.160119047619 0.0238095238095 0.025 0.0238095238095 0.23154761904750001 0.0238095238095
0.5717667256828001 0.4416470840721 0.04 0.1107602339181 0.2792563978753 0.29771232362229 0.0275229357798 1.00286817962388 0.053618756370990006 0.0526315789474 0.053618756370990006 0.36490798862619 0.26695208970459 0.67291270990949 0.21970062771659 0.49220666344789005 0.1327860936745 0.0 0.47347389881379004 0.1385031385804 0.08 0.49047051880459 0.58147862009769 0.15520467836250001
0.0 0.0 0.0 0.0 0.0 0.0 0.0 0.0 0.0 0.0 0.0 0.0 0.0 0.0 0.0 0.0 0.0 0.0 0.0 0.0 0.0 0.0 0.0 0.0
