0.9370667910216 0.2133242893781 0.0 0.167539267016 0.4124785382708 0.0837696335077 0.0 0.8454225576032 0.2518600165338 0.0209424083769 0.0 0.649765775697 0.0209424083769 0.1884816753927 0.3389045509467 1.0241855141282 0.4827034359967 0.0 0.4158276278697 0.10128876359229999 0.0418848167539 0.1465968586388 0.5523030290185 0.104712041885
0.0 0.0 0.0 0.0 0.0 0.0 0.0 0.0 0.0 0.0 0.0 0.0 0.0 0.0 0.0 0.0 0.0 0.0 0.0 0.0 0.0 0.0 0.0 0.0
0.0 0.0 0.0 0.0 0.0 0.0 0.0 0.0 0.0 0.0 0.0 0.0 0.0 0.0 0.0 0.0 0.0 0.0 0.0 0.0 0.0 0.0 0.0 0.0
0.2975206611569 0.0743801652892 0.0247933884297 0.173553719009 0.09917355371889999 0.0247933884297 0.0247933884297 0.37190082644629996 0.0 0.0 0.0 0.39669421487660006 0.1487603305787 0.0 0.0495867768594 0.4710743801653 0.247933884297 0.0 0.1735537190081 0.0495867768594 0.0495867768594 0.0743801652892 0.2231404958677 0.0247933884297
0.9271211875403 0.1298507462686 0.0108695652174 0.1031797534069 0.8018372809863 0.11711956521729999 0.025 0.6003001297860999 0.1328398767034 0.0638586956522 0.0 0.3169978909801 0.0705710577548 0.1296195652174 0.3020116807271 1.0189690136291 0.259620376379 0.0 0.4100827384814 0.0638586956521 0.08610074626870001 0.0548507462687 0.34409068786499997 0.03125
0.18551189521530004 0.1841753541833 0.0229885057471 0.0 0.0692328254477 0.0930232558139 0.0 0.3688853247794 0.0348837209302 0.4140604116544 0.0229885057471 0.1971398021919 0.1387329591017 0.1152098369418 0.3918738305271 0.19580326116040003 0.0692328254476 0.0689655172413 0.1154771451483 0.0346164127238 0.0 0.09302325581420001 0.1381983426895 0.0459770114942
0.0 0.0 0.0 0.0 0.0 0.0 0.0 0.0 0.0 0.0 0.0 0.0 0.0 0.0 0.0 0.0 0.0 0.0 0.0 0.0 0.0 0.0 0.0 0.0
0.9302777981263 0.1858487022871 0.06824408468240001 0.0878787878787 0.1484297330388 0.5552669552675 0.0 1.0835867597339 0.12924199983030002 0.0555555555555 0.0 0.9283480598547 0.2797527479235 0.21385281385279997 0.3022565937962 0.8739851606889 0.17123485342650002 0.0805194805194 0.4044621418515001 0.35889143536220003 0.0545454545454 0.1373285054993 0.6415966967939001 0.3088956794838
0.0263157894737 0.0263157894737 0.0 0.0 0.0263157894737 0.0 0.0 0.0526315789474 0.289473684211 0.1052631578948 0.0 0.0263157894737 0.0263157894737 0.07894736842109999 0.0 0.0526315789474 0.0 0.0526315789474 0.0 0.131578947369 0.0526315789474 0.0 0.0 0.0526315789474
0.1449275362318 0.1449275362324 0.0289855072464 0.0 0.0289855072464 0.2028985507244 0.0 0.31884057971019997 0.0869565217391 0.0 0.0 0.1449275362318 0.0 0.1159420289855 0.0 0.1449275362318 0.0 0.0 0.0289855072464 0.0579710144927 0.0289855072464 0.1449275362324 0.3188405797104 0.0579710144927
0.0 0.0 0.0 0.0 0.0 0.0 0.0 0.0 0.0 0.0 0.0 0.0 0.0 0.0 0.0 0.0 0.0 0.0 0.0 0.0 0.0 0.0 0.0 0.0
0.2479528332782 0.0232558139535 0.0 0.060596134949200006 0.102849656076 0.220438912545 0.0 0.1683589911563 0.0232558139535 0.0 0.0 0.29872256796600005 0.0845070422536 0.08385194890270001 0.0281690140845 0.1634457910253 0.037340320995700005 0.0 0.060596134949200006 0.0422535211267 0.046511627907 0.12119226989859999 0.17261709793649999 0.0140845070422
0.230769230769 0.346153846154 0.0 0.0 0.115384615385 0.0 0.0 0.0 0.346153846154 0.115384615385 0.0 0.115384615385 0.115384615385 0.115384615385 0.346153846154 0.115384615385 0.0 0.115384615385 0.115384615385 0.230769230769 0.230769230769 0.346153846154 0.0 0.0
0.07500000000000001 0.0 0.05 0.05 0.0 0.07500000000000001 0.0 0.1 0.025 0.05 0.0 0.05 0.025 0.225 0.0 0.07500000000000001 0.025 0.0 0.125 0.0 0.0 0.025 0.025 0.0
0.154761904762 0.0357142857143 0.0 0.0119047619048 0.0476190476191 0.0 0.0 0.0555555555555 0.222222222222 0.0238095238095 0.0476190476191 0.08333333333330001 0.0555555555555 0.3134920634923 0.309523809524 0.2698412698414 0.0357142857143 0.0674603174603 0.17063492063479999 0.0 0.0119047619048 0.0 0.0714285714286 0.0119047619048
0.8457084530243999 0.34765744615811 0.04 0.13757564268939998 0.3708598842211 0.04 0.0 0.6181099170293101 0.12248647545151001 0.048373408769399995 0.0 0.5184805844349101 0.0309278350515 0.13644410096381998 0.1451202263084 1.93223114947742 0.29495326557682 0.00990099009901 0.31288820192782 0.308053485762 0.08920223391991 0.06817538896741 0.37006780501311 0.2127835051545
0.2125412541254 0.0166666666667 0.0 0.0333333333333 0.1427392739274 0.0 0.0 0.21930693069329998 0.009900990099 0.0 0.0 0.2313531353134 0.0265676567657 0.0166666666667 0.1354785478547 0.2156765676569 0.1729372937294 0.0265676567657 0.1589108910892 0.0166666666667 0.0265676567657 0.09323432343230001 0.2448844884487 0.0
0.0 0.0 0.0 0.0 0.0 0.0 0.0 0.0 0.0 0.0 0.0 0.0 0.0 0.0 0.0 0.0 0.0 0.0 0.0 0.0 0.0 0.0 0.0 0.0
0.0 0.0 0.0 0.0 0.0 0.0 0.0 0.0 0.0 0.0 0.0 0.0 0.0 0.0 0.0 0.0 0.0 0.0 0.0 0.0 0.0 0.0 0.0 0.0
0.0263157894736 0.0789473684209 0.0 0.0 0.0789473684209 0.0 0.0 0.0526315789472 0.0263157894736 0.0263157894736 0.0526315789473 0.18421052631579998 0.13157894736859999 0.2631578947369 0.105263157895 0.3421052631576 0.0263157894736 0.0263157894736 0.0 0.184210526316 0.0789473684209 0.0526315789473 0.2368421052626 0.0263157894736
0.272727272727 0.0 0.0 0.0 0.0 0.0454545454545 0.0 0.0454545454545 0.318181818182 0.0454545454545 0.0 0.2272727272725 0.1363636363635 0.409090909092 0.0 0.181818181818 0.0 0.1818181818185 0.090909090909 0.181818181818 0.40909090909049994 0.363636363636 0.090909090909 0.0
0.6219512195126 0.10975609756089999 0.0365853658536 0.0365853658536 0.0731707317072 0.0 0.0 0.1463414634145 0.10975609756089999 0.0 0.0 0.40243902438990004 0.0365853658536 0.10975609756089999 0.0 0.25609756097549996 0.1463414634146 0.0 0.219512195122 0.0 0.0365853658536 0.0731707317073 0.585365853658 0.0
0.7944915630065 0.12061489948750001 0.0 0.2814451382703 0.33305056182970005 0.162790697675 0.078947368421 0.6299985237549 0.048679542767 0.2057671556314 0.0 0.47848230626120003 0.0894880858639 0.2289380329027 0.1969126944112 0.7998309985532001 0.0254237288135 0.0434782608695 0.4322203771675 0.097359085534 0.09952700039410001 0.21137883955130002 0.6179193248834 0.0232558139535
0.0 0.0 0.0 0.0 0.0 0.0 0.0 0.0 0.0 0.0 0.0 0.0 0.0 0.0 0.0 0.0 0.0 0.0 0.0 0.0 0.0 0.0 0.0 0.0
0.26179346723468 0.03612903225806 0.13326435382426 0.02 0.30229661188878 0.112156862745 0.0266666666667 0.83446564748942 0.07118279569896 0.137647058823 0.00666666666666 0.6418056400894601 0.38128745837966 0.47520795293202006 1.26215459525196 0.9025651307386 0.31516761543326 0.0471698113207 0.4692962419296 0.0522580645161 0.0588235294117 0.8958652870770001 2.0849345410752003 0.47119496855336
0.102272727273 0.0681818181818 0.0 0.0227272727272 0.0568181818182 0.0 0.0340909090909 0.0909090909091 0.0113636363636 0.0 0.0 0.0681818181818 0.0340909090909 0.0454545454545 0.0340909090909 0.125 0.0568181818181 0.0 0.0681818181818 0.0113636363636 0.0340909090909 0.0340909090909 0.1022727272726 0.0
0.0 0.0 0.0 0.0 0.0 0.0 0.0 0.0 0.0 0.0 0.0 0.0 0.0 0.0 0.0 0.0 0.0 0.0 0.0 0.0 0.0 0.0 0.0 0.0
0.1101694915253 0.0169491525424 0.0 0.11864406779718001 0.0932203389831 0.0 0.00847457627118 0.16101694915266002 0.0 0.0 0.0 0.06779661016956 0.00847457627118 0.05932203389837999 0.00847457627118 0.11864406779655999 0.0508474576272 0.0 0.0762711864409 0.0 0.00847457627118 0.00847457627118 0.08474576271188 0.0
0.1739130434781 0.054347826086899996 0.0 0.0434782608695 0.4021739130439 0.130434782609 0.0 0.5543478260877001 0.0217391304348 0.195652173913 0.0 0.1739130434783 0.0434782608695 0.0217391304348 0.2065217391306 0.3369565217392 0.0869565217391 0.0108695652174 0.10869565217379999 0.054347826086899996 0.1086956521739 0.1630434782612 0.0652173913043 0.0434782608695
0.20614828209737002 0.02251044459684 0.0253164556962 0.02743655297122 0.07526345326424999 0.029556650246269998 0.0 0.19062168734786 0.06048512814125 0.1139240506331 0.0 0.17303735112554003 0.0400947808193 0.1399887759555 0.44752759244350004 0.08723576728804 0.022510444596849997 0.01758433622247 0.027436552971209997 0.0 0.01758433622247 0.0921618756626 0.17372326494987 0.00985221674875
0.0 0.0 0.0 0.0 0.0 0.0 0.0 0.0 0.0 0.0 0.0 0.0 0.0 0.0 0.0 0.0 0.0 0.0 0.0 0.0 0.0 0.0 0.0 0.0
1.07247849700952 0.2148776439943 0.00826446280991 0.160134259037 0.28882227231593 0.3469606637919 0.0 1.4138286077263102 0.25450506431411 0.0330578512397 0.087829696077 0.7281898871833199 0.11288978401261 0.7351127506773201 1.13306027423961 0.9672660789078199 0.29302865390832 0.06655924702672 0.32450492337991 0.2640303629327 0.09281894576000001 0.5054881030556 0.6778329036302999 0.21845906696710998
0.3112781954888 0.1263157894735 0.0421052631578 0.0 0.0842105263156 0.1080200501252 0.0 0.1684210526313 1.309022556393 0.2636591478694 0.0 0.0238095238095 0.1684210526318 0.5162907268168 0.21604010025079998 0.5345864661663 0.1080200501252 0.0659147869673 0.0 0.3661654135345 0.3057644110278 0.047619047619 0.1263157894735 0.10802005012509999
0.0526315789473 0.0350877192982 0.0350877192982 0.0 0.0175438596491 0.140350877193 0.0 0.140350877193 0.0350877192982 0.2175438596491 0.0 0.10526315789480001 0.0175438596491 0.08771929824550001 0.5350877192982 0.0350877192982 0.0 0.0 0.0999999999999 0.0175438596491 0.0999999999999 0.1701754385965 0.1403508771931 0.0175438596491
0.0 0.0 0.0 0.0 0.0 0.0 0.0 0.0 0.0 0.0 0.0 0.0 0.0 0.0 0.0 0.0 0.0 0.0 0.0 0.0 0.0 0.0 0.0 0.0
0.3048962531718 0.08073344280229999 0.0489874110563 0.24414091655450001 0.1379310344828 0.0454545454545 0.10894660894649999 0.31116584564850003 0.10071154898750001 0.0344827586206 0.0 0.7175200278656 0.0799373040751 0.35858585858549996 0.0862068965518 0.273946360153 0.237871324078 0.0 0.115216201423 0.0489874110563 0.031746031746 0.28138528138499996 0.3511469373535 0.0
0.3231780167268 0.074074074074 0.0 0.0645161290322 0.0925925925927 0.1290322580644 0.0 0.5256869773012001 0.1571087216247 0.050776583034600004 0.0 0.2120669056157 0.27240143369229997 0.1523297491038 0.1063321385901 0.1385902031064 0.0645161290322 0.0 0.0830346475507 0.1200716845877 0.1248506571086 0.0322580645161 0.2443249701318 0.0322580645161
0.3515468271576 0.4225213810578 0.09090909090900001 0.0 0.18680709534349998 0.2857142857143 0.0 0.736168303241 1.0890719037052998 0.1202090592334 0.0 0.2283549783548 0.4064459930311 0.4936648717136 0.22194066096479997 0.7145232815972 0.1803135888502 0.07317073170720001 0.1093865484108 0.2796167247383 0.2064459930323 0.08499630450840001 0.687889346427 0.030303030303
0.3103448275863 0.0258620689655 0.0 0.0172413793103 0.04310344827582 0.0603448275864 0.0 0.04310344827576 0.0 0.00862068965516 0.0344827586207 0.0689655172414 0.0172413793103 0.02586206896546 0.0862068965516 0.13793103448285998 0.0 0.0172413793103 0.043103448275860004 0.0258620689655 0.00862068965516 0.01724137931032 0.00862068965516 0.0
1.4978682839997999 0.1730800383932 0.0 0.0926807930134 0.8758683975646999 0.11020408163260001 0.0 0.8326904629873 0.1071592098376 0.06925431711129999 0.0392628205128 0.519945166505 0.1420426234272 0.1600767054726 1.24777276504 1.8594855821380996 0.4196571963304 0.0104166666667 0.38315077249470003 0.2570512820517 0.1300876504447 0.1747410577132 0.8870874599995 0.0104166666667
0.0 0.0 0.0 0.0 0.0 0.0 0.0 0.0 0.0 0.0 0.0 0.0 0.0 0.0 0.0 0.0 0.0 0.0 0.0 0.0 0.0 0.0 0.0 0.0
0.0 0.0 0.0 0.0 0.0 0.0 0.0 0.0 0.0 0.0 0.0 0.0 0.0 0.0 0.0 0.0 0.0 0.0 0.0 0.0 0.0 0.0 0.0 0.0
0.2222222222222 0.0555555555556 0.0 0.0555555555556 0.0 0.0555555555556 0.0 0.2222222222222 0.0 0.0555555555556 0.0 0.3333333333336 0.0 0.111111111111 0.0 0.0555555555556 0.16666666666660002 0.0 0.111111111111 0.0555555555556 0.166666666667 0.22222222222260002 0.1111111111112 0.0
0.0842105263158 0.1473684210526 0.0 0.0 0.0421052631578 0.0210526315789 0.0 0.3368421052633 0.1052631578946 0.0421052631578 0.0 0.0631578947368 0.105263157895 0.3157894736848 0.0421052631578 0.2526315789476 0.1052631578946 0.0421052631578 0.0631578947368 0.0210526315789 0.0210526315789 0.0421052631578 0.0631578947367 0.0842105263157
0.0357142857142 0.0 0.0 0.0 0.0178571428571 0.0 0.0 0.0357142857142 0.1249999999999 0.0714285714286 0.0 0.0357142857142 0.08928571428570001 0.125 0.0535714285714 0.0535714285714 0.0178571428571 0.0535714285714 0.0 0.0714285714286 0.0357142857143 0.125 0.0357142857143 0.0178571428571
0.294117647059 0.0294117647059 0.0294117647059 0.0294117647059 0.0294117647059 0.0 0.0294117647059 0.32352941176460004 0.0 0.0294117647059 0.0 0.264705882354 0.0 0.1176470588234 0.0294117647059 0.0588235294118 0.0588235294118 0.0 0.2352941176467 0.0 0.0294117647059 0.0882352941176 0.2941176470584 0.0294117647059
0.7161848387823 0.1871747737557 0.0117647058823 0.1589737088469 0.1667478139904 0.423076923078 0.0235294117647 0.8445864899655 0.1310096153845 0.14751131221719999 0.03125 0.5408041320696 0.240384615384 0.4079934440801 0.5550621908378001 0.8602474666119 0.145546196649 0.0 0.3234105175153 0.0430147058823 0.09375 0.229561944141 0.7184151931609001 0.0
0.1885964912282 0.271929824562 0.0 0.0 0.2192982456143 0.0833333333332 0.0 0.5986842105278001 0.105263157895 0.0 0.0 0.2192982456139 0.291666666668 0.17763157894710002 0.12499999999980001 0.12499999999980001 0.0 0.0 0.12499999999980001 0.0416666666666 0.0 0.17763157894710002 0.166666666667 0.0833333333332
1.2496548572464001 0.0986394557822 0.3328944481028 0.28862030248957005 0.8854930321649999 0.0510204081632 0.07482993197269999 1.262048571387 0.13215771745576999 0.1138358569233 0.0255102040816 1.5300055819376 0.08453866983677 0.7312328627039 2.5483844336339 1.64031437817937 0.42368403672097 0.11635625123820001 0.75498113432587 0.0731292517006 0.07482993197269999 0.36674187369906996 0.96779200248911 0.17330480579309998
0.0 0.0 0.0 0.0 0.0 0.0 0.0 0.0 0.0 0.0 0.0 0.0 0.0 0.0 0.0 0.0 0.0 0.0 0.0 0.0 0.0 0.0 0.0 0.0
0.0 0.0 0.0 0.0 0.0 0.0 0.0 0.0 0.0 0.0 0.0 0.0 0.0 0.0 0.0 0.0 0.0 0.0 0.0 0.0 0.0 0.0 0.0 0.0
0.4362745098033 0.0166666666667 0.0 0.1 0.2088235294117 0.0333333333333 0.0166666666667 0.30882352941159996 0.0588235294117 0.0588235294117 0.0 0.29215686274479996 0.1931372549014 0.050000000000100006 0.0333333333333 0.37549019607809997 0.1666666666667 0.0 0.1000000000001 0.0833333333334 0.0166666666667 0.1000000000001 0.2333333333337 0.117647058823
0.7958484065466 0.3479471719782 0.0 0.074074074074 0.34941142693120003 0.615555555556 0.0 0.504427217916 0.1079471719781 0.17885730691930002 0.0232558139535 0.6617283950616 0.07234567901229999 0.37006029285090003 0.3264197530863 1.0898420901524 0.1323456790123 0.0232558139535 0.2931323571632 0.06 0.0832558139535 0.180585701981 0.6864484639678999 0.0232558139535
0.2043650793649 0.015873015873 0.0575396825396 0.0734126984126 0.0892857142856 0.208333333333 0.015873015873 0.6845238095234001 0.063492063492 0.5734126984140001 0.0 0.5257936507942 0.281746031746 0.3888888888885 1.5119047619019998 0.813492063493 0.015873015873 0.2083333333333 0.09523809523809999 0.015873015873 0.0 0.32539682539799997 0.7063492063496001 0.1249999999999
0.0 0.0 0.0 0.0 0.0 0.0 0.0 0.0 0.0 0.0 0.0 0.0 0.0 0.0 0.0 0.0 0.0 0.0 0.0 0.0 0.0 0.0 0.0 0.0
0.473063973064 0.09196127946126001 0.03198653198646 0.0 0.15130471380456 0.0715488215487 0.00925925925926 0.33143939393916 0.22453703703766 0.0435606060605 0.0 0.19718013467996 0.11342592592596 0.39709595959621996 0.6883417508413 0.19107744107716002 0.07323232323216 0.0 0.11658249158242 0.07365319865306 0.0435606060605 0.28535353535378 0.3108164983164 0.0810185185184
0.0 0.087912087912 0.043956043956 0.043956043956 0.0 0.087912087912 0.0 0.131868131868 0.32967032967020005 0.021978021978 0.0 0.043956043956 0.10989010989 0.263736263736 0.2857142857152 0.087912087912 0.065934065934 0.0879120879122 0.043956043956 0.043956043956 0.15384615384619998 0.043956043956 0.021978021978 0.0
0.0138888888889 0.0277777777778 0.0 0.0 0.0277777777778 0.0416666666666 0.0 0.0694444444445 0.0555555555555 0.0555555555556 0.0 0.0277777777778 0.0 0.08333333333340001 0.208333333334 0.0555555555555 0.0 0.0 0.09722222222219999 0.0 0.0277777777778 0.0555555555556 0.11111111111110002 0.041666666666700006
0.0 0.0 0.0 0.0 0.0 0.0 0.0 0.0 0.0 0.0 0.0 0.0 0.0 0.0 0.0 0.0 0.0 0.0 0.0 0.0 0.0 0.0 0.0 0.0
0.2026123301985 0.044096133751300004 0.030303030303 0.0151515151515 0.0841170323929 0.0 0.0 0.2675026123304 0.0 0.056530825496299994 0.0 0.43030303030289996 0.0137931034483 0.1309299895506 0.48913270637420003 0.09926854754440001 0.057889237199499996 0.0 0.0827586206896 0.0275862068965 0.0151515151515 0.1709508881922 0.6991640543357001 0.0827586206897
0.111111111111 0.0 0.0 0.148148148148 0.222222222222 0.0 0.0 0.259259259259 0.111111111111 0.111111111111 0.0 0.22222222222200003 0.148148148148 0.185185185185 0.333333333334 0.148148148148 0.148148148148 0.18518518518500002 0.111111111111 0.333333333334 0.22222222222200003 0.0 0.0 0.0
0.26923076923059996 0.1346153846155 0.0 0.0 0.0384615384616 0.0384615384615 0.0 0.2307692307696 0.2115384615383 0.0576923076923 0.0 0.0192307692308 0.11538461538469999 0.0576923076923 0.0384615384616 0.0576923076923 0.0384615384616 0.0 0.076923076923 0.269230769231 0.1346153846155 0.0384615384615 0.173076923077 0.0
0.3388429752069 0.00826446280991 0.0 0.00826446280991 0.033057851239620004 0.1341759844438 0.0 0.26835196888642 0.12591152163391 0.0 0.08361691784150001 0.04132231404952 0.06708799222171 0.27661643169721 0.0330578512397 0.2323772484202 0.04132231404952 0.00826446280991 0.0578512396696 0.00826446280991 0.14244044725371 0.00826446280991 0.08264462809920001 0.0
1.6812792269521897 0.2922244807901 0.0291970802919 0.24673145627069004 0.41467067887198 0.079622307958 0.02716941371259 1.0279965710083703 0.1338858738497 0.0194174757281 0.0 0.48968150598697 0.08544084391209 0.16805241279139002 0.59626509976579 1.30469825018888 0.44774335289269 0.0281690140845 0.5369750661795 0.3147919538542 0.046586889440690005 0.500186784318 0.44658368925899006 0.0826305718942
0.8638951628081499 0.09065029173705 0.05474778844332 0.11571852060980001 0.28710239036336 0.0434782608695 0.0 0.5041290231495199 0.0652173913042 0.00757575757575 0.00757575757575 0.58603896103842 0.0151515151515 0.11473037831703001 1.84401468097266 0.9032326369270101 0.21709721437991 0.0434782608694 0.43773527197446993 0.04717203086755 0.04581921701476 0.37558817993600996 0.32227555053582 0.00757575757575
0.0 0.111111111111 0.0 0.0 0.0 0.0 0.0 0.33333333333299997 0.0 0.0 0.0 0.111111111111 0.0 0.0 0.222222222222 0.0 0.0 0.111111111111 0.0 0.0 0.111111111111 0.0 0.0 0.0
0.558027437893 0.0 0.0 0.0172413793103 0.2560252132001 0.0 0.0172413793103 0.1981831664812 0.0 0.0 0.0 0.22395253985879998 0.0 0.06674082313669999 0.31238413051520003 0.24545791620319998 0.0494994438264 0.0 0.21319985168759997 0.0689655172414 0.0172413793103 0.5383759733048 0.1637004078605 0.0537634408602
0.0344827586207 0.0574712643678 0.0 0.0229885057472 0.080459770115 0.0 0.0229885057471 0.0689655172414 0.0229885057472 0.0 0.0 0.0689655172414 0.0344827586207 0.1149425287359 0.0459770114942 0.1149425287357 0.0574712643679 0.0344827586207 0.0114942528736 0.0804597701152 0.0344827586207 0.0344827586207 0.0459770114943 0.0114942528736
0.72380952381 0.19047619047619999 0.0761904761904 0.114285714286 0.1523809523808 0.0380952380952 0.0 0.2285714285714 0.723809523809 0.0 0.0 0.1523809523812 0.1142857142856 0.34285714285839997 0.0761904761904 0.4571428571428 0.0 0.0761904761904 0.0 0.114285714286 0.0380952380952 0.19047619047619999 0.19047619047619999 0.0
0.0 0.0 0.0 0.0 0.0 0.0 0.0 0.0 0.0 0.0 0.0 0.0 0.0 0.0 0.0 0.0 0.0 0.0 0.0 0.0 0.0 0.0 0.0 0.0
0.41862279270981 0.0759520601375 0.0 0.04226650592160999 0.19417062619632003 0.11006311609081 0.0 0.27806538543381 0.059002907595100004 0.0845330118431 0.0 0.12594851428982 0.1094248634851 0.05900290759511 0.5362031061631001 0.21821147436370997 0.0502092050208 0.0 0.13431671512652 0.059002907595100004 0.050847457627099996 0.13431671512670001 0.2345223742997 0.025317353379209998
0.0 0.0 0.0 0.0 0.0 0.0 0.0 0.0 0.0 0.0 0.0 0.0 0.0 0.0 0.0 0.0 0.0 0.0 0.0 0.0 0.0 0.0 0.0 0.0
1.2680880409039 0.13005851493145998 0.2525859691272 0.15345036319580002 1.06813761097616 0.2089701499182 0.0169491525424 1.1150778981026601 0.1108536856621 0.1908536856623 0.0169491525424 2.1864969686015603 0.0702824858758 1.2042172694519 6.2318792301289605 2.0771028515511003 0.7448627925748199 0.133333333333 2.12005737100806 0.0436158192091 0.29254439063796 0.82988857854876 1.2939457620769002 0.23979892343979997
0.08855799373032 0.0830721003137 0.0 0.0172413793103 0.07758620689646 0.0 0.0 0.08855799373025999 0.18495297805598 0.08855799373050001 0.0 0.08620689655161999 0.054075235109760006 0.15987460815046 0.2343260188086 0.13949843260188 0.03448275862062 0.0454545454545 0.03448275862062 0.0603448275864 0.1026645768024 0.21081504702302 0.1865203761757 0.0227272727273
0.0 0.0 0.25 0.0 0.0 0.0 0.0 0.0 0.0 0.0 0.0 0.5 0.0 1.0 0.0 0.25 0.0 0.0 0.0 0.0 0.0 0.0 0.0 0.0
0.4814951887488 0.139896373057 0.0155440414508 0.186528497409 0.4180236861581 0.051258327165099996 0.0155440414508 0.4600296076979 0.0466321243523 0.0155440414508 0.0 0.2331606217622 0.0 0.0668023686159 0.0978904515174 0.2222427831235 0.6419319022946001 0.0 0.2982975573651 0.0466321243523 0.0 0.1600666173204 0.3713915618065 0.0310880829015
0.43852206273259997 0.0467836257309 0.0233918128655 0.0887825624668 0.3188410419988 0.0585433280169 0.030303030303 0.43738437001580005 0.10399787347150001 0.137086656034 0.02 0.9508240297711 0.12545454545450002 0.2474534821902 0.5942158426373 0.5838596491233001 0.17145135566179998 0.1273258904837 0.1556937799042 0.17230196703880002 0.12884635832 0.29810738968670003 0.6382243487502001 0.10260499734180001
0.5173556099674 0.1715396802533 0.0 0.0566037735848 0.2164770272214 0.20927552930989998 0.0 0.6305631571372 0.10600604925819998 0.7705602765366 0.0 0.9163185942675 0.132075471699 0.4500936194728 0.6576407892839999 0.4401555523549 0.049402275673299995 0.2209419559266 0.17874117816489998 0.2092755293098 0.0799366268183 0.47789140141100006 1.2460031686597002 0.26314273368929997
0.68 0.0 0.0 0.02 0.0 0.0 0.04 0.02 0.0 0.02 0.0 0.04 0.0 0.02 0.0 0.02 0.02 0.0 0.0 0.0 0.0 0.04 0.08 0.0
1.4752487568737997 0.4677683229883 0.1569173900252 0.27306139222939996 0.4371121922694 0.3455124879576 0.0 0.8085480583449 0.1790531948201 0.1828785036999 0.0 0.8818317480629 0.2339226711393 0.9451489122605998 3.0915571451814 0.9627720902784 0.4371121922695 0.12972071339980001 0.8487809946688001 1.0965874220378 0.1204016638566 1.5002204049221 1.2573119114053 0.1685318313198
0.0333333333334 0.1987179487179 0.0 0.0166666666667 0.0666666666667 0.0333333333333 0.0 0.2333333333334 0.5692307692321 0.1217948717949 0.0 0.1717948717949 0.1 0.2884615384615 0.0833333333334 0.2320512820511 0.0 0.10512820512820001 0.0166666666667 0.253846153846 0.21025641025640002 0.1102564102564 0.1551282051282 0.0
0.0 0.0 0.0 0.0 0.0 0.0 0.0 0.0 0.125 0.0625 0.0 0.0625 0.0 0.0625 0.0 0.25 0.0 0.125 0.0625 0.0625 0.0 0.1875 0.0 0.0
0.117647058823 0.0 0.0 0.0 0.0 0.0 0.0 0.0 0.0 0.117647058823 0.411764705883 0.0 0.0 0.0 0.117647058823 0.1764705882347 0.0588235294117 0.0 0.0 0.0 0.0 0.0 0.0 0.0
0.63341029186751 0.09695081572445 0.00884955752211 0.06752302690991 0.23220312560352002 0.2068809824815 0.041474045700599996 0.37256502389616 0.04388959123463 0.09611853590982 0.0 0.45383941319211 0.0900081271448 0.20618271744012004 0.36844284537182004 0.63130484924157 0.06272050888754 0.04373156342173 0.23438543691142 0.048469387755 0.04282856981112 0.35507506264933997 0.59322448171021 0.06992203961230001
0.155172413793 0.1293103448275 0.0258620689655 0.0258620689655 0.258620689655 0.0258620689655 0.0 0.0775862068965 0.258620689655 0.051724137931 0.0258620689655 0.465517241379 0.0775862068965 0.051724137931 0.543103448276 0.310344827586 0.0 0.103448275862 0.0258620689655 0.051724137931 0.103448275862 0.0 0.155172413793 0.0775862068965
0.45534591194889995 0.2632075471702 0.0188679245283 0.132075471699 0.0333333333332 0.0188679245283 0.0 0.3676100628922 0.2232704402515 0.0710691823899 0.0 0.4229559748424 0.1522012578617 0.21540880503140003 0.27421383647740005 0.2154088050314 0.0377358490566 0.1210691823899 0.07327044025150001 0.2732704402519 0.1022012578616 0.2710691823902 0.2386792452831 0.0188679245283
0.8808203991126 0.16075388026589998 0.0227272727272 0.120288248337 1.1707317073174 0.1186252771616 0.0 0.2893569844796 0.272727272727 0.1152993348114 0.0731707317072 0.24223946784879996 0.16075388026589998 0.1363636363635 0.2616407982271 0.7621951219513 0.0487804878048 0.1152993348114 0.4029933481145 0.0731707317072 0.0471175166296 0.1690687361418 0.3558758314863 0.0
1.6521342895431 0.251071795966 0.0461538461538 0.2389576313714 0.6805319550476999 0.19647001512379997 0.0 0.909705441597 0.1472148541113 0.1224403528516 0.0206896551724 0.6650628321601999 0.1214208903863 0.37814472169260005 1.8776529474424 1.8260077373088 0.48909746088790007 0.0 0.5513212762154001 0.19430066671430002 0.2257767754656 0.4246799917429 0.8830388152367001 0.0981260478144
2.8767947803225002 0.33278133142259997 0.049641508401200005 0.2183637880058 0.40040089598980005 0.034877549473 0.0366972477063 0.8193020573535 0.05146120663460001 0.053226173326099996 0.0 1.1792146676499 0.05146120663460001 0.3434805946553 4.0145691347298005 1.2568255002796 0.4299288138461 0.0550458715595 0.9073510486113001 0.2186796241497 0.05146120663460001 0.4075702258404 1.0584111081927001 0.15245445858669998
0.0 0.166666666667 0.0 0.166666666667 0.0 0.0 0.0 0.0 0.5 1.0 0.0 0.0 0.166666666667 0.0 0.5 0.333333333334 0.0 0.166666666667 0.0 0.0 0.0 0.0 0.0 0.0
1.5364238410559001 0.0 0.0 0.0529801324503 0.2649006622515 0.0 0.0264900662251 0.1589403973508 0.0 0.0529801324502 0.0 0.0529801324503 0.0264900662251 0.1589403973512 0.5827814569541 0.4768211920541 0.0264900662251 0.0 0.1589403973513 0.0 0.0529801324503 0.0529801324503 0.2384105960265 0.0794701986754
0.0816326530612 0.0612244897959 0.0204081632653 0.0408163265306 0.0 0.0204081632653 0.0 0.22448979591850005 0.1020408163265 0.0 0.0 0.1020408163265 0.0408163265306 0.346938775511 0.1428571428573 0.2040816326532 0.061224489795900006 0.0408163265306 0.0204081632653 0.183673469388 0.12244897959180001 0.0816326530613 0.061224489795900006 0.0408163265306
0.2453416149065 0.0527950310559 0.0527950310559 0.0238095238095 0.0527950310559 0.0434782608695 0.0 0.18633540372670002 0.0724637681159 0.1635610766046 0.0 0.2743271221526 0.0434782608696 0.1304347826082 0.5569358178052 0.1490683229814 0.062111801242200004 0.1159420289862 0.1293995859212 0.130434782609 0.1966873706003 0.0962732919254 0.1490683229813 0.072463768116
0.46511627906999997 0.0310077519379 0.0310077519379 0.0930232558138 0.0310077519379 0.0 0.0 0.37209302325579996 0.124031007752 0.0310077519379 0.0 0.7441860465118 0.0 0.124031007752 0.0 0.15503875968960001 0.3100775193799 0.0310077519379 0.4961240310089 0.0620155038759 0.0 0.186046511628 0.7131782945728 0.0
2.09935477806575 0.17687671255355 0.0842085866961 0.27081995182275004 0.5947235631711 0.12829371660205 0.03395061728395 0.72516484901955 0.02140500824705 0.0963543356839 0.0242914979757 0.7874635668563 0.07166297765919999 0.40266074784199996 3.4362159811224 1.23614328268665 0.10608898825680001 0.00925925925925 0.8498387504664 0.0364372469635 0.10521373489415001 0.86347334403135 0.7972884863425 0.0428100164941
0.0 0.0454545454545 0.0 0.0 0.0 0.0454545454545 0.0 0.0454545454545 0.0 0.0 0.0 0.0454545454545 0.0454545454545 0.0 0.1363636363636 0.318181818182 0.0 0.0 0.0909090909091 0.0454545454545 0.0454545454545 0.0454545454545 0.0 0.0909090909091
2.02739447641402 0.42482167205162 0.1678701995789 0.36389466834862 1.6801170308345397 0.10764864588270001 0.11965452445852001 1.46549300357572 0.21973185527501998 0.28399503339132 0.014301430143 1.9005009120451204 0.1458266997128 1.3137838191910003 5.21729013435142 1.9850920176099 1.00551917726644 0.108089619282 1.8642916862621202 0.2255480080735 0.18103486649240003 0.9868989967250201 2.00394429876346 0.18725722426831998
0.296097560976 0.13317073170719998 0.0 0.0765853658536 0.2863414634146 0.0748780487804 0.0365853658536 0.2246341463414 0.19146341463400002 0.06 0.0 0.20463414634139998 0.0382926829268 0.2063414634146 0.3692682926828 0.1480487804876 0.0365853658536 0.04 0.1297560975608 0.0731707317074 0.1382926829268 0.3760975609752 0.8414634146338 0.0182926829268
0.0 0.0 0.0526315789474 0.0 0.0 0.0526315789474 0.0 0.47368421052640003 0.0526315789474 0.105263157895 0.0 0.0 0.0 0.0 0.0526315789474 0.0 0.0526315789474 0.0 0.0 0.0 0.0 0.105263157895 0.0526315789474 0.0
0.5156249999997999 0.0703124999999 0.0 0.0937499999999 0.421875 0.187500000001 0.0468749999999 0.4687499999996999 0.0703124999999 0.0468749999999 0.0 0.6562500000007999 0.0937499999999 0.2343749999997 0.140625 0.6093750000009 0.539062499999 0.0 0.3984374999996999 0.164062500001 0.0703124999999 0.4453125 0.5156249999999 0.2109375000009
0.62928532001783 0.1090426334369 0.0458015267175 0.0824940663287 0.28044123542059995 0.0779651811845 0.0 0.6036731079002899 0.1890904628453 0.24275224980043003 0.02421363802433 1.1127414004546 0.0621549045047 0.22485932489613 0.5903988243455001 0.7562890829338601 0.2706778393706 0.04002391470413 0.15060609525763002 0.11898554189800001 0.12007174411263 0.33824676719253 0.88384051082873 0.0463446278248
0.34113712374579996 0.0802675585284 0.0602006688963 0.0200668896321 0.4013377926432 0.0401337792642 0.0200668896321 0.8428093645474999 0.1003344481605 0.0802675585284 0.0 1.1237458193978 0.1605351170571 0.3010033444825 0.862876254181 0.28093645485019997 0.1003344481605 0.0200668896321 0.1806020066892 0.0602006688963 0.0 0.2408026755861 0.6220735785947 0.06020066889629999
0.0 0.0 0.0 0.0 0.0 0.0 0.0 0.0 0.0 0.0 0.0 0.0 0.0 0.0 0.0 0.0 0.0 0.0 0.0 0.0 0.0 0.0 0.0 0.0
1.2612234455526998 0.34610229437661 0.0302114803625 0.1642309696451 0.4311639809817 0.06990862532270001 0.0 0.7885481323149099 0.22726731317120002 0.0906344410876 0.00956937799041 1.1735148087196 0.15529016750992 0.39670386061731 1.6447060042312 1.0549521554933101 0.6039743978927099 0.17862936607560004 0.77444325166551 0.07311419168621 0.0342444961621 0.42452696505869997 0.9079429739706999 0.1590973001135
0.17346938775560003 0.20408163265360002 0.0 0.0204081632653 0.2040816326532 0.0102040816326 0.0 0.1734693877549 0.5612244897951 0.2040816326529 0.0 0.2755102040811 0.12244897959180001 0.25510204081640003 0.3061224489798 0.3979591836744 0.0510204081632 0.0816326530611 0.22448979591829998 0.2653061224496 0.204081632653 0.1020408163265 0.1326530612244 0.0306122448979
0.0 0.0 0.0 0.0 0.0 0.0 0.0 0.0 0.0 0.0 0.0 0.0 0.0 0.0 0.0 0.0 0.0 0.0 0.0 0.0 0.0 0.0 0.0 0.0
0.0833333333332 0.0416666666666 0.0 0.0 0.0416666666666 0.0 0.0 0.0 0.0 0.0 0.0416666666666 0.0 0.0833333333332 0.0 0.291666666668 0.20833333333300003 0.0 0.0 0.125 0.0 0.0416666666666 0.0416666666666 0.0 0.0
0.9502132790107 0.2394280326247 0.0472477490021 0.131080863858 0.21175312270719998 0.43075970290380006 0.0161985710766 0.6079097925492 0.1658261507425 0.1541984220631 0.0111480660261 1.0322321998816 0.1974773510934 0.43509272625629997 0.39305309818840006 0.5358354620232 0.522754297637 0.0337044570035 0.3329517532339 0.0121951219512 0.010101010101 0.715175716374 0.6557683168506 0.157894736843
0.1000000000002 0.0631449631448 0.0 0.0090909090909 0.0272727272727 0.0090909090909 0.0 0.30761670761640003 0.1449631449629 0.08157248157250001 0.0 0.1 0.06314496314490001 0.0452088452088 0.0724815724815 0.0272727272727 0.0090909090909 0.0361179361179 0.6142506142523 0.0545454545455 0.07223587223580001 0.0633906633906 0.0722358722357 0.0272727272727
1.2088241593490001 0.4150781751981 0.0248447204969 0.10409081173689999 0.2364532019702 0.1679160419787 0.0886699507389 1.1955450846013003 0.6515313771683999 0.0591133004926 0.0 1.4131505675738 0.19747269222519998 0.5285928464331 0.6930820304149 0.4197901049471 0.1632041122295 0.0591133004926 0.4553437566942 0.5225958449347 0.2223174127226 0.4553437566924 0.6883701006644001 0.0295566502463
0.9052760136777 0.0311675622862 0.0 0.0833414753297 0.5021983390325 0.2304836345872 0.0 0.4123595505619 0.1840742550076 0.0311675622862 0.0347826086956 0.1616023448951 0.11450903761590002 0.0347826086956 0.17537860283329998 0.4710307767471 0.26165119687399996 0.0173913043478 0.13190034196380002 0.13190034196369999 0.0753786028334 0.6588666340985 0.17684416218869997 0.173913043478
3.18648590917708 0.408267080678 0.035440263061799995 0.7560519777992001 1.2288078417814998 0.39598568712638005 0.13744384538100002 2.00097133880208 0.1365135133249 0.40436751970228 0.0 1.64428053873336 0.1870907942055 0.69957044265116 5.2261303843782 3.3259165280022995 0.8523043816740801 0.0455412731628 1.3199884728558002 0.44527189855818006 0.4274410375288 1.09131483589788 1.94644455350778 0.09836988200598
1.5300198709525 0.16526384049331 0.00609756097561 0.17835642473656999 0.26188973349406 0.0675822228795 0.020238017393550002 0.90982895390825 0.1614921716904 0.03333845407475 0.024128686327 0.78775709239277 0.06148466190390999 0.21040115393701 1.96603199454416 0.9610621864559099 0.2645007405561 0.01919799765681 0.7568713830595 0.19845973712371 0.03333845407475 0.38408059514071 0.98028538329961 0.01829268292681
0.0693069306931 0.039603960396 0.0 0.019801980198 0.019801980198 0.009900990099 0.0 0.039603960396 0.069306930693 0.0891089108911 0.0 0.019801980198 0.09900990099 0.10891089108919999 0.0693069306933 0.1188118811881 0.009900990099 0.009900990099 0.009900990099 0.0495049504951 0.05940594059399999 0.0495049504951 0.039603960396 0.0
0.8111573111575001 0.0597713097713 0.0 0.115384615385 0.3202900702906 0.058162558162600006 0.0831105831106 0.7910355410364001 0.0135135135135 0.1204336204337 0.0 0.37917037917100005 0.0700673200673 0.33244233244210003 0.4114196614203 0.8638748638752001 0.3136818136819 0.0 0.289154539155 0.032744282744299996 0.07578457578450001 1.191862191862 0.6222898722901999 0.0446490446491
0.0 0.0 0.0 0.0 0.0 0.0 0.0 0.0 0.0 0.0 0.0 0.0 0.0 0.0 0.0 0.0 0.0 0.0 0.0 0.0 0.0 0.0 0.0 0.0
0.2102870133562 0.00653594771241 0.0130718954248 0.03410059676041 0.1965655827546 0.042057402671200006 0.035521454958810005 0.11025859619201002 0.49535176389351 0.33942272561161 0.0 0.17334470019891002 0.0196078431372 0.12986643932931002 0.26768968456910003 0.19948849104862001 0.09207161125313 0.0406365444729 0.09065075305481002 0.0718954248368 0.2096374781795 0.053708439897610004 0.14066496163682002 0.027564649048000003
0.40506329113920003 0.151898734177 0.0253164556962 0.0506329113923 0.0759493670885 0.0 0.329113924051 0.8294153104268 0.5418927064502 0.12356841470760001 0.0 1.6172393007844 0.38698010849869996 0.151898734177 0.0759493670885 0.5256178420737 0.17721518987340001 0.0 0.3797468354442 0.0 0.0982519590113 0.247136829415 0.8071127185044 0.0
2.0651851123747 0.3915233233538 0.01911044979471 0.40469646093940004 0.5320091070433 0.2091919739696 0.038220899589400004 1.2965924961438002 0.11985369705351 0.17175087911071002 0.0 0.98041093250461 0.14953901485571 0.49503913973281 1.67865290152701 1.7459345660245997 0.2652358919289 0.07076446280991 0.6562695158395 0.1963178439018 0.14439831417520999 0.92031892457082 1.38080675638801 0.0681773363689
0.2436206066442 0.179104477612 0.0895522388059 0.044776119403 0.2113625421281 0.129032258065 0.044776119403 0.6018295618681999 0.089552238806 0.0645161290322 0.0 0.2561386615311 0.223880597015 0.1791044776119 0.211362542128 0.5517573423204 0.044776119403 0.0 0.0 0.0895522388059 0.044776119403 0.0770341839191 0.30813673567699995 0.3153586904199
1.6999354318876 0.33626009884037 0.2464424151267 0.17937526858689998 1.5552236785559699 0.7010769230778999 0.1343943919208 1.9612905027931702 0.17851944563804 0.60604877524657 0.02722120756337 1.6990429737868702 0.3507405457668 1.68938601203314 1.3065727331327 1.39354340352457 0.5153472281905 0.13998098409957 1.2448406746879999 0.3315293296091 0.2293664589601 0.7068869789427 1.6325801461113998 0.1343943919208
0.07894736842109999 0.0263157894737 0.0 0.00877192982455 0.02631578947365 0.0526315789474 0.00877192982455 0.14912280701775 0.0701754385965 0.0175438596491 0.0 0.06140350877195 0.00877192982455 0.061403508771950006 0.0438596491228 0.0614035087719 0.0175438596491 0.00877192982455 0.05263157894735 0.0438596491228 0.0175438596491 0.0438596491228 0.1315789473687 0.00877192982455
0.0416666666666 0.0 0.0416666666666 0.125 0.0 0.0 0.0 0.0416666666666 0.0 0.2916666666666 0.0 0.0 0.0 0.0 0.0416666666666 0.0 0.0416666666666 0.0 0.0416666666666 0.125 0.0 0.166666666667 0.0 0.0416666666666
0.7674820143873999 0.3961151079134 0.10474820143880001 0.2589928057552 0.39611510791460003 0.25899280575579997 0.0323741007194 1.3025899280584 0.11237410071940002 0.31237410071939997 0.0 1.1330935251799998 0.201870503597 0.3313669064752 0.2589928057552 0.9788489208646 0.3884892086326 0.0647482014388 0.597985611511 0.129496402878 0.07237410071940001 1.0759712230228 0.6798561151083999 0.14474820143880002
1.21626394089006 0.1392262502664 0.038626609442 0.08508684079770001 0.35632755289000995 0.03957595775391 0.04585262573777 0.85921381825064 0.08744669782465 0.09205499275542 0.047843199303739994 1.2684904258811502 0.17255308080335 0.5514938030371599 0.6618705563929099 0.7376821807856501 0.26058784206524 0.0409025881129 0.5046124042084 0.13260783958844 0.038626609442 0.53189820465819 1.0146585803724402 0.07649739873476999
0.25332414064819997 0.0771200630355 0.0140845070422 0.0210775140352 0.13355658426060002 0.08431005614090001 0.0140845070422 0.245543189205 0.0633310351619 0.29557766177420003 0.0210775140352 0.3432483009944 0.0420565350142 0.1826061262684 0.11218359105690001 0.3094651827047 0.0281690140845 0.06323254210570001 0.0772185560917 0.0351620210775 0.0351620210775 0.10538757017630002 0.4148527528807 0.0281690140844
0.0 0.0 0.0 0.0 0.0 0.0 0.0 0.0 0.0 0.0 0.0 0.0 0.0 0.0 0.0 0.0 0.0 0.0 0.0 0.0 0.0 0.0 0.0 0.0
1.18906453140056 0.40735091655749994 0.06761421803199 0.31454388899269 0.44227841111287 0.36721714298999997 0.016713091922 1.0931716231969602 0.24750163095439 0.34293736353252 0.034188034188 0.96824231777837 0.30426473601448 0.7805815031936101 0.94273662514519 1.30193332344936 0.39782605522557 0.0987332112331 0.38991891263227996 0.1195664430053 0.07510514177173999 0.79750883701677 1.0661447595681999 0.23485728108566
0.2823529411762 0.164705882353 0.0 0.0235294117647 0.07058823529410001 0.0235294117647 0.117647058824 0.4941176470596 0.25882352941160003 0.0941176470588 0.0 0.1411764705882 0.30588235294099997 0.30588235294090005 0.30588235294149996 0.21176470588229998 0.2352941176474 0.0470588235294 0.3294117647057 0.0941176470589 0.2352941176475 0.11764705882349999 0.11764705882350002 0.0235294117647
0.1999999999996 0.2000000000002 0.0666666666666 0.0444444444444 0.06666666666660001 0.311111111111 0.0 0.1777777777782 0.0888888888889 0.0222222222222 0.0 0.3999999999995 0.0444444444444 0.06666666666660001 0.44444444444459996 0.4222222222228 0.0888888888888 0.0222222222222 0.0666666666666 0.0 0.0 0.0666666666666 0.1777777777774 0.0222222222222
0.0 0.0 0.0 0.0 0.0 0.0 0.0 0.0 0.0 0.0 0.0 0.0 0.0 0.0 0.0 0.0 0.0 0.0 0.0 0.0 0.0 0.0 0.0 0.0
0.8011426836567 0.102460162147 0.0840135810473 0.2036946085975 0.4199744733295 0.1151194525077 0.074969713913 1.0883496201708 0.2125731409289 0.2083422354925 0.0 1.1762286116104002 0.1950445344209 1.0010023111092 0.6432620957735999 1.1734094331532001 0.38835533111059994 0.060725861025 0.5738230372195 0.0900381094846 0.0743313032019 1.2336418345282998 1.0160322297323001 0.0634656358419
0.2289589150378 0.0898284802552 0.053131232548800006 0.071479856402 0.3719186278421 0.0347826086956 0.0 0.7564419625052 0.1613083366572 0.26374152373320003 0.0 0.3535700039888 0.0898284802552 0.3535700039884 0.7824491424022 0.40670123653800005 0.1796569605104 0.0733944954128 0.41930594335960003 0.2820901475869 0.2182688472277 0.24922217790160003 0.29852413242900006 0.2618268847232
0.44841898255970003 0.27383946592240005 0.0930186823991 0.14619883040929998 0.411381945523 0.12023322810459999 0.21979678793840002 0.9507150373468001 0.4850661560492 0.0984008694302 0.0074074074074 0.5249081405578999 0.30923769600949996 0.7414273145984 0.3071331228759 0.47555072538720006 0.0588693957115 0.0584795321638 0.3779261329336999 0.4389863547757 0.2108368265796 0.5027652710942 0.5619382773558 0.1774638168675
0.0 0.0 0.0 0.0 0.0 0.0 0.0 0.0 0.0 0.0 0.0 0.0 0.0 0.0 0.0 0.0 0.0 0.0 0.0 0.0 0.0 0.0 0.0 0.0
2.74217717097633 0.4086871819769 0.0745264072083 0.47832131272230993 1.9979843407470197 0.40140126864762 0.10084219668200001 2.3722823665741397 0.40316133242951 0.45018481752791 0.033510034078009995 1.9865044492071298 0.31726362856031004 0.85607116873672 3.7453196643005198 3.41227165831653 0.76860683021671 0.18299725256622001 1.8472635836108102 0.3789616039068999 0.16865887904553 0.88239349367181 1.72916466884381 0.26144468944971
1.26303219594018 0.2818502982885 0.089109519701 0.2125520682448 0.24861505283358 0.13753053096130002 0.0662251655629 0.7447473751147 0.18251254994460003 0.08232028333486001 0.054321814875080005 0.87166283042062 0.027998468459760003 0.39977889022960006 0.5170962290258001 0.86557153516022 0.4146326427246 0.00593471810088 0.81702992145262 0.20543081856860002 0.07891520554392001 0.5622687396549 0.7575261632833 0.1133369825742
0.0 0.0 0.0 0.0 0.0 0.0 0.0 0.0 0.0 0.5 0.0 0.0 0.5 0.0 0.0 0.0 0.0 0.0 0.0 0.0 0.0 0.0 0.0 0.0
0.1003448275862 0.07448275862066 0.04 0.0258620689655 0.0572413793103 0.08 0.0 0.27517241379296 0.08 0.02586206896546 0.0 0.060344827586059996 0.04 0.42103448275870003 0.0 0.22344827586196 0.0862068965517 0.04 0.15448275862066 0.00862068965516 0.00862068965516 0.0862068965518 0.10344827586210001 0.00862068965516
0.08666666666667999 0.02666666666666 0.0 0.0133333333333 0.0733333333333 0.0333333333333 0.0 0.10666666666672 0.0333333333333 0.02 0.0 0.05999999999998 0.04666666666666 0.13333333333345998 0.0466666666666 0.08666666666656 0.00666666666666 0.0 0.0133333333333 0.0600000000002 0.02666666666666 0.08666666666666001 0.03999999999996 0.0
0.2914285714286 0.124761904762 0.047619047619 0.0 0.1838095238092 0.0714285714286 0.0238095238095 0.24666666666659998 0.2847619047619 0.08 0.0 0.318095238095 0.0533333333334 0.32666666666699995 0.4180952380956 0.4219047619048 0.1009523809523 0.0266666666667 0.3266666666666 0.0238095238095 0.1571428571428 0.1809523809523 0.26761904761919997 0.0238095238095
0.3549631120054 0.163480885312 0.16532528504369998 0.11083165660639999 0.1465459423206 0.0714285714286 0.18779342723 0.2422870556674 0.1428571428572 0.054493628437300004 0.0 0.7136150234749999 0.0902079141516 0.22350771294449998 0.1296109993294 0.4657947686117001 0.093896713615 0.0 0.3906773977197 0.037558685446 0.037558685446 0.1502347417841 1.0085513078471 0.018779342723
2.39677989413342 0.2395799867582 0.0407857327475 0.38449141188270003 0.84422046602242 0.270512440811 0.0989479967503 1.4246632481167403 0.2371721183735 0.2689965371583 0.0286532951289 1.34978129982972 0.204845000633 0.6578526695019001 1.546469232117 1.78881392405676 0.44866149937669997 0.0438356164383 0.7735592488895601 0.190274026688 0.1878605616608 1.0271687549893 1.30362206036192 0.24245297758002
0.0 0.0 0.0 0.0 0.0 0.0 0.0 0.0 0.0 0.0 0.0 0.0 0.0 0.0 0.0 0.0 0.0 0.0 0.0 0.0 0.0 0.0 0.0 0.0
0.93341939718214 0.2321831218778 0.0544468725518 0.2266095494787 1.39241014389116 0.25490971784882 0.171009771987 1.4909899244531 0.1088937451036 0.21177817755940004 0.021949174672500002 1.30090104925524 0.1291386632584 0.71816297810374 1.08362188295642 1.3582095766602602 0.3804244105939 0.0342019543973 1.2735995678848 0.29341672837612 0.32932293929192 0.6190081705342401 1.2310936606216 0.15029882145792
0.44571428571359994 0.3085714285723 0.0 0.102857142857 0.1371428571428 0.0342857142857 0.0 0.6514285714293999 0.205714285714 0.0685714285713 0.0 0.3428571428574 0.171428571429 0.37714285714269996 0.37714285714359996 0.3771428571423 0.3085714285724 0.0342857142857 0.2057142857143 0.308571428572 0.102857142857 0.102857142857 1.0971428571427002 0.2399999999997
0.25 0.0 0.0 0.0 0.25 0.0 0.0 0.125 0.0 0.0 0.0 0.0 0.0 0.125 0.0 0.0 0.0 0.0 0.0 0.0 0.0 0.125 0.125 0.0
0.5863575268812 0.0537634408602 0.0268817204301 0.10752688172029999 0.16129032258019999 0.058131720430099995 0.0537634408602 1.1058467741942 0.03125 0.11626344086019999 0.0268817204301 0.5913978494621001 0.08501344086019999 0.3131720430112 0.08501344086019999 0.4926075268809 0.40322580645239997 0.0625 0.27318548387069996 0.134408602151 0.0 0.7258064516121 0.4788306451612 0.0268817204301
1.49919000407514 0.26233550292372 0.054162042175300004 0.1644818465636 0.9129722917513299 0.1968599600919 0.06659198807021001 1.17758248890473 0.14780451020344 0.17666064921717 0.1919378919078 1.68279236347663 0.18562575834953002 0.76325616757313 1.13776121212784 1.49412410876523 0.5930006760675299 0.070588235294 0.7354707221093401 0.21229924999091 0.15433607628590998 0.5327930423137099 1.39968271031521 0.18769050144264
0.22484094852550002 0.0707538075959 0.0 0.04930595720059999 0.1242529400423 0.040678619626 0.00641025641025 0.33477925583205004 0.0300751879699 0.22879313668805001 0.0 0.51523038365195 0.09663582032005 0.14150761519190003 0.1030460767301 0.1844033159821 0.045112781954700004 0.040678619626 0.1180836707151 0.03648544438015 0.0278581068054 0.20609215346075 0.3342972816658 0.0406786196259
0.0 0.0 0.0 0.0 0.0 0.0 0.0 0.0 0.0 0.0 0.0 0.0 0.0 0.0 0.0 0.0 0.0 0.0 0.0 0.0 0.0 0.0 0.0 0.0
1.1849631982852 0.3573666204076 0.06197720378705 0.22210445723355 0.5881384064325 0.0353754940712 0.0522972206466 1.0926392460460501 0.37625622423194993 0.3327143291654 0.0243902439024 0.5895953044463 0.20123094617304998 0.6925022998739 1.2027936645302 1.2106915538774998 0.3869862276618 0.0574317492417 0.6598958461784 0.7244779791300999 0.08182199314399999 0.50659056719255 1.12180773430355 0.23595149004155
0.0277777777778 0.0 0.0 0.0 0.08333333333330001 0.0277777777778 0.0 0.1944444444444 0.1944444444448 0.1111111111111 0.0277777777778 0.0555555555555 0.19444444444429998 0.0555555555556 0.1944444444445 0.1944444444448 0.0 0.0 0.0277777777778 0.0833333333333 0.38888888888850004 0.0277777777778 0.1111111111111 0.0
0.0 0.0 0.0 0.0 0.0 0.0 0.0 0.0 0.0 0.0 0.0 0.0 0.0 0.0 0.0 0.0 0.0 0.0 0.0 0.0 0.0 0.0 0.0 0.0
0.060606060606 0.0 0.0 0.0 0.666666666668 0.0 0.0 0.424242424242 0.0 0.060606060606 0.060606060606 0.121212121212 0.0 0.0 0.060606060606 0.18181818181800002 0.0 0.0 0.121212121212 0.0 0.0 0.0 0.242424242424 0.0
0.8874800385806499 0.19725970680225 0.0652241918665 0.11944496147299999 0.3062749187266 0.1107241738882 0.0172413793103 0.7579641572209499 0.10839416058394999 0.13045298411349998 0.0 0.7133920771930999 0.09410844629835 0.3985781652203 0.3709116367413 0.73451839834855 0.22787269954529998 0.0220588235294 0.353674857811 0.1459946022205 0.05358591712539999 0.7207528971814001 0.41377798035909996 0.0503128258603
0.6278203490843001 0.1293103448275 0.051724137931 0.0 0.3738825031926 0.2045551298429 0.0 0.6089825457637 0.1504895700298 0.2727756492124 0.0 0.7359514687096 0.35738612175379997 0.5549169859518001 0.6489995742867 0.5008514261391 0.22339293316290001 0.3456790123454 0.1786930608769 0.0987654320987 0.0493827160494 0.2280757769262 0.43028948488749996 0.2280757769268
0.23253968253950003 0.1833333333332 0.0650793650793 0.0166666666666 0.1325396825395 0.0666666666666 0.111111111112 0.6809523809531001 0.2468253968252 0.05 0.0 0.7269841269845001 0.1992063492062 0.5626984126977 0.26587301587300005 0.29841269841289997 0.065873015873 0.0333333333333 0.3087301587299 0.2666666666671 0.1 0.2142857142856 1.1238095238098 0.0484126984127
0.53685107995445 0.05591133004925 0.0 0.1681318681317 0.42747252747315 0.17955665024685002 0.0 0.5796892762419 0.0912087912087 0.0428571428571 0.0214285714286 0.8076165214090001 0.10549450549445 0.0142857142857 0.4170708601739 0.6725464190975999 0.0357142857143 0.00714285714285 0.0642857142859 0.1605911330048 0.00714285714285 0.11182266009844999 0.41625615763535 0.076923076923
1.5307801826828 0.21126705639159998 0.057357276869399995 0.4041698418206 1.4672943768651998 0.49645313331459995 0.0953895728331 2.4875619350154 0.413114507614 0.4094489509803 0.0 1.2306707206615002 0.5447431645765 0.3453234402865 2.324841364742 4.3663209883966 1.6896777432181 0.19084330503699998 1.1195559752585 0.5497320550296 0.3069866042595 0.6662571493419001 2.0445158683967 0.0476947864166
1.0815206465358 0.3323203284506 0.0557688785242 0.1533043839545 0.6103203641913999 0.0290309106098 0.0267379679144 0.9802480800939002 0.1069518716576 0.19446678192789998 0.0 1.0796543497803999 0.12240270908999999 0.4189953493352 0.9265364838114001 1.2588523447655 0.35736958260179996 0.0290309106098 0.8185582047804 0.3385993951005 0.1088226359123 0.7155835220858999 1.1588373786514001 0.0960869196162
0.0563380281689 0.0281690140845 0.0281690140845 0.0140845070422 0.0 0.0281690140844 0.0 0.0704225352113 0.0704225352111 0.0563380281689 0.0 0.1267605633802 0.0422535211267 0.056338028169 0.0563380281691 0.0563380281689 0.0563380281689 0.0281690140845 0.0422535211267 0.0 0.0422535211267 0.0704225352112 0.0563380281689 0.0140845070422
0.5873536571428 0.085183714002 0.0640149045179 0.1839672733345 0.2947637335111 0.1241310824231 0.0 0.447971280681 0.0805819440904 0.1468977335641 0.054266154616699994 0.6641778348028 0.0628828290462 0.268685221151 0.3817349351014 0.6743188828644 0.1816663883786 0.150446871897 1.1305820319719 0.0566037735848 0.037699115044199996 0.4768083591842 0.8000785650893001 0.045183714002
0.311688311688 0.12987012987 0.0 0.103896103896 0.181818181818 0.077922077922 0.0 0.49350649350599995 0.12987012987 0.051948051948 0.0 0.20779220779199997 0.181818181818 0.493506493506 0.155844155844 0.545454545454 0.103896103896 0.0 0.12987012987 0.207792207792 0.12987012987 0.103896103896 0.12987012987 0.12987012987
0.16988416988399999 0.040540540540500006 0.0405405405405 0.0 0.0 0.0 0.0 0.2509652509651 0.20270270270309998 0.0810810810811 0.0 0.040540540540500006 0.027027027027 0.0405405405405 0.2509652509651 0.040540540540500006 0.18339768339749998 0.3532818532816 0.054054054054 0.0405405405405 0.1563706563705 0.0135135135135 0.0135135135135 0.0
0.26779967819812 0.06194690265492 0.035398230088419996 0.1035800482703 0.08718825422361999 0.01769911504424 0.0 0.38153660498814 0.0 0.026548672566359996 0.0 0.8551890587303199 0.0340909090909 0.5582260659696 0.1048873692678 0.63032984714472 0.3271319388582 0.0 0.4952735317779 0.04294046661302 0.1288213998393 0.2324014481096 0.5395213193897 0.0694891391793
0.9320473733588 0.23886022514039998 0.0556402439024 0.2239974202624 0.6901969981227001 0.1760963883674 0.0746951219512 0.6990501876171 0.0278201219512 0.1247654784238 0.0576923076922 1.0325984990623 0.0807926829268 0.19919676360209998 1.483818011259 1.0926067073160999 0.472648921201 0.0060975609756 0.5820825515956 0.0410412757973 0.0349437148217 0.7975199343352 0.8103599906195 0.0654315196997
0.0 0.0 0.0 0.0 0.0 0.0 0.0 0.0 0.0 0.0 0.0 0.0 0.0 0.0 0.0 0.0 0.0 0.0 0.0 0.0 0.0 0.0 0.0 0.0
1.3658957426165999 0.17518646091468004 0.04836660073126 0.06310781180296 0.91446131961986 0.22428585731846 0.0785306973751 1.01415767244262 0.06710623588876 0.16710623588886 0.02254473488902 0.6947871969449 0.1055042632805 0.5821915406877399 0.5843370955028799 1.29469711947562 0.34420944822162 0.0333333333333 1.0222506584439601 0.14864330193970002 0.14687703288336001 0.7217838562405999 1.12945793785148 0.05117784571126
0.0714285714285 0.03571428571425 0.0 0.0357142857143 0.0428571428571 0.02857142857145 0.00714285714285 0.16428571428555 0.02142857142855 0.0214285714286 0.00714285714285 0.08571428571430001 0.00714285714285 0.049999999999999996 0.0285714285714 0.07142857142855 0.02142857142855 0.0 0.0285714285714 0.0357142857143 0.035714285714250005 0.0357142857143 0.15000000000014999 0.0142857142857
0.0714285714285 0.0 0.142857142857 0.0 0.0 0.0 0.0 0.0 0.0 0.0 0.0 0.0 0.0 0.0714285714285 0.142857142857 0.0 0.0 0.0 0.0714285714285 0.0714285714285 0.0 0.428571428572 0.0 0.0
0.1585365853658 0.0365853658536 0.0121951219512 0.1463414634146 0.1097560975609 0.05 0.0121951219512 0.3317073170731 0.1243902439024 0.0621951219512 0.0 0.2073170731706 0.1621951219512 0.1231707317073 0.08536585365839999 0.1585365853657 0.1097560975613 0.05 0.3097560975609 0.0243902439024 0.05 0.38170731707250005 0.28170731707310004 0.0121951219512
1.2485046091962 0.2832577440141 0.0 0.21227368412609998 1.0971197082175 0.3609462226433 0.1447140936159 1.7552072014173998 0.26028437198119997 0.2193033897184 0.0246913580247 1.6561400918751 0.4182651517582 0.3668650755279 0.7565038808139 1.3692490678708 0.7760624905674 0.09316770186329999 0.5782454937917 0.2727654922858 0.23495322486639997 1.0768435705974002 1.4411111436258 0.3535252316058
0.0 0.0 0.0 0.0 0.0 0.0 0.0 0.0 0.0 0.0 0.0 0.0 0.0 0.0 0.0 0.0 0.0 0.0 0.0 0.0 0.0 0.0 0.0 0.0
0.0 0.0 0.0 0.0 0.0 0.0 0.0 0.0 0.0 0.0 0.0 0.0 0.0 0.0 0.0 0.0 0.0 0.0 0.0 0.0 0.0 0.0 0.0 0.0
0.8025356003238501 0.34541707886119993 0.00763358778625 0.18332318496035002 0.9062174597319501 0.40180177186394994 0.049685686653700004 1.5883960550094998 0.49214141441430004 0.5086405387170501 0.037037037037 0.778165055624 0.14478671589480002 0.44402391080985004 0.8904570184389999 1.01501262813535 0.4156049928067 0.068951930654 0.7776855980632 0.2313945310937 0.11513181459970001 0.4915765103254 1.11766379882595 0.18671607936925
0.0773098680074 0.08893777498420001 0.0 0.0116279069767 0.036769327467 0.0 0.0232558139535 0.2243871778755 0.2630421118793 0.1275927089881 0.0116279069767 0.0967944688875 0.0735386549339 0.17410433689500002 0.11407919547440001 0.1121935889377 0.0386549340037 0.0135135135135 0.16436203645499997 0.0348837209302 0.11596480201119999 0.0754242614707 0.1084223758643 0.0135135135135
0.1777777777774 0.3027777777778 0.0666666666666 0.1694444444444 0.1472222222222 0.155555555556 0.0 0.1777777777776 0.8027777777781999 0.2722222222222 0.0 0.1777777777776 0.1472222222222 0.1111111111111 0.0222222222222 0.3333333333332 0.0 0.4194444444444 0.0888888888888 0.0222222222222 0.125 0.1472222222222 0.111111111111 0.0222222222222
0.0 0.0 0.0 0.0 0.0 0.0 0.0 0.0 0.0 0.0 0.0 0.0 0.0 0.0 0.0 0.0 0.0 0.0 0.0 0.0 0.0 0.0 0.0 0.0
0.36489412644380004 0.171747948472 0.0697422838806 0.1232662369468 0.5819929966433001 0.14910736324559998 0.0984608060932 0.6855092862956 0.0108695652174 0.14694251761840002 0.0 0.47754166086220007 0.1922403091743 0.32959177724 0.5542201316294 0.9661285494289 0.28013707659020004 0.0238095238095 0.42070758964200006 0.0871012238368 0.049967635608300004 0.5043071598725 0.6958412155768 0.015873015873
0.2924513678988 0.1782918701079 0.0294117647059 0.2617220801368 0.1190033325583 0.1747655583972 0.0579710144927 0.8007827636986999 0.26524839184680005 0.0588235294118 0.0294117647059 0.6000930016271 0.2924513678986 0.3227931488801 0.2189025807951 0.3980857165001 0.030303030303 0.05971479500890001 0.1185770750988 0.27602108036949996 0.2059598542974 0.4668294195153 0.4815159265292 0.2608695652177
0.06194690265486 0.0530973451327 0.0 0.0176991150442 0.03539823008844 0.0353982300884 0.0 0.07079646017692 0.06194690265482 0.02654867256632 0.0 0.053097345132679996 0.04424778761052 0.0707964601769 0.08849557522109999 0.03539823008844 0.01769911504424 0.01769911504424 0.02654867256632 0.0973451327436 0.09734513274322 0.02654867256632 0.04424778761062 0.0176991150442
0.12403100775180001 0.0930232558139 0.0 0.015503875969 0.0930232558137 0.0310077519379 0.0 0.2015503875967 0.031007751938 0.031007751938 0.015503875969 0.2015503875969 0.1085271317829 0.015503875969 0.124031007752 0.37209302325579996 0.0465116279069 0.015503875969 0.07751937984480001 0.139534883721 0.015503875969 0.062015503875900005 0.186046511628 0.0
1.8108443260937 0.5126680160769 0.1212649733859 0.354678002019 1.4594926571006 0.22063186743560004 0.0224215246636 1.7243525185882003 0.37348710122539996 0.4833400147304 0.0169491525424 1.4372671337998 0.20009534017270003 0.5899395916439001 1.2895239492432 3.1914907955687 1.0501589291868 0.181210612024 0.8892874451125 0.5516600718400001 0.2227826625646 0.6952884408284 1.3796682938024 0.22149658034380001
0.52932753840512 0.2295548103648 0.03075432002452 0.27356047021339996 0.59204683220692 0.0407586763519 0.00564971751412 1.06143265759642 0.102267316401 0.11913204399542 0.0251046025104 1.1491721289608001 0.03075432002452 0.6939477443336401 0.54461520797192 1.0959877887753602 0.44113723781922 0.03075432002452 0.97379618466814 0.1807251089927 0.15247652142183998 0.8070737975362401 0.84921197753552 0.040758676351820004
0.0877192982457 0.0526315789473 0.0 0.0350877192982 0.140350877193 0.0 0.0 0.2543859649126 0.0350877192982 0.5526315789473 0.0 0.0350877192982 0.0175438596491 0.0350877192982 0.0526315789473 0.0701754385964 0.0 0.1842105263161 0.0 0.1842105263161 0.0526315789473 0.0701754385964 0.140350877193 0.0
0.8304924242435 0.060606060606 0.020202020202 0.2465277777777 0.5312499999997 0.03125 0.0624999999999 0.7380050505046001 0.0 0.18560606060579998 0.020202020202 0.7591540404034 0.0 0.14930555555539998 0.203914141415 0.8080808080802001 0.4731691919188 0.1180555555554 0.4782196969692 0.020202020202 0.03125 0.509154040405 0.7228535353540999 0.0
0.1776315789473 0.0592105263157 0.0 0.0394736842104 0.0394736842104 0.0394736842105 0.0 0.49342105263150005 0.11842105263149999 0.0394736842105 0.0 0.2368421052637 0.0 0.375 0.1776315789477 0.49342105263159997 0.0 0.0197368421052 0.1184210526314 0.315789473684 0.0 0.0592105263157 0.1184210526316 0.078947368421
0.17241379310350002 0.0 0.0689655172414 0.0344827586207 0.0689655172414 0.0 0.0 0.20689655172440002 0.10344827586210001 0.0 0.0 0.1724137931034 0.0 0.20689655172440002 0.103448275862 0.2758620689655 0.1379310344827 0.0 0.0344827586207 0.0 0.206896551724 0.10344827586210001 0.10344827586210001 0.0
0.2053634438956 0.0550458715596 0.11362032462950002 0.19054340155260002 0.1686661961892 0.19054340155260002 0.0 0.5426958362742 0.09527170077630001 0.19054340155240002 0.153846153846 0.6640790402259 0.153846153846 0.4622441778408001 0.0366972477064 0.6309103740296 0.238532110092 0.0 0.6309103740296 0.0550458715596 0.110091743119 0.18701482004230002 0.9244883556812 0.0
1.0330140676539 0.26170668422369997 0.0137614678899 0.2587439058825 0.9586044547035 0.1515896721657 0.0371989678899 0.9726650173539 0.1584719036697 0.0412844036697 0.0 1.1607580507258999 0.15334530420070003 0.38577342060970005 0.5854193066673 0.6460927206649 0.6094452336220999 0.0275229357798 0.5055405323638 0.1375777327912 0.1045486895485 0.5644918482743 1.07176340721 0.16068027243889998
0.2153846153846 0.0 0.0 0.0307692307692 0.0 0.2043956043954 0.0307692307692 0.4505494505494 0.32747252747239997 0.0923076923076 0.0 0.9912087912081999 0.0307692307692 0.0923076923077 0.4901098901094 0.21538461538439999 0.0 0.0 0.153846153846 0.0923076923077 0.0307692307692 0.20439560439539997 0.34725274725239996 0.0
0.7702161096959299 0.1109962562838 0.060233911236330005 0.20881700925856 0.69343476602253 0.14991099735160002 0.0615405693807 1.2944997104745302 0.28244246111703 0.3091116496926 0.0 1.09596512736843 0.06555839348223 0.5628860907462 0.51269732716376 0.7991890225556001 0.3126038444763 0.02682985859 0.7547832552152299 0.28622300672059997 0.01863354037266 0.51200035986813 0.9424630055055301 0.16896372742135998
0.06874999999999 0.0794642857145 0.0 0.01875 0.02499999999999 0.03749999999999 0.0 0.18928571428576996 0.19107142857128 0.09017857142859001 0.0 0.1000000000002 0.1142857142857 0.12857142857139 0.1714285714284 0.14732142857159 0.04374999999999 0.0723214285714 0.02410714285709 0.11964285714299999 0.16249999999998 0.060714285714200004 0.130357142857 0.025
0.0 0.0 0.0 0.0 0.0 0.0 0.0 0.0 0.0 0.0 0.0 0.0 0.0 0.0 0.0 0.0 0.0 0.0 0.0 0.0 0.0 0.0 0.0 0.0
0.2296650717706 0.129186602871 0.0 0.1722488038279 0.18660287081319998 0.0861244019138 0.0143540669856 0.4306220095691 0.0 0.0 0.0 0.3732057416265 0.0287081339712 0.0574162679424 0.157894736842 0.2583732057414 0.1148325358851 0.0 0.1004784688994 0.0574162679426 0.0 0.24401913875660003 0.3157894736845 0.043062200956799995
0.7636455628766701 0.13666268394397002 0.0 0.19834952267057002 0.71045504427394 0.08556756778237 0.0 0.6084478117551401 0.1413934426229 0.17830950326627001 0.03075311228887 0.6500064611553 0.00819672131147 0.51814948529514 0.64225705061287 0.9798073979241 0.27460109819726997 0.07830950326627001 0.29919126213166997 0.1537655614444 0.22846596263254002 0.32426402468337 0.88255299141604 0.10684822845047
0.122448979592 0.0204081632653 0.0 0.0204081632653 0.0408163265306 0.0816326530613 0.0 0.22448979591840001 0.0408163265306 0.3265306122453 0.0 0.0204081632653 0.0204081632653 0.1428571428576 0.0408163265306 0.12244897959190001 0.0 0.0816326530613 0.061224489795900006 0.0816326530613 0.0 0.1632653061226 0.3877551020411 0.0
0.0588235294118 0.0 0.117647058824 0.0 0.117647058824 0.0 0.176470588235 0.0 0.0 0.0 0.0 0.0588235294118 0.0 0.0588235294118 0.0 0.0 0.117647058824 0.117647058824 0.0 0.0 0.0588235294118 0.0 0.1176470588236 0.0
0.5722734117542 0.1065862242332 0.1048612404544 0.2757904552521 0.4335114315173 0.1410591181281 0.0508474576271 0.9053803181422999 0.1473089887845 0.23112591407689997 0.0 0.5737086664302 0.2080693207315 0.5369374172967001 0.2374378695414 1.0523447971106998 0.43358568981629997 0.08884579472819999 0.4222375608217 0.1239651010338 0.0 0.2374451736366 1.0270458465878 0.0896322022942
0.0 0.0 0.0 0.0 0.0 0.0 0.0 0.0 0.0 0.0 0.0 0.0 0.0 0.0 0.0 0.0 0.0 0.0 0.0 0.0 0.0 0.0 0.0 0.0
0.1842105263163 0.1052631578947 0.078947368421 0.0526315789473 0.0526315789474 0.236842105264 0.0 0.1315789473687 0.0263157894737 0.07894736842109999 0.0 0.078947368421 0.0263157894737 0.07894736842109999 0.0 0.5 0.0 0.0263157894737 0.0263157894737 0.0 0.0263157894737 0.078947368421 0.1842105263157 0.0263157894737
0.0 0.0 0.0 0.0 0.0 0.0 0.0 0.0 0.0 0.0 0.0 0.0 0.0 0.0 0.0 0.0 0.0 0.0 0.0 0.0 0.0 0.0 0.0 0.0
0.9778094691707 0.2693310077219 0.0519243530192 0.2449201025844 0.4492996646284 0.0746314496314 0.262773722628 1.4641860125241 0.1216821499666 0.2865621254538 0.0113636363636 1.4189400012897 0.43751094661480006 0.5212896649062 0.5633971216552 1.1014994526213 0.42025965276820004 0.0697376208324 0.5575296402869 0.0746516257465 0.0 0.8009725936814001 0.7386267287075 0.081101257196
0.0882352941176 0.0882352941176 0.0 0.0588235294118 0.0588235294118 0.0882352941176 0.0588235294117 0.44117647058959997 0.0 0.1470588235293 0.0 0.0588235294118 0.1176470588235 0.1764705882352 0.1470588235293 0.0882352941176 0.0 0.0 0.0588235294118 0.0 0.0588235294117 0.0 0.1176470588235 0.14705882353
0.46213526733041 0.2811182324168 0.0 0.00826446280991 0.1236717827627 0.22255017709591 0.2040816326529 0.99957834373491 0.17857142857129998 0.2390791027152 0.0 0.8071344240177201 0.2473435655257 0.8382526564346 0.42397537527491996 0.47305616461501 0.2483555405631 0.0 0.13754427390811 0.48081463990580003 0.0714285714285 0.44294990723569994 1.01315567549321 0.0969387755102
0.0 0.0 0.0 0.0 0.173913043478 0.130434782609 0.0 0.21739130434749998 0.173913043478 0.0434782608695 0.0 0.0 0.0434782608695 0.0 0.0 0.0434782608695 0.0 0.0 0.0 0.0869565217391 0.0 0.0 0.086956521739 0.0
1.2450465665613 0.35666839727559996 0.0257510729613 0.30524299041272 1.1585067601795 0.3210220812533 0.05384767745672 1.2171210433519 0.4236045776656 0.32006070878040005 0.0257510729613 1.20809600791164 0.2082652000563 0.25348935929304 1.1857152851677002 2.2933824488148202 0.91671386276302 0.08119545867444 0.6838290671977 0.6527617270645999 0.18344867755844 0.51352360741862 1.1660985688783 0.2008577803457
0.7235260180149 0.08364661654130001 0.00892857142857 0.42849233231557005 0.38036458721094 0.1053934340801 0.0 0.75897975135914 0.026785714285670004 0.00892857142857 0.0 0.8670624581255701 0.019801980198 0.43338699471554004 0.3139749125284 0.55663757165214 0.35881318395007 0.0 0.4807191245442 0.1579598749351 0.11895611553627 0.55428794759217 0.4964871957118 0.1168670438471
0.0222222222222 0.0222222222222 0.0 0.0 0.088888888889 0.0 0.0 0.1333333333333 0.0444444444444 0.0222222222222 0.0 0.06666666666660001 0.0222222222222 0.0666666666667 0.08888888888890001 0.1111111111111 0.0222222222222 0.0444444444444 0.0222222222222 0.0444444444444 0.0 0.08888888888890001 0.06666666666660001 0.0222222222222
0.11000000000020001 0.0 0.0 0.05 0.05999999999998 0.00999999999999 0.0 0.07999999999999 0.02999999999999 0.00999999999999 0.0 0.09 0.0 0.0 0.06999999999999 0.25000000000009004 0.0 0.0 0.1 0.02 0.02999999999999 0.00999999999999 0.06999999999997 0.00999999999999
0.2542372881357 0.42372881355900005 0.0 0.0 0.127118644068 0.0847457627118 0.0423728813559 0.6355932203387 0.29661016949179997 0.0423728813559 0.0 0.2966101694916 0.0847457627117 0.4237288135596 0.2542372881356 0.720338983052 0.0423728813559 0.0423728813559 0.1694915254234 0.296610169492 0.1271186440676 0.127118644068 0.33898305084799996 0.169491525424
0.1956521739132 0.0217391304348 0.0 0.0217391304348 0.1521739130436 0.0217391304348 0.0434782608696 0.0652173913044 0.0 0.0 0.0 0.0434782608696 0.0217391304348 0.0869565217392 0.0 0.1304347826088 0.0217391304348 0.0 0.0434782608696 0.0217391304348 0.0217391304348 0.0 0.0652173913044 0.0217391304348
0.1352657004831 0.05797101449269999 0.0 0.0772946859904 0.1739130434782 0.0 0.0386473429951 0.5217391304345 0.0193236714976 0.0193236714976 0.0 0.6376811594206 0.0386473429951 0.7922705314013 0.096618357488 0.27053140096559997 0.1932367149759 0.0 0.3091787439616 0.0193236714976 0.0386473429951 0.096618357488 0.4444444444456 0.0193236714976
1.0485797782783 0.2925587952333 0.0162601626016 0.1560671681481 0.6441875649546 0.25490982458510003 0.1316769242457 1.7093774885072 0.11382113821130001 0.09222181774060001 0.0 1.3941881271798002 0.2213205029928 1.1654287048418 0.7292269532858 0.9051205782367 0.6658218490942 0.0 0.646681595136 0.1769725395653 0.0989389554913 1.1746830631848 1.0131329036706 0.34882356481239996
0.0363636363636 0.0545454545454 0.0 0.0181818181818 0.0545454545454 0.0363636363636 0.0 0.18181818181840004 0.0727272727272 0.0 0.0 0.1636363636364 0.0909090909091 0.0545454545454 0.0 0.0727272727272 0.0 0.0181818181818 0.0545454545454 0.0 0.0 0.0363636363636 0.0363636363636 0.0181818181818
0.2834432406974 0.157089024964 0.0103626943005 0.1096325953839 0.3258949599618 0.0454545454544 0.1002708431467 0.5057112576538 0.0444536033913 0.090909090909 0.0310880829015 0.48498586905319996 0.0424517192651 0.1965379180408 0.131358926048 1.0034149788036 0.2276260009418 0.0113636363636 0.24234573716440003 0.17681347150260002 0.0972680169571 0.2844441827599 0.3288977861516 0.0681818181818
0.2068965517241 0.1206896551723 0.0 0.0344827586207 0.12068965517239999 0.051724137931 0.0 0.1379310344827 0.051724137931 0.0344827586207 0.0 0.17241379310330002 0.0 0.0689655172414 0.1379310344828 0.2068965517241 0.0689655172414 0.0172413793103 0.0172413793103 0.0862068965518 0.0344827586206 0.0344827586207 0.3965517241384 0.0
0.0999999999999 0.0999999999999 0.0 0.0 0.0 0.0 0.0 0.0 0.0 0.0999999999999 0.0 0.0 0.0 0.0 0.0 0.0 0.0 0.0 0.2 0.0 0.0 0.4 0.0999999999999 0.0
0.0 0.0 0.0 0.0 0.0 0.0 0.0 0.0 0.0 0.0 0.0 0.0 0.0 0.0 0.0 0.0 0.0 0.0 0.0 0.0 0.0 0.0 0.0 0.0
0.5466657379040001 0.1461277182925 0.027027027027 0.1079037800687 0.4119087423216 0.09837997054480001 0.020618556701 0.4024114689061 0.0508365508365 0.14214929214920002 0.0 0.6801463466408001 0.2644144144143 0.3760206450923 0.207854688267 0.5913167217293 0.2722956387903 0.0 0.3173294059888 0.1087403309052 0.101699637782 0.35152184585170004 0.6292381483102 0.1453933314757
0.0928030303031 0.092803030303 0.0 0.060606060606 0.115909090909 0.037500000000000006 0.0 0.3905303030300001 0.0 0.0750000000001 0.0 0.554545454546 0.060606060606 0.401136363636 0.09810606060600001 0.1356060606061 0.042803030303000006 0.025 0.181818181818 0.042803030303000006 0.0125 0.289015151515 0.265909090909 0.025
0.0526315789474 0.0 0.0 0.0 0.0 0.0 0.263157894737 0.1578947368424 0.0 0.0 0.0 0.1578947368424 0.0 0.1052631578948 0.0 0.0 0.0 0.0 0.0526315789474 0.0 0.0 0.105263157895 0.105263157895 0.0
1.3048594816603 0.546099301435 0.0882436180449 0.4977413171245 0.7308537332914 0.2322462918488 0.1213388840171 1.5977059459715 0.2380952380951 0.6954653146709998 0.0208333333333 1.2010296020148 0.2273870852637 0.4835009205423 0.6367342799456 1.4047824661649 0.836046090922 0.0 0.646553743992 0.1140139220686 0.0788308913308 0.7593496278967999 1.2698938041126 0.26839510625100005
0.0535714285714 0.321428571429 0.0 0.0267857142857 0.0 0.0267857142857 0.0267857142857 0.40178571428589993 0.34821428571449997 0.1875000000004 0.0 0.0535714285714 0.0803571428571 0.4553571428571 0.1607142857142 0.0803571428571 0.0267857142857 0.0803571428571 0.0803571428571 0.133928571429 0.1339285714285 0.1071428571428 0.0803571428571 0.133928571429
0.171428571429 0.2571428571432 0.0 0.0857142857142 0.0 0.514285714286 0.0 0.21428571428520005 0.2571428571423 0.1285714285713 0.0428571428571 0.1285714285713 0.0 0.2142857142855 0.1285714285713 0.34285714285729996 0.0 0.0428571428571 0.0857142857142 0.0 0.0 0.128571428571 0.171428571429 0.0857142857142
0.0 0.0 0.0 0.0 0.0 0.0 0.0 0.0 0.0 0.0 0.0 0.0 0.0 0.0 0.0 0.0 0.0 0.0 0.0 0.0 0.0 0.0 0.0 0.0
0.307692307692 0.1538461538465 0.0 0.2435897435901 0.6282051282065 0.115384615385 0.076923076923 0.41025641025600007 0.06410256410250001 0.1794871794875 0.0 0.4743589743591 0.06410256410250001 0.17948717948700002 0.16666666666649999 0.7948717948711 0.346153846154 0.0 0.2435897435896 0.0384615384615 0.0 0.21794871794850001 0.294871794872 0.0
0.262295081968 0.2577659626839 0.0 0.2037119086298 0.2007089056268 0.2244990892536 0.0277777777778 0.8216536208347001 0.3488652587012 0.1466548515728 0.0 0.6119110914199 0.12112932604729999 0.2677841776201 0.196721311475 0.3596342243879 0.0655737704918 0.054054054054 0.29007285974459995 0.196721311475 0.1751833801013 0.42122040072859995 0.3726554423274999 0.373406193079
0.33278535980130003 0.1466811414392 0.0 0.0 0.0770161290322 0.0125 0.044758064516099996 0.3039392059552 0.13942307692320002 0.16634615384600002 0.0 0.254032258065 0.13942307692310002 0.6085918114144 0.025 0.0375 0.0375 0.0 0.1394230769231 0.0625 0.0322580645161 0.1270161290322 0.31330645161329995 0.0
0.0 0.0 0.0 0.0 0.0 0.0 0.0 0.0 0.0 0.0 0.0 0.0 0.0 0.0 0.0 0.0 0.0 0.0 0.0 0.0 0.0 0.0 0.0 0.0
0.89190976117878 0.3503590393217 0.0425825439161 0.45312498009969004 0.84546615321869 0.3298767326383 0.09342328480678999 1.1092032412394 0.15269238722978998 0.23170214220500002 0.0 1.4149979036186902 0.3256705327005 0.38493970358857 0.37909385906489 2.1560871181571897 0.5933838187546 0.0848925349879 0.6092015127476 0.4734520013501 0.12888918603669 0.74535092430179 1.1188081038470898 0.0848925349879
0.0625 0.0104166666667 0.0 0.0833333333333 0.0520833333333 0.0 0.0 0.07291666666680001 0.0 0.0104166666667 0.0 0.125 0.0104166666667 0.0520833333334 0.0208333333333 0.1250000000001 0.07291666666669999 0.0104166666667 0.10416666666669999 0.0 0.0104166666667 0.1041666666668 0.07291666666680001 0.0
0.0 0.0 0.0 0.0 0.0 0.0 0.0 0.0 0.0 0.0 0.0 0.0 0.0 0.0 0.0 0.0 0.0 0.0 0.0 0.0 0.0 0.0 0.0 0.0
0.9773178479258999 0.1961683541791 0.0 0.1256700416915 0.7127159023242 0.0 0.0 0.5626265634304 0.0166666666667 0.027536231884100003 0.0410958904109 0.9650883462366 0.0577625570776 0.289646615049 0.3218383958708 0.7702799285290001 0.40051618026610003 0.0 0.31873138773070003 0.1519654556283 0.109728012706 0.2749454040103 0.6079610879495001 0.0717391304348
0.0 0.0 0.0 0.0 0.0 0.0 0.0 0.0 0.0 0.0 0.0 0.0 0.0 0.0 0.0 0.0 0.0 0.0 0.0 0.0 0.0 0.0 0.0 0.0
0.0 0.0769230769231 0.0 0.0 0.0769230769231 0.0 0.0 0.1538461538462 0.1538461538462 0.230769230769 0.0 0.0 0.0769230769231 0.0 0.0 0.0 0.0 0.0769230769231 0.0 0.0 0.1538461538462 0.0 0.0 0.0
0.0324675324675 0.025974025974 0.0 0.0194805194805 0.038961038961 0.0 0.0194805194805 0.0714285714285 0.0064935064935 0.0064935064935 0.0 0.1363636363637 0.012987012987 0.0909090909092 0.012987012987 0.0844155844155 0.09740259740269999 0.0064935064935 0.1168831168832 0.025974025974 0.038961038961 0.0324675324675 0.12337662337670001 0.0
0.8443307807374001 0.2191211633241 0.0340909090909 0.0725235446249 0.5431147221013 0.1777423998441 0.136363636364 1.2188062113737999 0.1516554433224 0.0958193041526 0.0 1.1202776978519 0.17673865087659998 0.630475839522 0.319806763285 1.0887695882704 0.32713121553689994 0.0 0.3248645879078 0.038432635534000004 0.08052749719409999 0.5987674092253 0.6073688744848 0.19327112538
0.18421052631590001 0.0394736842105 0.0 0.0263157894736 0.0131578947368 0.0131578947368 0.0 0.0921052631577 0.0263157894737 0.0 0.0 0.1052631578946 0.0921052631583 0.0394736842105 0.0131578947368 0.0394736842104 0.0394736842105 0.0 0.0657894736842 0.0263157894737 0.0263157894737 0.0263157894736 0.0657894736841 0.0657894736843
0.7042635451466 0.0791840362275 0.0 0.23535137651580001 0.5943209160419001 0.0526059631377 0.0559898377956 0.506799490645 0.0265780730896 0.052605963137699996 0.0265780730897 0.6623338714837 0.119601328904 0.2924415803948 0.47370199746260006 0.6754847398884001 0.46811552350130003 0.0132890365448 0.5567373149817 0.1456292189512 0.0676283252154 0.32562371712140004 0.7588237783638 0.1063122923588
0.067415730337 0.0869880391445 0.0645161290322 0.0112359550562 0.0224719101123 0.044943820224700004 0.0 0.2638637187386 0.129032258064 0.40956868430660004 0.0 0.40413193185889995 0.1290322580644 0.15440376948179999 0.056179775281 0.17687567959400002 0.0337078651685 0.0 0.0337078651685 0.3030083363538 0.1402682131206 0.23849220732159998 0.2301558535696 0.0
0.0 0.0 0.0 0.0 0.0 0.0 0.0 0.0 0.0 0.0 0.0 0.0 0.0 0.0 0.0 0.0 0.0 0.0 0.0 0.0 0.0 0.0 0.0 0.0
0.0897435897435 0.04487179487175 0.0 0.0320512820513 0.03846153846145001 0.00641025641025 0.0128205128205 0.08974358974375002 0.00641025641025 0.0128205128205 0.0 0.10897435897445 0.0128205128205 0.025641025641 0.044871794871699996 0.12179487179475001 0.044871794871699996 0.0 0.05769230769215 0.025641025641 0.0 0.10256410256425 0.10256410256394999 0.0192307692307
0.8172374188544 0.0635080645161 0.0 0.10530423857400001 0.9664938905206 0.10606125600550001 0.1006607073454 0.952234074163 0.2041932263937 0.1344257845333 0.12481575237109999 0.8553945955742002 0.0 0.4825262737516 0.6953987810038 1.3390936293115 0.2121225120108 0.0 0.3309948345521 0.1239165212989 0.1111699705799 0.3230076706963 0.7849710851596 0.1664697127882
0.1803398058251 0.0776699029125 0.0 0.1138349514562 0.17208737864060003 0.0776699029125 0.025 0.3441747572814 0.025 0.135922330098 0.0 0.48009708737859996 0.0 0.1526699029125 0.1026699029125 0.1582524271843 0.0194174757281 0.0388349514563 0.1082524271844 0.0388349514563 0.0 0.18592233009710002 0.5050970873787 0.0582524271844
0.0 0.0 0.0 0.0 0.0 0.0 0.0 0.0 0.0 0.0 0.0 0.0 0.0 0.0 0.0 0.0 0.0 0.0 0.0 0.0 0.0 0.0 0.0 0.0
0.17764834364749998 0.1057517291591 0.0 0.0711685475064 0.20476883873312 0.0915544230069 0.01965780851836 0.22024026210388 0.00746268656716 0.0671641791047 0.0 0.1234073534764 0.034583181652699996 0.06443392792134 0.10302147797606 0.20877320713488 0.01965780851836 0.0 0.07863123407342001 0.00746268656716 0.04404805242076 0.0888241718238 0.24681470695316 0.0149253731343
0.060606060606 0.030303030303 0.0 0.0 0.09090909090900001 0.060606060606 0.060606060606 0.181818181818 0.272727272728 0.090909090909 0.0 0.151515151515 0.151515151515 0.09090909090900001 0.090909090909 0.090909090909 0.121212121212 0.060606060606 0.030303030303 0.030303030303 0.121212121212 0.030303030303 0.151515151515 0.030303030303
0.0579710144927 0.0144927536232 0.0144927536232 0.0869565217391 0.0 0.1884057971013 0.0 0.159420289855 0.0 0.0434782608695 0.0 0.0289855072464 0.0 0.0144927536232 0.0434782608695 0.1304347826086 0.0144927536232 0.0144927536232 0.0144927536232 0.0144927536232 0.0289855072464 0.0579710144928 0.0434782608695 0.0289855072463
0.0 0.0 0.0 0.0 0.0 0.0 0.0 0.0 0.0 0.0 0.0 0.5 0.0 0.0 0.0 0.0 0.0 0.5 0.0 0.0 0.0 0.0 0.0 0.0
0.2464574898784 0.11040823211870002 0.0 0.0967020917679 0.27931005398110004 0.056891025641 0.0 0.4009362348177 0.13267543859640002 0.10657051282050001 0.0 0.552462887989 0.16346153846150002 0.2606275303644 0.1761133603242 0.2347756410256 0.0735492577597 0.03125 0.22241902833990002 0.1039136302295 0.030364372469600002 0.1583164642374 0.4121541835358 0.15064102564100001
0.19354838709709998 0.0 0.0 0.0215053763441 0.2150537634408 0.1720430107531 0.0430107526881 0.21505376344100002 0.0430107526882 0.0 0.0 0.1290322580644 0.0860215053764 0.1075268817203 0.15053763440909998 0.1720430107528 0.0430107526881 0.0 0.0430107526882 0.172043010753 0.0 0.0860215053763 0.0645161290322 0.0430107526881
0.0 0.0422535211267 0.0384615384615 0.0 0.20639219935019998 0.0140845070422 0.0 0.33694474539530006 0.1267605633803 0.0 0.0140845070422 0.0422535211266 0.056338028169 0.1717226435534 0.0281690140844 0.1960996749729 0.0384615384615 0.0422535211266 0.0 0.18309859155 0.1332611050921 0.0769230769231 0.16793066088840003 0.0845070422536
0.3273862622664 0.0 0.0 0.0263157894737 0.29750223015169996 0.1315789473683 0.0263157894737 0.2256913470122 0.1355932203387 0.0 0.101694915254 0.4027653880472 0.0677966101694 0.0263157894737 0.1543264942013 0.4933095450489 0.0 0.0338983050847 0.1694915254237 0.086529884032 0.0 0.0941123996432 0.1730597680642 0.0263157894737
0.6029823792008301 0.2914632079957 0.116279069767 0.19496654985619002 0.7840145520003301 0.06791940935772 0.09450317124730001 1.3603527493410599 0.14925057818877002 0.13168030599529001 0.00892857142857 0.7082542502534499 0.10428304572128001 0.38779255946304003 1.07241469140217 1.74409811767347 0.68881005515939 0.0315557729941 0.52720899321325 0.2174568582104 0.0828491517465 0.48927539899036 0.87473878489065 0.2689217758983
0.24093933894289998 0.1410548314358 0.0 0.1905626134303 0.2517626354288 0.0175438596491 0.0411703239289 0.34916130451550004 0.0229885057471 0.058714183578 0.0 0.4624209426389 0.0950778199416 0.33121047131970005 0.0768960017598 0.4557003794755 0.1822251553647 0.0 0.5796183248092 0.053269537480000004 0.0689655172413 0.2173128746631 0.1634053786502 0.0
0.07692307692309999 0.0384615384616 0.0 0.0192307692308 0.1153846153846 0.0 0.0192307692308 0.153846153846 0.0576923076923 0.0384615384616 0.0 0.19230769230769998 0.0 0.0192307692308 0.0 0.07692307692309999 0.0192307692308 0.0384615384615 0.0 0.0769230769232 0.0 0.0192307692308 0.0384615384616 0.0
0.15851393188829999 0.1052631578947 0.0 0.0823529411765 0.035294117646900006 0.0 0.0 0.2727554179565 0.0 0.0263157894737 0.0 0.0470588235292 0.0263157894737 0.1668730650156 0.0879256965944 0.15572755417950002 0.29628482972229997 0.0 0.1904024767808 0.0235294117647 0.0 0.1114551083591 0.213931888545 0.0
0.05607476635511 0.046728971962500004 0.0 0.0654205607479 0.03738317757002 0.018691588785 0.0 0.11214953271021 0.04672897196251 0.02803738317751 0.0 0.05607476635501 0.0654205607479 0.12149532710260999 0.07476635514041 0.0654205607475 0.00934579439251 0.0 0.02803738317751 0.0654205607479 0.018691588785 0.00934579439251 0.046728971962500004 0.0280373831775
0.2967778405883 0.4879875635955 0.0 0.0327868852459 0.2673827020916 0.0 0.0672696438666 0.5398530243074999 0.6034482758621 0.1000565291125 0.0 0.136235161108 0.1328434143584 0.3035613340873 0.2328999434713 0.3001695873375 0.09836065573769999 0.0344827586207 0.2673827020916 0.13623516110790002 0.2595392877332 0.2052006783496 0.3629875635953 0.1345392877332
0.0695652173912 0.2299722479189 0.0 0.259019426457 0.1256244218317 0.0 0.0347826086956 0.3285846438485 0.0695652173912 0.0347826086956 0.0 0.5777983348767 0.0 0.49472710453380003 0.0986123959296 0.4832562442178 0.459944495838 0.0 0.38260869565260003 0.0425531914893 0.2299722479183 0.3924144310823 0.6301572617943001 0.0560592044403
0.7158757908753999 0.29365079365049995 0.0714285714286 0.2504773004773 0.2539960039959 0.2820374070371 0.3035714285721 1.1067238317236998 0.1042596292595 0.0178571428571 0.0 0.48100788100770003 0.09865134865129999 0.5056887556887 0.24799089799170002 0.32317682317679997 0.17632367632360002 0.0178571428571 0.5035991785988001 0.15783105783110002 0.0598151848151 0.7555305805301 1.1567765567757 0.115873015873
0.0980392156861 0.0196078431372 0.0392156862745 0.0 0.0 0.0 0.0196078431372 0.1568627450981 0.0588235294117 0.0196078431372 0.0 0.21568627450959998 0.0980392156864 0.0392156862745 0.0 0.0196078431372 0.0392156862744 0.0392156862745 0.0196078431372 0.0588235294117 0.0 0.0196078431372 0.0 0.0392156862745
0.2389601139599 0.0473646723646 0.0 0.0 0.2678062678064 0.037037037037 0.0844017094016 0.3685897435894 0.0576923076922 0.0185185185185 0.0 0.4099002849009 0.0762108262108 0.2183048433047 0.1050569800569 0.5933048433046 0.10505698005679999 0.0 0.3646723646725 0.0 0.13390313390300002 0.44907407407410005 0.3500712250713 0.0740740740742
0.22047244094500001 0.7417322834641 0.0 0.0314960629921 0.1732283464563 0.0 0.0157480314961 0.220472440945 0.0157480314961 0.0157480314961 0.0 0.2362204724411 0.23149606299210002 0.0787401574804 0.0314960629922 0.18897637795289998 0.0944881889764 0.2 0.0944881889765 0.0629921259843 0.047244094488199995 0.110236220473 0.1889763779529 0.0
0.0 0.0 0.0 0.0 0.0 0.0 0.0 0.0 0.0 0.0 0.0 0.0 0.0 0.0 0.0 0.0 0.0 0.0 0.0 0.0 0.0 0.0 0.0 0.0
0.4435483870973 0.201612903226 0.0 0.403225806452 0.2822580645163 0.322580645162 0.0403225806451 0.5645161290324999 0.0 0.0403225806451 0.0 0.7258064516124999 0.0 0.2822580645151 0.1209677419354 0.4032258064523 0.1209677419354 0.0 0.2016129032252 0.0806451612903 0.0403225806451 0.3629032258066 0.36290322580650003 0.0
0.4960061443939 0.126267281106 0.0714285714286 0.1096774193548 0.6556067588328001 0.0 0.0881720430108 0.3697388632869 0.0333333333333 0.0 0.0215053763441 0.5843317972352 0.0 0.2740399385561 0.2788018433182 0.5821812596001 0.37173579109089994 0.0 0.3003072196623 0.0645161290322 0.0215053763441 0.1811059907834 0.3482334869435 0.0215053763441
0.1293706293706 0.0804195804196 0.0 0.0192307692308 0.0454545454545 0.1223776223777 0.113636363636 0.3321678321682 0.0 0.1730769230768 0.0 0.19755244755220003 0.11013986014 0.1643356643356 0.0681818181818 0.0646853146853 0.0 0.0611888111888 0.0 0.0384615384615 0.0192307692308 0.11888111888120001 0.1223776223778 0.0192307692308
0.0 0.0 0.1874999999999 0.0 0.0 0.0 0.437500000001 0.0 0.0 0.0 0.0 0.0624999999999 0.0 0.0624999999999 0.0 0.0 0.0 0.0 0.125 0.0 0.0 0.0 0.1249999999998 0.0
0.7489096294097 0.2958023268003 0.0 0.28860672615 0.5878280832139 0.2778622087138 0.1182877406278 1.3297198959121 0.2681235370152 0.088905775076 0.0322580645161 1.1761573987990002 0.0476190476191 0.40805471124630005 0.7264691264515999 0.8714424898534001 0.5395362177718 0.0 0.4458978962332 0.1872532578691 0.08832565284169999 0.5705052782950001 0.4074745890115 0.49496034657480004
0.0277777777778 0.08412698412700001 0.0555555555556 0.0555555555556 0.08492063492060001 0.0 0.0 0.1960317460318 0.3380952380955 0.14126984126980002 0.0 0.08412698412700001 0.22619047619029997 0.2261904761905 0.0 0.1690476190477 0.0 0.0571428571428 0.0 0.08412698412700001 0.1126984126984 0.0285714285714 0.0285714285714 0.0
0.0769230769231 0.0384615384615 0.0 0.0192307692307 0.0 0.134615384616 0.0 0.1346153846157 0.0384615384614 0.1538461538461 0.0 0.057692307692200004 0.0 0.0 0.0 0.11538461538460001 0.0192307692307 0.0 0.0192307692307 0.0576923076922 0.0 0.0576923076922 0.0576923076922 0.0192307692307
0.0 0.0 0.0 0.0 0.0 0.0 0.0 0.0 0.0 0.0 0.0 0.0 0.0 0.0 0.0 0.0 0.0 0.0 0.0 0.0 0.0 0.0 0.0 0.0
0.1245791245791 0.1106719367589 0.052042160737800006 0.0805152979066 0.1665202752158 0.0889328063241 0.0217391304348 0.35324257063389997 0.030303030303 0.0488215488215 0.0185185185185 0.4533743229394 0.11601522471089999 0.1910408432148 0.03367003367 0.47525984482530004 0.0805152979066 0.0 0.1228956228957 0.070707070707 0.0 0.0988874249743 0.26174791392179997 0.0
0.0 0.0 0.0 0.086956521739 0.086956521739 0.0434782608695 0.0 0.0 0.304347826088 0.0 0.0 0.0 0.17391304347849998 0.086956521739 0.086956521739 0.0 0.0 0.0434782608695 0.0 0.0 0.0434782608695 0.0 0.0 0.0434782608695
0.20390725288810002 0.13651315789500001 0.0243902439024 0.0263157894737 0.0770218228498 0.0487804878048 0.0243902439024 0.5210205391525 0.17650834403069998 0.17951700898589998 0.0 0.2732670089857 0.2858632862654 0.513398587933 0.050706033376099996 0.21762676508329998 0.07509627727849999 0.0 0.1551267650834 0.2593068035938 0.0526315789474 0.2214377406933 0.34150353016689994 0.1356707317072
0.0 0.0 0.0 0.0 0.0 0.0 0.0 0.0 0.0 0.0 0.0 0.0 0.0 0.0 0.0 0.0 0.0 0.0 0.0 0.0 0.0 0.0 0.0 0.0
0.754545454545 0.0 0.0 0.3163636363635 0.541818181818 0.318181818182 0.150909090909 0.541818181818 0.0454545454545 0.1054545454545 0.0 0.5727272727270001 0.196363636364 0.1054545454545 0.3327272727275 0.8472727272745 0.1363636363635 0.0 0.5563636363635 0.34727272727299996 0.0 0.3163636363635 0.814545454545 0.0
0.38815556028729997 0.1638989425875 0.0 0.0465367965368 0.31624795969110003 0.0491803278688 0.0454545454545 0.3643460364766 0.0491803278688 0.0 0.0227272727273 0.37697821304370005 0.0491803278688 0.5055177063371 0.0967993754878 0.5510964445387 0.2871513732167 0.0 0.4029522390171 0.364949258392 0.0227272727273 0.43625363707380005 0.36230572705959996 0.0983606557377
0.0 0.0 0.0 0.0 0.0 0.0 0.0 0.0 0.0 0.0 0.0 0.0 0.0 0.0 0.0 0.0 0.0 0.0 0.0 0.0 0.0 0.0 0.0 0.0
0.1403013182674 0.0894538606402 0.0999999999999 0.0847457627119 0.1239171374765 0.0444444444444 0.0 0.3672316384188 0.07777777777770001 0.18888888888869998 0.0508474576271 0.24613935969829998 0.0666666666667 0.111111111111 0.0894538606402 0.2952919020714 0.1005649717513 0.0555555555555 0.1747645951033 0.0947269303201 0.0169491525424 0.13446327683620002 0.3022598870055 0.0444444444444
0.0 0.0 0.0 0.0 0.0 0.0 0.0 0.0 0.0 0.0 0.0 0.0 0.0 0.0 0.0 0.0 0.0 0.0 0.0 0.0 0.0 0.0 0.0 0.0
0.0 0.0 0.0 0.0 0.0 0.0 0.0 0.0 0.0 0.0 0.0 0.0 0.0 0.0 0.0 0.0 0.0 0.0 0.0 0.0 0.0 0.0 0.0 0.0
0.0 0.0 0.0 0.0 0.0 0.0 0.0 0.0 0.0 0.0 0.0 0.0 0.0 0.0 0.0 0.0 0.0 0.0 0.0 0.0 0.0 0.0 0.0 0.0
0.33176672568279997 0.40164708407210004 0.0 0.0707602339181 0.2392563978753 0.25771232362228996 0.0275229357798 0.7628681796238801 0.053618756370990006 0.0526315789474 0.053618756370990006 0.28490798862619 0.18695208970458999 0.39291270990949 0.21970062771659 0.33220666344789 0.1327860936745 0.0 0.35347389881379 0.0985031385804 0.0 0.17047051880459002 0.46147862009769003 0.11520467836250001
0.0666666666666 0.0 0.0 0.0666666666666 0.0 0.0 0.0 0.733333333333 0.0 0.0 0.0 0.0 0.0 0.0 0.0 0.0666666666666 0.0 0.0 0.0 0.0 0.0 0.0666666666666 0.0 0.0
