0.5567792020214 0.0837696335077 0.0 0.2709875428781 0.1675392670159 0.1182523921284 0.0 0.6270084852869 0.1465968586388 0.0209424083769 0.0 0.6479508936640999 0.0209424083769 0.2919299512547 0.14659685863869998 0.5506409099121999 0.2439068423904 0.0 0.14659685863869998 0.0628272251308 0.0418848167539 0.2155623758802 0.4311247517604999 0.208160317747
0.047058823529300006 0.18991596638640001 0.0 0.0235294117647 0.0593837535013 0.0117647058823 0.0235294117647 0.28403361344519995 0.225770308123 0.0117647058823 0.0 0.1540616246497 0.1305322128851 0.0593837535013 0.0117647058823 0.07058823529410001 0.2005602240896 0.0235294117647 0.0 0.0470588235295 0.0593837535013 0.047058823529300006 0.30756302520999995 0.0117647058823
0.0 0.0 0.0 0.0 0.0 0.0 0.0 0.0 0.0 0.0 0.0 0.0 0.0 0.0 0.0 0.0 0.0 0.0 0.0 0.0 0.0 0.0 0.0 0.0
0.09917355371881 0.0247933884297 0.00826446280991 0.0578512396696 0.03305785123961 0.00826446280991 0.00826446280991 0.12396694214870999 0.0 0.0 0.0 0.13223140495882002 0.04958677685951 0.0 0.0165289256198 0.15702479338851 0.08264462809920001 0.0 0.05785123966943 0.0165289256198 0.0165289256198 0.0247933884297 0.07438016528931 0.00826446280991
0.533533419858 0.13635394456279998 0.0217391304348 0.1168072680079 0.6748899137855 0.0592391304348 0.0125 0.7890864002974 0.2976893482899 0.1366459627328 0.0 0.2746674237513 0.051589876703400005 0.1770962732918 0.49456174098469996 1.0404433577468 0.22763627514610002 0.0 0.3104373319736 0.2080745341613 0.0274253731343 0.17028251599129998 0.23930077871549998 0.0
0.3250467789366 0.20743116813669998 0.0229885057471 0.0 0.0924886394011 0.186046511628 0.0 0.4619085805932 0.0697674418604 0.437316225608 0.0229885057471 0.3483025928897 0.2085004009618 0.1384656508954 0.4848970863406 0.2306869820906 0.0924886394012 0.0689655172413 0.1619887730551 0.0462443197006 0.0 0.1860465116285 0.1614541566429 0.0459770114942
0.0 0.0 0.0 0.0 0.0 0.0 0.0 0.0 0.0 0.0 0.0 0.0 0.0 0.0 0.0 0.0 0.0 0.0 0.0 0.0 0.0 0.0 0.0 0.0
0.619684687533 0.1962642127025 0.0472650637034 0.1258741258748 0.2017763863855 0.2129870129868 0.0 0.8812076573552001 0.2199586905469 0.037037037037 0.0 0.5164044479114 0.2354526036232 0.0835904835904 0.4559362474759 0.7168645035686001 0.0996619818537 0.031168831168800003 0.37324891063849996 0.3194345959057 0.048951048951 0.10336247153330001 0.313746768944 0.1601222307104
0.031914893617 0.0988583290088 0.0 0.0487804878048 0.0243902439024 0.031914893617 0.0 0.1964193046183 0.5116761805918 0.0913336792941 0.0 0.0212765957446 0.1414115204982 0.0744680851064 0.0425531914894 0.23897249610800003 0.0243902439024 0.0487804878048 0.06382978723409999 0.0669434353918 0.1995329527763 0.031914893617 0.0106382978723 0.0
0.0 0.0 0.0 0.0 0.0 0.0 0.0 0.4 0.0 0.0 0.1 0.0 0.0 0.2 0.1 0.1 0.0 0.0 0.0 0.0 0.1 0.0 0.0 0.0
0.0 0.0 0.0 0.0 0.0 0.0 0.0 0.0 0.0 0.0 0.0 0.0 0.0 0.0 0.0 0.0 0.0 0.0 0.0 0.0 0.0 0.0 0.0 0.0
0.8182753640992 0.334578663346 0.0547945205479 0.0746905676482 0.549488713102 0.2519776191394 0.0 0.43898175269959994 0.109589041096 0.08509755085090001 0.0 0.4833692900449 0.13930156280150002 0.1236735481382 0.2286671460895 0.8923403434311 0.4337607212392 0.0 0.26937715959490005 0.15184256222269998 0.0 0.2099871959025 0.3361221709667 0.0140845070422
0.0816326530612 0.0408163265306 0.0204081632653 0.0204081632653 0.0 0.0204081632653 0.0 0.22448979591850005 0.0 0.0 0.0 0.061224489795900006 0.0408163265306 0.0408163265306 0.0204081632653 0.1428571428571 0.0 0.0 0.0612244897959 0.0612244897959 0.0204081632653 0.061224489795900006 0.0816326530612 0.0
0.409328358209 0.3086567164179 0.05 0.094776119403 0.2 0.159776119403 0.04 0.643880597015 0.507985074627 0.09 0.0 0.4195522388059 0.507985074627 0.578432835821 0.0 0.32455223880600004 0.109776119403 0.0 0.25455223880600003 0.657313432836 0.3134328358209 0.14500000000000002 0.10500000000000001 0.08
0.619047619049 0.142857142857 0.0 0.047619047619 0.190476190476 0.0 0.0 0.111111111111 0.444444444444 0.095238095238 0.190476190476 0.33333333333299997 0.111111111111 0.698412698413 0.904761904761 0.968253968253 0.14285714285700002 0.15873015873000001 0.46031746031700005 0.0 0.047619047619 0.0 0.28571428571400004 0.047619047619
0.5874885814955 0.1177835051549 0.0253164556962 0.1236004175909 0.28156074644490003 0.0 0.0 0.458570403236 0.1309278350513 0.0 0.0 0.3390349732479 0.0103092783505 0.07296750619860001 0.2382911392405 1.4560648571076 0.1459350123971 0.0 0.23327678454899997 0.11778350515489999 0.035309278350500004 0.15 0.4448518856843 0.0309278350515
0.37550421708859993 0.1111111111111 0.0 0.0555555555555 0.0779244591126 0.0 0.037037037037 0.1989365603228 0.1024935826915 0.0 0.037037037037 0.420242024202 0.009900990099 0.0185185185185 0.1743674367435 0.5064173083978 0.2062706270627 0.009900990099 0.2570590392371 0.037037037037 0.009900990099 0.0654565456545 0.28932893289300005 0.0
0.0 0.1 0.0 0.0 0.15000000000000002 0.0 0.0 0.05 0.0 0.15 0.0 0.05 0.05 0.05 0.0 0.1 0.05 0.1 0.0 0.0 0.05 0.0 0.1 0.0
0.3130910900949 0.0 0.0 0.0 0.35838725734170007 0.0 0.0 0.6953708312605 0.0 0.0 0.0 0.3096067695377 0.08959681433540001 0.3130910900949 0.0 0.1428571428571 0.15082130413140002 0.0 0.1020408163265 0.0 0.0204081632653 0.27675460428119997 0.22797411647560004 0.0
0.0 0.0 0.0 0.0 0.0 0.0 0.0 0.0 0.0 0.0 0.0 0.0 0.0 0.0 0.0 0.0 0.0 0.0 0.0 0.0 0.0 0.0 0.0 0.0
0.0 0.0 0.0 0.0 0.0 0.0 0.0 0.0 0.0 0.0 0.0 0.0 0.0 0.0 0.0 0.0 0.0 0.0 0.0 0.0 0.0 0.0 0.0 0.0
0.4146341463414 0.07317073170720001 0.0243902439024 0.0243902439024 0.0487804878048 0.0 0.0 0.0975609756096 0.07317073170720001 0.0 0.0 0.2682926829265 0.0243902439024 0.07317073170720001 0.0 0.1707317073168 0.0975609756097 0.0 0.146341463415 0.0 0.0243902439024 0.0487804878048 0.39024390243900003 0.0
0.4202194518044 0.1161283591087 0.0 0.2024321771529 0.1035903916157 0.1774965800279 0.1083591331269 0.42161642367868 0.03173039022468 0.17432524946588002 0.0 0.34577174230106 0.07275206205128001 0.2391573748768 0.11280631788840001 0.3969996375625 0.023180458624079997 0.0 0.20339959314228 0.1075784275081 0.06338542511998 0.288610911452 0.35249819696345996 0.0379616963064
0.0 0.0 0.0 0.173913043478 0.0 0.0 0.0 0.173913043478 0.0869565217391 0.0 0.0 0.0 0.0869565217391 0.0 0.2608695652171 0.6956521739129999 0.0 0.0 0.0 0.0869565217391 0.0 0.0 0.173913043478 0.260869565217
0.37505376344029995 0.0815053763441 0.0630107526882 0.0599999999999 0.3550537634404 0.2188235294117 0.0800000000001 0.667855787476 0.10602150537640001 0.1776470588229 0.02 0.34903225806449995 0.414117647059 0.1860215053762 1.5608602150500002 1.3261480075899001 0.4783934218854 0.0 0.31387729285279997 0.103010752688 0.0588235294117 0.14752688172029998 0.7172169512965 0.13999999999999999
0.102272727273 0.0681818181818 0.0 0.0227272727272 0.0568181818182 0.0 0.0340909090909 0.0909090909091 0.0113636363636 0.0 0.0 0.0681818181818 0.0340909090909 0.0454545454545 0.0340909090909 0.125 0.0568181818181 0.0 0.0681818181818 0.0113636363636 0.0340909090909 0.0340909090909 0.1022727272726 0.0
0.0 0.0 0.0 0.0 0.0 0.0 0.0 0.0 0.0 0.0 0.0 0.0 0.0 0.0 0.0 0.0 0.0 0.0 0.0 0.0 0.0 0.0 0.0 0.0
0.2203389830509 0.0338983050847 0.0 0.2372881355934 0.1864406779661 0.0 0.0169491525424 0.32203389830580004 0.0 0.0 0.0 0.135593220339 0.0169491525424 0.1186440677966 0.0169491525424 0.23728813559349998 0.1016949152542 0.0 0.152542372882 0.0 0.0169491525424 0.0169491525424 0.1694915254237 0.0
0.6245059288534001 0.21067193675829998 0.0 0.1162055335967 0.7181818181818 0.130434782609 0.0 0.9505928853758001 0.0434782608696 0.2173913043477 0.145454545454 0.4498023715413 0.33438735177850004 0.0434782608696 0.39881422924879995 1.2707509881425998 0.8284584980233001 0.0217391304348 0.34861660079060003 0.2833992094863 0.1304347826087 0.2683794466405 0.42134387351659996 0.0434782608695
0.5551537070517001 0.0548731059424 0.0506329113924 0.06965143106550001 0.17515744840039998 0.08866995073879999 0.0 0.44528278356270007 0.1308224730312 0.2278481012652 0.0 0.40518800274340006 0.0949678867618 0.3440169607779 1.279291638086 0.22373261832 0.0548731059424 0.0400947808193 0.06965143106550001 0.0 0.0400947808193 0.2385109434436 0.38192928852130004 0.0295566502462
0.142857142857 0.0 0.142857142857 0.0 0.0 0.142857142857 0.0 0.142857142857 0.0 0.0 0.0 0.0 0.0 0.0 0.0 0.0 0.0 0.0 0.0 0.0 0.0 0.142857142857 1.285714285714 0.0
0.6978097705808 0.12327325494390001 0.0 0.157077685807 0.13988505430280002 0.14686390019929998 0.0 0.5301284525058 0.0178571428571 0.0 0.08287588699949999 0.4038112433349 0.061974789915900004 0.3238001386112 0.9852626148874002 0.723290581461 0.23087782441910001 0.0397210430564 0.2944838666486 0.1505841793136 0.0879488158899 0.34806317091089994 0.3682761295706 0.0861344537815
0.0 0.0 0.0 0.0 0.0 0.0 0.0 0.0 0.0 0.0 0.0 0.0 0.0 0.0 0.0 0.0 0.0 0.0 0.0 0.0 0.0 0.0 0.0 0.0
0.0 0.0 0.0 0.0 0.0 0.0 0.0 0.0 0.0 0.0 0.0 0.0 0.0 0.0 0.0 0.0 0.0 0.0 0.0 0.0 0.0 0.0 0.0 0.0
0.0 0.0 0.0 0.0 0.0 0.0 0.0 0.0 0.0 0.0 0.0 0.0 0.0 0.0 0.0 0.0 0.0 0.0 0.0 0.0 0.0 0.0 0.0 0.0
0.9087389746679 0.1764189333904 0.1085617905332 0.5309867793373 0.6961340758193 0.2071005081875 0.0454545454545 0.9034107946033001 0.275862068966 0.2310987363461 0.0 1.2329557623793 0.24409986565140002 0.2840344438169 0.6157903191262001 0.3506853716001 0.4228056426329 0.039596273291900005 0.3545673591772 0.1157046476761 0.0434782608695 0.49572275550600003 0.6057672462474 0.1110248447206
0.0967741935483 0.0 0.0 0.0322580645161 0.0 0.0645161290322 0.0 0.22580645161329999 0.0322580645161 0.016129032258 0.0 0.0967741935484 0.0806451612903 0.04838709677400001 0.016129032258 0.032258064516 0.0322580645161 0.0 0.032258064516 0.0322580645161 0.016129032258 0.016129032258 0.1129032258064 0.016129032258
0.49230312967900003 0.1801544342791 0.1497326203208 0.0 0.1034737620102 0.0178571428571 0.0 0.49072012397 0.3521671418006 0.084494773519 0.0 0.23360707919520002 0.18858885017389998 0.4453455439822001 0.1505120895364 0.7169742619892001 0.1267421602786 0.07317073170720001 0.1682100778226 0.2617595818811 0.1885888501751 0.1438198339202 0.4014747805994 0.030303030303
0.2307692307693 0.0576923076923 0.0 0.173076923077 0.0576923076923 0.0 0.0 0.9807692307715999 0.0 0.0 0.0 0.1730769230769 0.5192307692303 0.0 0.2884615384613 0.0576923076923 0.230769230769 0.0 0.0 0.0 0.0 0.0 0.2307692307693 0.0
1.48752971623418 0.19334540096188 0.0 0.11289943987799 0.62859910332779 0.07774794128170001 0.0 0.7461641939635799 0.0310374149659 0.03040816326519 0.0208333333333 0.64751030459768 0.1414746526624 0.14857639147360002 1.30738472573059 1.5377158636674 0.47531884903418 0.0208333333333 0.23842223132069 0.1333333333334 0.09207482993199 0.20395158402909 0.70400586034148 0.0208333333333
0.6588560954639 0.10715594957539999 0.0380952380952 0.0530206112295 0.30386413795684997 0.023697302958850003 0.0 0.49486776643104996 0.00877192982455 0.0 0.023697302958850003 0.5563498297978999 0.04536340852125 0.11016346837229998 0.5411064975869 0.7673175476003999 0.24042943178829998 0.0149253731343 0.34496689484899995 0.0761904761906 0.04274492200645 0.2003029962967 0.34811281936165 0.0
0.2 0.30000000000000004 0.0 0.0 0.0 0.1 0.0 0.0 0.0 0.3 0.0 0.0 0.0 0.0 0.0 0.1 0.0 0.0 0.0 0.0 0.0 0.0 0.0 0.0
1.0379896526244 0.0444444444444 0.0 0.19965508745990002 0.2307464892828 0.0 0.0 0.22288741069200002 0.0 0.0731707317072 0.109756097561 0.1921409214092 0.0 0.1497166789849 0.256097560977 0.4936930278395 0.3737127371276 0.0 0.3859571322988 0.0909090909091 0.0909090909091 0.4659768415863 0.5822370041875999 0.0
0.0842105263158 0.1473684210526 0.0 0.0 0.0421052631578 0.0210526315789 0.0 0.3368421052633 0.1052631578946 0.0421052631578 0.0 0.0631578947368 0.105263157895 0.3157894736848 0.0421052631578 0.2526315789476 0.1052631578946 0.0421052631578 0.0631578947368 0.0210526315789 0.0210526315789 0.0421052631578 0.0631578947367 0.0842105263157
0.0 0.0 0.0 0.0 0.0 0.0 0.0 0.0 0.0 0.0 0.0 0.0 0.0 0.0 0.0 0.0 0.0 0.0 0.0 0.0 0.0 0.0 0.0 0.0
0.294117647059 0.0294117647059 0.0294117647059 0.0294117647059 0.0294117647059 0.0 0.0294117647059 0.32352941176460004 0.0 0.0294117647059 0.0 0.264705882354 0.0 0.1176470588234 0.0294117647059 0.0588235294118 0.0588235294118 0.0 0.2352941176467 0.0 0.0294117647059 0.0882352941176 0.2941176470584 0.0294117647059
0.41225961538449996 0.1165865384615 0.0 0.1009615384615 0.046875 0.423076923078 0.0 0.371394230769 0.1310096153845 0.076923076923 0.03125 0.0697115384615 0.240384615384 0.2776442307695 0.3509615384615 0.5432692307694 0.0697115384615 0.0 0.03125 0.03125 0.09375 0.10096153846139999 0.48076923076839995 0.0
0.0 0.0 0.0 0.0 0.0 0.0 0.0 0.0 0.0 0.0 0.0 0.0 0.0 0.0 0.0 0.0 0.0 0.0 0.0 0.0 0.0 0.0 0.0 0.0
0.5154547255803 0.048752834467100006 0.04478458049885 0.21775862448532 0.4223411047270001 0.0408163265306 0.04478458049885 0.8110208484696999 0.062429826299419997 0.02437641723355 0.0204081632653 0.35218391563715 0.05449331836292 0.2808268938645 0.85064834995585 0.82285406071727 0.22413755146037 0.051730400898149995 0.29018338727052 0.028344671201800002 0.04478458049885 0.12308742267127 0.56257292561046 0.0612244897958
0.10619469026544001 0.00884955752212 0.0 0.00884955752212 0.0176991150442 0.05309734513282 0.00884955752212 0.08849557522113999 0.053097345132740004 0.01769911504424 0.0 0.05309734513272 0.00884955752212 0.053097345132740004 0.01769911504424 0.09734513274321999 0.1150442477876 0.0 0.053097345132740004 0.0442477876107 0.0 0.05309734513272 0.13274336283132 0.00884955752212
0.0 0.0 0.0 0.0 0.0 0.0 0.0 0.0 0.0 0.0 0.0 0.0 0.0 0.0 0.0 0.0 0.0 0.0 0.0 0.0 0.0 0.0 0.0 0.0
0.08333333333330001 0.0166666666667 0.0 0.1 0.15 0.0333333333333 0.0166666666667 0.2499999999999 0.0 0.0 0.0 0.23333333333309997 0.0166666666667 0.050000000000100006 0.0333333333333 0.31666666666640003 0.1666666666667 0.0 0.1000000000001 0.0833333333334 0.0166666666667 0.1000000000001 0.2333333333337 0.0
0.49283253353019996 0.1550900291212 0.0 0.16560846560800002 0.3668717443914 0.06428571428560001 0.0 0.2760674295561 0.09080431483519999 0.0802858783478 0.044684385382 0.49029982363269997 0.0766313932979 0.135880398671 0.3766313932983 0.8379373282478 0.0980599647265 0.0232558139535 0.0693757434067 0.107142857143 0.17325581395349998 0.1478343792295 0.6824802099999 0.044684385382
0.14404761904753 0.0238095238095 0.03214285714283 0.05595238095233 0.07976190476183 0.0416666666667 0.0238095238095 0.322619047619 0.095238095238 0.15595238095299999 0.0 0.51785714285716 0.097619047619 0.36666666666636 0.859523809523 0.24523809523853 0.0238095238095 0.041666666666700006 0.1428571428575 0.0238095238095 0.0 0.2714285714289 0.40952380952372996 0.02500000000003
0.0 0.0 0.0 0.0 0.0 0.0 0.0 0.0 0.0 0.0 0.0 0.0 0.0 0.0 0.0 0.0 0.0 0.0 0.0 0.0 0.0 0.0 0.0 0.0
1.3092952213111002 0.2799298971479 0.0796188869628 0.0745682888539 0.14202001702 0.2067795178963 0.0185185185185 0.8342042864613 0.13285533305640002 0.1757423249019 0.0 0.6397770512602 0.2214152785225 0.6421356421356 1.3252570954065002 0.7630315507575 0.34537740372720005 0.0510204081632 0.33794331230390007 0.07185803614360001 0.1590819229296 0.3791887220101 0.5405779014933001 0.26980338301240003
0.0 0.1407302375043 0.021978021978 0.021978021978 0.0 0.0762141084721 0.0 0.0981921304501 0.3906416164491 0.0755051400212 0.0 0.021978021978 0.08720311946119999 0.2609003899324 0.1751152073736 0.043956043956 0.032967032967 0.0762141084722 0.1187522155263 0.0542360864941 0.20595533498809998 0.0542360864941 0.0432470755051 0.0
0.0138888888889 0.0277777777778 0.0 0.0 0.0277777777778 0.0416666666666 0.0 0.1944444444445 0.0555555555555 0.3055555555556 0.0 0.0277777777778 0.0 0.08333333333340001 0.5833333333340001 0.1805555555555 0.0 0.0 0.09722222222219999 0.0 0.0277777777778 0.1805555555556 0.11111111111110002 0.041666666666700006
0.0 0.0 0.0 0.0 0.0 0.0 0.0 0.0 0.0 0.0 0.0 0.0 0.0 0.0 0.0 0.0 0.0 0.0 0.0 0.0 0.0 0.0 0.0 0.0
0.8999756406978 0.1362343739614 0.0784958013874 0.038407329105 0.30552552119990006 0.144578313253 0.0 0.7207446099929 0.0 0.23824114713570005 0.0 1.3410343275861 0.1790610718736 0.5443134351213 0.7501949183337 0.34561399348210003 0.2172287604891 0.0 0.2550893228087 0.1412546738678 0.0392479006937 0.6163784686021001 1.7773874531444003 0.2309929372658
0.1469271469273 0.021978021978 0.0 0.0493827160494 0.1180301180301 0.032967032967 0.0 0.2622439289109 0.048026048025999996 0.0480260480259 0.0 0.1729751729751 0.0603717270383 0.1276624609957 0.133089133089 0.0713607380273 0.0713607380273 0.0727174060507 0.08099308099300001 0.14407814407800001 0.107041107041 0.032967032967 0.10989010989010001 0.087912087912
0.7625534188028 0.2551510989014 0.298611111111 0.1191620879122 0.12362637362619999 0.0889423076923 0.333333333333 0.943185286935 0.6146978021974 0.1304945054944 0.0 0.45932539682510004 0.2668269230772 0.7218788156285999 0.1456043956044 0.9036172161174001 0.1548763736262 0.39926739926700006 0.1593406593406 0.425824175824 0.2239010989012 0.6802884615393999 0.6796016483517999 0.10989010989
0.8205430932701001 0.0403384494293 0.0 0.0165289256198 0.0661157024792 0.19832395768260003 0.0 0.39664791536399996 0.1341759844438 0.0 0.1084103062712 0.1540731995275 0.1467810264601 0.4369863647943 0.1613537977174 0.548788110286 0.082644628099 0.0165289256198 0.115702479339 0.0641479732388 0.1672338356834 0.0403384494293 0.2843368752464 0.0
1.42931686195888 0.1545928658579 0.0291970802919 0.18043717519288 0.41010198576178 0.0602048322299 0.00775193798449 0.7344453184336601 0.1144683981216 0.0 0.00775193798449 0.31925759274736004 0.05898111466289001 0.06705143439149 0.83007141473769 1.11063267513278 0.29032908478959 0.0211267605634 0.34214521554738 0.19657781465010002 0.00775193798449 0.35280403065768995 0.23120690988019 0.0437956204379
1.3096179183127998 0.1085638998681 0.0866930171277 0.2339920948614 0.38629776021010004 0.0521739130434 0.0 0.7422924901178 0.0782608695651 0.030303030303 0.030303030303 0.8727272727264 0.060606060606 0.1691699604741 2.4245059288594 1.0806324110667 0.5891963109358 0.0521739130434 0.577338603425 0.056389986824700006 0.0866930171277 0.3433465085641 0.5984189723313 0.030303030303
0.0 0.111111111111 0.0 0.0 0.0 0.0 0.0 0.33333333333299997 0.0 0.0 0.0 0.111111111111 0.0 0.0 0.222222222222 0.0 0.0 0.111111111111 0.0 0.0 0.111111111111 0.0 0.0 0.0
0.6332962550973 0.0 0.0 0.0172413793103 0.4603262884693 0.0 0.0172413793103 0.2411939191692 0.0 0.0 0.0 0.3099740452349 0.0 0.0989988876528 0.366147571375 0.3529847979231 0.08175750834250001 0.0 0.2884686688919 0.0689655172414 0.0172413793103 0.7319243604013 0.20671116054869998 0.10752688172
0.1379310344826 0.2298850574714 0.0 0.0919540229884 0.32183908046020004 0.0 0.0919540229884 0.2758620689656 0.0919540229884 0.0 0.0 0.2758620689652 0.1379310344826 0.459770114944 0.1839080459768 0.459770114943 0.2298850574712 0.137931034483 0.0459770114942 0.321839080461 0.137931034483 0.1379310344826 0.183908045977 0.0459770114942
0.1809523809525 0.0476190476191 0.0190476190476 0.0285714285714 0.0380952380952 0.0095238095238 0.0 0.0571428571429 0.1809523809527 0.0 0.0 0.0380952380952 0.0285714285714 0.0857142857145 0.0190476190476 0.1142857142857 0.0 0.0190476190476 0.0 0.0285714285714 0.0095238095238 0.0476190476191 0.0476190476191 0.0
0.3000000000006 0.0333333333333 0.0333333333333 0.0333333333333 0.0666666666666 0.0 0.0 0.1333333333332 0.0999999999999 0.0 0.0 0.6333333333336 0.0666666666666 0.0999999999999 0.0999999999999 0.19999999999979998 0.16666666666649999 0.0 0.2 0.0 0.0999999999999 0.2333333333333 0.5000000000008 0.0
0.7985356997494999 0.0885043613927 0.0260869565217 0.1575919106877 0.3606875899946099 0.15419286868310997 0.0 0.615283413449 0.1340552088502 0.11029251702770002 0.0 0.34561492324000004 0.24115921858780998 0.31639216537201 1.0536091912991 0.6494478305575201 0.17775945970501 0.0 0.45898244188681003 0.1028052088503 0.0820974576271 0.53180852884391 0.56559159387341 0.029501453797599997
0.08 0.04 0.02 0.04 0.02 0.04 0.0 0.08 0.02 0.02 0.0 0.13999999999999999 0.06 0.12 0.04 0.06 0.0 0.06 0.0 0.02 0.0 0.0 0.06 0.0800000000001
0.76581239315578 0.07330306698944 0.15766156349106 0.0856537530266 0.60329499596446 0.13394889198178 0.00847457627118 0.6232527660739601 0.0631733745147 0.10888766022895999 0.00847457627118 1.32059241005932 0.038950766747379996 0.72516825227368 3.74222336084444 1.2098778224765399 0.4175504439061 0.0761904761905 1.26155896296856 0.023712671509279998 0.16978410008074002 0.49103212204434 0.7538687378063 0.13755225512070002
0.2609717868331 0.3244514106593 0.0 0.0862068965516 0.3879310344824 0.0 0.0 0.2609717868335 0.2884012539179 0.2609717868336 0.0 0.43103448275719997 0.0885579937304 0.4357366771155 0.7170846394979 0.2429467084638 0.1724137931032 0.0454545454545 0.1724137931032 0.301724137932 0.240595611285 0.4177115987476 0.8416927899703 0.0227272727273
0.125 0.125 0.125 0.0 0.0 0.0 0.0 0.0 0.0 0.0 0.0 0.0 0.125 0.125 0.0 0.125 0.125 0.0 0.125 0.0 0.0 0.0 0.0 0.0
0.08290155440409999 0.0932642487049 0.0103626943005 0.124352331606 0.20725388601 0.0103626943005 0.0103626943005 0.25906735751309995 0.0310880829015 0.0103626943005 0.0 0.155440414508 0.0 0.020725388601 0.0414507772021 0.1243523316061 0.4041450777205 0.0 0.1036269430052 0.0310880829015 0.0 0.0829015544041 0.17616580310889998 0.020725388601
0.7682083997870701 0.023391812865470003 0.0116959064327 0.0555555555556 0.26661350345603996 0.05316321105794 0.0151515151515 0.2830940988835 0.0419989367357 0.0800106326421 0.0 0.7668793195110399 0.045454545454500006 0.26581605528957 0.53774587985087 0.36204146730514 0.27033492822967 0.056087187666170005 0.10047846889947001 0.032163742690069996 0.0268474215842 0.16693248272217 0.6887293992557 0.08160552897397
0.29641365404020004 0.0904868212588 0.0 0.0424528301886 0.131823419271 0.11878870805120001 0.0 0.38131931441760003 0.07187094915730001 0.39471410053239997 0.0 0.6185366556242999 0.099056603774 0.3146694512459 0.47032982860390005 0.2766815497622 0.029418118968700002 0.1199049402275 0.1035215324786 0.11878870805120001 0.0446852945412 0.304983436555 0.8352657352732001 0.1362883479767
1.36 0.0 0.0 0.04 0.0 0.0 0.08 0.04 0.0 0.04 0.0 0.08 0.0 0.04 0.0 0.04 0.04 0.0 0.0 0.0 0.0 0.08 0.16 0.0
1.1682200682762 0.4339924321384 0.1222327387245 0.24691908916570002 0.4047444389721 0.230341658638 0.0 0.7749821529197 0.37067989367299997 0.184696024601 0.047619047619 0.7195253669763 0.24038986929839998 0.7411754233617 2.6844571674156 0.9007787462869001 0.38093491516269995 0.09088576194339999 0.7241431754115 1.0628115311878 0.143044798039 1.126381059648 1.0648805625222 0.1361640780228
0.14710144927536 0.25850055741363 0.0 0.022826086956530003 0.062318840579760004 0.0311594202899 0.0 0.14565217391326 0.5641583054648001 0.09462095875143 0.0 0.11962095875139 0.0789855072465 0.1924470457078 0.11413043478266 0.2316889632107 0.0 0.07179487179483 0.022826086956530003 0.2618171683388 0.18706800445933003 0.29648829431366003 0.09679487179490001 0.0
0.1363636363637 0.545454545454 0.0454545454545 0.0 0.0681818181818 0.295454545455 0.0 0.18181818181929998 0.18181818181780002 0.0454545454545 0.0 0.0681818181818 0.0 0.0681818181818 0.0681818181818 0.1136363636364 0.0227272727273 0.0227272727273 0.0 0.0 0.0 0.0227272727273 0.11363636363650001 0.0
0.0 0.0 0.0 0.0 0.0 0.0 0.0 0.0 0.0 0.0 0.0 0.0 0.0 0.0 0.0 0.0 0.0 0.0 0.0 0.0 0.0 0.0 0.0 0.0
1.6987086870129 0.24732707242190002 0.0353982300885 0.2165206790686 0.5187556438505 0.6132382156407001 0.106194690265 0.8366353621099 0.11365360303399999 0.3428074769726 0.0 1.2539326350021 0.3064610800077 0.38967401119730005 0.4825311540545 1.3407666606477 0.1828472096803 0.1665929203538 0.5951643489258001 0.1403061224491 0.11161278670760001 0.5848880260067 1.5065333212942 0.20945006321110002
0.261343012704 0.0862068965518 0.0172413793103 0.056715063520799996 0.36978221415600004 0.0961887477313 0.0394736842105 0.8017241379305 0.25136116152450005 0.11343012704159999 0.0172413793103 0.6656079854814 0.1701451905625 0.27132486388360005 0.48049001814910003 0.32531760435580004 0.1184210526315 0.0689655172413 0.0961887477313 0.07395644283120001 0.0689655172413 0.0394736842105 0.2613430127044 0.249092558984
0.7206554121152 0.30265640516474 0.07434624296584 0.1327044025159 0.1166666666666 0.03048659384314 0.0 0.6163643709712 0.34145978152924 0.17413108242318 0.0 1.4058536324175 0.25153922542204 0.23314299900683996 0.2625971143172 0.33138861304184003 0.02939424031778 0.1438679245283 0.2936527639857 0.3743545183713 0.13443396226414 0.5785686469224 0.44230143894614005 0.00943396226414
0.1951219512192 0.0081300813008 0.0 0.0325203252033 0.0569105691057 0.0243902439024 0.0 0.0813008130083 0.0 0.0081300813008 0.0243902439024 0.07317073170720001 0.0081300813008 0.0 0.0569105691059 0.1707317073172 0.0162601626016 0.0081300813008 0.081300813008 0.0243902439024 0.0081300813008 0.0487804878049 0.07317073170749999 0.0
1.6523245075835 0.14992376992419998 0.0153846153846 0.14418276250724 0.47850997633916004 0.12541684689330002 0.0 0.7786461654369801 0.06138358286 0.08912352439302 0.00766283524904 0.36821252919412 0.07380161212604 0.3004556355261 2.8732581045577197 1.38002730090282 0.48027061829485995 0.0 0.56121347559512 0.109200630677 0.0700623700623 0.5811407070475 0.60598241415144 0.0938160152924
2.0329986005815 0.1730473267156 0.025641727327500002 0.2142315566009 0.30440177169480004 0.030745318068100002 0.0366972477063 0.5859814947133 0.0315936569658 0.0490939419212 0.0 0.8829528319547999 0.0315936569658 0.2549523258141 3.1736189951608003 0.8281680649993001 0.2941945902134 0.0550458715595 0.6773691100206 0.1384158181184 0.0315936569658 0.351306200883 0.6844304831585 0.1119257518932
0.19178082191770002 0.0 0.0 0.0 0.0547945205479 0.054794520548 0.0 0.221461187215 0.0821917808219 0.1917808219178 0.0 0.221461187215 0.191780821918 0.5251141552508001 0.54794520548 0.1369863013698 0.0 0.0 0.221461187215 0.0 0.027397260274 0.109589041096 0.221461187215 0.0
2.57098541822 0.0 0.0 0.33311564403780003 0.5396152001546 0.0681818181818 0.0132450331126 0.8618276717118999 0.0 0.0264900662252 0.0 0.5022219614478001 0.0132450331126 0.147266808845 0.9019454280144 0.8485800875515 0.2852018898153 0.0338983050847 0.6233839120819 0.0338983050847 0.1628537025891 0.4671680323281 0.5271405830671001 0.0397350993377
0.040816326530500005 0.0306122448979 0.0102040816326 0.0204081632653 0.0 0.0102040816326 0.0 0.1122448979591 0.05102040816310001 0.0 0.0 0.051020408163000006 0.0204081632653 0.173469387755 0.0714285714285 0.1020408163264 0.0306122448979 0.0204081632652 0.0102040816326 0.0918367346941 0.061224489795900006 0.0408163265306 0.0306122448978 0.0204081632653
0.0869565217392 0.01449275362318 0.0144927536232 0.0 0.0144927536232 0.0217391304348 0.0 0.02173913043479 0.03623188405798 0.0579710144928 0.0 0.10144927536227 0.02173913043479 0.06521739130429 0.15942028985558998 0.05072463768119 0.00724637681159 0.057971014492990004 0.02898550724639 0.0652173913045 0.05072463768119 0.036231884058 0.050724637681180004 0.036231884058
0.4492764057889 0.0918712650298 0.015503875969 0.3757169942641 0.17959056327540002 0.117647058823 0.0 0.3976048191611 0.2735738114089 0.0743274053807 0.0 0.8942808457533999 0.470588235294 0.0795593635251 0.0588235294117 0.18897448820389998 0.22521419828630002 0.015503875969 0.3182374541003 0.0310077519379 0.0175438596491 0.16319869441030002 0.5031319749441 0.0588235294117
2.6740610935422 0.1517793399179 0.00995024875619 0.22835999937290002 0.46818091279998003 0.038419016030900005 0.0185185185185 0.76772234195568 0.0468585994901 0.03829032972779 0.0566801619433 1.19344348880849 0.03829032972779 0.2554467876541 2.2910391810626898 0.82412610810089 0.1049207404272 0.0185185185185 0.37774241701929 0.0850202429149 0.11348901018959 0.36630052615918995 0.73912488837788 0.09371719898019999
0.1219512195121 0.0820399113081 0.0 0.0243902439024 0.0243902439024 0.0820399113081 0.0 0.11862527716169999 0.0 0.0 0.0 0.1917960088693 0.15521064301540002 0.09756097561 0.1363636363636 0.3669623059868 0.0243902439024 0.0 0.1396895787139 0.0942350332594 0.08203991130810001 0.0698447893569 0.0487804878048 0.139689578714
1.44011090679324 0.20398567649122 0.16097066569489998 0.18555149565852 1.4730093907686 0.0542456177186 0.14379093810088 0.86365115820848 0.10448352830822001 0.19225620899868 0.018701870187 1.8844657593974998 0.08575700488216 1.1522409552567001 5.342408125917419 1.87420568308896 0.76112060579574 0.0872298409965 1.87613531704162 0.1463941389293 0.15403447859230002 1.07459696883418 1.61130076228872 0.10935290204411999
0.170731707317 0.0487804878048 0.0 0.0243902439024 0.0975609756097 0.0365853658536 0.0243902439024 0.10975609756089999 0.060975609756 0.0 0.0 0.10975609756089999 0.0121951219512 0.0975609756097 0.21951219512220002 0.08536585365839999 0.0243902439024 0.0 0.0731707317072 0.0487804878049 0.0121951219512 0.17073170731679999 0.5609756097558 0.0121951219512
0.0 0.0 0.105263157895 0.0 0.0 0.105263157895 0.0 0.947368421053 0.105263157895 0.210526315789 0.0 0.0 0.0 0.0 0.105263157895 0.0 0.105263157895 0.0 0.0 0.0 0.0 0.210526315789 0.105263157895 0.0
0.4296874999998 0.0585937499999 0.0 0.0781249999999 0.3515625 0.15625 0.0390624999999 0.3906249999996999 0.0585937499999 0.0390624999999 0.0 0.5468749999997999 0.0781249999999 0.1953124999997 0.1171875 0.5078124999999 0.44921875 0.0 0.3320312499996999 0.13671875 0.0585937499999 0.37109375 0.42968749999989997 0.1757812499999
3.72479294853895 0.11997645654425002 0.0229007633588 0.31037573727735 1.1451923588521502 0.06269800561200001 0.0676691729323 0.95988075769425 0.38578279988465003 0.3664511467955 0.1847620679229 1.2960133432218501 0.0468877289322 0.85805884817655 2.5776367890426997 2.0174398268809 0.67734785973 0.0652339987377 0.3801421041169 0.1793486184259 0.1957019962133 0.43442625947950003 1.85636837291945 0.0649120387184
0.5315183164156 0.10029533141649999 0.06352559212969999 0.13033699074889998 0.4079094056217 0.09693129143920001 0.0367697392869 0.8425746640846 0.1604568835688 0.5213479629946001 0.0233918128655 1.1234328854476001 0.20059066283350002 0.3410197735139 0.6688180875823 0.865653543 0.160456883569 0.0367697392869 0.3309276535824 0.0401337792642 0.0233918128655 0.2541023685186 0.9293356021036001 0.1103092178606
0.0 0.0 0.0 0.0 0.0 0.0 0.0 0.0 0.0 0.0 0.0 0.0 0.0 0.0 0.0 0.0 0.0 0.0 0.0 0.0 0.0 0.0 0.0 0.0
1.6964279544176 0.48840057017780003 0.050143210263999996 0.263183581199 0.5195302309623999 0.26717958519490004 0.0185185185185 1.0728997973873 0.3481790642704 0.2059851863476 0.027341079972599998 1.3169329072012 0.2771393827045 0.6440266393684 1.5725294422543001 1.3775894611795 0.6509040355118 0.1989705447169 0.7689730191727999 0.2052861180386 0.0927407780643 0.6370688421251 1.064483501516 0.2355665494321
0.1054421768708 0.08163265306129999 0.0 0.00680272108843 0.12244897959206001 0.0102040816326 0.0 0.09183673469373001 0.22108843537400003 0.09523809523806001 0.0 0.09863945578223 0.06802721088433 0.11904761904769 0.18367346938753 0.18027210884362999 0.02380952380946 0.05442176870736 0.156462585034 0.1156462585035 0.0816326530613 0.0748299319728 0.09183673469383 0.01700680272103
0.0776699029126 0.0970873786407 0.0970873786407 0.0194174757281 0.0194174757281 0.135922330098 0.0 0.15533980582610002 0.1553398058252 0.0194174757281 0.0 0.33009708737840004 0.0388349514562 0.13592233009670002 0.0776699029126 0.34951456310719997 0.0194174757281 0.0194174757281 0.1165048543688 0.0 0.0 0.0194174757281 0.0970873786407 0.0194174757281
0.0 0.0 0.0 0.0 0.0 0.0 0.0 0.0 0.0 0.0 0.0 0.0 0.0 0.0 0.0 0.0 0.0 0.0 0.0 0.0 0.0 0.0 0.0 0.0
0.7064100164031 0.135519155196 0.046287593985 0.1760355538236 0.1559197849114 0.1999047878385 0.0161985710766 0.3658492012553 0.151963368788 0.106950673061 0.0111480660261 0.5970901246096 0.14329821111350002 0.38581941388009994 0.22749912243659998 0.8408732300545 0.2401755439505 0.026185660011100002 0.2921302818207 0.0746951219513 0.010101010101 0.1997537033643 0.7693036464496 0.120888157895
0.0610687022901 0.0458015267176 0.00763358778625 0.0 0.07633587786275 0.00763358778625 0.00763358778625 0.0458015267175 0.09160305343530001 0.0458015267175 0.0 0.0458015267176 0.02290076335875 0.09160305343524999 0.04580152671755 0.13740458015274998 0.030534351145 0.06106870229005 0.02290076335875 0.0381679389313 0.038167938931349996 0.02290076335875 0.0458015267175 0.00763358778625
0.8934059380873 0.2550102499768 0.0492457852705 0.1004908710108 0.17705013039700002 0.1065844628706 0.0443349753694 1.0038741133628 0.40384909585990003 0.049964813511500006 0.0 1.1823395025179002 0.1213627879935 0.37920325551490003 0.4757318219648 0.359398332046 0.19827481217350001 0.0397607318788 0.5306800381323 0.2737202827153 0.150200409999 0.5322806783878999 0.6584585858327 0.0147783251231
1.4861748900816 0.0510991695163 0.0 0.1554469956033 0.18808011724450002 0.393551538837 0.0 0.6381045432342 0.0848070346848 0.0510991695163 0.0695652173912 0.31196873473380005 0.11958964338040001 0.0695652173912 0.241328773815 0.8326331216420001 0.4446507083549 0.0347826086956 0.24132877381520002 0.241328773815 0.0848070346848 0.9513434294092 0.30874450415279997 0.0
2.40821503414617 0.34244198032629 0.0374497625137 0.6982365811093001 1.10266331282339 0.37178783641587 0.1147619868083 1.8800355980890502 0.09169681633449 0.41691904887788 0.0 1.30241262482864 0.16245192387189 0.5069781371009401 4.42476554038839 2.8496598271071005 0.78052233845168 0.0374497625137 1.04188777276089 0.44137694283048 0.39280203187546003 0.8582407835583701 1.6488988041301598 0.08834555314107
2.3200933612082 0.24205583112049997 0.0121951219512 0.30845547681795 0.45139340800615 0.1190786548743 0.03243313934475 1.47381340379555 0.32298434338119997 0.05863401270715 0.024128686327 1.30205573974575 0.10688353292309999 0.30820177168089996 3.7551202893569497 1.6969233005257998 0.4485725266886 0.038395995313599995 1.3689706481565997 0.3486621015923 0.05863401270715 0.6957751312993 1.4699541446172 0.036585365853600005
0.0 0.0 0.0 0.0 0.0 0.0 0.0 0.0 0.0 0.0 0.0 0.0 0.0 0.0 0.0 0.0 0.0 0.0 0.0 0.0 0.0 0.0 0.0 0.0
1.2681170181177 0.1025826650826 0.047619047619 0.1490384615384 0.2882387882391 0.1485929610929 0.0686875061875 0.8498725373737 0.0611325611325 0.10601054351059999 0.0 0.3679524304528 0.1128786753786 0.4176071676072 0.4734617859622 0.9098913473915 0.2704125829126 0.047619047619 0.4256014256014 0.0279365904366 0.1137882387881 0.9274391149392 0.7756781506784999 0.0398413523414
0.1492537313433 0.07462686567150001 0.0 0.0597014925373 0.0298507462686 0.0298507462686 0.0 0.22388059701480004 0.0298507462686 0.0298507462686 0.0 0.35820895522389995 0.0298507462686 0.14925373134320002 0.07462686567150001 0.1641791044776 0.11940298507460001 0.0 0.0597014925372 0.0149253731343 0.0597014925373 0.07462686567150001 0.1791044776119 0.08955223880589999
0.2102870133562 0.00653594771241 0.0130718954248 0.03410059676041 0.053708439897600005 0.042057402671200006 0.035521454958810005 0.11025859619201002 0.06678033532251001 0.053708439897610004 0.0 0.17334470019891002 0.0196078431372 0.12986643932931002 0.26768968456910003 0.19948849104862001 0.09207161125313 0.0406365444729 0.09065075305481002 0.0718954248368 0.0667803353225 0.053708439897610004 0.14066496163682002 0.027564649048000003
0.06751054852329 0.0253164556962 0.00421940928269 0.00843881856539 0.01265822784808 0.0 0.0548523206752 0.12236286919816 0.05063291139249 0.01265822784807 0.0 0.26160337552718 0.016877637130789998 0.0253164556962 0.0126582278481 0.07172995780599001 0.02953586497888 0.0 0.06329113924069 0.0 0.00843881856539 0.025316455696179997 0.12658227848038 0.0
3.8908341010502 0.15184829960000001 0.0361547838869 0.3093929218788 0.9797295799445999 0.0541366361112 0.1368256968062 1.6445046403811001 0.1126412784044 0.20817117970899998 0.0 1.6146364033544 0.17201191400889998 0.8874278751277 2.8662700792440003 2.8852753348379006 0.4974139326179 0.0144628099173 1.1885720895292 0.28294271704010004 0.16173051264800004 1.6406911682574 2.1341697200071 0.13015632563040003
0.0597014925373 0.0597014925373 0.0298507462686 0.0149253731343 0.0597014925373 0.0 0.0149253731343 0.179104477612 0.0298507462686 0.0 0.0 0.0746268656717 0.0746268656717 0.0597014925372 0.0597014925372 0.1194029850745 0.0149253731343 0.0 0.0 0.0298507462686 0.0149253731343 0.0149253731343 0.0597014925373 0.0298507462686
2.2556601436431998 0.4769224071726999 0.2370938603539 0.3146162775843 1.8183781548064 0.5250769230779 0.1191541684571 2.2236753626634 0.3578537884511 0.7176309953095 0.0328077997421 2.0666996955268 0.3780535137925 1.8356364836123 1.8386483304263 2.2443387461341002 0.6863871198692 0.1738056136842 1.6908380596869 0.4252869200876 0.3303748982804 0.9852816786566 2.1031466296602 0.1626324293267
0.0 0.2500000000003 0.0 0.0 0.0 0.0 0.0 0.0 0.0 0.166666666667 0.0 0.0 0.0833333333333 0.2500000000003 0.0 0.0 0.0 0.0 0.0 0.0 0.0 0.0833333333333 0.0833333333333 0.0833333333333
0.0 0.0 0.0 0.0 0.0 0.0 0.0 0.0 0.0 0.0 0.0 0.0 0.0 0.0 0.0 0.0 0.0 0.0 0.0 0.0 0.0 0.0 0.0 0.0
0.5516546762586 0.27741007194190004 0.0831654676258 0.1726618705038 0.2774100719427 0.17266187050389997 0.0215827338129 0.8817266187044 0.1015827338129 0.3015827338129 0.0 0.7553956834527 0.1479136690647 0.23424460431679997 0.1726618705038 0.6658992805757 0.2589928057548 0.0431654676259 0.4253237410077 0.0863309352518 0.0615827338129 0.7306474820158999 0.4532374100727 0.12316546762580001
1.2738049299631102 0.10227376495301999 0.0257510729613 0.10806748284251 0.44301995440981 0.0724669211447 0.04829346645531 0.89387455725571 0.05561135969311999 0.0740445394166 0.0626174324083 1.02163218055222 0.11944114692720001 0.52385679484633 0.79497947918001 0.9988936894008 0.2533131456548 0.01716738197422 0.4112517132243 0.1137543148848 0.0257510729613 0.39144584990481 1.1077013777753102 0.060986371212899994
0.027972027972 0.048951048951 0.0 0.006993006993 0.034965034965 0.027972027972 0.0 0.1328671328672 0.006993006993 0.027972027972 0.006993006993 0.258741258741 0.027972027972 0.06993006993 0.0699300699302 0.055944055943999996 0.0 0.020979020979 0.034965034965 0.006993006993 0.006993006993 0.034965034965 0.090909090909 0.0
0.0 0.0 0.0 0.0 0.0 0.0 0.0 0.0 0.0 0.0 0.0 0.0 0.0 0.0 0.0 0.0 0.0 0.0 0.0 0.0 0.0 0.0 0.0 0.0
1.7845647900731998 0.8679926340367 0.1062305073447 0.2583942697182 0.9082377431912 0.3623744829419 0.0445682451253 1.5559792458737 0.42645230798820005 0.43990163010969996 0.017094017094 1.9091048195668003 0.4215826114555 0.8937010343352999 1.1485061125542 1.8467528195705 0.6660502566141 0.0949023199022 0.6556937052188999 0.1910146299069 0.07423687423679999 1.3567204551678 1.6294212008436 0.34052328712900004
0.3680926916217 0.2513368983961 0.0 0.0445632798574 0.1185383244207 0.0900178253119 0.147058823529 0.6782531194313999 0.3992869875225 0.193404634581 0.0 0.2219251336898 0.4126559714796 0.41265597147910005 0.5338680926918 0.2950089126558 0.3244206773617 0.11942959001780001 0.4875222816399 0.1782531194301 0.3244206773613 0.1925133689838 0.1622103386808 0.0445632798574
0.2571428571424 0.2000000000002 0.0666666666666 0.07301587301580001 0.1238095238094 0.311111111111 0.0 0.1777777777782 0.0888888888889 0.07936507936500001 0.0 0.4857142857137 0.1015873015872 0.2095238095236 0.473015873016 0.5365079365084 0.0888888888888 0.1936507936512 0.095238095238 0.0 0.0857142857142 0.1238095238094 0.2063492063488 0.0222222222222
0.0 0.0 0.0 0.0 0.0 0.0 0.0 0.0 0.0 0.0 0.0 0.0 0.0 0.0 0.0 0.0 0.0 0.0 0.0 0.0 0.0 0.0 0.0 0.0
1.14433955878119 0.0762896448704 0.0767772960019 0.21661929878070002 0.48971684659609 0.30592187730589004 0.06127108377599 1.1685781840145002 0.24243138039199003 0.22372041167039 0.0 1.20957760928869 0.26166117509389 0.9281866576108 0.6461908643955001 1.30799470088938 0.4242231126218 0.09135804044200002 0.47393875355250004 0.1109805178616 0.10496348261890001 1.25347417965188 1.03723047718158 0.14455484660509
0.1420023932986 0.07243717590740001 0.035739928201 0.054088552054200004 0.2501794974073 0.0173913043478 0.0 0.46078978859200004 0.1265257279616 0.1593936976465 0.0 0.2318308735538 0.07243717590740001 0.2318308735539 0.5563621858800001 0.26757080175490006 0.14487435181480002 0.0733944954128 0.22800159553300003 0.1777423214999 0.2008775428799 0.1796569605104 0.1767850019942 0.1400877542882
0.48527561813520004 0.31879107798992 0.14650934119952 0.0584795321637 0.30009043295012 0.17064292984172003 0.143231727302 1.21231208457496 0.43785471545102 0.30124721834052004 0.037037037037 1.21953909052144 0.2312270351394 0.94075414312898 0.56935603512164 0.6675099555859599 0.217536362273 0.1286549707604 0.6233985140598 0.33112160743679997 0.08787455364064001 0.53779739038232 0.72338929162392 0.1103693353344
0.5824175824177 0.09780219780209999 0.0153846153846 0.032967032967 0.148351648352 0.1934065934064 0.0153846153846 0.4901098901104 0.0494505494505 0.032967032967 0.0 0.3395604395606 0.0648351648351 0.0164835164835 0.1274725274724 0.7186813186822001 0.1395604395605 0.032967032967 0.17802197802179998 0.0813186813187 0.0164835164835 0.22527472527460002 0.3857142857152 0.0153846153846
2.185236624781 0.39566423479779994 0.0632904521521 0.39400092841479994 1.1291132530934997 0.3185130398823 0.0764483468889 1.8365161987554002 0.37220169970670003 0.275508512252 0.0347406285497 1.4641875806171998 0.25753852445569997 0.5906781563993999 2.5787822918848997 2.5930699023077 0.6949280452248999 0.13277170925159998 1.4249889913249 0.4073285924319999 0.1625060841799 0.7488129983541001 1.6078928167472002 0.2552803875495
1.14337412369107 0.1392550984249 0.11435679433919 0.2787098010335 0.34467371411799 0.08309144169519 0.0132450331126 0.7786063143067 0.11938754875589999 0.141284579305 0.0874174404135 0.77155186348889 0.053867138891499994 0.36956044924379 0.93880978854578 1.0726021982936902 0.3547294384709 0.0148367952522 0.5946470104218899 0.1166533121775 0.10500004120429 0.55537276774588 0.76216618795459 0.0468011191146
0.146666666667 0.0666666666667 0.0133333333333 0.0 0.053333333333299995 0.0133333333333 0.0 0.0933333333333 0.1466666666667 0.0133333333333 0.0 0.0266666666666 0.0666666666667 0.0266666666666 0.08 0.0266666666666 0.0133333333333 0.0266666666667 0.08 0.0266666666667 0.0133333333333 0.0266666666666 0.0266666666667 0.0133333333333
0.7801950998181799 0.1566810344827 0.0 0.1572859951602 0.30569797338179 0.0 0.00624999999999 0.84470281306778 0.0125 0.17482985480930002 0.0 0.50409860859029 0.0725877192982 0.73038793103459 0.1564692982458 0.7368194192381 0.5051346037507001 0.0125 0.3470319116759 0.0695704779189 0.0344827586207 0.67914776164659 0.6728939806421 0.04073275862069
0.08666666666667999 0.02666666666666 0.0 0.0133333333333 0.0733333333333 0.0333333333333 0.0 0.10666666666672 0.0333333333333 0.02 0.0 0.05999999999998 0.04666666666666 0.13333333333345998 0.0466666666666 0.08666666666656 0.00666666666666 0.0 0.0133333333333 0.0600000000002 0.02666666666666 0.08666666666666001 0.03999999999996 0.0
0.17238095238099999 0.0890476190477 0.0238095238095 0.0 0.1719047619045 0.0357142857143 0.0119047619048 0.16333333333349997 0.24904761904760003 0.08 0.0 0.1990476190477 0.0533333333334 0.24333333333350002 0.3823809523813 0.29095238095250003 0.0771428571428 0.0266666666667 0.24333333333340001 0.0119047619048 0.1452380952381 0.1571428571429 0.1604761904764 0.0119047619048
0.5188732394365 0.1645070422535 0.1408450704225 0.192676056338 0.1793427230045 0.0 0.281690140845 0.38985915492940004 0.0133333333333 0.0281690140845 0.0 1.2037558685454 0.0281690140845 0.3350234741789 0.1675117370891 0.7248826291084001 0.1808450704224 0.0 0.5322065727697001 0.0696713615023 0.0696713615023 0.2920187793432 1.4454460093937 0.0415023474178
2.9398798639976 0.3558275798302 0.0407857327475 0.5018882012835 1.0824692951183 0.4355293723034 0.104678655776 1.9334737533034 0.4184821000372 0.5502610617236 0.0401146131805 1.7515224599549999 0.5421264617987 1.1297228971445 2.1225307064585 2.2435381424751997 0.5083839556945 0.0438356164383 1.1399077158611999 0.2643818672711 0.2631175985723 1.6711860389013 1.6411767748759 0.2751795352518
0.20146520146519997 0.043956043956 0.0 0.051282051282 0.0 0.03663003663 0.0 0.2344322344331 0.010989010989 0.1282051282053 0.0 0.1428571428574 0.062271062271 0.164835164835 0.021978021978 0.1831501831501 0.010989010989 0.032967032967 0.021978021978 0.190476190476 0.010989010989 0.095238095238 0.29670329670330003 0.058608058608
1.1306515164351998 0.18366112783337002 0.0828351131818 0.36451688740257 1.6015607401793701 0.4195446973104 0.14657980456 2.11511283465917 0.16567022636417 0.38947440757897 0.03086903338417 1.5459461336335 0.21918937863397 0.9237534730742999 0.9538534209179701 1.4903860690785 0.4946144481317 0.029315960912 1.2931120114641699 0.4133768222565 0.42004266428267 0.72172196458257 1.6563913597948001 0.2078199043561
0.1485714285713 0.1028571428574 0.0 0.0342857142857 0.0457142857144 0.0114285714286 0.0 0.21714285714349998 0.0685714285714 0.0228571428571 0.0 0.1142857142858 0.0571428571429 0.1257142857143 0.1257142857145 0.12571428571419999 0.1028571428575 0.0114285714286 0.0685714285714 0.102857142857 0.0342857142857 0.0342857142857 0.36571428571389997 0.08
0.0 0.0 0.0 0.0 0.0 0.0 0.0 0.0 0.0 0.0 0.0 0.0 0.0 0.0 0.0 0.0 0.0 0.0 0.0 0.0 0.0 0.0 0.0 0.0
0.34408602150519996 0.0430107526881 0.0215053763441 0.0860215053763 0.1290322580645 0.0215053763441 0.0430107526881 0.7096774193549 0.0 0.0430107526881 0.0215053763441 0.47311827957089997 0.0430107526881 0.15053763440819998 0.0430107526882 0.3440860215053 0.3225806451612 0.0 0.1935483870966 0.10752688172 0.0 0.5806451612901 0.2580645161292 0.0215053763441
1.1925714540097099 0.16835708315362 0.00588235294117 0.12340979644184 0.68007196404214 0.08975674144597 0.04309738312767 0.6598047403158 0.07362329143931 0.11672067456694 0.0742908330845 0.83002522111599 0.12105910328508998 0.36184813310813 0.84586332089624 1.1466666486123598 0.40838003759249 0.01176470588234 0.46758953815151 0.09224526658009999 0.07681865645647 0.23515202542957 1.11328167005084 0.061719358268410004
0.3594563331405 0.0963948332369 0.0 0.0685367264313 0.1883555041448 0.066319645267 0.0128205128205 0.3988818199345 0.0300751879699 0.42751108540530003 0.0 0.5793329477544 0.1030460767303 0.1927896664739 0.1158665895506 0.2485058800846 0.045112781954700004 0.066319645267 0.1309041835356 0.042895700790400004 0.0406786196259 0.23173317910170002 0.48814343551179995 0.0663196452669
0.0 0.0 0.0 0.0 0.0 0.0 0.0 0.0 0.0 0.0 0.0 0.0 0.0 0.0 0.0 0.0 0.0 0.0 0.0 0.0 0.0 0.0 0.0 0.0
1.5262988910689 0.5038022820906999 0.0901063210466 0.224341032959 0.927350485162 0.0835309617917 0.0340045377198 1.2913967493634 0.3957954342954 0.31751461195110003 0.0060975609756 0.9433050659348998 0.2909003453787 0.8904219859774999 0.6930472073812 1.5344129056486 0.5091868996583 0.1736194181187 0.9696510450554999 0.4527144481035 0.09497121638280001 0.6264318435184999 1.176654356427 0.2444443939899
0.22499999999999998 0.07500000000000001 0.0 0.225000000001 0.1 0.0749999999999 0.0 0.275 0.35 0.17500000000000002 0.05 0.05 0.0999999999999 0.2249999999999 0.1249999999999 0.3249999999999 0.07500000000000001 0.0 0.025 0.125 0.1 0.07500000000000001 0.125 0.1
0.1818181818181 0.090909090909 0.0454545454545 0.0 0.0 0.363636363636 0.0 0.5000000000005 0.1363636363636 0.0909090909091 0.0 0.4090909090906 0.0909090909091 0.2272727272731 0.1363636363635 0.3181818181815 0.318181818182 0.0 0.2272727272731 0.0454545454545 0.0 0.1818181818182 0.5454545454542 0.0909090909091
0.0 0.0 0.0 0.0 0.0 0.0 0.0 0.0 0.0 0.0 0.0 0.0 0.0 0.0 0.0 0.0 0.0 0.0 0.0 0.0 0.0 0.0 0.0 0.0
0.9084785008895 0.33444918113209 0.0861835245047 0.18187910200569002 0.37512625488149004 0.2669794925278 0.0119047619047 1.0810249647310801 0.21491136600619 0.2159617861744 0.0 1.2491668200123898 0.2077685088635 0.638370749759 0.5407634586675 0.8814942035205 0.2424860455128 0.0367647058823 0.5843581958331001 0.1601821750597 0.1034313725488 0.8192531027007899 0.74461959966568 0.11444212721599
0.17635163899516998 0.04310344827587 0.0172413793103 0.0 0.09993614303949999 0.06406981694337 0.0 0.1824180502341 0.041932737334899994 0.07034908471677 0.0 0.2206257982118 0.11089825457619999 0.16028097062577001 0.17518092805444 0.13814389101748 0.058003405704569994 0.08641975308630001 0.05544912728807 0.0246913580247 0.0123456790123 0.06779480630047 0.1269689229458 0.0677948063005
0.12420634920628001 0.09166666666664 0.0484126984126 0.00833333333332 0.12976190476175 0.03333333333333 0.111111111112 0.41984126984118 0.15515873015855003 0.08055555555550001 0.0 0.5269841269842099 0.10753968253967003 0.72103174603086 0.1964285714285 0.16507936507952 0.09642857142853001 0.0166666666667 0.34484126984102004 0.1666666666669 0.05 0.1309523809523 1.1793650793648 0.09563492063482999
0.35221674876790005 0.0600985221674 0.0 0.0285714285714 0.0857142857142 0.1004926108375 0.0 0.1832512315272 0.0285714285714 0.0857142857142 0.0428571428571 0.48128078817650005 0.0571428571428 0.0285714285714 0.2665024630544 0.3689655172411 0.07142857142850001 0.0142857142857 0.128571428572 0.166009852217 0.0142857142857 0.120197044335 0.31527093596050004 0.0
2.0214475509246 0.21012163819090002 0.0820523988206 0.42167248852550004 1.4989462530025 0.421383215385 0.0915062381227 2.3268620008505 0.4303950993391 0.4829312332369 0.0 1.3179556097909 0.4218797905334 0.4462567727179999 2.3328309629370003 3.8856205536046 1.5688890480114002 0.14667942698710001 1.2687337106413 0.5114234199657001 0.2639863292013 0.7837274769084 2.0189456632411 0.0457531190613
1.1369315668849 0.2693629684725 0.049594518828299995 0.19647212952180002 0.5880504514408 0.038899331662499995 0.0106951871658 0.8863661493314999 0.042780748663100006 0.1241212992374 0.0 1.0968053489349 0.09401120894920001 0.44485377883229993 1.1287599569341 1.3746875544472 0.4214879332914 0.038899331662499995 0.9517027305336 0.2077768507724 0.10634233757289999 0.7722609777580001 0.971179061736 0.0479585773703
0.0563380281689 0.0281690140845 0.0281690140845 0.0140845070422 0.0 0.0281690140844 0.0 0.0704225352113 0.0704225352111 0.0563380281689 0.0 0.1267605633802 0.0422535211267 0.056338028169 0.0563380281691 0.0563380281689 0.0563380281689 0.0281690140845 0.0422535211267 0.0 0.0422535211267 0.0704225352112 0.0563380281689 0.0140845070422
0.6328242927022 0.1724564412747 0.05286446204 0.24457869730890003 0.3689552057552 0.19685835515039998 0.0181818181818 0.8094354801976 0.1346446954983 0.1791423031537 0.071965269661 0.8656420343185 0.0899142047501 0.3172934271044 0.46138095280040003 0.8148176761064001 0.3984000971479 0.150446871897 1.1313221767826998 0.1293310463121 0.0810941271117 0.7672347469555001 0.8660319037858999 0.045183714002
0.1558441558441 0.0649350649351 0.0 0.0519480519481 0.0909090909091 0.038961038961 0.0 0.2467532467531 0.064935064935 0.025974025974 0.0 0.10389610389599999 0.0909090909091 0.246753246753 0.077922077922 0.2727272727271 0.051948051948 0.0 0.064935064935 0.103896103896 0.0649350649351 0.051948051948 0.0649350649351 0.064935064935
0.1666666666667 0.0151515151515 0.0 0.0 0.030303030303 0.0151515151515 0.0 0.0757575757575 0.0151515151515 0.0151515151515 0.0 0.12121212121210001 0.0757575757575 0.045454545454500006 0.0151515151515 0.0757575757575 0.0909090909091 0.0 0.045454545454500006 0.0909090909091 0.0151515151515 0.0 0.090909090909 0.0
0.28505557045361996 0.24713208783992 0.035398230088419996 0.080852775543 0.07582461786002 0.09177318911823999 0.0 0.42446589791744 0.0 0.026548672566359996 0.074074074074 0.67337087691152 0.1708754208753 0.447535830279 0.1305607699412 0.56804028485402 0.2846235213496 0.0 0.41572807723220007 0.03157683024942 0.0947304907481 0.2866943774021 0.4970129018807 0.058125502815699996
1.5380320878240001 0.3200682895026 0.1383190367921 0.332543880221 0.7231676772779 0.3760877480988 0.11224326059039999 1.0369064470211 0.0522103658536 0.29585513972519994 0.0288461538461 1.2753884773547 0.1474850960596 0.5212654949512 1.1052958988651 1.1154929587028 0.5671074546058 0.0182926829268 0.5179959221278 0.0679575953191 0.0590315493236 1.0153875495206002 1.4807330117257 0.1542862217631
0.16666666666649999 0.1333333333332 0.133333333333 0.0 0.0333333333333 0.0 0.0 0.2999999999995 0.0333333333333 0.0333333333333 0.0 0.33333333333390003 0.133333333333 0.133333333333 0.0333333333333 0.0333333333333 0.0 0.0666666666666 0.0333333333333 0.133333333333 0.0 0.16666666666649999 0.0666666666666 0.0333333333333
1.7372078567451001 0.30674553302370006 0.048084876820599996 0.1409355406286 1.1442461305051 0.38002523273140004 0.0692937495839 1.4859013636246998 0.1897100841173 0.1897100841174 0.0404551826502 1.1466963259976 0.1651398204344 0.9324582792832998 0.8777375630446 1.6406181168971998 0.4396659008982 0.0 1.2529645588212999 0.21751580688480002 0.1558322567639 0.8892477416327 1.3932893830338 0.1565186117604
0.1428571428572 0.1302521008404 0.0 0.0714285714286 0.1641456582634 0.11596638655460001 0.0142857142857 0.46582633053260003 0.1212885154062 0.1605042016807 0.0142857142857 0.1910364145658 0.0927170868348 0.1588235294118 0.07675070028009999 0.20168067226890002 0.0428571428571 0.0196078431373 0.0767507002801 0.11064425770309999 0.1498599439776 0.1302521008404 0.3196078431373 0.0285714285714
0.0 0.0 0.0 0.0 0.0 0.0 0.0 0.0 0.0 0.0 0.0 0.0 0.0 0.0 0.0 0.0 0.0 0.0 0.0 0.0 0.0 0.0 0.0 0.0
0.23780487804919997 0.0548780487804 0.0182926829268 0.21951219512140002 0.1646341463414 0.0 0.0182926829268 0.3475609756092 0.0365853658536 0.0182926829268 0.0 0.310975609756 0.0182926829268 0.109756097561 0.1280487804876 0.23780487804859998 0.1646341463416 0.0 0.1646341463414 0.0365853658536 0.0 0.3475609756098 0.3475609756098 0.0182926829268
0.6318658901711 0.1312429124204 0.0 0.0927219736504 0.66354621859019 0.17352176131879 0.0578856374463 0.9951950752070899 0.14553662113288 0.12914422822760002 0.0246913580247 0.71940048119388 0.17199356070278998 0.22900198962789 0.4789202579989 0.684215830852 0.46121178700689003 0.0372670807452 0.2859278271461 0.16583024143749 0.1853918494421 0.5171945302869799 0.79667569267529 0.22161719469088997
0.34512743628160003 0.2074962518738 0.0 0.0347826086956 0.1730134932533 0.0518740629685 0.08635682158909999 0.6056971514250001 0.0695652173912 0.4827586206894 0.0344827586207 0.7100449775111 0.1217391304348 0.207796101949 0.207796101949 0.8290854572725 0.1727136431783 0.103448275862 0.1382308845577 0.13823088455760002 0.0344827586207 0.3802098950524 0.7961019490265 0.0689655172413
0.0 0.0 0.0 0.0 0.0 0.0 0.0 0.0 0.0 0.0 0.0 0.0 0.0 0.0 0.0 0.0 0.0 0.0 0.0 0.0 0.0 0.0 0.0 0.0
0.78745897712095 0.3746835046629 0.01838627595825 0.19524342882935 0.8456093805734499 0.28218570980885 0.0539168278529 1.8756572634545998 0.6582195198797 0.47204166675565 0.0555555555555 0.8391805595674999 0.2309419051526 0.54973074208815 0.8794288485474999 1.31241304442605 0.4835350845085 0.1573600263337 0.6732923556729 0.23694265076819998 0.21761021332060002 0.4389925484884 1.17518491680265 0.18642899386825001
0.054054054054 0.054054054054 0.0 0.0 0.0135135135135 0.0 0.0 0.1081081081081 0.1351351351351 0.0810810810811 0.0 0.027027027027 0.027027027027 0.08108108108100001 0.06756756756750001 0.054054054054 0.027027027027 0.0135135135135 0.09459459459450001 0.0 0.08108108108100001 0.040540540540500006 0.027027027027 0.0135135135135
0.2888888888886 0.2333333333334 0.0666666666666 0.0444444444444 0.13333333333340003 0.21111111111160002 0.0 0.7968253968248 0.37619047619080004 0.5301587301584 0.0 0.4 0.0222222222222 0.3650793650793 0.13333333333340003 0.3888888888888 0.0 0.1 0.14444444444440002 0.0222222222222 0.253968253968 0.1333333333332 0.2777777777778 0.07777777777780001
0.0 0.0 0.0 0.0 0.0 0.0 0.0 0.25 0.0 0.0 0.0 0.0 0.25 0.0 0.25 0.0 0.0 0.0 0.0 0.25 0.0 0.0 0.0 0.0
0.6117942129637 0.25383290941159997 0.062443013807699996 0.1465941357394 0.51420741071106 0.1418080931727 0.17712796762580002 1.02131621351888 0.0611520510931 0.1250447073995 0.0 0.74552715296588 0.2307770825596 0.6744551154853 0.56498991329634 1.00084023908086 0.3968773402493 0.040758676351899996 0.51188113604526 0.12421158339427998 0.0525693556344 0.6566269248193 0.85234259626038 0.0328221684154
0.3240331705801 0.2696272184762 0.0588235294118 0.2190963341866 0.1945284042471 0.17561807331680002 0.0289855072464 0.645043788266 0.3131054793457 0.117647058824 0.0588235294118 0.5914903510815 0.3240331705801 0.2977602108034 0.2204138572429 0.4918236069128 0.060606060606 0.11942959001780001 0.1501976284584 0.16073781291199998 0.2380066651166 0.3684414477249 0.4412927226226 0.1304347826094
0.076064908722 0.0564570655847 0.0713319810682 0.0588235294117 0.09093982420529999 0.0564570655848 0.120689655173 0.2329276538205 0.0760649087219 0.1081812035157 0.0 0.3654496281274 0.07133198106809999 0.410074374578 0.11528059499650001 0.09567275185919999 0.1717376605818 0.0 0.1497633536172 0.1152805949966 0.0 0.1717376605814 0.36849222447560004 0.0172413793103
0.142015503876 0.1065116279069 0.0 0.00775193798449 0.066511627907 0.035503875969 0.0 0.18077519379848 0.01550387596898 0.01550387596898 0.00775193798449 0.46077519379839 0.15426356589149 0.00775193798449 0.12201550387609 0.26604651162797993 0.0232558139535 0.00775193798449 0.0387596899225 0.1497674418607 0.00775193798449 0.051007751937979996 0.1130232558142 0.02
0.5977508103098899 0.19762202952691002 0.07431043027693002 0.11042452721985999 0.70443398071228 0.07563331196501 0.030290756545629998 0.85205671119675 0.07581958864826001 0.07568349486479 0.0338983050847 0.67398070062176 0.06859065357706 0.22143597045272 0.41689125609394995 0.952465809808 0.33457961044371 0.02489246819803 0.29761071246629 0.059589513625499996 0.04282968792896 0.4149270539041 0.5894224972549901 0.07486011926873
0.20323336293844002 0.0823807385044 0.00983381793253 0.05352991963871 0.20823863668335 0.0248856604789 0.00564971751412 0.33207089894603004 0.04455329634391 0.050592494284429995 0.00418410041841 0.33035031850722 0.00983381793253 0.15433161894397002 0.12547460891543 0.31973753972196 0.09558367469163 0.00983381793253 0.25599051288735003 0.0811700847514 0.05292149718075 0.24434549840574 0.27638870596812 0.02488566047882
0.0 0.0 0.0 0.0 0.0 0.0 0.0 0.0 0.0 0.0 0.0 0.0 0.0 0.0 0.0 0.0 0.0 0.0 0.0 0.0 0.0 0.0 0.0 0.0
0.4631688653786 0.0417972831766 0.010101010101 0.1985452586207 0.379519875479 0.0349317528736 0.0583692528735 0.48939285092289997 0.0114942528736 0.1355472831764 0.010101010101 0.5288526428072 0.0114942528736 0.2657147988507 0.1405705764544 0.4152951933122 0.32030705764530004 0.0468749999999 0.32762158220119997 0.021595262974600002 0.0234375 0.5096955546857 0.509594871126 0.0459770114943
0.1776315789473 0.0592105263157 0.0 0.0394736842104 0.0394736842104 0.0394736842105 0.0 0.49342105263150005 0.11842105263149999 0.0394736842105 0.0 0.2368421052637 0.0 0.375 0.1776315789477 0.49342105263159997 0.0 0.0197368421052 0.1184210526314 0.315789473684 0.0 0.0592105263157 0.1184210526316 0.078947368421
0.1052631578948 0.169092945129 0.0 0.0212765957447 0.105263157895 0.0425531914893 0.0 0.0739081746921 0.137737961926 0.09518477043679999 0.0 0.0212765957447 0.0 0.2855543113106 0.1791713325871 0.1590145576707 0.0 0.0212765957447 0.0212765957447 0.148936170213 0.24300111982109998 0.0212765957447 0.10638297872329999 0.0425531914893
0.1526683033982 0.055368910711900005 0.0275229357798 0.0838609639489 0.0969763535341 0.0697764569065 0.0 0.2761984752555 0.0278459749321 0.0275229357798 0.0 0.5248740147301001 0.0 0.4157513890686 0.0697764569065 0.6535728130251001 0.2352371107375 0.0 0.40005168626349996 0.0412844036697 0.0825688073394 0.1107378214239 0.6343196795452 0.0140845070422
1.1476929667366 0.2892296200036 0.0183486238532 0.2908539976257 0.9953017024099 0.17452545198220001 0.041786123853200005 1.1286283201068998 0.1722333715596 0.0550458715596 0.0 1.2754369498092 0.16251961612729998 0.4270578242792 0.6358780222637 0.7378358399317 0.6507296372918001 0.0366972477064 0.523889156217 0.1467520447178 0.1137230014751 0.6057762519441001 1.204790930146 0.1652674284022
0.1076923076923 0.0 0.0 0.0153846153846 0.0 0.0307692307692 0.0153846153846 0.15384615384619998 0.09230769230769999 0.0461538461538 0.0 0.1384615384616 0.0153846153846 0.0461538461538 0.0307692307692 0.10769230769239999 0.0 0.0 0.076923076923 0.0461538461538 0.0153846153846 0.0307692307692 0.0307692307692 0.0
0.83497937966113 0.1290233659651 0.07552810745621001 0.21075193608142 0.6609563342576301 0.14124717095290001 0.12320747099752001 1.3922565796413602 0.21879284357383 0.29840452822363 0.0 0.9778419345705399 0.06688446744651 0.52973857657022 0.63954391668502 0.8093045759509601 0.31900900271486 0.0343671126785 0.70583848821804 0.24914041518850003 0.00621118012422 0.41809525051061 0.9291762263213099 0.22970113621502
0.2749999999998 0.175000000001 0.0 0.0749999999999 0.0999999999999 0.15 0.0 0.3999999999997 0.05 0.07499999999990001 0.0 0.4000000000008 0.1 0.2999999999998 0.3999999999999 0.37500000000090006 0.175 0.0749999999999 0.025 0.0499999999999 0.15 0.0999999999998 0.4499999999996 0.0999999999998
0.0 0.0 0.0 0.0 0.0 0.0714285714286 0.0 0.0 0.0 0.0 0.0 0.0 0.0 0.0 0.0 0.0 0.0 0.0 0.142857142857 0.0 0.0 0.714285714286 0.0 0.0714285714286
0.15311004784692 0.0861244019141 0.0 0.11483253588529999 0.12440191387529999 0.05741626794252 0.00956937799042 0.28708133971280003 0.0 0.0 0.0 0.24880382775111998 0.0191387559808 0.03827751196168 0.1052631578945 0.17224880382762 0.07655502392332 0.0 0.06698564593292 0.0382775119617 0.0 0.16267942583772 0.2105263157894 0.02870813397122
0.37934206218927 0.061133134263370005 0.0 0.12421256737847 0.38769451391604004 0.049024597453269994 0.0 0.21978664270374001 0.0163934426229 0.03827190928127 0.02323431529637 0.38529427747069994 0.00819672131147 0.21550173689124 0.32054753488707 0.5972380713818001 0.15098560785867 0.038271909281370003 0.17557577179307 0.1161715764822 0.05293641295194 0.11971030166627 0.48513404081374 0.035342852106370004
0.0612244897959 0.0102040816326 0.0 0.0102040816326 0.0204081632653 0.0408163265306 0.0 0.112244897959 0.0204081632652 0.1632653061226 0.0 0.0102040816326 0.0102040816326 0.07142857142850001 0.0204081632653 0.061224489795900006 0.0 0.0408163265306 0.0306122448979 0.0408163265306 0.0 0.0816326530612 0.19387755102050003 0.0
0.0 0.0 0.0 0.0 0.0 0.0 0.0 0.0 0.0 0.0 0.0 0.0 0.0 0.0 0.0 0.0 0.0 0.0 0.0 0.0 0.0 0.0 0.0 0.0
1.2661794835266 0.265244559362 0.37424722170450003 0.5076090410089 0.8242744294589 0.2776907373117 0.0677966101694 1.8367315635523997 0.26241787458120003 0.48454270886930007 0.0 1.1510925100153 0.45779876487710003 0.9289932400605 0.3643465208766 2.265368728979 0.8316515654498999 0.2874380521437 0.8191542588354002 0.2520497116706 0.0 0.4317267976287 1.8459201151141 0.1977255048041
0.2904713114754 0.2264344262295 0.0 0.0405993852459 0.1296106557377 0.0718493852459 0.0078125 0.2576844262297 0.3842213114758 0.0234375 0.0 0.1046362704918 0.1795594262295 0.1858350409836 0.0733862704918 0.0718493852459 0.0718493852459 0.12961065573769998 0.0733862704918 0.227971311476 0.22015881147539998 0.046875 0.1671362704918 0.015625
0.0689655172414 0.0 0.0 0.0689655172414 0.0344827586207 0.0 0.0 0.0344827586207 0.10344827586210001 0.1724137931034 0.0 0.0344827586207 0.0 0.0 0.0689655172414 0.10344827586210001 0.0 0.0689655172414 0.0344827586207 0.0 0.0689655172414 0.0689655172414 0.0344827586207 0.0344827586207
0.0 0.0 0.0 0.0 0.222222222222 0.0 0.0 0.222222222222 0.0 0.111111111111 0.111111111111 0.111111111111 0.111111111111 0.0 0.0 0.0 0.0 0.0 0.0 0.0 0.0 0.0 0.111111111111 0.0
0.8905659555104 0.2651184134382 0.0291970802919 0.2672757916067 0.5383220203174 0.0135135135135 0.378823105344 1.5335120439077001 0.1703072902584 0.2058025618929 0.0 1.2711314254661001 0.27216821832939997 0.957545488751 0.4182845526068 1.1637357863114 0.4639486512444 0.0427105938054 0.4442670708187 0.0291970802919 0.0 0.8690843869716001 0.6661117088507 0.1093772604721
0.0 0.0 0.0 0.0 0.0 0.0 0.0 0.0 0.0 0.0 0.0 0.0 0.0 0.0 0.0 0.0 0.0 0.0 0.0 0.0 0.0 0.0 0.0 0.0
0.19172710406467 0.10637333445776001 0.0 0.00826446280991 0.04331463990548 0.06183589138131 0.056122448979600004 0.37968038455047004 0.044642857142760006 0.07836481700100001 0.0 0.29437932197654004 0.0866292798111 0.33825265643476005 0.14208762017212 0.17586228706353 0.15396778546110002 0.0 0.08397284533663 0.1326003541918 0.0178571428571 0.19932745825586 0.37540057345223 0.02933673469386
0.08139534883720001 0.0232558139534 0.0 0.0 0.2436804853385 0.1536905965625 0.0 0.3220424671381 0.173913043478 0.0667340748229 0.0348837209302 0.1511627906975 0.055106167846199997 0.0232558139534 0.0348837209302 0.1365015166834 0.0116279069767 0.0116279069767 0.08139534883720001 0.1916076845301 0.0 0.0581395348837 0.1218402426692 0.0232558139535
1.3617457874735 0.39344362238709996 0.0343347639485 0.388220884529 1.4050420582822 0.394196053801 0.0722352900125 1.456718079364 0.5261903149189 0.4365296139392 0.0343347639485 1.3615704539351001 0.1989285537191 0.3140003945181 1.5016309896025 2.8062690581684997 1.1337953192443 0.09184313314970001 0.8497427785144999 0.7786580761166 0.2373912846438 0.6418604176342 1.3199494925766 0.2613688155714
0.4590374450978 0.11466165413528001 0.0178571428571 0.15245105337599998 0.25056763195116 0.09874934861908 0.0 0.38559889823579996 0.0535714285714 0.0178571428571 0.0 0.44386957492760004 0.009900990099 0.23102620412438002 0.1771942231818 0.36548983845775995 0.1251302761855 0.0 0.27983324648255997 0.0756904637833 0.0503145239335 0.25552743244248 0.35045224447276 0.0852192362093
0.0 0.0 0.0 0.0 0.0 0.0 0.0 0.0 0.0 0.0 0.0 0.0 0.0 0.0 0.0 0.0 0.0 0.0 0.0 0.0 0.0 0.0 0.0 0.0
0.36785241458990003 0.0769581056466 0.0491803278688 0.0907836865253 0.14075658625428 0.02219512195119 0.0 0.40099382469209 0.07417122040068999 0.04658536585359 0.0 0.3174978897328 0.0655737704918 0.24104802523409996 0.15536585365859001 0.69794304500439 0.2035074858944 0.07994579945790001 0.1963392420808 0.056585365853599995 0.02999999999999 0.27068461504289 0.38164200986247 0.03439024390239
0.0 0.0 0.0 0.0 0.0 0.0 0.0 0.0 0.0 0.0 0.0 0.0 0.0 0.0 0.0 0.0 0.0 0.0 0.0 0.0 0.0 0.0 0.0 0.0
0.0 0.0 0.0 0.0 0.0 0.0 0.0 0.0 0.0 0.0 0.0 0.0 0.0 0.0 0.0 0.0 0.0 0.0 0.0 0.0 0.0 0.0 0.0 0.0
0.1697484591038 0.0924537731134 0.0 0.18074296185240002 0.20839580209890002 0.0 0.0386473429951 0.6596701649171 0.0538064301183 0.0882891887389 0.0 0.9135432283873 0.0386473429951 0.7922705314013 0.096618357488 0.37397967682759997 0.1932367149759 0.0 0.3091787439616 0.0193236714976 0.0731301016158 0.096618357488 0.5478927203076 0.0538064301183
0.4689265536724 0.046300124018120004 0.0081300813008 0.040650406504 0.21799641725222002 0.07137935786130001 0.040650406504 0.39754719581132 0.0569105691057 0.0162601626016 0.0 0.40361030728974 0.021909880115720003 0.2622295714483 0.33250654540439994 0.31197464517032003 0.2766983602039 0.0 0.17844839465346 0.1007303293371 0.04381976023154 0.21276009370262 0.41422075237744 0.07634008543464
0.0363636363636 0.0545454545454 0.0 0.0181818181818 0.0545454545454 0.0363636363636 0.0 0.18181818181840004 0.0727272727272 0.0 0.0 0.1636363636364 0.0909090909091 0.0545454545454 0.0 0.0727272727272 0.0 0.0181818181818 0.0545454545454 0.0 0.0 0.0363636363636 0.0363636363636 0.0181818181818
0.43816845898219997 0.202543570419 0.0442609993852 0.1493090206536 0.4335605994072 0.060606060606 0.1606842997467 0.7681021153837 0.055817239755 0.121212121212 0.0310880829015 0.6287326589868999 0.046239598053 0.3700099262587 0.2087215351903 1.2097580707407 0.2994030939055 0.0151515151515 0.41003962519740006 0.2184801381696 0.1124195321086 0.3921098222054 0.44792706196060006 0.1756548536209
0.2477128782547 0.1615059817029 0.0 0.0344827586207 0.18191414496830002 0.051724137931 0.0 0.2195636875439 0.25580577058459997 0.0957072484166 0.0 0.1928219563686 0.0816326530612 0.17100633356800002 0.1379310344828 0.24771287825469998 0.0689655172414 0.0784658691062 0.0172413793103 0.1066150598171 0.13652357494710002 0.0957072484166 0.3965517241384 0.0204081632653
0.0999999999999 0.0999999999999 0.0 0.0 0.0 0.0 0.0 0.0 0.0 0.0999999999999 0.0 0.0 0.0 0.0 0.0 0.0 0.0 0.0 0.2 0.0 0.0 0.4 0.0999999999999 0.0
0.131868131868 0.032967032967 0.0 0.065934065934 0.065934065934 0.098901098901 0.065934065934 0.39560439560399996 0.032967032967 0.0 0.0 0.23076923076900002 0.0 0.164835164835 0.098901098901 0.56043956044 0.098901098901 0.0 0.098901098901 0.065934065934 0.032967032967 0.428571428571 0.296703296703 0.032967032967
0.5133324045702 0.13422295638780002 0.027027027027 0.307903780069 0.3428611232735 0.18647520863979997 0.020618556701 0.8286019450954999 0.0389317889318 0.1564350064349 0.0 1.1872892037843 0.23108108108109998 0.4522111212826 0.27214040255259997 0.5627452931575 0.3103908768855 0.0 0.3578055964649 0.14683556900039998 0.101699637782 0.7419980363275 0.8840000530716999 0.1953933314756
0.125 0.125 0.0 0.0 0.05 0.07500000000000001 0.0 0.175 0.0 0.15 0.0 0.2 0.0 0.07500000000000001 0.07500000000000001 0.15 0.025 0.05 0.0 0.025 0.025 0.275 0.35000000000000003 0.05
0.0 0.0 0.0 0.0 0.0 0.0 0.0 0.0 0.0 0.0 0.0 0.0 0.0 0.0 0.0 0.0 0.0 0.0 0.0 0.0 0.0 0.0 0.0 0.0
0.8642815410819 0.3203158256514 0.05405558385689999 0.3024828718662 0.6298158822537999 0.1187949283976 0.1583759210539 1.2672216154873002 0.16666666666660002 0.4192137884199 0.0208333333333 0.9013755523612 0.1310297389065 0.3266022636438 0.6991070923189 1.0925114038945 0.8429650978411001 0.0 0.6587637562019 0.1232731813279 0.0379273504273 0.581490450038 1.0777896120087 0.2051065429626
0.03637566137564 0.1997354497353 0.0 0.02744708994707 0.0185185185185 0.00892857142857 0.00892857142857 0.20800264550254 0.26421957671949997 0.09953703703704 0.0 0.054894179894100004 0.15641534391537 0.24437830687816997 0.07208994708987 0.08234126984117 0.045965608465570004 0.04530423280417 0.08234126984117002 0.0631613756614 0.08167989417980001 0.03571428571427 0.11937830687817 0.0446428571429
0.0 0.0 0.0 0.0 0.133333333333 0.0 0.0 0.133333333333 0.0 0.266666666666 0.0 0.0 0.133333333333 0.0 0.533333333334 0.0 0.133333333333 0.533333333334 0.133333333333 0.0 0.0 0.0 0.0 0.0
0.0 0.0 0.0 0.0 0.0 0.0 0.0 0.0 0.0 0.0 0.0 0.0 0.0 0.0 0.0 0.0 0.0 0.0 0.0 0.0 0.0 0.0 0.0 0.0
0.3011452686474 0.16425684485 0.052982456140399994 0.099358974359 0.2607790663097 0.2948110661268 0.0192307692308 0.77540462956584 0.08858974358978 0.15999908506598 0.0 0.6588649099939999 0.15887222946538002 0.46640076396978003 0.18430899608858 0.73018161440146 0.15864955740067999 0.052982456140399994 0.35565086118166 0.06294871794868 0.0 0.39275429447147997 0.4818276950532 0.08
0.0655737704918 0.0163934426229 0.0 0.0163934426229 0.0163934426229 0.0491803278688 0.0 0.1639344262295 0.0327868852458 0.0163934426229 0.0 0.0983606557377 0.0163934426229 0.0327868852458 0.0491803278688 0.0491803278688 0.0163934426229 0.0 0.0655737704917 0.0491803278688 0.0163934426229 0.0983606557376 0.0655737704916 0.0655737704918
0.0 0.0 0.0 0.0 0.0 0.0 0.0 0.0 0.0 0.0 0.0 0.0 0.0 0.0 0.0 0.0 0.0 0.0 0.0 0.0 0.0 0.0 0.0 0.0
0.2500000000004 0.0681818181818 0.0227272727273 0.0 0.15909090909100002 0.0 0.0 0.0681818181819 0.0227272727273 0.0227272727273 0.0 0.2045454545453 0.0681818181818 0.0909090909091 0.0681818181819 0.36363636363690005 0.0 0.0 0.0909090909092 0.0909090909092 0.0454545454546 0.0681818181818 0.25000000000050004 0.0454545454545
1.629763341946 0.5601743668925999 0.10449988712649999 0.5580500807611 1.7653137082152 0.6228794336982999 0.1243145145377 2.0198100762883 0.3296885466601 0.4074092402452 0.0 2.1617487877478996 0.38313521301389997 0.6385851716408 0.8921965529371999 3.4758547882224997 0.8319592518110001 0.16965768150119998 1.093268380229 0.7451157366038 0.2431515090948 1.2066516090601 1.8671144402657 0.1696576815012
0.43818681318790004 0.08896520146520001 0.0 0.2996336996339 0.3206501831501 0.0450549450549 0.029670329670300002 0.36341575091559997 0.0 0.0735805860806 0.043956043956 0.5390109890109 0.0428113553113 0.2975732600733 0.15375457875440002 0.4664835164835 0.2941849816848 0.0208333333333 0.366575091575 0.131868131868 0.0362179487179 0.4237179487186 0.5161630036636999 0.0076923076923
0.0 0.0 0.0 0.0 0.0 0.0 0.0 0.0 0.0 0.0 0.0 0.0 0.0 0.0 0.0 0.0 0.0 0.0 0.0 0.0 0.0 0.0 0.0 0.0
0.1304347826088 0.0434782608696 0.0 0.0869565217392 0.23913043478270002 0.0 0.0 0.2608695652177 0.0 0.0217391304348 0.0 0.217391304348 0.0 0.1304347826087 0.1304347826087 0.0652173913044 0.1521739130435 0.0 0.108695652174 0.0217391304348 0.0217391304348 0.1521739130436 0.1739130434782 0.0434782608696
0.0467289719627 0.05607476635522 0.0 0.0 0.018691588785 0.0747663551402 0.0 0.13084112149531998 0.09345794392524001 0.037383177570119996 0.0 0.046728971962640004 0.03738317757 0.08411214953272 0.0654205607477 0.08411214953269999 0.0 0.0 0.01869158878504 0.0467289719627 0.02803738317752 0.037383177570040005 0.0654205607476 0.0280373831776
0.0833333333334 0.0416666666667 0.0 0.0 0.25 0.0 0.0 0.4166666666666 0.0416666666667 0.0 0.0 0.1666666666667 0.0 0.1250000000001 0.0416666666667 0.2083333333335 0.0416666666667 0.0 0.0 0.0833333333333 0.0833333333333 0.0 0.33333333333369997 0.0833333333334
0.0 0.0 0.0 0.0869565217391 0.2608695652171 0.0 0.0 0.2608695652171 0.1739130434782 0.347826086957 0.0 0.0 0.173913043478 0.2608695652171 0.0 0.0 0.0 0.0 0.0 0.0 0.0 0.434782608696 0.0 0.0
0.4548260381595 0.3066778900111 0.0113636363636 0.0237093153759 0.158529741863 0.3056958473623 0.0454545454546 0.6642817059485 0.1205106621773 0.2212401795733 0.0 0.5161335578003 0.1708754208754 0.1442199775531 0.14814814814809998 0.40796857463499997 0.1689113355779 0.0 0.0968013468011 0.0123456790123 0.0350729517396 0.37584175084149996 0.5763187429846001 0.0350729517396
0.18421052631590001 0.0394736842105 0.0 0.0263157894736 0.0131578947368 0.0131578947368 0.0 0.0921052631577 0.0263157894737 0.0 0.0 0.1052631578946 0.0921052631583 0.0394736842105 0.0131578947368 0.0394736842104 0.0394736842105 0.0 0.0657894736842 0.0263157894737 0.0263157894737 0.0263157894736 0.0657894736841 0.0657894736843
0.59470554626887 0.10603720083799 0.0 0.26385509025099 0.58668557039228 0.06617009120339 0.0398671096345 0.58279196732786 0.0398671096346 0.06617009120339 0.0398671096345 0.8347334786385899 0.1794019933555 0.33085045601758 0.2724675709416 0.5005819243711801 0.44243180904489 0.0199335548173 0.47345366823998997 0.20570497492459 0.01910828025479 0.33556933364348995 0.8402776308278899 0.1594684385382
0.134831460674 0.0449438202247 0.0 0.0224719101123 0.0449438202247 0.0898876404493 0.0 0.2696629213481 0.0 0.0449438202246 0.0 0.2921348314604 0.0 0.17977528089869999 0.1123595505618 0.2247191011236 0.067415730337 0.0 0.06741573033699999 0.0898876404495 0.0224719101123 0.0898876404494 0.2022471910113 0.0
0.0 0.0 0.0 0.0 0.0 0.0 0.0 0.0 0.0 0.0 0.0 0.0 0.0 0.0 0.0 1.0 0.0 0.0 0.0 0.0 0.0 0.0 0.0 0.0
0.0897435897435 0.04487179487175 0.0 0.0320512820513 0.03846153846145001 0.00641025641025 0.0128205128205 0.08974358974375002 0.00641025641025 0.0128205128205 0.0 0.10897435897445 0.0128205128205 0.025641025641 0.044871794871699996 0.12179487179475001 0.044871794871699996 0.0 0.05769230769215 0.025641025641 0.0 0.10256410256425 0.10256410256394999 0.0192307692307
0.0930232558139 0.0 0.0 0.0 0.0930232558138 0.0 0.0 0.37209302325580007 0.2325581395349 0.0930232558139 0.0 0.0465116279069 0.0 0.2325581395349 0.32558139535 0.232558139535 0.0 0.0 0.0465116279069 0.0465116279069 0.0465116279069 0.0 0.0930232558139 0.0465116279069
0.025 0.0 0.0 0.075 0.07500000000000001 0.0 0.025 0.15000000000000002 0.025 0.0 0.0 0.15 0.0 0.075 0.025 0.1 0.0 0.0 0.05 0.0 0.0 0.05 0.175 0.0
0.0 0.0 0.0 0.0 0.0 0.0 0.0 0.0 0.0 0.0 0.0 0.0 0.0 0.0 0.0 0.0 0.0 0.0 0.0 0.0 0.0 0.0 0.0 0.0
0.229420731707 0.0609756097561 0.03125 0.0487804878049 0.1166158536585 0.0243902439024 0.0746951219511 0.6204268292690001 0.0 0.0 0.0 0.1737804878048 0.0121951219512 0.3246951219512 0.1044207317074 0.4153963414633 0.0434451219512 0.0 0.14253048780469998 0.0 0.0365853658536 0.1303353658535 0.4100609756107 0.0
0.1072261072261 0.053613053613000006 0.0 0.0 0.12237762237750001 0.10722610722610001 0.030303030303 0.1293706293705 0.444055944057 0.2377622377625 0.0 0.19114219114210004 0.19114219114210002 0.19930069930100003 0.16083916083910002 0.1223776223776 0.0990675990675 0.1456876456876 0.0151515151515 0.16899766899750002 0.21445221445249998 0.0920745920745 0.114219114219 0.053613053613000006
0.23358908780930002 0.0289855072463 0.0289855072463 0.1739130434787 0.0 0.3768115942037 0.0 0.318840579711 0.0588235294118 0.086956521739 0.0 0.234441602728 0.0 0.2642796248931 0.086956521739 0.437340153452 0.0289855072463 0.0878090366581 0.0878090366581 0.0289855072463 0.1167945439044 0.115942028986 0.1457800511508 0.0579710144927
0.0 0.0 0.0 0.0 0.0 0.0 0.0 0.0 0.0 0.0 0.0 0.0 0.0 0.0 0.0 0.0 0.0 0.0 0.0 0.0 0.0 0.0 0.0 0.0
0.20314247156339998 0.261827646038 0.0238095238095 0.1225949489107 0.12475419317519999 0.0714285714285 0.08681318681309999 0.5070946597261 0.0701754385964 0.0238095238095 0.0 0.2683053788316 0.06996336996329999 0.47005976479680006 0.07428185849230001 0.1553113553112 0.09662618083669999 0.0238095238095 0.44270291112399995 0.068016194332 0.0483130904183 0.22548679390770002 0.5616734143046 0.0
0.0967741935483 0.0 0.0 0.010752688172 0.1075268817204 0.0860215053764 0.0215053763441 0.10752688172040001 0.021505376344 0.0 0.0 0.0645161290322 0.0430107526882 0.053763440860200004 0.0752688172043 0.0860215053764 0.0215053763441 0.0 0.021505376344 0.0860215053763 0.0 0.0430107526881 0.0322580645161 0.0215053763441
0.0694444444445 0.1406494522691 0.0384615384615 0.0138888888889 0.2345612134347 0.0561424100156 0.0138888888889 0.8698085951604001 0.39417057902989994 0.0138888888889 0.0422535211267 0.2100938967134 0.294014084507 0.3538431443357 0.0845070422534 0.33616227278200006 0.052350427350400006 0.1267605633801 0.1250000000002 0.5770735524267 0.259826050319 0.090811965812 0.3210996749729 0.28129890453870005
0.1694915254237 0.0 0.0 0.0 0.271186440678 0.0 0.0 0.0677966101695 0.1355932203387 0.0 0.101694915254 0.2711864406785 0.0677966101694 0.0 0.101694915254 0.4406779661015 0.0 0.0338983050847 0.1694915254237 0.0338983050847 0.0 0.0677966101695 0.0677966101695 0.0
0.5518966546487399 0.25344543027340005 0.0232558139535 0.1946236791382 0.48771987839734 0.09373925161593999 0.0770619080038 0.8319675486078799 0.22715054371337 0.19701862064870002 0.00892857142857 0.7048728758043701 0.14222410010070002 0.33951151902784 0.44974924956397 1.63311818245487 0.5045608365108 0.045254403131100004 0.47345105081927 0.3086150151225 0.0758821087588 0.47052474676456996 0.81043153512027 0.0949964763917
0.4451410658307 0.2670846394984 0.0 0.206896551724 0.3015673981191 0.0 0.0890282131661 0.4739811912231 0.0344827586207 0.0890282131661 0.0 0.7266457680253001 0.1981191222567 0.663322884014 0.1435736677117 0.5830721003139001 0.3561128526641 0.0 0.6608150470214 0.0545454545454 0.103448275862 0.3561128526647 0.2470219435735 0.0
0.07692307692309999 0.0384615384616 0.0 0.0192307692308 0.1153846153846 0.0 0.0192307692308 0.153846153846 0.0576923076923 0.0384615384616 0.0 0.19230769230769998 0.0 0.0192307692308 0.0 0.07692307692309999 0.0192307692308 0.0384615384615 0.0 0.0769230769232 0.0 0.0192307692308 0.0384615384616 0.0
0.3654149605513 0.016129032258 0.0 0.2614800759014 0.1877359432737 0.0 0.0 0.415629681414 0.0 0.0 0.016129032258 0.3487865774496 0.0 0.1232198142415 0.1232198142415 0.6832717467296999 0.4304304404285 0.0 0.44107660042040003 0.06318785578740001 0.0 0.1337760910815 0.39051233396639995 0.0
0.0 0.0 0.0 0.0 0.0 0.0 0.0 0.0 0.0 0.0 0.0 0.0 0.0 0.0 0.0 0.0 0.0 0.0 0.0 0.0 0.0 0.0 0.0 0.0
0.0 0.0 0.0 0.0 0.0 0.0 0.0 0.0 0.0 0.0 0.0 0.0 0.0 0.0 0.0 0.0 0.0 0.0 0.0 0.0 0.0 0.0 0.0 0.0
0.0173913043478 0.0734505087882 0.0 0.1285846438483 0.0473635522664 0.0 0.0086956521739 0.14597594819610002 0.0173913043478 0.0086956521739 0.0 0.1604070305277 0.0 0.15559666975039999 0.0725254394079 0.2484736355221 0.1469010175766 0.0 0.095652173913 0.0425531914893 0.0734505087882 0.2098057354297 0.3171137835335 0.0299722479186
0.5197718947715999 0.23760683760649998 0.0 0.2239038739038 0.2951548451549 0.3065129315126 0.0178571428571 0.7140165390165001 0.0902736152735 0.033241758241700003 0.0 0.4501387501388 0.0776723276723 0.3509435009436 0.2535853035857 0.3084915084916 0.12377622377620001 0.0178571428571 0.30959318459310003 0.1438450438451 0.0458291708291 0.6435425685422 0.7611721611712 0.0752136752136
0.0980392156861 0.0196078431372 0.0392156862745 0.0 0.0 0.0 0.0196078431372 0.1568627450981 0.0588235294117 0.0196078431372 0.0 0.21568627450959998 0.0980392156864 0.0392156862745 0.0 0.0196078431372 0.0392156862744 0.0392156862745 0.0196078431372 0.0588235294117 0.0 0.0196078431372 0.0 0.0392156862745
0.8973414553533601 0.13699414459068 0.0 0.15262430939225 0.24880766869712997 0.37768569674635005 0.19285663691768 0.8304292392683401 0.03028049298766 0.20265500306925002 0.0 0.47194479860208 0.0913609104216 0.3310726259622001 0.1396503281861 0.5976472115971099 0.23702601879384 0.0 0.33461420408935 0.0220994475138 0.23006681777388002 0.40799570288488 0.8391002030509801 0.22774708410145
0.2919010123736 0.3560179977497 0.0 0.0314960629921 0.1732283464563 0.0 0.0157480314961 0.220472440945 0.2300337457819 0.15860517435330002 0.0 0.3790776152981 0.24578177727769998 0.15016872890900002 0.17435320584919997 0.3318335208099 0.0944881889764 0.0714285714286 0.23734533183349998 0.1344206974129 0.19010123734519999 0.25309336333 0.1889763779529 0.0714285714286
0.0 0.0 0.3 0.0 0.0 0.1 0.0 0.1 0.1 0.1 0.0 0.1 0.1 0.0 0.0 0.0 0.0 0.0 0.1 0.0 0.0 0.0 0.0 0.0
0.08870967741949 0.0403225806452 0.0 0.0806451612904 0.05645161290329 0.0645161290324 0.00806451612903 0.11290322580656001 0.0 0.00806451612903 0.0 0.14516129032266 0.0 0.05645161290323 0.02419354838713 0.0806451612905 0.02419354838713 0.0 0.040322580645160006 0.0161290322581 0.00806451612903 0.0725806451614 0.07258064516136001 0.0
0.2529814271751 0.1492553619688 0.0 0.0872807774135 0.34501753780730005 0.0363636363636 0.010752688172 0.18500948766579997 0.1834224598927 0.0588235294116 0.010752688172 0.42374216548819993 0.0363636363636 0.0322580645161 0.3835949629131 0.7918291070092001 0.18846529814250002 0.0 0.11573802541530001 0.09108159392779999 0.040164452877799996 0.4439652693924 0.1223851417399 0.010752688172
0.0 0.0 0.0 0.0 0.0 0.0 0.0 0.0 0.0 0.0 0.0 0.0 0.0 0.0 0.0 0.0 0.0 0.0 0.0 0.0 0.0 0.0 0.0 0.0
0.0 0.0 0.0 0.0 0.0 0.0 0.0 0.0 0.0 0.0 0.0 0.0 0.0 0.0 0.0 0.0 0.0 0.0 0.0 0.0 0.0 0.0 0.0 0.0
0.7772215651907 0.1248419721872 0.0176991150442 0.0999143591208 0.1628604053673 0.1419089759803 0.0357142857143 0.5689103217656 0.0891276864728 0.2841340075854 0.0161290322581 0.8755658415236001 0.1605562579015 0.1956384323639 0.2497858978023 0.6745748542069999 0.17448309612170002 0.0 0.23899922515410002 0.07111251580280001 0.1213857509888 0.24779780596209997 0.4930671669182001 0.1785714285715
0.13251366120219998 0.2322404371588 0.166666666667 0.18306010929 0.0833333333333 0.016393442623 0.016393442623 0.5806010928967 0.5819672131151 0.19945355191259997 0.0 0.24863387978149998 0.28278688524600004 0.3155737704922 0.032786885246 0.3155737704922 0.032786885246 0.0 0.032786885246 0.19945355191289998 0.1994535519126 0.032786885246 0.08196721311479999 0.032786885246
0.0 0.0 0.0 0.0 0.0 0.0 0.0 0.0 0.0 0.0 0.0 0.0 0.0 0.0 0.0 0.0 0.0 0.0 0.0 0.0 0.0 0.0 0.0 0.0
0.0 0.0 0.0 0.0 0.0 0.0 0.0 0.0 0.0 0.0 0.0 0.0 0.0 0.0 0.0 0.0 0.0 0.0 0.0 0.0 0.0 0.0 0.0 0.0
0.0 0.0 0.0689655172414 0.0 0.0 0.103448275862 0.0 0.2413793103448 0.0344827586207 0.0344827586207 0.0 0.0689655172414 0.0344827586207 0.0689655172414 0.0 0.0689655172414 0.0 0.0 0.10344827586210001 0.0 0.0 0.0689655172414 0.103448275862 0.0
0.1767741935483 0.2245161290322 0.0 0.0 0.0645161290322 0.08 0.0 0.6245161290322 0.20903225806450002 0.1522580645161 0.0 0.4412903225811 0.24000000000000002 0.3045161290322 0.12 0.35225806451610003 0.1122580645161 0.0645161290322 0.0722580645161 0.1367741935484 0.0722580645161 0.15225806451610002 0.32 0.08
0.35714285714259997 0.142857142857 0.0 0.0 0.0 0.0 0.142857142857 0.0 0.0 0.0 0.0 0.0 0.0 0.1428571428572 0.0 0.0 0.0714285714286 0.0 0.0 0.0 0.0 0.0 0.142857142857 0.0
0.0322580645161 0.0 0.0 0.0 0.1290322580644 0.0322580645161 0.0 0.1935483870966 0.0 0.0322580645161 0.0322580645161 0.0322580645161 0.0645161290322 0.0322580645161 0.0 0.2903225806462 0.0322580645161 0.0 0.0967741935483 0.0 0.0 0.0 0.0 0.0
0.5651288162524001 0.17802746566779998 0.0 0.4388520031774 0.4270003404831 0.260858585859 0.0681818181818 0.49466575871009993 0.0340909090909 0.0565628192032 0.0224719101123 0.6282658041086999 0.12449494949520001 0.1007575757575 0.3391272273298 1.0812847576901001 0.3709368970604 0.0224719101123 0.3477159232776 0.30378787878799995 0.0446941323345 0.3472165474974 0.7434059698108 0.0
0.0930735930736 0.11471861471870001 0.0 0.0465367965368 0.0703463203463 0.0 0.0454545454545 0.0692640692641 0.0 0.0 0.0227272727273 0.22943722943730002 0.0 0.1612554112554 0.047619047619 0.3051948051946 0.13961038961029998 0.0 0.2554112554111 0.119047619048 0.0227272727273 0.09199134199129999 0.16558441558429998 0.0
0.0 0.0 0.0 0.0 0.0666666666667 0.0 0.0 0.2 0.0666666666667 0.133333333333 0.0 0.0666666666667 0.1333333333334 0.0 0.0666666666667 0.0 0.0666666666667 0.0 0.133333333333 0.0 0.0 0.0 0.0666666666667 0.0
0.0571428571428 0.0142857142857 0.0444444444444 0.0285714285714 0.16507936507940002 0.0444444444444 0.0 0.2539682539682 0.0222222222222 0.0222222222222 0.0 0.2317460317458 0.0809523809524 0.1253968253967 0.0428571428571 0.2333333333332 0.1095238095237 0.0 0.06507936507930001 0.0222222222222 0.0 0.13809523809520002 0.211111111111 0.0873015873015
0.0483870967742 0.0322580645161 0.0 0.0 0.0 0.0161290322581 0.0 0.1290322580646 0.0645161290322 0.1129032258066 0.0 0.0322580645162 0.1129032258066 0.0967741935485 0.0 0.0967741935484 0.0322580645162 0.0 0.0322580645161 0.0483870967742 0.0483870967742 0.048387096774300004 0.048387096774300004 0.0
0.3245614035094 0.0 0.0 0.0 0.0 0.0 0.0 0.4298245614038 0.105263157895 0.15789473684219998 0.0 0.2105263157898 0.324561403509 0.0526315789474 0.0 0.1578947368424 0.1052631578948 0.0526315789474 0.0526315789474 0.0526315789474 0.3245614035094 0.166666666667 0.3157894736844 0.166666666667
0.190476190476 0.095238095238 0.0 0.047619047619 0.047619047619 0.0 0.0 0.19047619047609998 0.0 0.0 0.0 0.190476190476 0.047619047619 0.33333333333299997 0.0 0.23809523809510003 0.1428571428571 0.0 0.095238095238 0.047619047619 0.0 0.047619047619 0.2380952380952 0.047619047619
0.26562351825499997 0.4929824561417 0.0 0.0929824561403 0.23826458036970002 0.35964912280670003 0.0 1.0516358463728002 0.0936936936936 0.0526315789474 0.0666666666666 0.3867235656712 0.266666666667 0.5474158368898 0.21052631579 0.1578947368421 0.1052631578947 0.0 0.38387861545699997 0.0526315789474 0.027027027027 0.119298245614 0.7878141299188 0.24073020388779998
0.0666666666666 0.0 0.0 0.0666666666666 0.0 0.0 0.0 0.733333333333 0.0 0.0 0.0 0.0 0.0 0.0 0.0 0.0666666666666 0.0 0.0 0.0 0.0 0.0 0.0666666666666 0.0 0.0
