1.15371884270794 0.18621134996153998 0.0 0.14533309261600003 0.8225383737251399 0.055425166997639996 0.0 0.8062006763963 0.14191237255468003 0.07666417352264 0.0 0.7376942310648 0.04094988780844 0.29342583756738 0.83609976411074 1.44618020115288 0.7172609889330999 0.0 0.87730855531994 0.1613112018872 0.08189977561690001 0.35561473190048 0.93462448983038 0.1296262863332
0.047058823529300006 0.18991596638640001 0.0 0.0235294117647 0.0593837535013 0.0117647058823 0.0235294117647 0.28403361344519995 0.225770308123 0.0117647058823 0.0 0.1540616246497 0.1305322128851 0.0593837535013 0.0117647058823 0.07058823529410001 0.2005602240896 0.0235294117647 0.0 0.0470588235295 0.0593837535013 0.047058823529300006 0.30756302520999995 0.0117647058823
0.0 0.0 0.0 0.0 0.0 0.0 0.0 0.0 0.0 0.0 0.0 0.0 0.0 0.0 0.0 0.0 0.0 0.0 0.0 0.0 0.0 0.0 0.0 0.0
0.5197428833789 0.0743801652892 0.0247933884297 0.6179981634530001 0.09917355371889999 0.0247933884297 0.0247933884297 0.4830119375573 0.0 0.0 0.0 0.39669421487660006 0.2598714416897 0.0 0.0495867768594 0.4710743801653 0.247933884297 0.0 0.1735537190081 0.0495867768594 0.0495867768594 0.1854912764002 0.2231404958677 0.0247933884297
0.8633152173923 0.15 0.0108695652174 0.0434782608696 0.4665760869566 0.1546195652174 0.0375 0.5461956521738001 0.1279891304347 0.0638586956522 0.0 0.2399456521741 0.0108695652174 0.1421195652174 0.19510869565209998 1.0676630434797998 0.1777173913043 0.0 0.29347826086949996 0.0638586956521 0.06875 0.0375 0.20733695652169998 0.03125
0.0689655172413 0.24137931034500001 0.0344827586206 0.0 0.0689655172413 0.0 0.0 0.4137931034493 0.0 0.586206896552 0.0344827586206 0.0689655172412 0.103448275862 0.1379310344826 0.44827586206930004 0.2413793103442 0.0689655172413 0.103448275862 0.1034482758619 0.0344827586206 0.0 0.0 0.172413793103 0.0689655172413
0.1 0.0 0.0 0.0 0.0 0.0 0.0 0.0 0.0 0.0 0.0 0.0 0.0 0.2 0.0 0.05 0.1 0.0 0.0 0.0 0.0 0.05 0.5 0.0
0.8597041302913 0.3459170459163 0.0461538461538 0.4230769230779 0.3452958805895 0.5281385281393001 0.0 1.2503337620988 0.501440172028 0.24074074074059998 0.0 0.6461316461311 0.3646209999148 0.5332149332148 0.8600458365178999 1.1758920817739997 0.0796536796536 0.012987012987 0.4967601026419 0.4671683436392 0.0923076923076 0.0885526238467 0.4847720906545 0.1570919276801
0.0526315789474 0.0770218228498 0.0 0.0487804878048 0.0770218228498 0.0 0.0 0.2272143774068 0.9204107830554 0.2593068035946 0.0 0.0526315789474 0.0770218228498 0.1578947368424 0.0 0.227214377407 0.0243902439024 0.1540436456998 0.0 0.28754813863940004 0.2516046213096 0.0 0.0 0.105263157895
0.0 0.5 0.0 0.0 0.0 0.0 0.0 0.0 0.0 0.5 0.0 0.0 0.0 0.0 0.0 0.0 0.0 0.0 0.0 0.0 0.0 0.0 0.0 0.0
0.0 0.0 0.0 0.0 0.0 0.0 0.0 0.0 0.0 0.0 0.0 0.0 0.0 0.0 0.0 0.0 0.0 0.0 0.0 0.0 0.0 0.0 0.0 0.0
0.35333501328710004 0.09878724769380001 0.0 0.12120219555520001 0.1177750292103 0.3547672707543 0.0 0.4686755899803 0.0381811870878 0.0601537765716 0.0 0.5397899582869 0.0845070422536 0.1137026951713 0.37280944827749996 0.20822191042819999 0.143174785039 0.0149253731343 0.1515052258582 0.0422535211267 0.046511627907 0.3179358248509 0.3377007704828 0.0140845070422
0.3508634222918 0.1562009419152 0.0204081632653 0.039638932496099996 0.0576923076923 0.0204081632653 0.0 0.2629513343801 0.1538461538462 0.11538461538450001 0.0 0.1958398744112 0.0792778649921 0.1369701726844 0.1550235478811 0.3159340659341 0.0576923076924 0.1346153846153 0.138147566719 0.1766091051805 0.13579277865 0.19583987441130002 0.100863422292 0.0
0.2750000000001 0.02 0.05 0.15000000000000002 0.1 0.095 0.02 0.46 0.065 0.07 0.0 0.2900000000001 0.065 0.44500000000000006 0.0 0.155 0.145 0.0 0.14500000000000002 0.06 0.0 0.085 0.265 0.04
0.3547619047624 0.0928571428571 0.0 0.0404761904762 0.0476190476191 0.0571428571428 0.0 0.1714285714284 0.0 0.0238095238095 0.0476190476191 0.2547619047618 0.0 0.0357142857143 0.142857142857 0.27142857142869997 0.1500000000003 0.0119047619048 0.0880952380952 0.0285714285714 0.0404761904762 0.0285714285714 0.1 0.0119047619048
0.6449626066701 0.27900672662202003 0.0 0.20081105923339998 0.52730653129872 0.106382978723 0.0 0.5390903915848599 0.1590187906702 0.0711246200608 0.0 0.44136846008383995 0.020618556701 0.16555270057134 0.20787740628162 2.1396042887441 0.27396254399962 0.0425531914893 0.32188554298662 0.21517693938802002 0.07879991435042 0.16367781155 0.31808667314222 0.0831322658477
0.22735606894084998 0.05555555555555 0.0 0.0277777777778 0.06866519985335 0.0 0.0185185185185 0.13412174550815 0.0561972863953 0.0 0.0185185185185 0.30913091309104995 0.009900990099 0.00925925925925 0.14658965896575 0.3027136046942 0.1229372937294 0.009900990099 0.1829849651632 0.0185185185185 0.009900990099 0.03767876787675 0.2337733773376 0.0
0.0 0.0 0.0 0.0 0.0 0.0 0.0 0.0 0.0 0.0 0.0 0.0 0.0 0.0 0.0 0.0 0.0 0.0 0.0 0.0 0.0 0.0 0.0 0.0
0.2926829268296 0.0 0.0 0.0 0.1951219512188 0.0 0.0 0.6341463414646001 0.0 0.0 0.0 0.14634146341440002 0.0487804878048 0.2926829268296 0.0 0.0 0.0487804878048 0.0 0.0 0.0 0.0 0.19512195122 0.14634146341440002 0.0
0.0131578947368 0.0394736842105 0.0 0.0 0.0394736842105 0.0 0.0 0.0263157894736 0.0131578947368 0.0131578947368 0.0263157894736 0.09210526315779999 0.06578947368419999 0.13157894736859999 0.0526315789474 0.17105263157919998 0.0131578947368 0.0131578947368 0.0 0.0921052631582 0.0394736842104 0.0263157894736 0.1184210526314 0.0131578947368
0.0909090909091 0.0 0.0 0.0 0.0 0.0627705627705 0.0 0.2532467532466 0.1060606060606 0.0151515151515 0.0 0.0757575757575 0.09307359307350001 0.3268398268401 0.0 0.060606060606 0.1428571428571 0.060606060606 0.077922077922 0.10822510822510001 0.1363636363636 0.121212121212 0.2207792207792 0.047619047619
0.6219512195126 0.10975609756089999 0.0365853658536 0.0365853658536 0.0731707317072 0.0 0.0 0.1463414634145 0.10975609756089999 0.0 0.0 0.40243902438990004 0.0365853658536 0.10975609756089999 0.0 0.25609756097549996 0.1463414634146 0.0 0.219512195122 0.0 0.0365853658536 0.0731707317073 0.585365853658 0.0
0.4155561538125 0.0588235294117 0.0 0.252321981424 0.188832054561 0.0294117647059 0.2167182662537 0.7075425135722999 0.0 0.0671243325705 0.0 0.5233544218606 0.0965360972764 0.3513931888549 0.1843451339344 0.427087539821 0.0294117647059 0.0434782608695 0.4784403463913 0.0882352941176 0.0294117647059 0.3674339300942 0.4151298963519 0.0294117647059
0.0588235294118 0.0441176470588 0.0 0.0 0.0 0.0 0.0 0.20588235294090002 0.0 0.0 0.0 0.1764705882348 0.0735294117648 0.0588235294117 0.0 0.10294117647060001 0.0 0.0294117647059 0.0147058823529 0.117647058823 0.0588235294118 0.0294117647059 0.0147058823529 0.0147058823529
0.8512856474988999 0.1432445067787 0.0763440860215 0.0999999999999 0.5570827489468 0.3254901960783 0.133333333333 1.0095949179098 0.11935483870970001 0.2176470588229 0.0333333333333 0.5391771856009 0.49411764705930006 0.2961664329123 1.8799906498332999 1.6629596017939001 0.5934658856528999 0.0 0.3840222203889 0.143010752688 0.0588235294117 0.1741935483869 0.9740285454996 0.2333333333333
0.5113636363652 0.340909090909 0.0 0.1136363636362 0.2840909090911 0.0 0.170454545454 0.4545454545451 0.0568181818181 0.0 0.0 0.3409090909082 0.170454545454 0.2272727272721 0.1704545454541 0.624999999999 0.28409090909019996 0.0 0.340909090909 0.0568181818181 0.170454545454 0.1704545454541 0.5113636363631 0.0
0.0 0.0 0.0 0.0 0.0 0.0 0.0 0.0 0.0 0.0 0.0 0.0 0.0 0.0 0.0 0.0 0.0 0.0 0.0 0.0 0.0 0.0 0.0 0.0
0.1101694915253 0.0169491525424 0.0 0.11864406779718001 0.0932203389831 0.0 0.00847457627118 0.16101694915266002 0.0 0.0 0.0 0.06779661016956 0.00847457627118 0.05932203389837999 0.00847457627118 0.11864406779655999 0.0508474576272 0.0 0.0762711864409 0.0 0.00847457627118 0.00847457627118 0.08474576271188 0.0
0.1778656126482 0.047233201581 0.0 0.0181818181818 0.15237154150219998 0.0 0.0 0.12351778656120002 0.0217391304348 0.0217391304348 0.0363636363636 0.1667984189724 0.0727272727274 0.0217391304348 0.1377470355733 0.3883399209486001 0.2505928853755 0.0108695652174 0.07628458498020001 0.06541501976280001 0.0217391304348 0.050790513834 0.1379446640315 0.0
0.47558770343585 0.05767911704180001 0.0759493670886 0.06753133379055001 0.2011598179209 0.059113300492549994 0.0 0.5078256531769499 0.1716031676745 0.3417721518983 0.0 0.45999875288419995 0.1055060173348 0.35592691899969997 0.9583463241280001 0.21244621812069997 0.0576791170418 0.047826900293050006 0.06753133379055001 0.0 0.047826900293050006 0.22229843487 0.48668703622985 0.0197044334975
0.0714285714285 0.0 0.0714285714285 0.0 0.0 0.0714285714285 0.0 0.0714285714285 0.0 0.0 0.0 0.0 0.0 0.0 0.0 0.0 0.0 0.0 0.0 0.0 0.0 0.0714285714285 0.642857142858 0.0
0.68149585880722 0.30974471233466006 0.0165289256198 0.10864035696926001 0.2800615914191 0.2482724494752 0.0 0.68880847460316 0.18674781962886 0.0983737669955 0.025974025974 0.3977358138668 0.15141998548276 0.24780800750055998 0.7116346005215599 0.51283509271406 0.1322748107507 0.0947276804616 0.1431523022431 0.1376516682386 0.06603323147436001 0.3015443780826 0.39158535314958004 0.066949093687
0.1263157894735 0.0947368421052 0.0315789473684 0.0 0.0631578947368 0.0631578947368 0.0 0.1263157894736 0.82105263158 0.1263157894736 0.0 0.0 0.1263157894735 0.3157894736835 0.1263157894735 0.3473684210526 0.0631578947368 0.0315789473684 0.0 0.22105263158 0.1578947368424 0.0 0.0947368421052 0.0631578947368
0.0526315789473 0.1120107962213 0.0350877192982 0.0 0.0175438596491 0.140350877193 0.0 0.140350877193 0.1120107962213 0.09446693657220001 0.0 0.10526315789480001 0.0175438596491 0.24156545209150002 0.0350877192982 0.1120107962213 0.0 0.0 0.153846153846 0.0175438596491 0.3076923076922 0.0701754385966 0.1403508771931 0.09446693657220001
0.0 0.0 0.0 0.0 0.0 0.0 0.0 0.0 0.0 0.0 0.0 0.0 0.0 0.0 0.0 0.0 0.0 0.0 0.0 0.0 0.0 0.0 0.0 0.0
0.8457556935813 0.1566597653553 0.08919944789510001 0.1169772256728 0.1801242236025 0.2080745341613 0.063492063492 0.6361283643892 0.031746031746 0.1645962732918 0.0 0.6476880607313 0.0714285714285 0.3806073153898 0.32453416149029995 0.3945824706692 0.095238095238 0.0574534161491 0.2218771566596 0.0534851621808 0.0752242926155 0.3131469979293 0.6716701173226 0.2003105590068
0.0 0.0 0.0 0.0 0.0 0.0 0.0 0.0 0.0 0.0 0.0 0.0 0.0 0.0 0.0 0.0 0.0 0.0 0.0 0.0 0.0 0.0 0.0 0.0
0.060606060606 0.030303030303 0.09090909090900001 0.0 0.030303030303 0.0 0.0 0.030303030303 0.030303030303 0.0 0.0 0.121212121212 0.0 0.181818181818 0.030303030303 0.1515151515151 0.0 0.0 0.060606060606 0.0 0.0 0.060606060606 0.09090909090900001 0.030303030303
0.6206896551726 0.0933908045977 0.0 0.0344827586206 0.08620689655159999 0.120689655173 0.0 0.2112068965515 0.333333333333 0.10057471264359999 0.0689655172414 0.1379310344827 0.0761494252873 0.13505747126429998 0.2557471264363 0.35919540229920005 0.0 0.0344827586206 0.0862068965517 0.051724137931 0.1422413793103 0.0344827586206 0.0172413793103 0.0
2.2364039829053803 0.25000083305848 0.0 0.15046398262259 0.72220271772029 0.0952918009308 0.0 0.8429401385353801 0.041454081632600004 0.03040816326519 0.03125 0.64887295147318 0.1772967514258 0.2255261917167 2.21284711513869 1.9925545033014 0.59110653667388 0.03125 0.39386886150989003 0.175 0.11290816326529 0.23090404582869 0.77619917899348 0.03125
0.5540941907017 0.078584521004 0.0190476190476 0.0339729921819 0.24672128081395 0.023697302958850003 0.0 0.36153443309765 0.00877192982455 0.0 0.023697302958850003 0.4896831631312 0.035839598997450005 0.0625444207533 0.5220588785393 0.6149365952201999 0.17376276512160002 0.0149253731343 0.2497287996109 0.0380952380953 0.03322111248265 0.1431601391538 0.27192234317125 0.0
0.0 0.0 0.0 0.0 0.0 0.0 0.0 0.0 0.0 0.0 0.0 0.0 0.0 0.0 0.0 0.0 0.0 0.0 0.0 0.0 0.0 0.0 0.0 0.0
0.6116531165308 0.1 0.0 0.13658536585359998 0.091056910569 0.0555555555556 0.0 0.281029810298 0.0 0.07994579945800001 0.0365853658536 0.5010840108404 0.0 0.1455284552844 0.0853658536588 0.3086720867207 0.3208672086719 0.0 0.2387533875337 0.0555555555556 0.166666666667 0.4509485094855 0.3341463414632 0.0
0.0421052631579 0.0736842105263 0.0 0.0 0.021052631579 0.0105263157895 0.0 0.16842105263169999 0.0526315789473 0.021052631579 0.0 0.0315789473684 0.0526315789474 0.1578947368419 0.0210526315789 0.126315789474 0.0526315789473 0.0210526315789 0.0315789473684 0.0105263157895 0.0105263157895 0.0210526315789 0.0315789473685 0.0421052631579
0.2553191489364 0.0 0.0 0.0 0.0212765957447 0.0212765957447 0.0 0.06382978723409999 0.0425531914893 0.0 0.0 0.0425531914893 0.0 0.0 0.148936170213 0.063829787234 0.063829787234 0.0 0.0 0.0 0.0425531914893 0.0425531914893 0.19148936170199998 0.0
0.0 0.0 0.0 0.0 0.0 0.0 0.0 0.0 0.0 0.0 0.0 0.0 0.0 0.0 0.0 0.0 0.0 0.0 0.0 0.0 0.0 0.0 0.0 0.0
1.1118919683256 0.3434247737557 0.0117647058823 0.2494909502262 0.1523897058821 0.423076923078 0.0235294117647 0.7702912895923 0.16225961538439998 0.14751131221719999 0.0937499999999 0.2733880090495 0.49038461538300004 0.4537471719457 0.9759615384614 1.2270927601821 0.16750565610829998 0.0 0.18786764705859998 0.1055147058822 0.28124999999989997 0.3200791855203 1.0278280542986 0.0
0.0 0.0 0.0 0.0 0.0 0.0 0.0 0.0 0.0 0.0 0.0 0.0 0.0 0.0 0.0 0.0 0.0 0.0 0.0 0.0 0.0 0.0 0.0 0.0
0.3316326530611 0.0385487528345 0.03458049886615 0.15702947845825002 0.278344671202 0.030612244898 0.03458049886615 0.5215419501136 0.04251700680275 0.01927437641725 0.015306122449 0.26643990929685 0.03458049886615 0.20068027210900002 0.45521541950114996 0.5634920634925 0.1541950113377 0.02721088435375 0.18650793650765002 0.0232426303855 0.03458049886625 0.0929705215419 0.41099773242615 0.0459183673469
0.2123893805309 0.0176991150442 0.0 0.0176991150442 0.0353982300885 0.10619469026549999 0.0176991150442 0.17699115044250002 0.10619469026549999 0.0353982300884 0.0 0.1061946902654 0.0176991150442 0.10619469026549999 0.0353982300884 0.19469026548680002 0.23008849557520003 0.0 0.10619469026549999 0.0884955752213 0.0 0.1061946902654 0.2654867256637 0.0176991150442
0.1 0.1 0.1 0.0 0.0 0.0 0.0 0.1 0.0 0.2 0.0 0.1 0.0 0.0 0.1 0.0 0.0 0.0 0.0 0.0 0.0 0.2 0.0 0.0
0.47794117646990003 0.025 0.0 0.15 0.28382352941169997 0.05 0.025 0.4338235294127 0.0588235294117 0.0588235294117 0.0 0.40882352941169997 0.2014705882347 0.07500000000000001 0.05 0.5338235294116 0.2499999999999 0.0 0.15 0.125 0.025 0.15 0.3499999999999 0.117647058823
0.9703457610442 0.21549567285979998 0.0 0.2640211640215 0.5640498749029 0.3634920634922 0.0 0.4157499692386 0.1297813871457 0.0997744145031 0.0518272425249 0.694885361551 0.1104056437389 0.16868463147520002 0.5474426807767 1.3956974693421 0.1389770723103 0.0232558139535 0.19380255116670003 0.142857142857 0.2232558139545 0.2248185062137 1.0095525204059 0.0518272425249
0.18373015873003 0.031746031746 0.04007936507933 0.07182539682533 0.10357142857133 0.0416666666667 0.031746031746 0.3940476190473 0.126984126984 0.17182539682599998 0.0 0.67658730158766 0.113492063492 0.47777777777736 1.073809523809 0.27698412698433006 0.031746031746 0.041666666666700006 0.19047619047599998 0.031746031746 0.0 0.3507936507944 0.5126984126982299 0.02500000000003
0.0 0.0 0.0 0.0 0.0 0.0 0.0 0.0 0.0 0.0 0.0 0.0 0.0 0.0 0.0 0.0 0.0 0.0 0.0 0.0 0.0 0.0 0.0 0.0
0.5892377054347999 0.27090176385926 0.023343766301459998 0.21978021978 0.22903947903926 0.046687532603 0.00925925925926 0.55245576020166 0.05112154407926 0.164835164835 0.0 0.40653035019196004 0.12054234237336 0.19444444444432 1.3400330759473 1.24900542858176 0.38701009475636 0.0 0.43573692869422 0.00925925925926 0.0831140690295 0.08411580594688 0.4727739657333 0.060772039645200004
0.0 0.1407302375043 0.021978021978 0.021978021978 0.0 0.0762141084721 0.0 0.0981921304501 0.3906416164491 0.0755051400212 0.0 0.021978021978 0.08720311946119999 0.2609003899324 0.1751152073736 0.043956043956 0.032967032967 0.0762141084722 0.1187522155263 0.0542360864941 0.20595533498809998 0.0542360864941 0.0432470755051 0.0
0.0 0.30000000000000004 0.0 0.0 0.0 0.0 0.0 0.2 0.0 0.1 0.0 0.1 0.0 0.1 0.0 0.0 0.0 0.1 0.1 0.0 0.0 0.0 0.0 0.0
0.0 0.0 0.0 0.0 0.0 0.0 0.0 0.0 0.0 0.0 0.0 0.0 0.0 0.0 0.0 0.0 0.0 0.0 0.0 0.0 0.0 0.0 0.0 0.0
1.2358563489930998 0.1224412705132 0.0784958013874 0.06543435613200001 0.2365600039584 0.144578313253 0.027027027027 0.9733075177279 0.0 0.1968618367909 0.0 1.0221154086661999 0.21932202247939997 0.5161680483553 0.7749852258823999 0.6820538816456 0.2707236346736 0.0 0.2804388102269 0.1406954939983 0.0392479006937 0.5060336410164 1.3194191400031001 0.14823431657660002
0.2210012210014 0.096052096052 0.0 0.0 0.0439560439561 0.032967032967 0.0 0.3239723239726 0.010989010989 0.085063085063 0.0 0.2840862840863 0.048026048026 0.102971102971 0.059015059015 0.059015059015 0.021978021978 0.010989010989 0.043956043956 0.032967032967 0.032967032967 0.070004070004 0.2580382580381 0.16198616198600002
0.6995192307689 0.24416208791240002 0.1875 0.1064560439561 0.09065934065919999 0.0889423076923 0.0 0.7297390109885 0.5597527472524 0.1085164835164 0.0 0.3760302197801 0.2668269230772 0.4962225274725 0.1016483516483 0.38049450549440006 0.3094093406592 0.032967032967 0.2623626373626 0.414835164835 0.24416208791219998 0.6658653846163 0.5789835164837 0.0549450549451
0.6245572609209 0.05588351042891 0.0 0.00826446280991 0.033057851239620004 0.11176702085790001 0.0 0.22353404171571997 0.00826446280991 0.0 0.0247933884297 0.18417945690662002 0.15112160566691 0.27941755214471 0.22353404171590002 0.4592680047225 0.04132231404952 0.00826446280991 0.0578512396696 0.10350255804801001 0.02479338842971 0.05588351042891 0.3207398661942 0.0
1.25894510004209 0.3768772738869 0.014598540146 0.23374993826537 0.66688790961702 0.0844412435403 0.046586889440789994 1.14703998039505 0.138704809432 0.0388349514563 0.015503875969 0.48360796906891 0.10847454252497002 0.29366720887893 2.16649448259857 1.60620816024094 0.57703642394357 0.0140845070422 1.02254036668638 0.3185309208578 0.08542184089708998 0.5092339054432 0.6929614464956301 0.09956771313157999
1.2181677018632 0.13183229813650002 0.0796583850931 0.1325310559005 0.3954968944093 0.0521739130434 0.0 0.6034937888192999 0.0782608695651 0.0 0.0 0.6535714285708 0.0 0.15861801242220003 2.1680124223662003 1.4296583850925 0.1311335403725 0.0521739130434 0.6062888198755001 0.0796583850931 0.052872670807400005 0.6344720496908001 0.3419254658381 0.0
0.0 0.0 0.0 0.0 0.0 0.0 0.0 0.0 0.0 0.0 0.0 0.0 0.0 0.0 0.0 0.0 0.0 0.0 0.0 0.0 0.0 0.0 0.0 0.0
1.5169765347736002 0.0 0.0 0.0344827586207 0.3077493511311 0.0952380952381 0.0344827586207 0.8295460564646 0.0 0.0 0.0 0.36188357434159996 0.0 0.10122358175750001 0.6662429154093 0.3833889506864 0.44769320408889995 0.0 0.7320832671230999 0.137931034483 0.0344827586207 0.8832035595122 0.3796281582708 0.0537634408602
0.0344827586207 0.0574712643678 0.0 0.0229885057472 0.080459770115 0.0 0.0229885057471 0.0689655172414 0.0229885057472 0.0 0.0 0.0689655172414 0.0344827586207 0.1149425287359 0.0459770114942 0.1149425287357 0.0574712643679 0.0344827586207 0.0114942528736 0.0804597701152 0.0344827586207 0.0344827586207 0.0459770114943 0.0114942528736
0.39315476190489995 0.1264880952381 0.0380952380952 0.0571428571428 0.16994047619039998 0.0815476190476 0.0 0.2080357142857 0.3619047619043 0.0 0.0 0.2949404761904 0.0571428571428 0.3276785714292 0.10059523809519999 0.3535714285713 0.0 0.0380952380952 0.03125 0.0571428571428 0.0190476190476 0.1264880952381 0.1577380952381 0.0
0.10000000000020001 0.0111111111111 0.0111111111111 0.0111111111111 0.0222222222222 0.0 0.0 0.0444444444444 0.033333333333300005 0.0 0.0 0.211111111111 0.0222222222222 0.033333333333300005 0.0333333333333 0.0666666666666 0.05555555555550001 0.0 0.0666666666667 0.0 0.033333333333300005 0.0777777777778 0.1666666666666 0.0
0.8525104602506002 0.0376569037656 0.0 0.0125523012552 0.0878661087864 0.0125523012552 0.2 0.6382845188282 0.0376569037656 0.0751046025104 0.0 0.8880753138074 0.18786610878690002 0.08765690376560001 0.7780334728030001 0.3510460251044 0.1253138075312 0.0 0.20062761506279997 0.0376569037656 0.0 0.5506276150625999 0.8263598326353999 0.0125523012552
0.0 0.0 0.0 0.0 0.0 0.230769230769 0.0 0.0769230769231 0.0 0.0769230769231 0.0 0.0 0.0 0.153846153846 0.0 0.0769230769231 0.0 0.0 0.0 0.153846153846 0.0 0.0769230769231 0.0 0.153846153846
1.1417425787896 0.1359806295397 0.1953693923852 0.2033898305081 0.8116707021784 0.1528028064288 0.0254237288135 1.1975001429902 0.10088120340890001 0.15230977483719998 0.0254237288135 1.8319543955321997 0.0597094430991 0.9910278164386999 3.9917572591508996 1.6773556271584003 0.6562227602902 0.0857142857144 1.4218394310891 0.0425665859563 0.196852300242 0.6199889420606 1.0244155497509 0.2581010848222
0.1316614420061 0.1434169279003 0.0 0.0344827586207 0.155172413793 0.0 0.0 0.1316614420062 0.21081504702140003 0.1316614420063 0.0 0.1724137931033 0.0626959247649 0.22884012539180001 0.35501567398100004 0.16536050156729998 0.0689655172413 0.0454545454545 0.0689655172413 0.120689655173 0.1371473354232 0.26253918495399997 0.35031347962470005 0.0227272727273
0.0 0.0 0.0 0.0 0.0 0.0 0.0 0.0 0.0 0.0 0.0 0.0 0.0 0.0 0.0 0.0 0.0 0.0 0.0 0.0 0.0 0.0 0.0 0.0
0.2072538860101 0.233160621762 0.0259067357513 0.310880829015 0.5181347150251 0.0259067357513 0.0259067357513 0.6476683937826999 0.0777202072538 0.0259067357513 0.0 0.38860103626979997 0.0 0.0518134715026 0.103626943005 0.3108808290156 1.0103626943008 0.0 0.2590673575123 0.0777202072538 0.0 0.2072538860105 0.4404145077726 0.0518134715025
0.8795108984578001 0.0467836257309 0.0233918128655 0.19284954811260002 0.9619829877716501 0.06412546517795 0.06818181818175001 0.5829186602869 0.179755449229 0.1350930356193 0.02 0.8882243487501 0.10272727272724999 0.30167995746925 1.0324136097836 1.1061881977669 0.22208931419455 0.21065922381695001 0.2577671451353 0.3672780435935 0.21217969165324999 0.29810738968670003 0.7359117490691001 0.11018075491750001
0.29641365404020004 0.0904868212588 0.0 0.0424528301886 0.131823419271 0.11878870805120001 0.0 0.38131931441760003 0.07187094915730001 0.39471410053239997 0.0 0.6185366556242999 0.099056603774 0.3146694512459 0.47032982860390005 0.2766815497622 0.029418118968700002 0.1199049402275 0.1035215324786 0.11878870805120001 0.0446852945412 0.304983436555 0.8352657352732001 0.1362883479767
0.68 0.0 0.0 0.02 0.0 0.0 0.04 0.02 0.0 0.02 0.0 0.04 0.0 0.02 0.0 0.02 0.02 0.0 0.0 0.0 0.0 0.04 0.08 0.0
1.17548659523702 0.35384114423721 0.1618274607354 0.17687559096927 0.47987244467426005 0.21678008586905 0.0 0.84097960686566 0.46307338929675 0.11836017928181 0.047619047619 0.80184831325502 0.30582231661586 0.65899899836456 1.90315284183546 0.6379312449017001 0.27077092374894995 0.14709183909311 0.46929200516256997 0.6440216188718001 0.18241777415421 0.9928522053911 0.8194284679685999 0.13165590585035
0.1804347826087 0.2264492753624 0.0 0.039492753623200004 0.1289855072464 0.0644927536232 0.0 0.3789855072464 0.5949275362335 0.13949275362320002 0.0 0.2144927536231 0.1789855072464 0.40398550724629995 0.1974637681159 0.2329710144927 0.0 0.0999999999999 0.039492753623200004 0.2079710144928 0.2434782608695 0.252898550724 0.175 0.0
0.0681818181817 0.272727272727 0.0227272727273 0.0 0.0340909090909 0.147727272728 0.0 0.0909090909094 0.2159090909091 0.0852272727273 0.0 0.0965909090909 0.0 0.0965909090909 0.7007575757579001 0.3068181818181 0.0113636363636 0.1363636363636 0.0625 0.0625 0.0 0.1988636363636 0.3901515151512 0.0
0.0 0.0 0.0 0.0 0.0 0.0 0.0 0.0 0.0 0.0 0.0 0.0 0.0 0.0 0.0 0.0 0.0 0.0 0.0 0.0 0.0 0.0 0.0 0.0
1.2787253456387 0.19152067906799997 0.0176991150442 0.11718891096260001 0.4096443464457 0.3423333935351 0.0829480914013 0.7665586192207 0.0782553729456 0.23390373848639998 0.0 0.9445835882901001 0.1621591114324 0.38260353011859993 0.7142666431246 1.1709430318154002 0.1337743511087 0.095796460177 0.5009137309657 0.079081632653 0.08565713962230001 0.675626315775 1.3971632491338 0.13865360303410001
0.20871143375700002 0.0862068965518 0.0172413793103 0.043557168784 0.3039927404719 0.0698729582577 0.0263157894737 0.5517241379307001 0.22504537205090003 0.08711433756789999 0.0172413793103 0.5471869328504 0.13067150635199998 0.192377495463 0.44101633393859996 0.2858439201454 0.078947368421 0.0689655172413 0.0698729582576 0.060798548094399996 0.0689655172413 0.0263157894737 0.2087114337566 0.1833030853
1.192626613705 0.5263654419076 0.1469380999668 0.1987421383656 0.1166666666666 0.0820258192651 0.0 0.6373469049981999 0.4960774577957 0.4035253227405 0.0 1.3663770274743 0.34518371400229997 0.7583912611722 0.3075471698108 0.544794769944 0.06931479642499999 0.1627358490566 0.4693230718307 0.4447616683217 0.5188679245283 0.707034094671 0.4864862628268 0.0188679245283
0.7860310421292 0.09903917220979999 0.0454545454545 0.0779748706578 0.0569105691057 0.1152993348114 0.0 0.1722099039173 0.0 0.0081300813008 0.0243902439024 0.11862527716170002 0.09903917220979999 0.090909090909 0.2387287509239 0.3070953436807 0.0162601626016 0.0081300813008 0.21766444937150004 0.0243902439024 0.0535846267553 0.0942350332594 0.3458980044345 0.0
1.3283546187295001 0.1992707456107 0.0 0.21029969566874 0.64135648757856 0.166133076248 0.0 0.8652318430975801 0.1509835686183 0.13105994744842 0.02835249042144 0.68573446593522 0.07327577519654 0.38725662119779997 2.39770796155512 1.54688052819452 0.5198524427904601 0.0 0.47255238642772 0.1519155350675 0.0762865066978 0.5328163264467001 1.32073602197384 0.1139429550925
1.86743568667398 0.12668971082148 0.01901921077118 0.2142315566009 0.27791170546966004 0.030745318068100002 0.0366972477063 0.53300136226306 0.02497114040948 0.0490939419212 0.0 0.8034826332795 0.02497114040948 0.23508477614520001 2.9153408494658 0.71558528354166 0.25445949087568 0.0550458715595 0.63101149412668 0.1185482684495 0.02497114040948 0.33806116777036 0.59833776792658 0.10530323533688
0.19178082191770002 0.0 0.0 0.0 0.0547945205479 0.054794520548 0.0 0.054794520548 0.0821917808219 0.1917808219178 0.0 0.054794520548 0.191780821918 0.1917808219178 0.54794520548 0.1369863013698 0.0 0.0 0.054794520548 0.0 0.027397260274 0.109589041096 0.054794520548 0.0
1.665746589251 0.105263157895 0.0 0.14282288594780002 0.4620464709355 0.0753588516747 0.0132450331126 0.8357957197208999 0.0 0.0264900662252 0.0 0.5085880307048 0.0132450331126 0.4461071299867 0.7208976622209 0.8013008725657 0.31828923066320003 0.0254237288135 0.5842954358827 0.0780553077609 0.1772077695746 0.40963011974950003 0.550455804866 0.0397350993377
0.0 0.0 0.0 0.0 0.0 0.0 0.0 0.0 0.0 0.0 0.0 0.0 0.0 0.0 0.0 0.0 0.0 0.0 0.0 0.0 0.0 0.0 0.0 0.0
0.4751552795028 0.1149068322982 0.1149068322981 0.0714285714286 0.1149068322981 0.0652173913043 0.0 0.49378881987589995 0.1086956521739 0.31677018633520004 0.0 0.5186335403723 0.0652173913043 0.1956521739128 1.1925465838518 0.2950310559005 0.164596273292 0.1739130434788 0.30124223602469996 0.195652173914 0.437888198758 0.1801242236024 0.29503105590059997 0.108695652174
0.6230110159122 0.048551611587 0.0310077519379 0.128110975112 0.13627090983259998 0.0 0.0 0.40718074255399994 0.1591187270502 0.0310077519379 0.0 0.9722562219505999 0.0 0.1415748674011 0.0 0.20767033863690001 0.3802529579763 0.0310077519379 0.5662994696053 0.0620155038759 0.0175438596491 0.25622195022440003 0.8008975928183001 0.0
2.3045212928713497 0.34499118240955 0.1383821632573 0.34840706323415 0.437489043014 0.45668444271025005 0.07098765432095 1.00614912085455 0.02545359124305 0.5663412011251 0.0323886639676 1.0163052018715 0.1516716295915 1.1341352848713 2.1321403180496 1.1793722833532498 0.07843374221999999 0.06808278867095 0.6420063557201999 0.1662300547744 0.13449602340665 2.3465497457836504 1.0502269113611 0.1685542413091
0.243902439024 0.0731707317072 0.0 0.0487804878048 0.0487804878048 0.07317073170720001 0.0 0.14634146341440002 0.0 0.0 0.0 0.29268292683 0.2195121951214 0.1951219512204 0.0 0.0975609756096 0.0487804878048 0.0 0.0975609756096 0.0975609756098 0.07317073170720001 0.0487804878048 0.0975609756096 0.0975609756098
1.7424675097274398 0.30025068316091996 0.1725313593365 0.30293700032732 1.6791009870331 0.07736700500190001 0.14379093810088 1.29473163842248 0.17184680087372 0.28652032638408004 0.018701870187 2.0289744299177 0.10887839216536 1.3005290833137 5.63720581377922 2.07251604324926 0.9151890806729399 0.125691379458 2.0359841387403197 0.1868565666751 0.1771558658756 1.12662009022148 1.9501180144009198 0.14403498296902
0.170731707317 0.0487804878048 0.0 0.0243902439024 0.0975609756097 0.0365853658536 0.0243902439024 0.10975609756089999 0.060975609756 0.0 0.0 0.10975609756089999 0.0121951219512 0.0975609756097 0.21951219512220002 0.08536585365839999 0.0243902439024 0.0 0.0731707317072 0.0487804878049 0.0121951219512 0.17073170731679999 0.5609756097558 0.0121951219512
0.0 0.0 0.0 0.0 0.0 0.0 0.0 0.0 0.0 0.0 0.0 0.0 0.0 0.0 0.0 0.0 0.0 0.0 0.0 0.0 0.0 0.0 0.0 0.0
0.42802526595760004 0.0564328457446 0.0212765957446 0.0681515957446 0.2322140957446 0.0937500000003 0.0234375 0.2769281914892 0.03515625 0.0872672872338 0.0212765957446 0.3281250000003 0.0681515957446 0.1171875 0.2830784574466 0.3472406914896 0.26953125 0.0851063829787 0.2417719414893 0.0820312500003 0.03515625 0.3077626329787 0.36419547872290003 0.12674534574489998
1.63058684504645 0.09742006556685001 0.0229007633588 0.15336556478695 0.54324631727665 0.06269800561200001 0.0225563909774 0.66134028887485 0.23938739961915 0.2483618057961 0.0777297813238 0.9753587656012501 0.0468877289322 0.39012430593895003 1.1968318354777 1.1563164301531001 0.396056395775 0.0484272760487 0.2169399811623 0.1289284503591 0.1452818281462 0.3499503638582 1.1469477625686502 0.042355647741
0.5123511118937001 0.1019773514052 0.0677110837293 0.1044417062723 0.43971131842979994 0.0860763950008 0.0342662676758 0.9128674529131 0.15378747873 0.41776682508889995 0.0175438596491 1.217156603885 0.2039547028111 0.3560992782965 0.7892389837474 0.7428856422008999 0.1537874787302 0.0342662676758 0.30839640908370003 0.0501672240802 0.0175438596491 0.2708443349179 0.904359561109 0.10279880302750001
0.0 0.0 0.0 0.0 0.0 0.0 0.0 0.0 0.0 0.0 0.0 0.0 0.0 0.0 0.0 0.0 0.0 0.0 0.0 0.0 0.0 0.0 0.0 0.0
2.2229694600011998 0.7459976358678001 0.074312394554 0.3157241991235001 0.6831843692079 0.2641646475639 0.0 1.5670790950016 0.4821799090998 0.27748263820749997 0.036910457963 2.1056057703524003 0.41057315328229993 0.8905149496182001 2.1595116831717003 1.868431361928 0.9884444366078 0.2962675193392 1.0575287947696 0.2009775422717 0.1239641261902 0.9481634635403999 1.9409228834093 0.3390895089259
0.136054421769 0.244897959184 0.0 0.0272108843537 0.1632653061222 0.0 0.0 0.1632653061222 0.680272108844 0.2176870748296 0.0 0.3537414965985 0.1088435374148 0.2721088435372 0.24489795918380003 0.4353741496601 0.0544217687074 0.0544217687074 0.1360544217685 0.299319727892 0.2448979591833 0.0544217687074 0.0816326530611 0.0272108843537
0.06447597709729999 0.0741847149614 0.0485436893204 0.03534976350506 0.03534976350506 0.0679611650488 0.0 0.12114816378245999 0.2593867368033 0.42442445692776 0.0 0.3646026128084 0.1141777878797 0.23964455412298002 0.2027145501185 0.26171380329262 0.00970873786406 0.10446905001566001 0.127371713695 0.0 0.0947603121516 0.29176001991606 0.048543689320359996 0.00970873786406
0.0 0.0 0.0 0.0 0.0 0.0 0.0 0.0 0.0 0.0 0.0 0.0 0.0 0.0 0.0 0.0 0.0 0.0 0.0 0.0 0.0 0.0 0.0 0.0
1.04099720776069 0.37686490435529 0.04300827299728 0.1460394118485 0.24808273384458998 0.3345849225186 0.0768046316826 0.7938970407624999 0.136338368788 0.27081150358830003 0.0414510963291 1.6986263198942997 0.29934654164129 1.01593129659539 0.7337596443221 0.9993591307281702 0.3840535602238 0.0564886903141 0.85804989461549 0.0434451219512 0.070707070707 0.74875061694449 1.4695263596936 0.11307565789499
0.3610687022909 0.18118236209830002 0.00763358778625 0.0272727272727 0.15815405968085 0.034906315058950005 0.00763358778625 0.806489487405 0.4724384342707 0.2634919444081 0.0 0.3458015267171 0.15828159873925 0.20020256203455 0.23621921713494998 0.21922276197085 0.0578070784177 0.14239548361665 1.4332201736791501 0.2018043025673 0.20082150158455 0.18604572650345 0.20845508937090002 0.08945176960435
1.13322002339196 0.3869203790958 0.1248059006211 0.18020165337478003 0.09823239640682 0.0818162347397 0.0460283251231 0.9589434536938402 0.2700792460907 0.00985221674876 0.0 1.0048322739901598 0.08674234311396 0.2765046048407 0.59701333681938 0.30257980253524 0.20598524267264 0.00985221674876 0.44308098051915995 0.1721795352322 0.2115482437351 0.43511529424374 0.9595401878897001 0.00492610837438
0.6026380068388001 0.0199316072301 0.0 0.0721055202736 0.077186126038 0.1630679042503 0.0 0.2909623839768 0.0311675622862 0.0199316072301 0.0347826086956 0.15036638983900003 0.0485588666341 0.0347826086956 0.1094284318513 0.40508060576530003 0.1829995114806 0.0173913043478 0.10942843185159999 0.1094284318513 0.0311675622862 0.35769418661499996 0.1319003419639 0.0
2.0136382964260697 0.37031514530799 0.02283522104497 0.7084412326798201 1.1451887477507199 0.3951105184896999 0.12286926788146998 1.8684093890416602 0.09081846763 0.41425468254633 0.0 1.4472131234859302 0.17036836449302 0.5352831414842499 4.52783655784632 2.71396432929926 0.7012512457432001 0.03293623114597 1.22498893390886 0.42797838509727 0.42701928258088 0.7962523187286301 1.74564200311937 0.09738511426469
2.29116126710053 0.28504892925573 0.0182926829268 0.21170273124913003 0.2853355432472 0.0949578209854 0.0526711567383 1.2526379908952 0.17879965917572999 0.061404781192429994 0.0482573726541 0.98937615091623 0.07666513805863 0.3046291264918 1.9307592708007302 1.28243963545273 0.46853178252919997 0.02702630738093 0.8114315508676299 0.2108772972307 0.061404781192429994 0.43793432906029994 1.5637766458204299 0.05487804878039999
0.0 0.0 0.0 0.0 0.0 0.0 0.0 0.0 0.0 0.0 0.0 0.25 0.0 0.0 0.25 0.0 0.0 0.0 0.0 0.5 0.0 0.0 0.0 0.0
1.2120582120588 0.1003118503118 0.0 0.1778846153849 0.3546369171374 0.0851895851896 0.0966240966241 1.0584904959913999 0.027027027027 0.1474606474607 0.0 0.5289451539456 0.09709434709430001 0.3864963864961 0.5144602019607 1.1707442332442002 0.3947628947628 0.0 0.34433471933509996 0.0462577962578 0.08929808929800001 1.2188892188890001 0.8908709533714001 0.0581625581626
0.2238805970155 0.1119402985073 0.0 0.089552238806 0.044776119403 0.0447761194029 0.0 0.3358208955218 0.0447761194029 0.0447761194029 0.0 0.5373134328358999 0.0447761194029 0.2238805970144 0.1119402985073 0.2462686567165 0.17910447761140003 0.0 0.08955223880589999 0.0223880597015 0.089552238806 0.1119402985073 0.2686567164179 0.1343283582089
0.3552145495886 0.00653594771241 0.0130718954248 0.048593350383610005 0.06820119352080001 0.07104290991760001 0.06450696220511 0.16822961068471 0.08127308894571 0.06820119352081 0.0 0.27479397556161 0.0196078431372 0.18783745382201003 0.3981244671783001 0.30093776641082004 0.16453537936903 0.0551292980961 0.14862176754761003 0.0718954248368 0.0812730889457 0.06820119352081 0.24211423699962 0.042057402671200006
0.30168776371309003 0.1756329113924 0.00843881856539 0.1835443037978 0.15031645569608998 0.0 0.10970464135 0.6732971669677599 0.42269439421319005 0.07293550331517 0.0 0.98749246534138 0.40280289330889 0.1756329113922 0.2336497890298 0.5303646775164901 0.30907172995737997 0.0 0.25158227848139003 0.0416666666666 0.147830018083 0.27087100663029 0.55078360458098 0.0
3.9493535404554003 0.25911638072739995 0.040080851903 0.3363271228913 1.2884046539148999 0.09720715835140001 0.0801617038059 1.7270178983548 0.1330622849599 0.24863485312240002 0.0 1.6048744247214999 0.1750793413888 0.9175263203153002 3.4272702622835 3.1427971660878002 0.5819229948441 0.0435606060606 1.6367175153884999 0.28537208848969997 0.17781312440959998 1.5889250496823002 2.1211785229632 0.13759613488459999
0.1242176215695 0.0597014925373 0.0298507462686 0.0149253731343 0.0919595570534 0.129032258065 0.0149253731343 0.24362060664420002 0.0298507462686 0.0645161290322 0.0 0.1068849301878 0.0746268656717 0.0597014925372 0.0919595570533 0.312951372171 0.0149253731343 0.0 0.0 0.0298507462686 0.0149253731343 0.0471834376504 0.1887337506023 0.2556571978826
1.8717878832207 0.3789901983196 0.2471851049123 0.3453711448325 1.5350968166405 0.252923076923 0.09189471422427 1.8638354306734701 0.56497356853734 0.6998235832656701 0.02637516115167 1.9914349770057 0.23060175186737 1.51028169296847 2.0544902943293 2.47556442390544 0.6928447159541 0.23908927336957 1.7004095036069002 0.406272771436 0.39808751108567 1.1258944101086001 2.0744424948332996 0.22232949683326997
0.11894736842109999 0.0663157894737 0.0 0.00877192982455 0.08631578947365 0.0526315789474 0.00877192982455 0.20912280701775 0.1501754385965 0.13754385964910001 0.0 0.08140350877195 0.10877192982455 0.061403508771950006 0.0838596491228 0.10140350877189999 0.0175438596491 0.04877192982455 0.07263157894735 0.0638596491228 0.1175438596491 0.1638596491228 0.15157894736869998 0.08877192982465
0.0416666666666 0.0 0.0416666666666 0.125 0.0 0.0 0.0 0.0416666666666 0.0 0.2916666666666 0.0 0.0 0.0 0.0 0.0416666666666 0.0 0.0416666666666 0.0 0.0416666666666 0.125 0.0 0.166666666667 0.0 0.0416666666666
0.14388489208581 0.07913669064741 0.01438848920862 0.0575539568345 0.07913669064761 0.0575539568345 0.00719424460431 0.28057553956831005 0.00719424460431 0.00719424460431 0.0 0.2517985611506 0.0359712230215 0.06474820143881 0.057553956834510006 0.20863309352521003 0.08633093525169999 0.0143884892086 0.11510791366901002 0.0287769784173 0.00719424460431 0.2302158273386 0.15107913669081 0.01438848920862
1.23300651207865 0.06973937055931999 0.0128755364807 0.11463980202726001 0.8656845446438199 0.16738100155635 0.02060063393685 1.03031553274215 0.12013638135058 0.16213985645821 0.031308716204200004 0.5548860187195099 0.10862609184941999 0.43433963924494 0.6971430568575501 1.00786552751712 0.33771554060055997 0.06918975159312 0.77571284438357 0.17596478995870002 0.1768099627106 0.45143843372024006 1.2328996366834901 0.14958081812263999
0.3092681965922 0.1750221609375 0.0140845070422 0.0350635280212 0.2034866541906 0.14025411208490002 0.0140845070422 0.5112774549399 0.07731704914790001 0.3515217177182 0.0350635280212 0.8607308184765 0.09800059095830001 0.3224662661285 0.2520437309177 0.4213532945928 0.0281690140845 0.1051905840637 0.14714862602169998 0.049148035063500004 0.049148035063500004 0.1753176401064 0.5966709346987 0.0281690140844
0.0357142857142 0.0 0.0357142857142 0.0357142857142 0.0357142857142 0.0 0.107142857143 0.0714285714284 0.0 0.0 0.0 0.1071428571427 0.0 0.0357142857142 0.0 0.0357142857142 0.0 0.0 0.0357142857142 0.0 0.0357142857142 0.1071428571427 0.3214285714295 0.0
1.6291959569113699 1.0205862018917 0.0445682451253 0.1979096615223 0.9049441964129701 0.11336399559500002 0.0222841225627 1.57522843413747 0.49626549994509994 0.39559359905514 0.0 1.58278094974697 0.2890588301767 0.8768768591714399 1.423268779871 1.28640934830787 0.25536690689887 0.0380952380952 0.6909601658248 0.068055985419 0.12663139329794 1.1805802853327698 1.3729147723041 0.40906057239737004
0.2017825311941 0.2641711229945 0.0 0.0723707664883 0.1565062388589 0.2541889483063 0.0588235294118 0.4894830659534001 0.4324420677359 0.3500891265593 0.0 0.2524064171119 0.2741532976826 0.2741532976824 0.7590017825325 0.22709447415300002 0.2388591800355 0.2659536541886 0.467736185383 0.28948306595350004 0.23885918003550002 0.24064171122970002 0.11942959001770001 0.0723707664883
0.1333333333332 0.1333333333332 0.0222222222222 0.0592592592592 0.6444444444444 0.103703703704 0.0 0.1481481481482 0.3185185185184 0.2962962962962 0.0 0.1777777777776 0.0592592592592 0.06666666666660001 0.34814814814860007 0.1407407407406 0.0296296296296 0.0518518518518 0.06666666666660001 0.0 0.0222222222222 0.0888888888888 0.08148148148140001 0.0074074074074
0.0 0.0 0.0 0.0 0.0 0.0 0.0 0.0 0.0 0.0 0.0 0.0 0.0 0.0 0.0 0.0 0.0 0.0 0.0 0.0 0.0 0.0 0.0 0.0
0.34719931148280003 0.0410958904109 0.0378684644624 0.0483396686508 0.2255612135124 0.0346410385139 0.013698630137 0.4334074445951999 0.0934519113533 0.0757369289248 0.0 0.48583518611459997 0.09990676325039999 0.3029477156999 0.3834899232599 0.4897798178294 0.041884816753899996 0.0314136125654 0.2860216596141 0.0418848167539 0.0314136125654 0.0547945205479 0.37545721867640003 0.0241698343255
0.0492620662146 0.09274032708419999 0.0091743119266 0.0183486238532 0.1511767052254 0.0217391304348 0.0 0.16952532907860002 0.08934982050260001 0.049262066214600005 0.0 0.09852413242920001 0.114479457519 0.0550458715596 0.230355005984 0.17291583566010002 0.07678500199440001 0.0366972477064 0.08356601515760001 0.0366972477065 0.1352213801357 0.12026326286399999 0.1579577183886 0.0309134423614
0.5368556005404 0.332397660819 0.08 0.1169590643275 0.37685560053999995 0.1228070175439 0.04 0.6492352676565 0.30409356725159997 0.20467836257299998 0.0 0.6139271255066 0.18713450292449998 0.4868825910934 0.140350877193 0.4262258209633 0.12108412055779999 0.152046783626 0.4393477282953 0.34671614934780004 0.180350877193 0.3951866846609 0.6532973459289001 0.093567251462
0.4505494505493 0.0582417582417 0.0307692307692 0.010989010989 0.1744505494506 0.1670329670328 0.0307692307692 0.48468406593400004 0.1727335164835 0.042239010989 0.0 0.2670329670328 0.1410027472527 0.0054945054945 0.1763049450548 0.39340659340670003 0.25164835164849997 0.010989010989 0.1362637362636 0.1152472527472 0.0054945054945 0.3595467032967 0.45309065934100007 0.062019230769200004
2.6396358353969394 0.4178156508464199 0.0841882429571 0.5036756215023099 1.66844053041307 0.40878101141441003 0.1017321026062 2.27605845703238 0.44254660272241 0.39910940009207996 0.02473810425341 1.79099034910198 0.3767415833948 0.7784133268570699 3.37673830606021 3.31863044584748 0.85781081214471 0.14402714576442 1.6990323205706601 0.3934388146569599 0.19700566940507 0.9170999216584099 1.9136509500404202 0.26969879526766
2.0644116914319 0.25903092050230003 0.1973648761295 0.3914748332325 0.5117605611922 0.1704424794467 0.0264900662251 1.285806961916 0.2192958211645 0.2792189145206 0.1871589930128 1.2078639452243 0.0920599215084 0.6450747608406999 1.4799097082276 1.6523117001194003 0.5914465288988999 0.0178041543026 1.0641265086419 0.1938933956768 0.158717417529 0.8702339053600001 1.3483368748095002 0.0857650600919
0.146666666667 0.0666666666667 0.0133333333333 0.0 0.053333333333299995 0.0133333333333 0.0 0.0933333333333 0.1466666666667 0.0133333333333 0.0 0.0266666666666 0.0666666666667 0.0266666666666 0.08 0.0266666666666 0.0133333333333 0.0266666666667 0.08 0.0266666666667 0.0133333333333 0.0266666666666 0.0266666666667 0.0133333333333
0.3679118773944 0.1064655172413 0.0 0.13366858237540002 0.2108716475096 0.0 0.0125 0.7478448275859 0.025 0.08922413793100001 0.0 0.5151340996170001 0.0972222222222 0.37456896551740004 0.1597222222222 0.6318965517243 0.2918582375478 0.025 0.2509099616857 0.0172413793103 0.0394636015325 0.40713601532579996 0.4666187739463 0.0297413793103
0.1733333333333 0.0533333333333 0.0 0.0266666666666 0.1466666666667 0.0666666666667 0.0 0.21333333333350002 0.0666666666666 0.04 0.0 0.1199999999999 0.0933333333333 0.2666666666663 0.0933333333333 0.17333333333349998 0.0133333333333 0.0 0.0266666666666 0.12 0.0533333333333 0.1733333333337 0.0799999999999 0.0
0.2380952380952 0.0714285714286 0.047619047619 0.0 0.0238095238095 0.0714285714286 0.0238095238095 0.1666666666665 0.0714285714286 0.0 0.0 0.23809523809499997 0.0 0.166666666667 0.0714285714286 0.26190476190469997 0.047619047619 0.0 0.1666666666666 0.0238095238095 0.0238095238095 0.047619047619 0.2142857142858 0.0238095238095
0.19552649228695002 0.2812273641848 0.09490274983235 0.2144936284373 0.22354124748478998 0.0714285714286 0.0469483568075 0.24735747820224996 0.1695238095238 0.04040912139505 0.0 0.4450704225354 0.07612340710935 0.18932930918885002 0.11252179745135 0.4366867873909 0.1034741784036 0.0 0.25790744466785 0.036056338028089996 0.036056338028089996 0.1708920187796 0.51916163648509 0.03136150234735
1.9227948916495 0.1570840484761 0.013698630137 0.2483029851049 0.7305817130370001 0.2273048418001 0.0582878674882 1.035722654183 0.0900437828057 0.2337039587695 0.0343839541547 0.9092134200662 0.1217996981235 0.366884093912 1.318055738926 1.4562171941181 0.3258232915964 0.0273972602739 0.7704614143952 0.14220729094919998 0.1649330768933 0.6186804259578 0.8480608177789 0.1783569494053
0.1978021978022 0.087912087912 0.0 0.0 0.0 0.021978021978 0.0 0.10989010989010001 0.021978021978 0.153846153847 0.0 0.28571428571510005 0.021978021978 0.175824175824 0.043956043956 0.10989010989010001 0.021978021978 0.065934065934 0.043956043956 0.175824175824 0.021978021978 0.087912087912 0.285714285715 0.065934065934
1.1584301743108 0.1650448741736 0.0671051003999 0.3067339110149 1.6582054960088999 0.37999364882350006 0.171009771987 2.0096480739238 0.1342102007998 0.3256133985228 0.0261685839552 1.6705147708268002 0.16711334680239998 1.0722197507115998 1.0714861825728 1.3351269258770002 0.4872656014337 0.0342019543973 1.3987631842971 0.36373716834439995 0.39120456069459997 0.7132355483607999 1.6808317437299 0.2121360280261
0.1485714285713 0.1028571428574 0.0 0.0342857142857 0.0457142857144 0.0114285714286 0.0 0.21714285714349998 0.0685714285714 0.0228571428571 0.0 0.1142857142858 0.0571428571429 0.1257142857143 0.1257142857145 0.12571428571419999 0.1028571428575 0.0114285714286 0.0685714285714 0.102857142857 0.0342857142857 0.0342857142857 0.36571428571389997 0.08
0.0 0.0 0.0 0.0 0.0 0.0 0.0 0.0 0.0 0.0 0.0 0.0 0.0 0.0 0.0 0.0 0.0 0.0 0.0 0.0 0.0 0.0 0.0 0.0
0.172043010752 0.0215053763441 0.010752688172 0.0430107526881 0.0645161290323 0.010752688172 0.0215053763441 0.3548387096783 0.0 0.0215053763441 0.010752688172 0.23655913978530002 0.0215053763441 0.07526881720419999 0.021505376344 0.1720430107525 0.1612903225812 0.0 0.0967741935483 0.0537634408602 0.0 0.29032258064530003 0.12903225806399998 0.010752688172
0.9933157130018802 0.3381932457135 0.0117647058823 0.07426079674038 0.48176838339428 0.27401511959218 0.028675167540880002 0.937992677572 0.13396743099268 0.1626425985337 0.0572111077934 1.06930713816318 0.36300522752900005 0.36715868752058 0.43331779886816 1.0204707971514 0.23740251047358002 0.0235294117646 0.64596333085886 0.23912046715657997 0.09446571528 0.5839326629755001 1.29469110179708 0.13382820370418003
0.58357432041681 0.12512049354137 0.0 0.09196067090794001 0.28648544437984 0.11008289955647 0.025641025641 0.39174860227467 0.0150375939849 0.8099093888559401 0.0 0.48197416618414 0.0707538075959 0.25024098708279996 0.09639483323680001 0.31656063234971 0.02255639097741 0.11008289955647 0.10391363022934001 0.0406786196259 0.058800848274470005 0.1927896664738 0.70561017929387 0.11008289955647
0.0 0.0 0.0 0.0 0.0 0.0 0.0 0.0 0.0 0.0 0.0 0.0 0.0 0.0 0.0 0.0 0.0 0.0 0.0 0.0 0.0 0.0 0.0 0.0
1.7262168354633598 0.6080738816593001 0.060475840304 0.14433939633078002 1.1084114461996 0.07542819499338 0.0648043108337 1.50970904940898 0.47451781058987996 0.21098670744040002 0.0182926829268 1.13198542796678 0.2051131160112 0.8324922982153801 1.23881316058228 1.6392140553247998 0.6808558568576999 0.13944348283066 0.9685659381492799 0.6666738776599 0.0729904030459 0.81895178011578 1.3365333132002 0.2671111338939
0.3469969969969 0.291216216216 0.0 0.225000000001 0.46599099099070007 0.08888888888879999 0.0 0.5884384384382999 0.9877627627623 0.5548798798796001 0.17199699699690002 0.07777777777780001 0.5215465465462 0.4689939939937 0.2222222222222 0.8546546546542001 0.07500000000000001 0.432432432433 0.3632132132129 0.16666666666660002 0.4025525525524001 0.4132132132129 0.1805555555556 0.1
0.0654885654885 0.1678321678321 0.0 0.0 0.481081081081 0.0 0.0 0.1563976563975 0.39226989226950004 0.4775467775466 0.4 0.09251559251550001 0.1465696465695 0.08108108108100001 0.269230769231 0.09251559251550001 0.0384615384615 0.5601020601026001 0.23587223587199999 0.0 0.1424116424116 0.2006237006237 0.0 0.0
0.0 0.0 0.0 0.0 0.0 0.0 0.0 0.0 0.0 0.0 0.0 0.0 0.0 0.0 0.0 0.0 0.0 0.0 0.0 0.0 0.0 0.0 0.0 0.0
0.9614296184128599 0.15230172360900002 0.086652763295 0.09675588584280001 0.29030853217206004 0.1750098881737 0.0529556650245 0.67351037570842 0.15839416058380001 0.20146138747466 0.0 0.72809795954582 0.1298227320126 0.26538488790928 0.53183600649026 0.63577890255008 0.21106597685599998 0.00735294117646 0.32846477377735994 0.1308685518003 0.05316574905816 0.4766352501226 0.56671915683006 0.0860271115746
0.25393784589190005 0.0862068965518 0.0344827586207 0.0 0.125798212005 0.11579395487439999 0.0 0.3031077054062 0.0591741166453 0.0789697743719 0.0 0.36717752235019996 0.1971051511283 0.24648786717760002 0.22690506598549998 0.18986802894840002 0.0666240953597 0.08641975308630001 0.09855257556399999 0.0246913580247 0.0123456790123 0.1108982545764 0.20455512984250002 0.11089825457639998
0.2916666666665 0.29166666666700003 0.0 0.0 0.0416666666666 0.0416666666666 0.0 0.9166666666662 0.24999999999990002 0.125 0.0 0.3333333333328 0.2916666666669 0.45833333333320003 0.2916666666662 0.45833333333500004 0.1249999999999 0.0833333333333 0.0833333333333 0.208333333333 0.25 0.33333333333320003 0.0833333333332 0.0416666666666
0.995642288745 0.163054187192 0.0 0.16263736263720002 0.4494505494498 0.21527093596110003 0.0 0.6730958696477 0.1241758241757 0.2571428571426 0.128571428571 1.3350890488813 0.20989010988960002 0.0857142857142 0.7000378931417 1.2302387267903 0.21428571428520002 0.0428571428571 0.385714285715 0.446305418719 0.0428571428571 0.3261083743844 0.7733990147789 0.0384615384615
1.04446513034495 0.06072060299245001 0.08084628785839999 0.17344988177190002 0.7713591809252 0.17253717016755 0.0080971659919 1.3315458038664 0.2151651456832 0.23206907190325 0.0 0.76793483683375 0.1430171502836 0.18193915944865 1.26545983885285 2.10180826022545 0.8829598941352002 0.08460188134209999 0.8347098708253 0.17019238490949998 0.1041905060632 0.41957110650335006 0.94931108607805 0.00404858299595
1.3591029713326002 0.4026482203723 0.06769541947550001 0.1981256617483 0.7559015631776 0.0356098579782 0.0320855614973 1.2385157412256 0.1283422459892 0.2277836972107 0.0 1.3798584026915002 0.1516033845754 0.5485337675730001 1.2538655015438 1.6248458713625 0.4642862727224 0.0356098579782 1.0998345909333 0.4118121730347 0.13925466518329999 0.9137963000203999 1.4187585720085 0.1121297003649
0.0563380281689 0.0281690140845 0.0281690140845 0.0140845070422 0.0 0.0281690140844 0.0 0.0704225352113 0.0704225352111 0.0563380281689 0.0 0.1267605633802 0.0422535211267 0.056338028169 0.0563380281691 0.0563380281689 0.0563380281689 0.0281690140845 0.0422535211267 0.0 0.0422535211267 0.0704225352112 0.0563380281689 0.0140845070422
0.35708192291879004 0.13356203544879 0.0176991150442 0.1500164442892 0.23899472264778998 0.07901658090338999 0.0181818181818 0.6040032989777899 0.07805117462809 0.09623299280989 0.041687538264489996 0.45431776438579 0.04217024140209 0.15775386187799 0.2158958089841 0.45730404731887997 0.2949882866062 0.00628930817609 0.49334992941699 0.09159519725559999 0.0722445695896 0.44649028268979 0.44678375000700005 0.00628930817609
0.0779220779221 0.0324675324676 0.0 0.0259740259741 0.045454545454599996 0.0194805194805 0.0 0.12337662337659999 0.0324675324675 0.012987012987 0.0 0.05194805194799999 0.0454545454546 0.1233766233765 0.038961038961 0.1363636363636 0.025974025974 0.0 0.0324675324675 0.051948051948 0.0324675324676 0.025974025974 0.0324675324676 0.0324675324675
0.054054054054 0.08108108108100001 0.081081081081 0.0 0.0 0.0 0.0 0.216216216216 0.405405405406 0.16216216216200002 0.0 0.08108108108100001 0.054054054054 0.081081081081 0.216216216216 0.08108108108100001 0.081081081081 0.135135135135 0.108108108108 0.081081081081 0.027027027027 0.027027027027 0.027027027027 0.0
0.30231146270952 0.43231727302592005 0.035398230088419996 0.058125502815800006 0.06446098149632 0.16584726319224 0.0 0.46739519084644 0.0 0.026548672566359996 0.148148148148 0.49155269509282 0.3076599326606 0.3368455945893 0.1562341706145 0.50575072256472 0.24211510384079998 0.0 0.3361826226867 0.02021319388572 0.0606395816572 0.340987306695 0.45450448437220003 0.046761866452
2.0120835097650698 0.4243131300278 0.1939592806945 0.5271890737634 0.9143768211508698 0.6091173348469701 0.2000962772785 1.4900052176339997 0.0800304878048 0.41910239952584 0.0192307692307 1.6407298913980002 0.2414356737233 0.76575578082027 1.03369893036447 1.3725733502300999 0.7368717604221 0.0243902439024 0.6479023603623001 0.07534502496256999 0.08663720746506999 1.42070100612157 1.8652326784581699 0.19922179004586998
0.0833333333331 0.06666666666650001 0.0666666666667 0.0 0.0166666666666 0.0 0.0 0.1499999999999 0.0166666666666 0.0166666666666 0.0 0.1666666666669 0.0666666666667 0.0666666666667 0.0166666666666 0.0166666666666 0.0 0.0333333333333 0.0166666666666 0.0666666666667 0.0 0.0833333333332 0.0333333333332 0.0166666666666
1.3994077406346401 0.4697367298281 0.044884013666600005 0.22563770377989997 1.2048509918844998 0.30903797151713996 0.0286227784064 1.7184227192164099 0.38435333373299996 0.38435333373270003 0.07395893460857 1.3459430200392 0.20485007565549998 1.0688365843460401 1.0058171720995 1.82313229167924 0.4495758024541 0.0 1.0053709684943 0.2370621652663 0.1047818000238 0.6771360089202 1.75319926803137 0.0810285919799
0.1428571428572 0.1302521008404 0.0 0.0714285714286 0.1641456582634 0.11596638655460001 0.0142857142857 0.46582633053260003 0.1212885154062 0.1605042016807 0.0142857142857 0.1910364145658 0.0927170868348 0.1588235294118 0.07675070028009999 0.20168067226890002 0.0428571428571 0.0196078431373 0.0767507002801 0.11064425770309999 0.1498599439776 0.1302521008404 0.3196078431373 0.0285714285714
0.125 0.0 0.25 0.0 0.0 0.0 0.0 0.0 0.0 0.0 0.0 0.125 0.125 0.25 0.0 0.125 0.0 0.0 0.0 0.0 0.0 0.0 0.0 0.0
0.396341463415 0.0914634146341 0.030487804878 0.365853658536 0.274390243902 0.0 0.030487804878 0.5792682926819999 0.060975609756 0.030487804878 0.0 0.5182926829262 0.030487804878 0.182926829268 0.2134146341461 0.396341463414 0.274390243903 0.0 0.27439024390210004 0.060975609756 0.0 0.579268292682 0.579268292682 0.030487804878
0.6394834367963 0.10655155439570001 0.0 0.0927219736504 0.4557710675524901 0.17010699903869 0.0578856374463 0.75589904158549 0.20936640836688 0.19297401546160003 0.0 0.64532640711988 0.17199356070278998 0.26472565655708996 0.32052782301120003 0.5113763246791 0.26026616052939 0.0372670807452 0.23654511109680001 0.15900071687759 0.2883600658854 0.59888615098628 0.52165599212339 0.30330881539019
0.310344827586 0.1379310344826 0.0 0.0 0.10344827586210001 0.0344827586207 0.0689655172413 0.3448275862074 0.0 0.4827586206894 0.0344827586207 0.3448275862067 0.0 0.103448275862 0.103448275862 0.6551724137941001 0.1379310344827 0.103448275862 0.10344827586210001 0.103448275862 0.0344827586207 0.2758620689654 0.44827586206930004 0.0689655172413
0.0 0.0 0.0 0.0 0.0 0.0 0.0 0.0 0.0 0.0 0.0 0.0 0.0 0.0 0.0 0.0 0.0 0.0 0.0 0.0 0.0 0.0 0.0 0.0
1.1832890259957 0.6479560792015 0.0551588278749 0.2795922009879 0.5845851589592 0.3069912963872 0.0652804642166 1.9961333322417998 0.1887946009048 0.37313921376229997 0.0 1.1572443205268 0.40895108169829997 0.9453466060442001 0.7422873908737999 1.6142267816331002 0.7413503548637 0.1397791543225 1.2199694941186001 0.3158357463781 0.3783303175898 0.5481137438602001 1.7845009022888 0.3231439052721
0.1238214959144 0.1587052168446 0.0 0.0348837209302 0.0832809553739 0.0 0.0697674418604 0.4569453174101 0.5188560653681 0.2206159648019 0.0348837209302 0.23632935260819998 0.16656191074819998 0.360150848523 0.2071024512887 0.2284726587054 0.0619107479572 0.0135135135135 0.3038969201757 0.104651162791 0.185732243872 0.14519170333109999 0.2712130735384 0.0135135135135
0.2 0.0 0.0 0.0 0.0 0.0 0.0 0.0 0.0 0.0 0.0 0.0 0.2 0.0 0.0 0.2 0.0 0.0 0.0 0.0 0.0 0.0 0.4 0.0
0.0 0.0 0.0 0.0 0.0 0.0 0.0 0.0 0.0 0.0 0.0 0.0 0.0 0.0 0.0 0.0 0.0 0.0 0.0 0.0 0.0 0.0 0.0 0.0
1.282426989321 0.5625526200541 0.14289618312139998 0.3058618572838 0.8485026089687 0.3016263418514 0.289691461952 1.7585558266599 0.11735445836399999 0.2497720552305 0.0 1.5191577605709 0.3567580031801 1.4440881673989996 1.0334935563926 1.7754036500101 0.8052197933051 0.1323648103308 0.9616086583791 0.178951723762 0.0915087462411 1.3817506311385 1.3439623020305 0.1164917944578
0.1475625823451 0.21080368906439997 0.0 0.101449275363 0.1357048748353 0.0579710144928 0.0289855072464 0.40974967061900003 0.2542819499339 0.0 0.0 0.41501976284569997 0.1475625823451 0.2977602108034 0.10276679841889999 0.37417654808920003 0.060606060606 0.060606060606 0.1501976284584 0.16073781291199998 0.17918313570480002 0.3096179183131 0.2648221343868 0.1304347826094
0.20611276572145998 0.08909863089284001 0.042590806814519995 0.063504322373 0.12057984371747998 0.0550060732256 0.0 0.29339369579232 0.09135866736067999 0.04615651570356 0.0 0.30832074596838 0.05405170917914 0.37857530942103995 0.15390862568702002 0.20576145734648 0.13550689389346 0.01769911504424 0.07556828040952 0.1463647405868 0.09734513274322 0.12796300879251998 0.27343454428041997 0.0176991150442
0.3280620155039 0.2460465116279 0.0 0.0310077519379 0.2060465116277 0.0820155038759 0.0 0.4831007751935 0.0620155038758 0.0620155038758 0.0310077519379 0.7631007751928001 0.3170542635658 0.0310077519379 0.3080620155048 0.8241860465124999 0.0930232558138 0.0310077519379 0.1550387596897 0.3590697674431 0.0310077519379 0.1440310077517 0.392093023257 0.02
1.3587548829568998 0.359285923481 0.12295932913150001 0.30669552966249997 1.4947546822571 0.1333382306059 0.052162592217500005 1.7153707502818 0.18741226783410003 0.24373168192130001 0.0338983050847 1.2990637771022 0.14183603506780001 0.4946379638323 1.0617899123982 2.126511403979 0.7905339096252001 0.1287314586481 0.6640405729869 0.2316098437176 0.1284890637869 0.6353839359138 1.1450447126932999 0.1439632348164
0.5748382136588 0.2342848587797 0.0393352717301 0.1665006309356 0.5710497848289 0.0757331181059 0.0225988700565 1.0187597862596 0.1544036615662 0.13094140570899998 0.0167364016736 0.9404488930777 0.0393352717301 0.49827885672860006 0.4066603404235 0.9932358731738 0.3347156511478 0.0393352717301 0.8572953848825999 0.3008708151961 0.1878764649134 0.5726200888607 0.7484119667294 0.075733118106
0.0877192982457 0.0526315789473 0.0 0.2850877192982 0.140350877193 0.0 0.0 0.0877192982456 0.0350877192982 0.1776315789473 0.0 0.0350877192982 0.2675438596491 0.0350877192982 0.0526315789473 0.0701754385964 0.0 0.0175438596491 0.125 0.0175438596491 0.3026315789473 0.0701754385964 0.140350877193 0.0
0.10156250000019 0.0 0.0 0.05468749999999 0.07031249999999 0.00781249999999 0.015625 0.109375 0.0 0.03125 0.0 0.11718749999998 0.0 0.0234375 0.01562499999998 0.06249999999997 0.07031249999999 0.015625 0.0703125 0.0 0.00781249999999 0.11718750000019 0.10937500000016999 0.0
0.2368421052627 0.078947368421 0.0 0.0526315789474 0.0526315789474 0.0526315789473 0.0 0.6578947368424 0.1578947368424 0.0526315789473 0.0 0.315789473685 0.0 0.5000000000007 0.236842105263 0.6578947368421 0.0 0.0263157894737 0.157894736842 0.421052631579 0.0 0.078947368421 0.1578947368417 0.1052631578946
0.1914700544465 0.169092945129 0.0344827586207 0.038517975055 0.1397459165156 0.0425531914893 0.0 0.1773564505543 0.1894620998569 0.09518477043679999 0.0 0.1074834922963 0.0 0.38900258717279995 0.2308954705181 0.2969455921534 0.0689655172413 0.0212765957447 0.038517975055 0.148936170213 0.34644939568309996 0.0730007336757 0.1581071166543 0.0425531914893
0.18477839514140001 0.0691303786018 0.0366972477064 0.0930352758755 0.1199121333506 0.07895076883310001 0.0 0.3541801266318 0.0324331308954 0.0366972477064 0.0 0.6716630055563 0.0 0.5120816642980001 0.07895076883310001 0.7728388680705001 0.294870138261 0.0 0.5193177413101 0.0550458715596 0.110091743119 0.1382607572037 0.8269802300038 0.0140845070422
0.5470375451822 0.1545129705544 0.0 0.2486266309618 0.6095347901789 0.4586969937409 0.015625 0.5996746341349001 0.078125 0.0 0.0 0.7199194988102999 0.1452850877192 0.2974204906108 0.4560287732517 0.3700492594552 0.3237280150755 0.0 0.4757683703598 0.11722951379700002 0.0513505025125 0.4955134774746 0.6589802080579 0.17689323812030003
0.0 0.0 0.0 0.0 0.0 0.0 0.0 0.0 0.0 0.0 0.0 0.0 0.0 0.0 0.0 0.0 0.0 0.0 0.0 0.0 0.0 0.0 0.0 0.0
1.0845955732096 0.16777562957369999 0.037033326654600005 0.3204449681454 1.1395277845247 0.2390643995208 0.09968640229789999 2.0050701122671 0.4517285454647 0.3938507319604 0.0 1.8162822770159 0.0552195452349 0.6757581653404999 0.7982383295278 1.3704977641442002 0.48871376838479996 0.0396915949244 0.9766470321825 0.4351180463521 0.031055900621 0.8192505352067 1.3219165344356 0.2328330330076
0.06874999999999 0.1151785714287 0.0 0.01875 0.02499999999999 0.03749999999999 0.0 0.27857142857127 0.36964285714247996 0.16160714285699 0.0 0.1000000000002 0.2035714285715 0.18214285714279 0.2428571428572 0.20089285714299 0.04374999999999 0.125892857143 0.04196428571429 0.226785714286 0.28750000000057996 0.09642857142860001 0.14821428571419998 0.025
0.0 0.0 0.0 0.0 0.0 0.0 0.0 0.0 0.0 0.0 0.0 0.0 0.0 0.0 0.0 0.0 0.0 0.0 0.0 0.0 0.0 0.0 0.0 0.0
0.07655502392355 0.043062200957 0.0 0.057416267942600005 0.06220095693772 0.02870813397131 0.00478468899521 0.14354066985643998 0.0 0.0 0.0 0.12440191387561 0.00956937799042 0.01913875598084 0.0526315789473 0.08612440191393 0.038277511961710003 0.0 0.03349282296653 0.0191387559809 0.0 0.08133971291881001 0.1052631578947 0.01435406698563
0.7911431181627 0.12370487452939999 0.0 0.34688879866079997 0.769866445283 0.1066190065325 0.0294117647059 0.46860340339679996 0.0327868852459 0.13603077123840002 0.0615062245777 0.807413301818 0.060511089681700006 0.34996120967750005 0.5395425642213001 1.4581916459434 0.3058435626182 0.1066190065325 0.3550238904875 0.35164876994759997 0.0778996672006 0.35203848579999997 1.2754475388087 0.0932979749276
0.0 0.0 0.0 0.0 0.0 0.0 0.0 0.0 0.0 0.0 0.0 0.0 0.0 0.0 0.0 0.0 0.0 0.0 0.0 0.0 0.0 0.0 0.0 0.0
0.0 0.0 0.0 0.0 0.0 0.0 0.0 0.0 0.0 0.0 0.0 0.0 0.0 0.0 0.0 0.0 0.0 0.0 0.0 0.0 0.0 0.0 0.0 0.0
1.11242356892512 0.3236078255632 0.2806854162784 0.35375268215051003 0.67739505970951 0.150827127896 0.1133474576271 1.4796568099713299 0.18050495948050999 0.44803872939401 0.0 0.7692247342865199 0.4002243878863 0.6201213728209 0.50966918432571 1.5582094997842 0.51502906913201 0.21146549181580998 0.496536784057 0.1848333108381 0.10505319148940001 0.26993971809921 1.0845887764712001 0.1548648419949
0.060606060606 0.0 0.0 0.0 0.0 0.0 0.0 0.0 0.151515151515 0.151515151515 0.0 0.030303030303 0.151515151515 0.1515151515151 0.060606060606 0.060606060606 0.0 0.060606060606 0.0 0.030303030303 0.09090909090900001 0.0 0.0 0.0
0.1842105263163 0.1052631578947 0.078947368421 0.0526315789473 0.1435406698565 0.236842105264 0.0 0.2224880382778 0.1172248803828 0.2607655502393 0.0909090909091 0.078947368421 0.0263157894737 0.07894736842109999 0.0 0.681818181818 0.0 0.1172248803828 0.1172248803828 0.0 0.0263157894737 0.16985645933010002 0.1842105263157 0.0263157894737
0.0 0.0 0.0 0.0 0.222222222222 0.0 0.0 0.222222222222 0.0 0.111111111111 0.111111111111 0.111111111111 0.111111111111 0.0 0.0 0.0 0.0 0.0 0.0 0.0 0.0 0.0 0.111111111111 0.0
0.7568146140333 0.247485474151 0.0900796284008 0.16679818504649999 0.3200828565795 0.1157862407865 0.197080291971 0.9735740590305999 0.1679661579296 0.21076069963730001 0.0340909090909 1.1887508475894 0.2610769733578 0.23436928224160003 0.38819718255619995 0.7498251880337999 0.25532654207530003 0.0354113237325 0.4590128661612 0.158261446583 0.0 0.38842417577480004 0.5313228224209 0.0695022328234
0.0441176470588 0.0441176470588 0.0 0.0294117647058 0.0294117647058 0.0441176470588 0.0294117647059 0.22058823529459998 0.0 0.0735294117647 0.0 0.0294117647058 0.0588235294117 0.0882352941176 0.0735294117647 0.0441176470588 0.0 0.0 0.0294117647058 0.0 0.0294117647059 0.0 0.0588235294117 0.0735294117648
0.19172710406467 0.16192889001336 0.0555555555555 0.06382001836541 0.04331463990548 0.06183589138131 0.13945578231289998 0.40745816232827003 0.044642857142760006 0.1061425947788 0.0 0.29437932197654004 0.0866292798111 0.58825265643506 0.14208762017212 0.17586228706353 0.15396778546110002 0.0 0.19508395644772997 0.1326003541918 0.0178571428571 0.31043856936686 0.59762279567453 0.02933673469386
0.0 0.0 0.0 0.0 0.0 0.0 0.0 0.0 0.0 0.0 0.0 0.0 0.0 0.0 0.0 0.0 0.0 0.0 0.0 0.0 0.0 0.0 0.0 0.0
1.26539734325882 0.6285042228557199 0.00858369098711 0.26254541848601 1.1423656721997302 0.4888955538291 0.09220461463662 1.23154947323361 0.53018899935504 0.23076295171571004 0.00858369098711 1.65387522719443 0.181153298036 0.63676158540454 1.03649427118391 3.19103061267922 0.83812380725901 0.07861439903403 1.08840717718323 0.8285559642295 0.16540150803133002 0.60354325958564 1.54865157649983 0.25980568213324
0.6680748901958999 0.1221804511278 0.0178571428571 0.2870449638951 0.3404209781881 0.1260701258096 0.0 0.5926263679003 0.0535714285714 0.0178571428571 0.0 0.6734534355684 0.019801980198 0.3727666939634 0.247245589221 0.5345511054867 0.23240340951379998 0.0 0.41680935010809994 0.11566664185219999 0.08277190501000001 0.43962629345629994 0.5044759175167 0.1347241867043
0.0 0.0 0.0 0.0 0.0 0.0 0.0 0.0 0.0 0.0 0.0 0.0 0.0 0.0 0.0 0.0 0.0 0.0 0.0 0.0 0.0 0.0 0.0 0.0
0.3062330623303 0.0277777777778 0.0 0.0487804878049 0.10094850948510001 0.0243902439024 0.0 0.3163956639564 0.0277777777778 0.0731707317073 0.0 0.29607046070459997 0.0 0.2120596205961 0.17073170731679999 0.340785907859 0.14972899729 0.1043360433604 0.1043360433603 0.0731707317073 0.0 0.198509485095 0.3760162601627 0.0487804878049
0.2542372881357 0.42372881355900005 0.0 0.0 0.127118644068 0.0847457627118 0.0423728813559 0.6355932203387 0.29661016949179997 0.0423728813559 0.0 0.2966101694916 0.0847457627117 0.4237288135596 0.2542372881356 0.720338983052 0.0423728813559 0.0423728813559 0.1694915254234 0.296610169492 0.1271186440676 0.127118644068 0.33898305084799996 0.169491525424
0.0 0.0408163265306 0.0 0.0 0.061224489795900006 0.0204081632653 0.0 0.1020408163265 0.0204081632653 0.0408163265306 0.0 0.0204081632653 0.0 0.1428571428571 0.0816326530612 0.12244897959180001 0.0 0.0 0.0204081632653 0.102040816327 0.1020408163265 0.0816326530612 0.0204081632653 0.0204081632653
0.06763285024158 0.02898550724638 0.0 0.0386473429952 0.08695652173908 0.0 0.0193236714976 0.26086956521736 0.00966183574878 0.00966183574878 0.0 0.31884057971056 0.0193236714976 0.39613526569988 0.04830917874398 0.13526570048293998 0.09661835748798 0.0 0.15458937198078 0.00966183574878 0.0193236714976 0.04830917874398 0.22222222222257998 0.00966183574878
0.8781376408718999 0.1583408349527 0.0121951219512 0.0983587873261 0.6231823865828 0.1635662119331 0.0617734214725 1.1241907587771998 0.0853658536585 0.0243902439024 0.0 0.9127088380023999 0.10306388031399999 0.6731869583858999 0.7080749621051 0.8218671241047998 0.5449820283092 0.0 0.43000055376869994 0.0882795728003 0.0939782279179 0.5947908496972001 0.6186260381530999 0.18093970500919998
0.0363636363636 0.0545454545454 0.0 0.0181818181818 0.0545454545454 0.0363636363636 0.0 0.18181818181840004 0.0727272727272 0.0 0.0 0.1636363636364 0.0909090909091 0.0545454545454 0.0 0.0727272727272 0.0 0.0181818181818 0.0545454545454 0.0 0.0 0.0363636363636 0.0363636363636 0.0181818181818
0.46560604730058996 0.09726801695699999 0.059805040836 0.14330336827467 0.49626667571469996 0.0151515151515 0.11222692810240001 0.70280536550094 0.03727037211491 0.030303030303 0.0777202072538 0.5323478262028 0.08150808604167001 0.38072589422902 0.20689628789822 1.2944259934926 0.35675118622790003 0.00378787878787 0.6599218673071899 0.1712003454227 0.14468519390777 0.39263973270917 0.42991010482385 0.1074730354391
0.2885292047853 0.2023223082335 0.0 0.0344827586207 0.24313863476419997 0.051724137931 0.0 0.30119634060510003 0.4598874032376 0.1569317382125 0.0 0.21323011963389998 0.1632653061224 0.273047149895 0.1379310344828 0.2885292047853 0.0689655172414 0.13969035890210002 0.0172413793103 0.1270232230824 0.23856439127360002 0.1569317382125 0.3965517241384 0.0408163265306
0.0 0.0 0.0 0.0 0.0 0.0 0.0 0.0 0.0 0.0 0.0 0.0 0.0 0.0 0.0 0.0 0.0 0.0 0.0 0.0 0.0 0.0 0.0 0.0
0.0439560439561 0.010989010989 0.0 0.021978021978 0.021978021978 0.032967032967 0.021978021978 0.1318681318681 0.010989010989 0.0 0.0 0.07692307692309999 0.0 0.054945054945 0.032967032967 0.1868131868136 0.032967032967 0.0 0.032967032967 0.021978021978 0.010989010989 0.1428571428571 0.0989010989012 0.010989010989
0.8365183875056001 0.258696921292 0.054054054054 0.1053339309727 0.707364260592 0.08566519391249999 0.0309278350515 0.41708735052490004 0.09960270829830001 0.2012758099713 0.0 0.655476360653 0.32882882882849995 0.5037349573426001 0.2912851379906 0.8804659336935 0.4799405764216 0.0 0.4425572559812 0.16145837840139998 0.20395956243090002 0.2536285244713 0.7549939803415 0.2471440512675
0.0625000000001 0.0625 0.0 0.0 0.025 0.037500000000000006 0.0 0.0875 0.0 0.0750000000001 0.0 0.1 0.0 0.037500000000000006 0.037500000000000006 0.0750000000001 0.0125 0.025 0.0 0.0125 0.0125 0.1375 0.17500000000000002 0.025
0.0 0.0 0.0 0.0 0.0 0.0 0.0 0.0 0.0 0.0 0.0 0.0 0.0 0.0 0.0 0.0 0.0 0.0 0.0 0.0 0.0 0.0 0.0 0.0
0.5776595859375999 0.18902001849060002 0.030339050206599997 0.1870025363402 0.3383224575274 0.10636389609890001 0.0873191071868 0.6881143752011 0.0357142857142 0.2605503400202 0.0 0.5635196910034 0.0713268213267 0.1844095933502 0.3889448177524 0.5234092618197 0.4795549679654 0.0 0.2849178047855 0.0317635516311 0.020451770451699998 0.2874824464226 0.5593829766011 0.1044306441656
0.09203296703290001 0.321428571429 0.0 0.0267857142857 0.0384615384615 0.0652472527472 0.0267857142857 0.40178571428589993 0.5405219780226 0.1875000000004 0.0 0.0535714285714 0.1188186813186 0.5322802197801 0.2376373626373 0.2726648351652 0.1421703296703 0.0803571428571 0.0803571428571 0.1723901098905 0.24931318681310002 0.1456043956043 0.0803571428571 0.133928571429
0.171428571429 0.2571428571432 0.0 0.0857142857142 0.0 0.514285714286 0.0 0.21428571428520005 0.2571428571423 0.1285714285713 0.0428571428571 0.1285714285713 0.0 0.2142857142855 0.1285714285713 0.34285714285729996 0.0 0.0428571428571 0.0857142857142 0.0 0.0 0.128571428571 0.171428571429 0.0857142857142
0.0 0.0 0.0 0.0 0.0 0.0 0.0 0.0 0.0 0.0 0.0 0.0 0.0 0.0 0.0 0.0 0.0 0.0 0.0 0.0 0.0 0.0 0.0 0.0
0.3780683455706 0.2027183833116 0.052982456140399994 0.1506410256409 0.2735995791302 0.2948110661268 0.0192307692308 0.83950719366834 0.11423076923078 0.18564011070698 0.0 0.787070038199 0.18451325510638003 0.60742640499528 0.23559104737068 0.8327457169653599 0.19711109586218 0.052982456140399994 0.44539445092505997 0.06294871794868 0.0 0.49531839703548 0.5074687206942 0.08
0.0655737704918 0.2896667158959 0.0 0.1815586077879 0.2866637128929 0.0769581056466 0.0277777777778 0.3568773691724 0.4126667651254 0.1785556047849 0.0 0.45196425934199996 0.0719489981784 0.2505046029633 0.0491803278688 0.3472283759166 0.0163934426229 0.108108108108 0.0933515482695 0.0491803278688 0.18005710628639998 0.1261384335154 0.2029611578789 0.1766848816028
0.1414392059553 0.0322580645161 0.0384615384615 0.0576923076923 0.0645161290322 0.0576923076923 0.0707196029776 0.10297766749369999 0.0 0.0192307692308 0.0 0.28287841191109997 0.0384615384615 0.36724565756850003 0.0192307692308 0.0 0.0384615384616 0.0 0.0384615384615 0.0 0.0322580645161 0.1991315136477 0.3796526054593 0.0192307692308
0.1249999999999 0.0340909090909 0.0113636363636 0.0 0.07954545454550001 0.0 0.0 0.0340909090908 0.0113636363636 0.0113636363636 0.0 0.1022727272726 0.0340909090909 0.0454545454545 0.0340909090908 0.18181818181839998 0.0 0.0 0.0454545454546 0.0454545454546 0.0227272727272 0.0340909090909 0.125 0.0227272727273
1.2272996829160001 0.4558370684784 0.0152671755725 0.3124428747109 1.2447729003074 0.3300725066513 0.0738943464709 1.2603467174968 0.1786266560399 0.2786908549032 0.0 1.2198223776658002 0.26933702198209997 0.3944512139046 0.6381478529443 2.2419807553034 0.6129714457592 0.0721584408411 0.5950409587007 0.4001226337221 0.1958150836517 0.7370763999666 1.1736665911724 0.0721584408411
0.4450549450558 0.14945054945090003 0.0 0.12417582417579999 0.3197802197806 0.0802197802197 0.0340659340659 0.37802197802180004 0.0 0.1032967032968 0.021978021978 0.31758241758219996 0.010989010989 0.2505494505495 0.1714285714284 0.3197802197803 0.1703296703295 0.0 0.3098901098896 0.0659340659341 0.0461538461538 0.2615384615388 0.3967032967035 0.0230769230769
0.0 0.0 0.0 0.0 0.0 0.0 0.0 0.0 0.0 0.0 0.0 0.0 0.0 0.0 0.0 0.0 0.0 0.0 0.0 0.0 0.0 0.0 0.0 0.0
0.2591780821919 0.027397260274 0.0 0.0547945205479 0.44876712328789997 0.0 0.0 0.29479452054789995 0.04 0.12 0.027397260274 0.49315068493189995 0.067397260274 0.187397260274 0.12219178082189999 0.1917808219179 0.027397260274 0.0 0.1895890410959 0.027397260274 0.0547945205479 0.094794520548 0.2717808219179 0.0
0.0934579439253 0.11214953271030001 0.0 0.0 0.0373831775701 0.14953271028 0.0 0.2616822429908 0.18691588785 0.07476635514010001 0.0 0.09345794392510001 0.0747663551402 0.1682242990651 0.1308411214954 0.16822429906550002 0.0 0.0 0.03738317757 0.0934579439253 0.0560747663551 0.0747663551401 0.1308411214953 0.0560747663551
0.10049019607840001 0.25612745098010004 0.0 0.117647058824 0.1838235294118 0.0588235294118 0.0 0.2671568627452 0.31495098039190006 0.2352941176468 0.0 0.1421568627451 0.1176470588236 0.18014705882350002 0.1973039215691 0.10416666666650001 0.0796568627451 0.0 0.0588235294118 0.2181372549017 0.1004901960785 0.0 0.2254901960786 0.0416666666666
0.064935064935 0.051948051948 0.0 0.0824392998305 0.20835686053059999 0.0 0.038961038961 0.27329192546569997 0.099943534726 0.186900056465 0.0 0.272727272727 0.1129305477131 0.3122529644266 0.025974025974 0.1688311688312 0.1948051948051 0.012987012987 0.2337662337661 0.0519480519481 0.0779220779221 0.282326369283 0.2467532467531 0.0
0.3213166144199 0.0454545454545 0.0227272727273 0.0227272727273 0.0454545454546 0.0681818181818 0.0909090909092 0.6167711598756 0.0681818181818 0.0227272727273 0.0 0.6857366771158 0.1144200626959 0.6426332288401 0.0 0.34169278996830005 0.0909090909091 0.0 0.0454545454546 0.0 0.0454545454545 0.3659874608157 0.2288401253921 0.1144200626959
0.0 0.0 0.0 0.0 0.0 0.0 0.0 0.0 0.0 0.0 0.0 0.0 0.0 0.0 0.0 0.0 0.0 0.0 0.0 0.0 0.0 0.0 0.0 0.0
0.8528349462018 0.1187760543412 0.1052631578948 0.35302706477359996 0.8032460799467 0.13154052365399999 0.0398671096345 0.777227099745 0.0398671096346 0.13154052365399999 0.0398671096345 1.0020147391149001 0.2846651512505 0.44717630248089996 0.630831633965 0.7570351593698001 0.5698203440771 0.0725651337647 0.8080161891926001 0.2184438284278 0.0573248407643 0.5936987335771 1.0058827263692 0.1594684385382
0.067415730337 0.0224719101123 0.0 0.0112359550562 0.0224719101123 0.044943820224700004 0.0 0.1348314606742 0.0 0.0224719101124 0.0 0.14606741573049997 0.0 0.08988764044959999 0.056179775281 0.1123595505618 0.0337078651685 0.0 0.0337078651685 0.0449438202248 0.0112359550562 0.0449438202246 0.1011235955056 0.0
0.0 0.0 0.0 0.0 0.0 0.0 0.0 0.0 0.0 0.0 0.0 0.0 0.0 0.0 0.0 0.0 0.0 0.0 0.0 0.0 0.0 0.0 0.0 0.0
0.26923076923050004 0.1346153846157 0.0 0.0961538461539 0.11538461538429999 0.0192307692307 0.0384615384615 0.2692307692311 0.0192307692307 0.0384615384615 0.0 0.3269230769235 0.0384615384614 0.0769230769229 0.1346153846152 0.3653846153848 0.1346153846153 0.0 0.1730769230766 0.0769230769231 0.0 0.3076923076927 0.3076923076925 0.0576923076922
0.3719472088766 0.07325268817189999 0.0 0.0632792839167 0.4108327613817 0.11580587966139999 0.0215053763441 0.422135952871 0.03125 0.03125 0.0837765957446 0.4744337680162 0.0 0.19029541294879998 0.3683725120119 0.2750800732096 0.23161175932260003 0.0 0.14650537634400002 0.0215053763441 0.03125 0.1900666323495 0.3817847746512 0.0640585678333
0.2330097087376 0.1165048543688 0.0 0.0582524271844 0.145631067961 0.1165048543688 0.0 0.291262135922 0.0 0.203883495146 0.0 0.4951456310676 0.0 0.1165048543688 0.1165048543688 0.0873786407766 0.0291262135922 0.0582524271844 0.0873786407766 0.0582524271844 0.0 0.2038834951452 0.495145631068 0.0873786407766
0.0 0.0 0.0833333333333 0.0 0.0833333333333 0.0 0.333333333334 0.0833333333333 0.0 0.0 0.0 0.1666666666666 0.0 0.25 0.0 0.0 0.0 0.0 0.0 0.0 0.0 0.0 0.0 0.0
1.4474995673731 0.7224680394727 0.03125 0.44098891580800004 1.1660255993545 0.5718914140107 0.1513241718236 1.6568341235672 0.22366737739870002 0.49872068230440003 0.0 1.0198378974998001 0.2075874980493 0.9694368105997 0.5715400791006 2.0720869363086 0.1890396890651 0.0 0.9249087562602999 0.1497757517829 0.1619949035311 0.7928230595492001 1.9258211151998001 0.10447761194
0.1375291375291 0.10324732738520001 0.0 0.0 0.2367976850734 0.1375291375291 0.060606060606 0.4271762720036001 0.7183506149037 0.3176995418377 0.0 0.26689976689960004 0.30138252552030004 0.5206173137210001 0.27525922353500004 0.1678321678321 0.1596736596735 0.1759906759906 0.030303030303 0.2186319427697 0.2750582750585 0.1417088658467 0.22445944859720002 0.10324732738520001
0.0579710144927 0.0144927536232 0.0144927536232 0.0869565217391 0.0 0.1884057971013 0.0 0.159420289855 0.0 0.0434782608695 0.0 0.0289855072464 0.0 0.0144927536232 0.0434782608695 0.1304347826086 0.0144927536232 0.0144927536232 0.0144927536232 0.0144927536232 0.0289855072464 0.0579710144928 0.0434782608695 0.0289855072463
0.0 0.0 0.0 0.0 0.0 0.0 0.0 0.0 0.0 0.0 0.0 0.0 0.0 0.0 0.0 0.0 0.0 0.0 0.0 0.0 0.0 0.0 0.0 0.0
0.2891025641025 0.1958333333333 0.0 0.1030448717948 0.35528846153820004 0.082532051282 0.0153846153846 0.4649038461537 0.0625 0.119391025641 0.0 0.6160256410254 0.2480769230768 0.2121794871794 0.2974358974366 0.4834935897432 0.1384615384615 0.03125 0.2573717948716 0.1179487179486 0.056410256410200005 0.2214743589743 0.4556089743588 0.176282051282
0.0967741935483 0.0882352941176 0.0 0.010752688172 0.13693864642630002 0.0860215053764 0.0215053763441 0.1663504111322 0.22738772928560003 0.0294117647059 0.0 0.18216318785570002 0.07242251739410001 0.0831752055661 0.1046805819102 0.23308032890630004 0.0215053763441 0.0588235294117 0.021505376344 0.1154332700822 0.1470588235294 0.0430107526881 0.0322580645161 0.0215053763441
0.0 0.0 0.0 0.0 0.0 0.0 0.0 0.0 0.0 0.0 0.0 0.0 0.0 0.0 0.0 0.0 0.0 0.0 0.0 0.0 0.0 0.0 0.0 0.0
0.3273862622664 0.0 0.0 0.0263157894737 0.29750223015169996 0.1315789473683 0.0263157894737 0.2256913470122 0.1355932203387 0.0 0.101694915254 0.4027653880472 0.0677966101694 0.0263157894737 0.1543264942013 0.4933095450489 0.0 0.0338983050847 0.1694915254237 0.086529884032 0.0 0.0941123996432 0.1730597680642 0.0263157894737
0.5818424972737399 0.2505521626042 0.0697674418604 0.2232952305876 0.6708731223565401 0.06634199134194001 0.1003177219573 1.21728395406268 0.19975328343937 0.1148268398267 0.00892857142857 0.72770566686737 0.1148268398267 0.38188170061424 1.5110092310811702 1.7402944263244704 0.5494534879241 0.0178571428571 0.61959762563937 0.1990259740265 0.1140586189766 0.46349003277457 0.86899670414697 0.188019732206
0.1483803552769 0.08902821316610002 0.0 0.0689655172414 0.1005224660397 0.0 0.029676071055400002 0.1579937304076 0.0114942528736 0.029676071055400002 0.0 0.24221525600830002 0.066039707419 0.2211076280043 0.0478578892372 0.1943573667712 0.1187042842215 0.0 0.22027168234080002 0.0181818181818 0.0344827586207 0.1187042842217 0.0823406478579 0.0
0.07692307692309999 0.0384615384616 0.0 0.0192307692308 0.1153846153846 0.0 0.0192307692308 0.153846153846 0.0576923076923 0.0384615384616 0.0 0.19230769230769998 0.0 0.0192307692308 0.0 0.07692307692309999 0.0192307692308 0.0384615384615 0.0 0.0769230769232 0.0 0.0192307692308 0.0384615384616 0.0
0.211145510836 0.0 0.0 0.0823529411765 0.0879256965943 0.133333333333 0.0 0.7271413828685 0.0 0.133333333333 0.0 0.33828689370459997 0.0 0.4879256965943 0.3545923632614 0.5259029927760001 0.2173374613007 0.0 0.2693498452018 0.15686274509769998 0.133333333333 0.05882352941170001 0.0823529411763 0.0
0.1121495327102 0.09345794392510001 0.0 0.130841121496 0.07476635514 0.03738317757 0.0 0.22429906542050002 0.09345794392500001 0.056074766355 0.0 0.1121495327101 0.130841121496 0.242990654205 0.149532710281 0.13084112149510002 0.018691588785 0.0 0.056074766355 0.130841121496 0.03738317757 0.018691588785 0.09345794392510001 0.0560747663551
0.0172413793103 0.0862068965518 0.0 0.0 0.0517241379309 0.0 0.0172413793103 0.1551724137929 0.051724137931 0.0172413793103 0.0 0.0517241379309 0.0172413793103 0.0862068965518 0.0344827586207 0.0517241379309 0.0 0.0172413793103 0.051724137931 0.051724137931 0.0344827586206 0.0862068965518 0.08620689655159999 0.0344827586207
0.0 0.0212765957447 0.0 0.0851063829788 0.0212765957447 0.0 0.0 0.08510638297869999 0.0 0.0 0.0 0.0212765957447 0.0 0.0425531914894 0.063829787234 0.170212765957 0.0425531914894 0.0 0.0 0.0425531914893 0.0212765957447 0.1489361702123 0.2127659574467 0.0212765957447
0.4894688644693 0.1572649572648 0.0 0.12631257631249998 0.5203296703299001 0.2443528693526 0.0178571428571 0.4111416361415 0.0400793650793 0.0640109890109 0.0 0.5090354090362 0.0357142857143 0.21605616605619998 0.24255189255229997 0.2791208791212 0.1615384615389 0.0178571428571 0.3057081807081 0.09365079365090001 0.0178571428571 0.38464590964629997 0.550915750915 0.11452991452979999
0.0 0.0 0.0 0.0 0.0 0.0 0.0 0.0 0.0 0.0 0.0 0.0 0.0 0.0 0.0 0.0 0.0 0.0 0.0 0.0 0.0 0.0 0.0 0.0
0.4163833404167 0.2347003824898 0.0 0.08287292817679999 0.3361665958351 0.049723756906000005 0.0689545261368 0.5489800254992999 0.07161070973229999 0.0662983425413 0.0 0.4767318317045 0.0881852953675 0.2784742881424 0.2234381640459 0.5781980450487 0.1405652358691 0.0 0.34679133021670006 0.0662983425415 0.1100722481938 0.43232044198889996 0.3666595835109 0.0165745856353
0.22047244094500001 0.1417322834641 0.0 0.0314960629921 0.1732283464563 0.0 0.0157480314961 0.220472440945 0.0157480314961 0.0157480314961 0.0 0.2362204724411 0.0314960629921 0.0787401574804 0.0314960629922 0.18897637795289998 0.0944881889764 0.0 0.0944881889765 0.0629921259843 0.047244094488199995 0.110236220473 0.1889763779529 0.0
0.0 0.0 0.0 0.0 0.0 0.0 0.0 0.0 0.0 0.0 0.0 0.0 0.0 0.0 0.0 0.0 0.0 0.0 0.0 0.0 0.0 0.0 0.0 0.0
0.3548387096783 0.161290322581 0.0 0.322580645162 0.22580645161329999 0.25806451613 0.0322580645161 0.4516129032264001 0.0 0.0322580645161 0.0 0.5806451612907001 0.0 0.2258064516127 0.0967741935483 0.3225806451622 0.0967741935483 0.0 0.1612903225805 0.0645161290322 0.0322580645161 0.2903225806454 0.29032258064540006 0.0
0.1741935483872 0.0734977862111 0.0 0.1175838077166 0.3692599620498 0.0 0.0774193548387 0.2183428209991 0.1803921568624 0.0588235294116 0.010752688172 0.4025300442759 0.0 0.0989247311828 0.2381404174581 0.48576850094839996 0.0430107526881 0.0 0.0430107526881 0.09108159392779999 0.040164452877799996 0.1469955724225 0.11935483870960001 0.010752688172
0.0 0.0 0.0 0.0 0.0 0.0 0.0 0.0 0.0 0.0 0.0 0.0 0.0 0.0 0.0 0.0 0.0 0.0 0.0 0.0 0.0 0.0 0.0 0.0
0.0 0.0 0.0 0.0 0.0 0.0 0.0 0.0 0.0 0.0 0.0 0.0 0.0 0.0 0.0 0.0 0.0 0.0 0.0 0.0 0.0 0.0 0.0 0.0
0.5705951563875999 0.09270516717319999 0.0 0.1283459162663 0.2089910775571 0.1301925025325 0.0663627152988 0.6448017779526 0.0901722391083 0.09270516717319999 0.0161290322581 0.7576232964006999 0.095238095238 0.2203647416413 0.2676733013043 0.42412654835420005 0.1224303036245 0.0 0.2082230284016 0.0663627152988 0.0798771121351 0.3266660130074 0.20753668660309998 0.1828774062815
0.0769581056467 0.1497007546188 0.0555555555556 0.07194899817860001 0.08492063492060001 0.016393442623 0.016393442623 0.3599661722616001 0.42006245121029995 0.1740567265158 0.0 0.1660941972419 0.2589773614363 0.2917642466824 0.032786885246 0.2346213895396 0.032786885246 0.0571428571428 0.032786885246 0.11691386937289999 0.14548529794440002 0.0613583138174 0.11053864168619999 0.032786885246
0.0769230769231 0.0384615384615 0.0 0.0192307692307 0.0 0.134615384616 0.0 0.1346153846157 0.0384615384614 0.1538461538461 0.0 0.057692307692200004 0.0 0.0 0.0 0.11538461538460001 0.0192307692307 0.0 0.0192307692307 0.0576923076922 0.0 0.0576923076922 0.0576923076922 0.0192307692307
0.0 0.0 0.0 0.0 0.0 0.0 0.0 0.0 0.0 0.0 0.0 0.0 0.0 0.0 0.0 0.0 0.0 0.0 0.0 0.0 0.0 0.0 0.0 0.0
0.027027027027 0.1304347826087 0.0434782608696 0.1410105757931 0.0705052878966 0.1139835487661 0.18161639900760002 0.1680376028202 0.0 0.027027027027 0.0 0.6511293902601 0.0434782608696 0.5341428384902 0.027027027027 0.4018801410105 0.3362057709882 0.027027027027 0.165165165165 0.0 0.027027027027 0.3196239717981 0.5641728685201 0.0
0.0266666666666 0.0533333333333 0.0 0.0 0.0 0.0266666666667 0.0 0.1866666666663 0.0266666666667 0.04 0.0 0.09333333333329999 0.08 0.08 0.0399999999999 0.1066666666667 0.0266666666667 0.0 0.0133333333333 0.0133333333333 0.0133333333333 0.04 0.1066666666667 0.0266666666667
0.14634146341440002 0.0 0.0243902439024 0.0 0.0243902439024 0.0487804878048 0.0243902439024 0.31707317073139996 0.0975609756096 0.1219512195122 0.0 0.121951219512 0.170731707318 0.121951219512 0.0243902439024 0.0975609756096 0.0487804878048 0.0 0.0975609756097 0.0487804878048 0.0 0.1951219512196 0.1951219512195 0.07317073170720001
0.0322580645161 0.0 0.0 0.0 0.4017595307914 0.0322580645161 0.0 0.37536656891459996 0.0909090909091 0.2140762463341 0.1231671554252 0.0322580645161 0.15542521994129999 0.0322580645161 0.0909090909091 0.2903225806462 0.0322580645161 0.0 0.0967741935483 0.0 0.0 0.0 0.0 0.0
0.40918588606339995 0.2577271831259 0.0 0.3458919771336 0.5712832643404 0.0464912280701 0.04 0.6092095407061 0.0131578947368 0.0775517445298 0.0112359550562 0.7796964320916 0.099649122807 0.2584210526314 0.1558288980878 0.7774472698599 0.28901044746669996 0.0112359550562 0.5845929430315 0.33263157894740003 0.0577271831263 0.49510348905900003 0.7769209540706999 0.0
0.43577460790630007 0.187708466397 0.0 0.0703463203463 0.36386700731020005 0.0491803278688 0.0454545454545 0.3881555602861 0.0491803278688 0.0 0.0227272727273 0.42459726066280007 0.0491803278688 0.5531367539562 0.1444184231069 0.7653821588241999 0.3585799446453 0.0 0.5219998580645999 0.483996877439 0.0227272727273 0.4600631608833 0.5051628699166 0.0983606557377
0.0 0.0 0.0 0.0 0.0 0.0 0.0 0.0 0.0 0.0 0.0 0.0 0.0 0.0 0.0 0.0 0.0 0.0 0.0 0.0 0.0 0.0 0.0 0.0
0.31138014527880004 0.1159806295397 0.0 0.2828087167074 0.4479418886203 0.0 0.0 0.24455205811109998 0.0 0.0 0.152542372881 0.44794188862 0.0142857142857 0.0142857142857 0.1445520581111 0.2525423728813 0.1445520581111 0.0 0.5004842615011 0.0508474576271 0.0508474576271 0.2748184019366 0.5067796610171 0.0428571428571
0.0483870967742 0.0322580645161 0.0 0.0 0.0 0.0161290322581 0.0 0.1290322580646 0.0645161290322 0.1129032258066 0.0 0.0322580645162 0.1129032258066 0.0967741935485 0.0 0.0967741935484 0.0322580645162 0.0 0.0322580645161 0.0483870967742 0.0483870967742 0.048387096774300004 0.048387096774300004 0.0
0.25 0.125 0.0 0.0 0.0 0.0 0.0 0.0 0.0 0.0 0.0 0.0 0.5 0.0 0.0 0.0 0.0 0.0 0.0 0.0 0.125 0.0 0.0 0.0
0.190476190476 0.095238095238 0.0 0.047619047619 0.047619047619 0.0 0.0 0.19047619047609998 0.0 0.0 0.0 0.190476190476 0.047619047619 0.33333333333299997 0.0 0.23809523809510003 0.1428571428571 0.0 0.095238095238 0.047619047619 0.0 0.047619047619 0.2380952380952 0.047619047619
0.18205912334360003 0.2197757390424 0.0 0.0222222222222 0.0550458715596 0.12028542303759 0.0275229357798 0.27339449541268 0.03139653414879 0.0 0.03139653414879 0.10479102956159 0.09806320081549 0.20285423037709 0.00917431192659 0.17431192660579 0.0275229357798 0.0 0.06809378185519 0.045871559633 0.0 0.09561671763499 0.16615698267059004 0.0444444444444
0.0 0.0 0.0 0.0 0.0 0.0 0.0 0.0 0.0 0.0 0.0 0.0 0.0 0.0 0.0 0.0 0.0 0.0 0.0 0.0 0.0 0.0 0.0 0.0
