0.8518530936473001 0.0980553477934 0.0 0.3744358187404 0.38182498130160003 0.15273515074910002 0.0 0.8304567611490998 0.1465968586388 0.0495138369483 0.0 0.9085420266691 0.0352281226626 0.4525210842595 0.3894540014957 0.9053207128679001 0.4212467438682 0.0 0.3751682872106 0.1056843679879 0.07045624532530001 0.38452789312150004 0.7547700719577 0.311608593609
0.047058823529300006 0.047058823529300006 0.0 0.0235294117647 0.0117647058823 0.0117647058823 0.0235294117647 0.1411764705881 0.035294117647 0.0117647058823 0.0 0.05882352941170001 0.035294117647 0.0117647058823 0.0117647058823 0.07058823529410001 0.15294117647060002 0.0235294117647 0.0 0.0470588235295 0.0117647058823 0.047058823529300006 0.16470588235289998 0.0117647058823
0.0 0.0 0.0 0.0 0.0 0.0 0.0 0.0 0.0 0.0 0.0 0.0 0.0 0.0 0.0 0.0 0.0 0.0 0.0 0.0 0.0 0.0 0.0 0.0
0.09917355371881 0.0247933884297 0.00826446280991 0.0578512396696 0.03305785123961 0.00826446280991 0.00826446280991 0.12396694214870999 0.0 0.0 0.0 0.13223140495882002 0.04958677685951 0.0 0.0165289256198 0.15702479338851 0.08264462809920001 0.0 0.05785123966943 0.0165289256198 0.0165289256198 0.0247933884297 0.07438016528931 0.00826446280991
0.35853341985799997 0.0149253731343 0.0217391304348 0.1168072680079 0.4195327709285 0.0217391304348 0.0 0.3069435431539 0.0584036340039 0.0652173913043 0.0 0.2621674237513 0.051589876703400005 0.0217391304348 0.1249188838417 0.4672290720315 0.19013627514610001 0.0 0.1765087605451 0.0652173913043 0.0149253731343 0.0149253731343 0.22680077871549997 0.0
0.1395348837211 0.0232558139535 0.0 0.0 0.0232558139535 0.0930232558139 0.0 0.0930232558139 0.0348837209302 0.0232558139534 0.0 0.1511627906977 0.0697674418604 0.0232558139534 0.0930232558139 0.0348837209302 0.0232558139534 0.0 0.046511627907 0.0116279069767 0.0 0.09302325581420001 0.0232558139535 0.0
0.0 0.0 0.0 0.0 0.0 0.0 0.0 0.0 0.0 0.0 0.0 0.0 0.0 0.0 0.0 0.0 0.0 0.0 0.0 0.0 0.0 0.0 0.0 0.0
0.5693861693858 0.1508935508934 0.048951048951 0.3002331002334 0.1846153846154 0.240404040405 0.0 0.43776223776159995 0.088888888889 0.111111111111 0.0 0.4393162393162 0.121212121212 0.3156177156176 0.4666666666666 0.6167832167826 0.0626262626262 0.0181818181818 0.2472416472416 0.1605283605282 0.0797202797202 0.048951048951 0.23232323232299998 0.0585858585858
0.031914893617 0.12324857291119999 0.0 0.0975609756097 0.0487804878048 0.031914893617 0.0 0.3183705241304 0.8531395952261999 0.1401141670989 0.0 0.0212765957446 0.1658017644006 0.0744680851064 0.0425531914894 0.3609237156202 0.0487804878048 0.0975609756097 0.06382978723409999 0.0913336792942 0.3458744161914 0.031914893617 0.0106382978723 0.0
0.1449275362318 0.1449275362324 0.0289855072464 0.0 0.0289855072464 0.2028985507244 0.0 0.31884057971019997 0.0869565217391 0.0 0.0 0.1449275362318 0.0 0.1159420289855 0.0 0.1449275362318 0.0 0.0 0.0289855072464 0.0579710144927 0.0289855072464 0.1449275362324 0.3188405797104 0.0579710144927
0.0 0.0 0.0 0.0 0.0 0.0 0.0 0.0 0.0 0.0 0.0 0.0 0.0 0.0 0.0 0.0 0.0 0.0 0.0 0.0 0.0 0.0 0.0 0.0
0.42975469894889995 0.1382605925453 0.013698630137 0.139534883721 0.262822554954 0.0834660719974 0.0 0.2640968461293 0.09716470213430001 0.013698630137 0.0 0.6129340554319 0.013698630137 0.23669958585510004 0.0273972602739 0.4845492194965 0.1519592226823 0.0 0.1806307741318 0.0273972602739 0.139534883721 0.279069767442 0.40363172985030005 0.0
0.1923076923075 0.0 0.0 0.0192307692308 0.0192307692308 0.0 0.0 0.0384615384616 0.0384615384616 0.076923076923 0.0 0.0961538461538 0.0 0.0576923076923 0.0192307692308 0.1346153846155 0.0576923076924 0.0961538461538 0.0384615384616 0.0384615384615 0.0384615384616 0.0192307692308 0.0192307692308 0.0
0.1645522388059 0.1791044776123 0.05 0.0798507462686 0.0 0.2715174129356 0.0 0.3325870646763 0.8769900497512001 0.6333333333333 0.0 0.1097014925373 0.37699004975100003 0.4339552238806 0.0 0.7180348258705 0.0548507462686 0.0 0.1847014925372 0.358208955224 0.7922885572135999 0.025 0.275 0.0833333333333
0.3547619047624 0.0928571428571 0.0 0.0404761904762 0.0476190476191 0.0571428571428 0.0 0.1714285714284 0.0 0.0238095238095 0.0476190476191 0.2547619047618 0.0 0.0357142857143 0.142857142857 0.27142857142869997 0.1500000000003 0.0119047619048 0.0880952380952 0.0285714285714 0.0404761904762 0.0285714285714 0.1 0.0119047619048
1.0635127293133 0.34831365731513 0.09063291139230001 0.3197554310667 0.44950587600672 0.146382978723 0.0 0.83126305912287 0.18872176096721002 0.06235517168739999 0.0 0.66376582459445 0.020618556701 0.12495685075126 0.30815133964242003 2.2763804690745197 0.32912162229433994 0.05245418158831 0.25537738765004003 0.24487990968502002 0.07993145607603 0.17471034337461 0.7660762171235299 0.2031322658477
0.49402273560705 0.08888888888884999 0.0 0.0944444444444 0.23533186651995 0.0 0.0185185185185 0.43412174550804994 0.0561972863953 0.0 0.0185185185185 0.37579757975765 0.0432343234323 0.04259259259255 0.17992299229905 0.5360469380271 0.38960396039600004 0.0432343234323 0.28298496516309996 0.051851851851799996 0.0432343234323 0.20434543454335002 0.36710671067059997 0.0
0.0 0.2 0.0 0.0 0.30000000000000004 0.0 0.0 0.1 0.0 0.3 0.0 0.1 0.1 0.1 0.0 0.2 0.1 0.2 0.0 0.0 0.1 0.0 0.2 0.0
0.9318181818193 0.0454545454545 0.0 0.0 0.0909090909091 0.0 0.0 0.0454545454546 0.0454545454545 0.0 0.0227272727273 0.0681818181818 0.0 0.0 0.0 0.22727272727279998 0.2272727272731 0.0 0.1590909090913 0.0 0.0 0.0681818181818 0.0681818181818 0.0
0.0 0.0 0.0 0.0 0.0 0.0 0.0 0.0 0.0 0.0 0.0 0.0 0.0 0.0 0.0 0.0 0.0 0.0 0.0 0.0 0.0 0.0 0.0 0.0
0.181818181818 0.0 0.0 0.0 0.0 0.030303030303 0.0 0.030303030303 0.212121212121 0.030303030303 0.0 0.151515151515 0.09090909090900001 0.272727272728 0.0 0.121212121212 0.0 0.121212121212 0.060606060606 0.121212121212 0.27272727272700004 0.242424242424 0.060606060606 0.0
0.20731707317130002 0.036585365853600005 0.0121951219512 0.0121951219512 0.0243902439024 0.0 0.0 0.0487804878048 0.036585365853600005 0.0 0.0 0.1341463414633 0.0121951219512 0.036585365853600005 0.0 0.0853658536584 0.0487804878048 0.0 0.0731707317073 0.0 0.0121951219512 0.0243902439024 0.1951219512195 0.0
0.7162461889693 0.08025922233300001 0.0 0.3023429710877 0.30124481627570004 0.0147058823529 0.0294117647059 0.5787709335755 0.0254237288135 0.0399164824367 0.0 0.25085612727 0.0546223647896 0.09496510468590001 0.2147145519963 0.8036289681694001 0.0401296111664 0.0434782608695 0.3888407242048 0.0949651046859 0.0909770687935 0.3180819859266 0.5017122545399 0.0147058823529
0.0588235294118 0.0441176470588 0.0 0.0 0.0 0.0 0.0 0.20588235294090002 0.0 0.0 0.0 0.1764705882348 0.0735294117648 0.0588235294117 0.0 0.10294117647060001 0.0 0.0294117647059 0.0147058823529 0.117647058823 0.0588235294118 0.0294117647059 0.0147058823529 0.0147058823529
0.8714438946077999 0.09937353903670001 0.12633799959410003 0.04 0.6161089205847 0.1066666666666 0.0533333333334 0.7750927518581999 0.1638709677423 0.04 0.0133333333333 0.6046306244323 0.0988679245283 0.41162595817110004 2.8972395847078003 1.5976150026046 0.6043197755959999 0.0188679245283 0.5408286361997 0.11526881720420001 0.0 0.5355934266583999 1.4064362645212 0.2631446540876
0.2045454545466 0.136363636364 0.0 0.0454545454546 0.11363636363650001 0.0 0.0681818181818 0.1818181818183 0.0227272727273 0.0 0.0 0.1363636363636 0.0681818181818 0.0909090909091 0.0681818181818 0.2500000000003 0.1136363636364 0.0 0.136363636364 0.0227272727273 0.0681818181818 0.0681818181818 0.2045454545453 0.0
0.0 0.0 0.0 0.0 0.0 0.0 0.0 0.0 0.0 0.0 0.0 0.0 0.0 0.0 0.0 0.0 0.0 0.0 0.0 0.0 0.0 0.0 0.0 0.0
0.2203389830509 0.0338983050847 0.0 0.2372881355934 0.1864406779661 0.0 0.0169491525424 0.32203389830580004 0.0 0.0 0.0 0.135593220339 0.0169491525424 0.1186440677966 0.0169491525424 0.23728813559349998 0.1016949152542 0.0 0.152542372882 0.0 0.0169491525424 0.0169491525424 0.1694915254237 0.0
0.48060313277669997 0.0874908505343 0.0555555555555 0.039920948616600005 0.3415824915827 0.1207729468598 0.0 0.421424388816 0.0217391304348 0.10869565217379999 0.0363636363636 0.2255745864442 0.0944664031622 0.0587761674718 0.40344751866479994 0.5091128678084 0.269111403894 0.0108695652174 0.1197628458498 0.10567266871610001 0.08373590982279999 0.1160079051383 0.2675742936612 0.0217391304348
0.9837251356222001 0.08442975618859999 0.0506329113924 0.11398640643489999 0.249049074016 0.1773399014772 0.0 0.6374010101631001 0.1603791232775 0.2278481012652 0.0 0.5825279042219 0.1393028621311 0.5361351873782 2.432000997701 0.37151586955099997 0.0844297561887 0.0548731059424 0.1139864064348 0.0 0.0548731059424 0.4010725197986 0.4853775643836 0.0591133004925
0.0 0.0 0.0 0.0 0.0 0.0 0.0 0.0 0.0 0.0 0.0 0.0 0.0 0.0 0.0 0.0 0.0 0.0 0.0 0.0 0.0 0.0 0.0 0.0
1.15455066324042 0.46444631571636 0.0495867768595 0.12280800750046 0.20495780957009999 0.5788509618722 0.0 0.9391798041528601 0.05851534828806 0.198347107438 0.0 0.3879479477741 0.25139332592486 0.44615511493856 0.6006927564419601 0.6875694492665599 0.146442461282 0.1285853184249 0.08530106257379999 0.1585222932148 0.053046218487360006 0.3877309188141 0.7953633932905799 0.1000069449267
0.0 0.0 0.0 0.0 0.0 0.0 0.0 0.0 0.0 0.0 0.0 0.0 0.0 0.0 0.0 0.0 0.0 0.0 0.0 0.0 0.0 0.0 0.0 0.0
0.0526315789473 0.0350877192982 0.0350877192982 0.0 0.0175438596491 0.140350877193 0.0 0.140350877193 0.0350877192982 0.0175438596491 0.0 0.10526315789480001 0.0175438596491 0.08771929824550001 0.0350877192982 0.0350877192982 0.0 0.0 0.0 0.0175438596491 0.0 0.0701754385966 0.1403508771931 0.0175438596491
0.0714285714285 0.0 0.0 0.0 0.0714285714285 0.0 0.0 0.0 0.0 0.0 0.285714285715 0.142857142857 0.0 0.0 0.0 0.0714285714285 0.0714285714285 0.0 0.0 0.0 0.142857142857 0.0 0.142857142857 0.0
0.40263975155270004 0.0965838509317 0.0287267080745 0.0608695652174 0.0900621118013 0.1290372670809 0.0 0.32282608695650006 0.0 0.0822981366461 0.0 0.33773291925470006 0.0607142857143 0.1041925465838 0.1622670807453 0.11118012422359999 0.1249999999999 0.0287267080745 0.1041925465838 0.0358695652174 0.0217391304348 0.3613354037276 0.233850931677 0.1001552795032
0.6285202252944 0.3174603174601 0.0 0.0322580645161 0.42063492063450003 0.0645161290322 0.0 0.4956477214548 0.4052739375321 0.16692268305160002 0.0 0.15232974910390001 0.4615975422423 0.40552995391650004 0.23835125448049999 0.3497183819761 0.0798771121351 0.0 0.0878136200715 0.1989247311831 0.293906810036 0.016129032258 0.1684587813619 0.016129032258
0.17036215816699998 0.0668883961566 0.09090909090900001 0.0 0.0668883961566 0.0 0.0 0.10347376201030001 0.1644493717663 0.0243902439024 0.0 0.121212121212 0.08536585365839999 0.2305986696228 0.0546932742054 0.22468588322240002 0.0365853658536 0.036585365853600005 0.08499630450840001 0.121951219512 0.0853658536589 0.0728011825572 0.12749445676260002 0.030303030303
1.3952254641878001 0.1419098143235 0.0 0.1843501326263 0.2108753315647 0.241379310346 0.0 0.8262599469502001 0.0 0.0344827586206 0.137931034483 0.39124668434950005 0.41511936339480004 0.1034482758619 0.5371352785135001 0.5901856763937 0.153846153846 0.0689655172413 0.1724137931036 0.103448275862 0.0344827586206 0.0689655172412 0.18832891246709998 0.0
1.5145237952948998 0.19693076322026998 0.0 0.086968427422 0.6227408127837701 0.1277479412817 0.0 0.8143766107384 0.05988356881197 0.05002354788056999 0.03044871794867 0.5748050985931 0.14506001492077 0.15838979589097002 0.9253404046737 1.5934191287829698 0.42655856109484 0.0208333333333 0.29564233794674 0.22179487179500001 0.13169021454737 0.2178225517711 0.76416616793507 0.0208333333333
1.213952792431 0.163685332735 0.0190476190476 0.048898365316199996 0.5064751430807 0.0561665357423 0.0 0.6686829012822 0.0263157894737 0.0 0.0561665357423 1.096910185912 0.0884711779448 0.0774697938876 1.0952455766262 1.2266150450749 0.2984027232257 0.0298507462686 0.4393072232826 0.0380952380953 0.0656903452661 0.2554932106383 0.5290577189237999 0.0
0.0 0.0 0.0 0.0 0.0 0.0 0.0 0.0 0.0 0.0 0.0 0.0 0.0 0.0 0.0 0.0 0.0 0.0 0.0 0.0 0.0 0.0 0.0 0.0
0.6338753387533 0.1166666666667 0.0 0.1532520325203 0.1577235772357 0.0277777777778 0.0 0.19214092140920003 0.0 0.0521680216802 0.0365853658536 0.4899728997292 0.0 0.1121951219512 0.0853658536588 0.4364498644982 0.2819783197831 0.0 0.24986449864500002 0.0277777777778 0.0833333333333 0.49539295392939997 0.3674796747961999 0.0
0.126315789474 0.2210526315791 0.0 0.0 0.0631578947368 0.0315789473684 0.0 0.5052631578948 0.1578947368419 0.0631578947368 0.0 0.0947368421051 0.157894736842 0.4736842105268 0.0631578947368 0.37894736842189997 0.1578947368419 0.0631578947368 0.0947368421051 0.0315789473684 0.0315789473684 0.0631578947368 0.0947368421052 0.1263157894735
0.2553191489364 0.0 0.0 0.0 0.0212765957447 0.0212765957447 0.0 0.06382978723409999 0.0425531914893 0.0 0.0 0.0425531914893 0.0 0.0 0.148936170213 0.063829787234 0.063829787234 0.0 0.0 0.0 0.0425531914893 0.0425531914893 0.19148936170199998 0.0
0.0 0.0 0.0 0.0 0.0 0.0 0.0 0.0 0.0 0.0 0.0 0.0 0.0 0.0 0.0 0.0 0.0 0.0 0.0 0.0 0.0 0.0 0.0 0.0
0.710531978626 0.1994697398187 0.0235294117647 0.1320223513808 0.26318312798069 0.211538461539 0.0470588235294 0.92518508205269 0.06550480769219 0.1796380090495 0.015625 0.7011788874815 0.12019230769209999 0.36503778338569004 0.51471655674199 0.83662556982859 0.18652508560578002 0.0 0.49649775916838 0.0391544117647 0.04687499999999 0.27319882196879 0.64671102292858 0.0
0.0833333333332 0.166666666667 0.0 0.0 0.166666666667 0.0833333333332 0.0 0.12499999999980001 0.0 0.0 0.0 0.16666666666660002 0.291666666668 0.12499999999980001 0.12499999999980001 0.12499999999980001 0.0 0.0 0.12499999999980001 0.0416666666666 0.0 0.12499999999980001 0.166666666667 0.0833333333332
0.5819298593222 0.0442176870747 0.03231292517 0.1333630539588 0.5260881051454 0.0204081632652 0.03231292517 0.6741958919494 0.07553992470750001 0.0221088435373 0.0102040816326 0.3738689650614 0.05173040089810001 0.30315038636799996 1.7432468132888002 0.9234858992143 0.2351231754835 0.0847533188031 0.4454461396205 0.0340136054421 0.0323129251699 0.15547189749680002 0.4341027673203 0.0306122448979
0.0 0.0 0.0 0.0 0.0 0.0 0.0 0.0 0.0 0.0 0.0 0.0 0.0 0.0 0.0 0.0 0.0 0.0 0.0 0.0 0.0 0.0 0.0 0.0
0.0 0.0 0.0 0.0 0.0 0.0 0.0 0.0 0.0 0.0 0.0 0.0 0.0 0.0 0.0 0.0 0.0 0.0 0.0 0.0 0.0 0.0 0.0 0.0
0.041666666666700006 0.00833333333333 0.0 0.05 0.0750000000001 0.0166666666667 0.00833333333333 0.1250000000003 0.0 0.0 0.0 0.11666666666666001 0.00833333333333 0.024999999999990002 0.0166666666667 0.15833333333333 0.08333333333340001 0.0 0.05000000000006 0.0416666666667 0.00833333333333 0.05000000000003 0.11666666666663 0.0
0.7187301587307 0.1714285714287 0.0 0.12275132275129999 0.1968253968252 0.6184126984131001 0.0 0.21121693121680002 0.0485714285714 0.054285714285700004 0.0142857142857 0.48571428571389996 0.0628571428571 0.14560846560840002 0.39693121693100003 0.6276190476187 0.0971428571428 0.0 0.21947089947070003 0.0914285714286 0.12000000000000001 0.0998941798941 0.48253968253970003 0.0142857142857
0.02500000000003 0.0 0.00833333333333 0.00833333333333 0.00833333333333 0.0416666666667 0.0 0.1083333333333 0.0 0.108333333334 0.0 0.04166666666666 0.05 0.03333333333336 0.216666666666 0.15000000000033 0.0 0.041666666666700006 0.0 0.0 0.0 0.0333333333334 0.10000000000023 0.02500000000003
0.0 0.0 0.0 0.0 0.0 0.0 0.0 0.0 0.0 0.0 0.0 0.0 0.0 0.0 0.0 0.0 0.0 0.0 0.0 0.0 0.0 0.0 0.0 0.0
0.6842171307713201 0.21772874640075998 0.04491148429768 0.1185243328099 0.19944407444397 0.19607683377810997 0.00925925925926 0.66151336925957 0.26923378897776 0.1593555254268 0.0 0.40785640508927 0.21215013933826 0.37761544011533 0.9798188853764 0.7417983499466899 0.26531036591388 0.0510204081632 0.26514858846313 0.09290180718735999 0.092548087392 0.3574615078641801 0.4422211851796001 0.15388428454300002
0.0483870967742 0.1568592697624 0.021978021978 0.021978021978 0.0161290322581 0.0762141084721 0.0 0.1143211627082 0.6003190358043 0.1238922367954 0.0 0.021978021978 0.1517192484935 0.32541651896470003 0.4170506912449 0.0923431407302 0.0652250974831 0.1084721729883 0.1187522155263 0.0703651187522 0.2543424317623 0.1348812477845 0.0593761077632 0.0
0.0 0.0 0.0 0.0 0.0 0.0 0.0 0.0 0.0 0.0 0.0 0.0 0.0 0.0 0.0 0.0 0.0 0.0 0.0 0.0 0.0 0.0 0.0 0.0
0.0 0.0 0.0 0.0 0.0 0.0 0.0 0.0 0.0 0.0 0.0 0.0 0.0 0.0 0.0 0.0 0.0 0.0 0.0 0.0 0.0 0.0 0.0 0.0
1.0350082529567 0.0619858745326 0.0481927710844 0.027027027027 0.1171582883258 0.144578313253 0.027027027027 0.7627415533531 0.0 0.1377648525135 0.0 0.7220449365025999 0.2124254707553 0.2267777540733 0.3177691193478 0.570756464815 0.1568600590619 0.0 0.23905949988199998 0.12690239055 0.0240963855422 0.13444121312840002 0.8005277400366 0.1068550062319
0.14814814814809998 0.074074074074 0.0 0.0493827160494 0.07407407407399999 0.0 0.0 0.2345679012343 0.037037037036999995 0.1111111111109 0.0 0.25925925925899995 0.08641975308630001 0.0987654320987 0.148148148148 0.08641975308630001 0.0493827160493 0.0617283950617 0.037037037037 0.111111111111 0.07407407407399999 0.037037037037 0.148148148148 0.074074074074
0.21153846153848 0.0782967032967 0.0 0.0439560439561 0.052197802197760004 0.0192307692308 0.0 0.28021978022006 0.16071428571427998 0.05082417582418 0.0 0.07554945054938 0.0576923076924 0.09478021978027999 0.06318681318686 0.07280219780218 0.052197802197760004 0.032967032967 0.0604395604396 0.14560439560400001 0.07829670329676 0.0961538461539 0.21840659340668 0.0549450549451
0.0 0.0 0.0 0.0 0.0 0.0 0.0 0.0 0.0 0.0 0.0 0.0 0.0 0.0 0.0 0.0 0.0 0.0 0.0 0.0 0.0 0.0 0.0 0.0
1.60392362044459 0.27109772022679995 0.0291970802919 0.22702406463369 0.5147907793192801 0.079622307958 0.02716941371259 0.9984627791093701 0.1338858738497 0.0194174757281 0.015503875969 0.46293186082887 0.07839859039099001 0.19906016472929003 1.38843673422269 1.45984619210388 0.49993245650629003 0.0211267605634 0.6060874146892001 0.2936651932909 0.046586889440690005 0.4382258715547 0.5029763085406901 0.0826305718942
0.8638951628081499 0.09065029173705 0.05474778844332 0.11571852060980001 0.28710239036336 0.0434782608695 0.0 0.5041290231495199 0.0652173913042 0.00757575757575 0.00757575757575 0.58603896103842 0.0151515151515 0.11473037831703001 1.84401468097266 0.9032326369270101 0.21709721437991 0.0434782608694 0.43773527197446993 0.04717203086755 0.04581921701476 0.37558817993600996 0.32227555053582 0.00757575757575
0.0 0.0 0.0 0.0 0.0 0.0 0.0 0.0 0.0 0.0 0.0 0.0 0.0 0.0 0.0 0.0 0.0 0.0 0.0 0.0 0.0 0.0 0.0 0.0
0.7552810000525 0.05 0.0 0.00862068965516 0.73876529477176 0.047619047619 0.00862068965516 0.59471370305602 0.0 0.0 0.0 0.47703003337058003 0.0 0.21401557285862 0.388219715028 0.4915461624029 0.29587107367946 0.05 0.48524815933085996 0.08448275862070001 0.05862068965516 0.85305895439516 0.23699613326939997 0.161290322581
0.103448275862 0.17241379310330002 0.0 0.0689655172414 0.2413793103447 0.0 0.0689655172413 0.206896551724 0.0689655172414 0.0 0.0 0.206896551724 0.103448275862 0.344827586208 0.1379310344826 0.34482758620700005 0.1724137931037 0.103448275862 0.0344827586207 0.241379310346 0.103448275862 0.103448275862 0.137931034483 0.0344827586207
0.5741071428572 0.17410714285739998 0.0571428571428 0.0857142857142 0.20803571428559997 0.09107142857139999 0.0 0.26517857142879997 0.5428571428572 0.0 0.0 0.33303571428559997 0.0857142857142 0.4133928571438 0.11964285714279999 0.4678571428568 0.0 0.0571428571428 0.03125 0.0857142857142 0.0285714285714 0.1741071428574 0.2053571428574 0.0
0.10000000000020001 0.0111111111111 0.0111111111111 0.0111111111111 0.0222222222222 0.0 0.0 0.0444444444444 0.033333333333300005 0.0 0.0 0.211111111111 0.0222222222222 0.033333333333300005 0.0333333333333 0.0666666666666 0.05555555555550001 0.0 0.0666666666667 0.0 0.033333333333300005 0.0777777777778 0.1666666666666 0.0
1.235343520708 0.0627615062761 0.0260869565217 0.0383118064398 0.18992177551380998 0.029616154265909998 0.0666666666667 0.5507640531195 0.0627615062761 0.0758989751986 0.0 0.49751682736009994 0.18847250015230999 0.10551512946451 1.4735340488757 0.64304772300062 0.15088533139291 0.0 0.35466921351020997 0.0627615062761 0.0 0.41916196713411 0.7453823297557101 0.020920502092
0.0 0.0 0.0 0.0 0.0 0.0 0.0 0.0 0.0 0.0 0.0 0.0 0.0 0.0 0.0 0.0 0.0 0.0 0.0 0.0 0.0 0.0 0.0 0.0
0.9557440136370001 0.0965617433413 0.1813742350004 0.10169491525419999 0.8915496368032001 0.2198793018104 0.0127118644068 0.8395824674455 0.2350341941719 0.2295315486693 0.0127118644068 1.6131650492851 0.058426150121 0.9728500745316 4.8988032639926 1.7226798133301 0.5995399515741 0.18835978836 1.7529352969287 0.0355690072639 0.2412832929785 0.6522891841923 1.2758539857655 0.21186935672579998
0.08620689655159999 0.120689655173 0.0 0.0344827586207 0.155172413793 0.0 0.0 0.0862068965517 0.0517241379309 0.0862068965517 0.0 0.1724137931033 0.0172413793103 0.1379310344827 0.2413793103447 0.0517241379309 0.0689655172413 0.0 0.0689655172413 0.120689655173 0.0689655172414 0.10344827586199999 0.32758620689740003 0.0
0.0 0.0 0.0434782608696 0.0 0.0 0.0434782608696 0.0 0.260869565218 0.0434782608696 0.130434782609 0.0 0.0434782608696 0.0 0.0 0.21739130434759998 0.0 0.0434782608696 0.0869565217391 0.0434782608696 0.0 0.0434782608696 0.0 0.0 0.0
0.4814951887488 0.139896373057 0.0155440414508 0.186528497409 0.4180236861581 0.051258327165099996 0.0155440414508 0.4600296076979 0.0466321243523 0.0155440414508 0.0 0.2331606217622 0.0 0.0668023686159 0.0978904515174 0.2222427831235 0.6419319022946001 0.0 0.2982975573651 0.0466321243523 0.0 0.1600666173204 0.3713915618065 0.0310880829015
0.5999468367885701 0.023391812865470003 0.0116959064327 0.0727006911217 0.35832004253053995 0.055156831472540004 0.045454545454500006 0.45574162679380004 0.1026049973417 0.0971557682082 0.0 1.4355396065919401 0.09090909090900001 0.24946836788917 0.56166932482737 0.64274322169134 0.34090909090877003 0.10154173312067001 0.13476874003167 0.07961190855927 0.07230196703870001 0.27299308878257 1.0228601807539999 0.17251461988287
0.12933890249182 0.04288492006342 0.0 0.0141509433962 0.05411925680534 0.052318882327560004 0.0 0.15764078928436 0.026501512314529997 0.19264006913414 0.0 0.22907964856691 0.0330188679247 0.11252340486831999 0.16441019732125 0.11003888808879 0.01235056891832 0.055235488981690006 0.044685294541259996 0.0523188823275 0.01998415670457 0.11947285035300001 0.31150079216491 0.06578568342232
0.0 0.0 0.0 0.0 0.0 0.0 0.0 0.0 0.0 0.0 0.0 0.0 0.0 0.0 0.0 0.0 0.0 0.0 0.0 0.0 0.0 0.0 0.0 0.0
1.1624840215324999 0.22461050540859998 0.1524138848252 0.1424187245867 0.227203935386 0.18154009841740001 0.0 0.8828319000977 0.3374435556908 0.063748079877 0.047619047619 0.7001660310022999 0.1850805404598 0.3720669541924 1.2719133035024 0.38888354315459994 0.1622985211656 0.0993483175954 0.3250056334498 0.6117072796027 0.119407077084 0.7642433331723001 0.4398447639763 0.137720948201
0.0333333333334 0.0833333333334 0.0 0.0166666666667 0.0666666666667 0.0333333333333 0.0 0.2333333333334 0.30000000000009996 0.0833333333334 0.0 0.13333333333340003 0.1 0.25 0.0833333333334 0.1166666666666 0.0 0.0666666666667 0.0166666666667 0.1 0.1333333333334 0.0333333333334 0.1166666666667 0.0
0.0681818181817 0.272727272727 0.0227272727273 0.0 0.0340909090909 0.147727272728 0.0 0.0909090909094 0.3409090909091 0.1477272727273 0.0 0.1590909090909 0.0 0.1590909090909 0.0340909090909 0.5568181818191 0.0113636363636 0.2613636363636 0.125 0.125 0.0 0.3863636363636 0.0568181818182 0.0
0.0 0.0 0.0 0.0 0.0 0.0 0.0 0.0 0.0 0.0 0.0 0.0 0.0 0.0 0.0 0.0 0.0 0.0 0.0 0.0 0.0 0.0 0.0 0.0
0.38853771597151 0.12008006742522001 0.00884955752211 0.74099241466521 0.12246101980602 0.18647281921630002 0.0265486725663 0.43492414664949997 0.052222924568000005 0.12758112094382 0.0 1.13512431521221 0.3655183312262 0.17246101980602 0.24031816266332 0.37877159713431 0.02551622418881 0.0520648967551 0.29611251580251996 0.16071428571409999 0.01769911504422 0.51123050990281 1.3492098609354102 0.0865887062789
0.260435571688 0.1293103448275 0.0258620689655 0.0521778584392 0.39019963702340005 0.0784936479129 0.0263157894737 0.5775862068962001 0.3112522686024 0.1043557168783 0.0258620689655 0.7023593466430001 0.1565335753175 0.2096188747734 0.622050816697 0.3892921960071 0.078947368421 0.103448275862 0.0784936479128 0.0780399274047 0.103448275862 0.0263157894737 0.26043557168770004 0.2091651542655
0.613637868255 0.24870903674314 0.07259185700094001 0.0660377358493 0.0333333333332 0.05153922542194 0.0 0.35529625951559995 0.32128434293284 0.26272757365058 0.0 0.6320920225087 0.22697782191344001 0.23358159549803997 0.1704402515721 0.29673949023484 0.03992055610718 0.1022012578616 0.1923369745115 0.2870738166173 0.09276729559744 0.4206223104938 0.27065541211494 0.00943396226414
0.975609756096 0.040650406504 0.0 0.162601626016 0.284552845528 0.121951219512 0.0 0.406504065041 0.0 0.040650406504 0.121951219512 0.36585365853600005 0.040650406504 0.0 0.284552845529 0.853658536585 0.081300813008 0.040650406504 0.40650406504000003 0.121951219512 0.040650406504 0.243902439024 0.365853658537 0.0
2.6220234751879 0.24017400162020003 0.0461538461538 0.2711701447416 0.9801841460038 0.1701960670262 0.0 1.3237672516138999 0.0633453794527 0.1497234100351 0.0459770114942 0.7958713078415001 0.151558225129 0.4620528927656 6.795967735261301 2.5956310518985 0.6629740451798 0.0 1.1213431471960003 0.1419316580389 0.18980287052619998 0.6584596265043 1.4038667016745 0.1078260046562
2.1599225523612 0.18759227578919999 0.029773958732399998 0.1510855005438 0.2536524098528 0.028761341521899998 0.0244648318042 0.5747347486871 0.0254774490147 0.040993757424 0.0 0.7573178330917001 0.0254774490147 0.2410644899914 2.4201628321955 0.8089854127893001 0.2556776442737 0.0366972477063 0.6643026657608 0.14684455924110001 0.0254774490147 0.2760920072367 0.7450870909374 0.1203544930158
0.19178082191770002 0.0 0.0 0.0 0.0547945205479 0.054794520548 0.0 0.221461187215 0.0821917808219 0.1917808219178 0.0 0.221461187215 0.191780821918 0.5251141552508001 0.54794520548 0.1369863013698 0.0 0.0 0.221461187215 0.0 0.027397260274 0.109589041096 0.221461187215 0.0
1.9976192023407 0.0 0.0 0.0699292849927 0.43439218767550003 0.0 0.0264900662251 0.41674592812699995 0.0526315789474 0.0529801324502 0.0 0.1885733527894 0.0264900662251 0.24547028138330002 0.9065994765795 0.9924322536064 0.09428667639459999 0.1222123104374 0.29453361769009995 0.1222123104374 0.1056117113977 0.2733191155013 0.4453686691755 0.1321017776228
0.2040816326532 0.15306122449 0.0510204081632 0.102040816326 0.0 0.0510204081632 0.0 0.5612244897951999 0.2551020408164 0.0 0.0 0.25510204081599996 0.102040816326 0.867346938776 0.35714285714320004 0.5102040816332001 0.1530612244892 0.1020408163264 0.0510204081632 0.459183673471 0.306122448978 0.204081632653 0.1530612244896 0.102040816326
0.0869565217392 0.01449275362318 0.0144927536232 0.0 0.0144927536232 0.0217391304348 0.0 0.02173913043479 0.03623188405798 0.0579710144928 0.0 0.10144927536227 0.02173913043479 0.06521739130429 0.15942028985558998 0.05072463768119 0.00724637681159 0.057971014492990004 0.02898550724639 0.0652173913045 0.05072463768119 0.036231884058 0.050724637681180004 0.036231884058
0.7062423500630001 0.0681354549163 0.015503875969 0.15177478580190001 0.33129334965330004 0.0 0.0 0.2913096695225 0.167278661771 0.015503875969 0.0 1.0563035495722 0.0 0.1146470828233 0.0 0.2354141166869 0.36556507547920003 0.015503875969 0.45858833129349996 0.0310077519379 0.0526315789473 0.3035495716039 0.6197470420235 0.0
1.6407653721542501 0.17629140380315 0.0643080891837 0.21082580491025002 0.3559175930215 0.18653193726355 0.03395061728395 0.62390643520645 0.02140500824705 0.2137087401325 0.0242914979757 0.7473699174563 0.071370323284 0.4998220004028999 1.88397717515 0.7977470286628501 0.06628799323199999 0.028867102396450003 0.4714366433551999 0.075652933238 0.08531323738175 1.00043559161695 0.6377918518676999 0.0820257027686
0.1219512195121 0.0820399113081 0.0 0.0243902439024 0.0243902439024 0.0820399113081 0.0 0.11862527716169999 0.0 0.0 0.0 0.1917960088693 0.15521064301540002 0.09756097561 0.1363636363636 0.3669623059868 0.0243902439024 0.0 0.1396895787139 0.0942350332594 0.08203991130810001 0.0698447893569 0.0487804878048 0.139689578714
1.9378202560142999 0.3464411759099 0.0833476411225 0.2732348957436 1.3227322154182002 0.047883401056900005 0.1257425742577 0.9388141704340001 0.13642190808659999 0.1649554550833 0.013201320132 1.4124725767383999 0.0812167343901 0.8858619966039001 5.108533165456199 1.8972624430063 0.8493179953832 0.0528052805281 1.6167343902017 0.1267002422788 0.127091321849 0.7846353421462 1.5883477365062002 0.0784257616513
0.0853658536586 0.0243902439024 0.0 0.0121951219512 0.0487804878049 0.0182926829268 0.0121951219512 0.0548780487805 0.030487804878 0.0 0.0 0.0548780487805 0.0060975609756 0.0487804878049 0.10975609756060001 0.042682926829199996 0.0121951219512 0.0 0.0365853658536 0.0243902439025 0.0060975609756 0.08536585365839999 0.28048780487799996 0.0060975609756
0.0 0.0 0.0 0.0 0.0 0.0 0.0 0.0 0.0 0.0 0.0 0.0 0.0 0.333333333333 0.0 0.0 0.333333333333 0.0 0.0 0.0 0.0 0.333333333333 0.0 0.0
0.2578125 0.03515625 0.0 0.046875 0.2109375 0.0937500000003 0.0234375 0.2343749999999 0.03515625 0.0234375 0.0 0.3281250000003 0.046875 0.1171875 0.0703125 0.3046875000003 0.26953125 0.0 0.19921875 0.0820312500003 0.03515625 0.22265625 0.25781249999989997 0.1054687500003
2.8783126828830996 0.25388722235530004 0.1643303261622 0.33675846758469996 1.2042983227232 0.1084995323295 0.0526315789473 1.4651993466511 0.45600493234800005 0.7446890221714 0.2106074299911 2.0038268824570995 0.0926892556497 1.1151648740473998 2.7999364046778004 2.0175708848179 0.5621586743727001 0.12115454877590001 0.5561112959869 0.2474572498038 0.7271000099642 0.5593934719753 2.1462955421501997 0.17592204117069998
0.4178059418335 0.0735394785737 0.0434587024976 0.1236480275382 0.2741301414071 0.0835533650178 0.0300807760762 0.5616382092357 0.1270120675153 0.49459211015180005 0.0233918128655 0.7488509456474 0.14707895714770003 0.24068532535329998 0.38119266952210007 0.7720080580501999 0.1270120675155 0.0300807760762 0.27072698468589995 0.0200668896321 0.0233918128655 0.1738348099902 0.7219777425727001 0.09024232822850001
0.0 0.0 0.0 0.0 0.0 0.0 0.0 0.0 0.0 0.0 0.0 0.0 0.0 0.0 0.0 0.0 0.0 0.0 0.0 0.0 0.0 0.0 0.0 0.0
0.7879357564038 0.29751412524471 0.025071605131999998 0.119913605237 0.2060348301721 0.121911607235 0.0 0.5906675134373099 0.2323829930604 0.1297602699414 0.01606288448391 0.6934478464764 0.21018939718242002 0.32749799095831 0.5338723766303 0.57948230811971 0.30744741027770994 0.0894551465388 0.28148278816121 0.10217345065481001 0.0511550780273 0.36343961333659996 0.7996792839847999 0.13342211930230002
0.0680272108844 0.1224489795919 0.0 0.0136054421769 0.0816326530612 0.0 0.0 0.0816326530612 0.340136054422 0.1088435374149 0.0 0.1768707482993 0.0544217687075 0.1360544217688 0.1224489795919 0.21768707483030003 0.0272108843538 0.0272108843538 0.0680272108843 0.149659863946 0.12244897959170001 0.0272108843537 0.0408163265306 0.0136054421769
0.0776699029126 0.0970873786407 0.0970873786407 0.0194174757281 0.0194174757281 0.135922330098 0.0 0.1988180666957 0.2857745884339 0.2802870409458 0.0 0.5040101308567 0.0823132123258 0.1794005909663 0.1646264246518 0.4364710848463 0.0194174757281 0.06289573659770001 0.15998311523839998 0.0 0.0434782608696 0.0194174757281 0.0970873786407 0.0194174757281
0.0833333333332 0.0416666666666 0.0 0.0 0.0416666666666 0.0 0.0 0.0 0.0 0.0 0.0416666666666 0.0 0.0833333333332 0.0 0.291666666668 0.20833333333300003 0.0 0.0 0.125 0.0 0.0416666666666 0.0416666666666 0.0 0.0
0.7368738014864 0.22363682055630002 0.03221015501718 0.1375910417417 0.19980311293954003 0.2998374230727 0.0323971421532 0.6069826780149 0.10608839171097999 0.17092353121448 0.0222961320522 0.65153892368244 0.1446994343871 0.43642869594908 0.42145953699266003 0.4712810604981799 0.28966314118256 0.02981492904468 0.33549629185048 0.0243902439024 0.020202020202 0.70066539428998 0.85308851911266 0.0526315789476
0.1221374045801 0.0916030534351 0.0152671755725 0.0 0.1526717557255 0.0152671755725 0.0152671755725 0.091603053435 0.18320610687049999 0.091603053435 0.0 0.0916030534351 0.0458015267175 0.1832061068702 0.0916030534351 0.27480916030520003 0.06106870229 0.1221374045801 0.0458015267175 0.0763358778626 0.0763358778626 0.0458015267175 0.091603053435 0.0152671755725
0.7636136913537 0.2620781446008 0.0430346051463 0.08678343901260001 0.2164589973919 0.1138665361197 0.0591133004926 1.0375001574834 0.450325857479 0.059817030260300004 0.0 1.2108252596384002 0.13357096961710002 0.3948382951379 0.4256140237206 0.3776035151688 0.1944195969241 0.049612948627600004 0.5030509955107 0.3401156564569 0.15619741149830002 0.5046516357663 0.5972034990904 0.0197044334975
0.34347826086940003 0.0086956521739 0.0 0.0608695652174 0.4347826086955 0.0956521739132 0.0 0.3000000000003 0.1391304347829 0.0086956521739 0.0347826086956 0.13913043478280002 0.0695652173913 0.0347826086956 0.1304347826086 0.4260869565225 0.104347826087 0.0173913043478 0.0869565217392 0.086956521739 0.0304347826087 0.18695652173889998 0.0869565217393 0.173913043478
3.530624869629 0.3978110184285 0.0374497625137 0.7733281096181001 1.7091827725792 0.3904364961317 0.1714588515386 2.3447388715454 0.17009989473749998 0.4928206652472 0.0 1.8861955840306999 0.14547661523 0.5873632085529 7.615735563791 4.348689578777499 1.0755772613242 0.0374497625137 1.7633376258653999 0.4771327826027 0.4731871033277 1.0894505055364 2.36575911098 0.1166939855063
2.1586125398663 0.24500206590501 0.00609756097561 0.20696314236851998 0.30370810688531 0.0771177954236 0.0282809128359 1.1748874317295002 0.139658110555 0.0391979434036 0.0482573726541 0.9826129173458199 0.07102023444801 0.30771784733531 1.87223333620211 1.0880099837319102 0.3274624460715 0.01701459154331 0.8077570381401 0.22269964252881 0.0391979434036 0.41061512573801 1.4075832279910099 0.01829268292681
0.0693069306931 0.039603960396 0.0 0.019801980198 0.019801980198 0.009900990099 0.0 0.039603960396 0.069306930693 0.0891089108911 0.0 0.019801980198 0.09900990099 0.10891089108919999 0.0693069306933 0.1188118811881 0.009900990099 0.009900990099 0.009900990099 0.0495049504951 0.05940594059399999 0.0495049504951 0.039603960396 0.0
0.38402138402116004 0.17885605385637998 0.047619047619 0.0576923076923 0.14630977131 0.18593456093438002 0.0693866943866 0.68171468171446 0.08815958815950001 0.10992723492718 0.0 0.43009355509395997 0.13831551331538 0.4204039204046 0.26539451539430003 0.86726561726548 0.3297817047815 0.047619047619 0.27955152955146 0.05015592515588 0.1073903573903 0.6099272349266001 0.45432382932349996 0.05015592515588
0.2238805970155 0.1119402985073 0.0 0.089552238806 0.044776119403 0.0447761194029 0.0 0.3358208955218 0.0447761194029 0.0447761194029 0.0 0.5373134328358999 0.0447761194029 0.2238805970144 0.1119402985073 0.2462686567165 0.17910447761140003 0.0 0.08955223880589999 0.0223880597015 0.089552238806 0.1119402985073 0.2686567164179 0.1343283582089
0.2898550724644 0.0 0.0 0.0289855072464 0.0289855072464 0.0579710144928 0.0579710144927 0.1159420289855 0.0289855072464 0.0289855072464 0.0 0.2028985507251 0.0 0.1159420289855 0.2608695652174 0.2028985507246 0.1449275362318 0.0289855072464 0.1159420289856 0.0 0.0289855072464 0.0289855072464 0.20289855072520002 0.0289855072464
0.393108298172 0.16824894514740002 0.0210970464135 0.0977496483825 0.10495780590710001 0.0 0.274261603376 0.8181635523399999 0.5190375728353 0.11091018685949999 0.0 1.4945248141458998 0.39788024914569997 0.1682489451475 0.13273558368490002 0.5511101064902 0.2310126582284 0.0 0.35812236287009996 0.0138888888889 0.1175909182237 0.26348704038549997 0.7638637733564001 0.0
3.98782735450369 0.25137180820259997 0.041837722522 0.23118047920409002 1.6097217170122002 0.11645003848569999 0.2772238321409 1.6576913324967 0.0872156729771 0.23687126101209002 0.0 2.7823013568547 0.12375030584779001 0.67269115703308 4.1848845730865 2.95698452652228 0.62202294049749 0.0518250688705 1.9993579342714902 0.25995186417509997 0.1049109750304 0.9293509148235 1.67821800988499 0.1363591545507
0.0597014925373 0.0597014925373 0.0298507462686 0.0149253731343 0.0597014925373 0.0 0.0149253731343 0.179104477612 0.0298507462686 0.0 0.0 0.0746268656717 0.0746268656717 0.0597014925372 0.0597014925372 0.1194029850745 0.0149253731343 0.0 0.0 0.0298507462686 0.0149253731343 0.0149253731343 0.0597014925373 0.0298507462686
1.9976742175583 0.4193049813021 0.1235724108293 0.2416069681541 1.5409426528536 0.29138461538399996 0.09251246239790001 1.6694584571486 0.1921210900711 0.5073360550067 0.0297862054147 2.0087319258667 0.2792964231183 1.3429069708985 2.0143903802723 2.2496647770392997 0.5921692801428 0.1078755908895 1.7419060657032 0.325768156425 0.3749622425 0.9724686519951 1.7916469566347 0.09251246239790001
0.12 0.3700000000003 0.0 0.0 0.18 0.0 0.0 0.18 0.24 0.526666666667 0.0 0.06 0.3833333333333 0.2500000000003 0.12 0.12 0.0 0.12 0.06 0.06 0.3 0.4433333333333 0.1433333333333 0.3233333333333
0.0416666666666 0.0 0.0416666666666 0.125 0.0 0.0 0.0 0.0416666666666 0.0 0.2916666666666 0.0 0.0 0.0 0.0 0.0416666666666 0.0 0.0416666666666 0.0 0.0416666666666 0.125 0.0 0.166666666667 0.0 0.0416666666666
0.33582733812880006 0.15870503597149999 0.061582733813 0.0863309352518 0.15870503597149999 0.0863309352517 0.0107913669065 0.4608633093529 0.0907913669065 0.2907913669065 0.0 0.37769784172640003 0.0939568345323 0.13712230215819998 0.0863309352518 0.3529496402882 0.1294964028775 0.0215827338129 0.2526618705035 0.0431654676259 0.050791366906500005 0.38532374100690003 0.2266187050358 0.101582733813
1.83341552897135 0.12124151648199999 0.0901287553647 0.2209257584445 1.0410060734538 0.2327080322716 0.05096000182905001 1.6891740492775 0.21556491562015 0.26217668565865 0.1177785249499 1.20522617189765 0.204054626119 0.6333445316248 1.04094109738845 1.7675908038566002 0.63353193519885 0.1055403823642 1.18227830117035 0.2730341565146 0.2540631815946 0.9271981371218001 1.75907923492495 0.139037597902
0.3652122525362 0.2729242588395 0.0140845070422 0.049049542007200006 0.27341672412060003 0.1961981680289 0.0140845070422 0.7770117206738 0.0913030631339 0.4074657736622 0.049049542007200006 1.3782133359584 0.1539446469022 0.4623264059884 0.39190387077769995 0.5332414064807001 0.0281690140845 0.1471486260217 0.21707869595169998 0.0631340490495 0.0631340490495 0.2452477100363 0.7784891165167002 0.0281690140844
0.0 0.0 0.0 0.0 0.0 0.0 0.0 0.0 0.0 0.0 0.0 0.0 0.0 0.0 0.0 0.0 0.0 0.0 0.0 0.0 0.0 0.0 0.0 0.0
2.342943787365 0.722088603926 0.06425731495369999 0.3232697268117 0.7397595287954001 0.20589451943920004 0.0278551532033 1.4514048279401 0.2796374902205 0.3477036506501 0.008547008547 1.5167528151783998 0.2862052380785 0.6966199042254 1.9559907938794001 1.607543346345 0.6225612994764 0.0778083028082 0.8917905977695999 0.19006760760459998 0.1150725817392 1.0054282102006 1.2740568645576003 0.24674082628480004
0.1563279857396 0.24780748663100002 0.0 0.0269162210338 0.10559714794990001 0.0723707664883 0.0588235294118 0.5476648841354 0.5251693404635001 0.2428163992868 0.0 0.23604278074840002 0.38324420677360005 0.34324420677339995 0.42445632798599997 0.33618538324400005 0.1479500891265 0.12413547237060002 0.24046345811050002 0.10766488413559999 0.22795008912650003 0.3442780748662 0.0739750445632 0.0269162210338
0.1333333333333 0.34358974358890004 0.0444444444444 0.0296296296296 0.5982905982904 0.207407407407 0.0 0.3851851851858 0.4438746438744 0.168660968661 0.0 0.26666666666669997 0.0296296296296 0.19829059829040002 0.2962962962964 1.2148148148152 0.1925925925922 0.0148148148148 0.0444444444444 0.0769230769231 0.0 0.0444444444444 0.2518518518515 0.0148148148148
0.0 0.0 0.0 0.0 0.0 0.0 0.0 0.0 0.0 0.0 0.0 0.0 0.0 0.0 0.0 0.0 0.0 0.0 0.0 0.0 0.0 0.0 0.0 0.0
0.8545034859982901 0.0205479452055 0.045112242702399996 0.0975784868467 0.50545076382529 0.09072917177819 0.00684931506849 1.0287731629156 0.18814232382198998 0.12180343277319 0.0 0.73032459223019 0.13901372882819 0.49774004688280005 0.6367711396410001 1.23480448593188 0.1888123449984 0.0942408376962 0.3996655556269 0.125654450262 0.0942408376962 0.34318673395838006 0.51779198767988 0.03826292763389
0.0985241324291 0.0637415237335 0.027044276027100002 0.0453928998803 0.1893099321899 0.0086956521739 0.0 0.3129637016354 0.10913442361380002 0.1072197846031 0.0 0.17096130833650003 0.0637415237335 0.1709613083366 0.4433187076192 0.1980055843637 0.127483047467 0.0733944954128 0.1323494216196 0.1255684084564 0.192181890706 0.14487435181480002 0.11591543677690001 0.0792181890708
0.5011934760884 0.2698235263676 0.15063913470989998 0.0584795321637 0.4271194020148 0.1438976004416 0.3333988856108 1.0617750601439 0.3353965050285 0.2522796667182 0.0148148148148 1.08983634489 0.2176577136055 1.1019295458968 0.315865376322 0.8059336754259 0.1863397810769 0.1286549707604 0.7262084376660001 0.2614634877788 0.1232727837292 0.49149983346540005 0.8612759870338001 0.1412444582449
0.43956043956010005 0.0703296703296 0.0153846153846 0.021978021978 0.0989010989013 0.1494505494503 0.0153846153846 0.3472527472529 0.032967032967 0.021978021978 0.0 0.2571428571426 0.0483516483516 0.010989010989 0.10549450549440001 0.50989010989 0.13406593406599998 0.021978021978 0.1340659340658 0.059340659340600004 0.010989010989 0.1758241758241 0.3032967032975 0.0153846153846
2.3059338677610297 0.34504107148519997 0.0289855072464 0.30915259005490997 1.94603424416212 0.07274672641312 0.0509153318078 1.95714536008084 0.23563477501181002 0.35123108854671004 0.02912406916571 1.7211855419945299 0.22783408872951 0.8692257130390201 3.9958565597579203 3.0494547229995295 0.8164946983177099 0.19086058858282 1.8585167777392098 0.1969023563048 0.15509596790943 0.6918903226564099 1.4036766737617101 0.19106135647251
1.3869923365932 0.1945147914701 0.13284874709720002 0.3430877364583 0.41498636764380004 0.1059263504144 0.0264900662251 0.9470972844952001 0.1547796921322 0.1501866564562 0.0903847994639 0.9820574936109999 0.059801856992300007 0.4515263737431 1.0766839017763998 1.2974729904407 0.4462852385764 0.0178041543026 0.7576748957372 0.1616353311607 0.1264593530128 0.6928145505202 0.9128530038415001 0.0696360278338
0.146666666667 0.0666666666667 0.0133333333333 0.0 0.053333333333299995 0.0133333333333 0.0 0.0933333333333 0.1466666666667 0.0133333333333 0.0 0.0266666666666 0.0666666666667 0.0266666666666 0.08 0.0266666666666 0.0133333333333 0.0266666666667 0.08 0.0266666666667 0.0133333333333 0.0266666666666 0.0266666666667 0.0133333333333
1.48897912885798 0.1277155172413 0.04 0.15819343617659998 0.60068889897129 0.08 0.00624999999999 0.81225272232238 0.0925 0.2020530852994 0.0 0.51498790078659 0.1652192982456 0.6083189655173901 0.2880482456141 0.9657123411976999 0.5169313369626 0.052500000000000005 0.6085927102238999 0.1049606775559 0.0172413793103 0.8488392316994899 0.6765237447067001 0.02349137931029
0.08666666666667999 0.02666666666666 0.0 0.0133333333333 0.0733333333333 0.0333333333333 0.0 0.10666666666672 0.0333333333333 0.02 0.0 0.05999999999998 0.04666666666666 0.13333333333345998 0.0466666666666 0.08666666666656 0.00666666666666 0.0 0.0133333333333 0.0600000000002 0.02666666666666 0.08666666666666001 0.03999999999996 0.0
0.3680952380952 0.3514285714286 0.047619047619 0.0 0.2638095238095 0.0714285714286 0.0238095238095 0.33666666666649997 0.49142857142859997 0.27 0.0 0.4080952380949999 0.08 0.45666666666699995 0.5914285714286001 0.5019047619047 0.177619047619 0.04 0.4066666666666 0.0238095238095 0.47380952380950003 0.247619047619 0.3442857142858 0.0238095238095
0.31105298457399 0.4024547283701 0.18980549966448998 0.2689872568746 0.31374916163618 0.142857142857 0.0938967136149 0.33471495640489 0.3123809523808 0.08081824279009 0.0 0.62347417840438 0.15224681421848998 0.27199195171059 0.17171026156939 0.60670690811528 0.12694835680738 0.0 0.40914822266919 0.0454460093896 0.0454460093896 0.20845070422560003 0.8516566063048999 0.036056338028089996
0.6797660635079199 0.03051379675785 0.00273972602739 0.06726066648339 0.26383797150337 0.06215802488508 0.01681516662085 0.30455705145796996 0.01407544059346 0.06253483534154 0.0171919770773 0.34082505789526 0.01133571456606 0.09342544255588 0.47449071711736995 0.52455940652402 0.10126781018166 0.00547945205479 0.32551713309986996 0.05119912077558 0.07424736036445 0.16654237155058 0.25335793068247 0.056301762373879995
0.20146520146519997 0.043956043956 0.0 0.051282051282 0.0 0.03663003663 0.0 0.2344322344331 0.010989010989 0.1282051282053 0.0 0.1428571428574 0.062271062271 0.164835164835 0.021978021978 0.1831501831501 0.010989010989 0.032967032967 0.021978021978 0.190476190476 0.010989010989 0.095238095238 0.29670329670330003 0.058608058608
1.1414084251285401 0.25824175379959996 0.0609615305322 0.25667983920939996 1.71516001531286 0.29626065218792 0.219869706841 1.7809264922565 0.1219230610645 0.23608813812860002 0.025206503662699997 1.6331828939334398 0.138910650229 0.9274206499703401 1.3382078592977198 1.5666786320372599 0.4608632928166 0.043973941368 1.5990924531927 0.33977366305852 0.39196651892552 0.75406731677144 1.5087552412833 0.18438076899782
0.2971428571427 0.2204201680681 0.0 0.0685714285713 0.0914285714284 0.0228571428571 0.0 0.5519327731098 0.2842016806714 0.089831932773 0.0147058823529 0.2579831932773 0.1731092436978 0.31025210084 0.2808403361352 0.2808403361344 0.2204201680681 0.037563025209999996 0.1518487394957 0.2939495798326 0.2303361344537 0.0832773109242 0.7755462184875002 0.2629411764711
0.0 0.0 0.0 0.0 0.0 0.0 0.0 0.0 0.0 0.0 0.0 0.0 0.0 0.0 0.0 0.0 0.0 0.0 0.0 0.0 0.0 0.0 0.0 0.0
0.34408602150519996 0.0430107526881 0.0215053763441 0.0860215053763 0.1290322580645 0.0215053763441 0.0430107526881 0.7096774193549 0.0 0.0430107526881 0.0215053763441 0.47311827957089997 0.0430107526881 0.15053763440819998 0.0430107526882 0.3440860215053 0.3225806451612 0.0 0.1935483870966 0.10752688172 0.0 0.5806451612901 0.2580645161292 0.0215053763441
1.0280306501346 0.211383457326 0.0553829078801 0.0707970762268 0.3893665004929 0.1841349694523 0.0294813783501 0.9562697852169999 0.19190642261649998 0.14591610285339998 0.0705882352942 0.8128824277590001 0.2124279872872 0.4894863572421 0.3291503728981 0.9780362139474 0.2592172374724 0.035294117647 0.5861997302735 0.2150135492506 0.1498486231601 0.48759265375320004 0.9457971913077999 0.1657960521537
0.4045691150954 0.1189512242143 0.0 0.0835743204163 0.2184306921147 0.0738384422595 0.0128205128205 0.5342201658 0.0451127819548 0.4425486793903 0.0 0.8048968575287 0.1481588586855 0.2379024484287 0.16097937150539998 0.3086562560244 0.0676691729322 0.0738384422595 0.1835357624828 0.0579332947753 0.048197416618400005 0.321958743012 0.5783689994222 0.0738384422594
0.0 0.0 0.0 0.0 0.0 0.0 0.0 0.0 0.0 0.0 0.0 0.0 0.0 0.0 0.0 0.0 0.0 0.0 0.0 0.0 0.0 0.0 0.0 0.0
2.2574125330159998 0.6766333935002999 0.1372736464747 0.32947937288 1.3879755270332998 0.1525691699605 0.0340045377198 1.6989077473315999 0.2454191586423 0.4001233076027 0.0060975609756 1.5319565029299 0.4468861429264 1.2254122720374 0.9380406197667 2.2440319405075004 0.8786962898018 0.30429984062009996 1.5777448794939999 0.5800061566407001 0.1409058761714 0.8914047114768 1.6894912738714998 0.2252275386269
0.21794294294299998 0.15810810810800002 0.0 0.1500000000003 0.2704954954954 0.0638888888889 0.0 0.38866366366380006 0.6008258258258 0.3343843843843 0.1012762762762 0.0611111111112 0.32605105105099996 0.28588588588589997 0.1805555555556 0.5301051051050001 0.05 0.216216216217 0.1927177177176 0.125 0.315165165165 0.226051051051 0.1388888888889 0.0666666666666
0.1678321678322 0.19930069930060001 0.0227272727273 0.0 0.0 0.181818181818 0.0 0.3269230769228 0.14510489510490002 0.2762237762236 0.0 0.2814685314689 0.1223776223776 0.1136363636363 0.6066433566439 0.23601398601440002 0.23601398601370002 0.2307692307693 0.1136363636363 0.0227272727273 0.2307692307691 0.1678321678321 0.272727272727 0.0454545454545
0.030303030303 0.0 0.0 0.0 0.333333333334 0.0 0.0 0.212121212121 0.0 0.030303030303 0.030303030303 0.060606060606 0.0 0.0 0.030303030303 0.09090909090900001 0.0 0.0 0.060606060606 0.0 0.0 0.0 0.121212121212 0.0
0.5407662435731 0.06491136600618999 0.021897810219 0.024540649383289998 0.09949600278069001 0.09136372898 0.0648604269292 0.33996440257458 0.06491136600618999 0.06491136600620001 0.0 0.42570985101798997 0.1006256517205 0.21721021658110004 0.4454142845167 0.3089065477685 0.14505051957839998 0.0 0.2350029364878 0.043795620438 0.0410509031197 0.28371267963459 0.36859815660528 0.00729927007299
0.17758620689637 0.10977011494257001 0.0172413793103 0.0 0.0925287356322 0.08505747126437 0.0 0.1873563218391 0.11724137931019998 0.07528735632177 0.0 0.1465517241378 0.1195402298849 0.08620689655167 0.25172413793174 0.08505747126428 0.04195402298847 0.0 0.10977011494237 0.0333333333333 0.0333333333333 0.10977011494246999 0.07758620689649999 0.0431034482759
0.27420634920606 0.1916666666666 0.09841269841259999 0.0333333333333 0.22420634920603 0.10833333333313 0.111111111112 0.76428571428556 0.28015873015853 0.025 0.0 0.72698412698469 0.20753968253963 0.50436507936426 0.34087301587296004 0.2900793650795 0.04087301587303 0.0166666666667 0.40873015873000007 0.2750000000007 0.05 0.18095238095226002 0.80714285714406 0.04007936507933
0.1379310344828 0.0172413793103 0.0 0.0 0.0 0.0862068965518 0.0 0.0689655172415 0.0 0.0 0.0 0.22413793103430002 0.0 0.0 0.137931034483 0.0689655172413 0.0 0.0 0.0 0.051724137931 0.0 0.0344827586207 0.1724137931034 0.0
2.6561723574886997 0.2375694386544 0.0850743768426 0.4941929915883 1.5287882084712 0.5213240304942 0.0936131537634 2.3404202986623 0.5308169425286 0.591748840006 0.0 1.4323774181689 0.4106139502411 0.6264939926967 2.4638789016816003 4.0880701330406 1.4311083476484001 0.16753372219840001 1.3703138205218 0.5386499651033 0.2776039219874 0.9794632984867 2.0873653128411 0.0468065768817
0.8584495999351999 0.2552046336877 0.042484777004799995 0.1241472665621 0.47747934899669997 0.021094402673299997 0.0213903743315 0.8018676370074 0.0855614973261 0.1439192902039 0.0 0.8881595700482999 0.0984234204048 0.35775267044549997 0.8226828211345 1.0435480412253 0.2962966685878 0.021094402673299997 0.7226410500403 0.2692504433985 0.0901909408101 0.5827425068912999 0.9035110056776998 0.07210763093110001
0.0563380281689 0.0281690140845 0.0281690140845 0.0140845070422 0.0 0.0281690140844 0.0 0.0704225352113 0.0704225352111 0.0563380281689 0.0 0.1267605633802 0.0422535211267 0.056338028169 0.0563380281691 0.0563380281689 0.0563380281689 0.0281690140845 0.0422535211267 0.0 0.0422535211267 0.0704225352112 0.0563380281689 0.0140845070422
0.16910699919581 0.0636363636364 0.00884955752211 0.0624296057924 0.10691874497171 0.0363636363637 0.0090909090909 0.27055510860851 0.035880933226 0.04497184231692 0.0176991150442 0.17055510860811002 0.01794046661301 0.0631536604988 0.0796460176993 0.18777152051494 0.13491552695091 0.0 0.13346741753831 0.0363636363637 0.03612228479481 0.154062751408 0.1604987932422 0.0
0.0779220779221 0.0324675324676 0.0 0.0259740259741 0.045454545454599996 0.0194805194805 0.0 0.12337662337659999 0.0324675324675 0.012987012987 0.0 0.05194805194799999 0.0454545454546 0.1233766233765 0.038961038961 0.1363636363636 0.025974025974 0.0 0.0324675324675 0.051948051948 0.0324675324676 0.025974025974 0.0324675324676 0.0324675324675
0.693693693695 0.10114660114650001 0.0405405405405 0.0 0.121212121212 0.060606060606 0.0 0.4111384111381 0.26330876330909997 0.1416871416871 0.0 0.5253890253895 0.330057330057 0.22235872235850002 0.1687141687141 0.3435708435705 0.40417690417749996 0.0675675675676 0.235872235872 0.4041769041775 0.0741195741195 0.0135135135135 0.37714987714950005 0.0
0.15416331456152 0.06194690265492 0.035398230088419996 0.058125502815800006 0.06446098149632 0.01769911504424 0.0 0.24517296862444 0.0 0.026548672566359996 0.0 0.49155269509282 0.0113636363636 0.2627715205153 0.0821600965405 0.35760257441672005 0.1680410297668 0.0 0.3361826226867 0.02021319388572 0.0606395816572 0.118765084473 0.3804304102982 0.046761866452
1.3388985833313 0.2895804846246 0.1261239148409 0.2120368198872 0.6318647247748 0.1968515478422 0.092987804878 0.8119385394476 0.046112804878 0.1965290806752 0.0288461538461 1.1475001589991 0.1251808598594 0.4118303216521999 1.0149557191479 0.9906534208341999 0.515278186314 0.015243902439 0.4531692212292 0.061860034343499994 0.0296669793621 0.8724157908564 1.267639301842 0.1228356440995
0.0833333333331 0.06666666666650001 0.0666666666667 0.0 0.0166666666666 0.0 0.0 0.1499999999999 0.0166666666666 0.0166666666666 0.0 0.1666666666669 0.0666666666667 0.0666666666667 0.0166666666666 0.0166666666666 0.0 0.0333333333333 0.0166666666666 0.0666666666667 0.0 0.0833333333332 0.0333333333332 0.0166666666666
1.3649007177408998 0.2110073564372 0.01801834202482 0.08101825956422 0.9527697773312199 0.1755296384131 0.045197364041800005 0.963908916224 0.09994205678439999 0.09994205678432 0.028514884142700002 0.72065784371112 0.0870963030816 0.62049999839922 0.6500087372939 1.34146328863002 0.3377417865302 0.0 1.06702677784682 0.1635686750741 0.14986210751022 0.6849679358426 1.0821942562591 0.05416292033812
0.1428571428572 0.1302521008404 0.0 0.0714285714286 0.1641456582634 0.11596638655460001 0.0142857142857 0.46582633053260003 0.1212885154062 0.1605042016807 0.0142857142857 0.1910364145658 0.0927170868348 0.1588235294118 0.07675070028009999 0.20168067226890002 0.0428571428571 0.0196078431373 0.0767507002801 0.11064425770309999 0.1498599439776 0.1302521008404 0.3196078431373 0.0285714285714
0.0 0.0 0.25 0.0 0.0 0.0 0.0 0.0 0.0 0.0 0.0 0.0 0.25 0.0 0.0 0.0 0.0 0.0 0.0 0.0 0.0 0.0 0.5 0.0
0.1585365853658 0.0365853658536 0.0121951219512 0.1463414634146 0.1097560975609 0.0 0.0121951219512 0.2317073170731 0.0243902439024 0.0121951219512 0.0 0.2073170731706 0.0121951219512 0.0731707317073 0.08536585365839999 0.1585365853657 0.1097560975613 0.0 0.1097560975609 0.0243902439024 0.0 0.23170731707250003 0.2317073170731 0.0121951219512
0.48881965049630005 0.10140463522262001 0.0 0.10495473682522001 0.6752717220478001 0.12146360754402 0.028942818723200002 0.88769103313786 0.1281207041834 0.11992450773087998 0.0246913580247 0.4904872776339 0.12115303035154001 0.19346429432804 0.4176423837271 0.6746214185117999 0.3875115524867 0.01863354037266 0.3551552715976 0.14060182448800002 0.16887139096742 0.3827281835172 0.779780542358 0.1880645157193
0.18995502248860002 0.13853073463260002 0.0 0.0347826086956 0.1212893553221 0.0346326836581 0.0518740629685 0.433283358321 0.0695652173912 0.24137931034460003 0.0172413793103 0.5376311844077 0.1217391304348 0.156071964018 0.156071964018 0.5014992503753 0.10374812593690001 0.051724137931 0.0865067466265 0.0865067466266 0.0172413793103 0.2422788605696 0.5719640179919 0.0344827586207
0.0 0.0 0.0 0.0 0.0 0.0 0.0 0.0 0.0 0.0 0.0 0.0 0.0 0.0 0.0 0.0 0.0 0.0 0.0 0.0 0.0 0.0 0.0 0.0
0.6333027529868 0.258411527161 0.0152671755725 0.12475123914990001 0.5706846227896001 0.27767648871969997 0.03832205029 1.1181091892283 0.2881324957109 0.3876224420521 0.0185185185185 0.5752292086035999 0.1836068510888 0.4185657670305001 0.5734427000158 0.7764546286244001 0.33447926490040003 0.0504334121355 0.5924843489302 0.2055894060524 0.073886023354 0.36007382443360003 1.0059430958334001 0.11901296681830001
0.0773098680074 0.08893777498420001 0.0 0.0116279069767 0.036769327467 0.0 0.0232558139535 0.2243871778755 0.2630421118793 0.1275927089881 0.0116279069767 0.0967944688875 0.0735386549339 0.17410433689500002 0.11407919547440001 0.1121935889377 0.0386549340037 0.0135135135135 0.16436203645499997 0.0348837209302 0.11596480201119999 0.0754242614707 0.1084223758643 0.0135135135135
0.2 0.20694444444440002 0.0333333333333 0.0847222222222 0.1847222222223 0.1333333333336 0.0 0.422222222222 0.9569444444447 0.8583333333333 0.0 0.3111111111112 0.0736111111111 0.1666666666667 0.1222222222223 0.2222222222222 0.0 0.26527777777780004 0.1 0.0111111111111 0.173611111111 0.1847222222221 0.22222222222229998 0.0666666666667
0.0 0.0 0.0 0.0 0.0 0.0 0.0 0.0 0.0 0.0 0.0 0.0 0.0 0.0 0.0 0.0 0.0 0.0 0.0 0.0 0.0 0.0 0.0 0.0
0.6597747253004 0.2283575047283 0.0545065058712 0.17032508026239998 0.55774033543206 0.0545065058712 0.1104613009591 1.2046574047805798 0.0278187177598 0.1091716915265 0.0 0.80779337958828 0.1338731064473 0.6756495206398 0.55530894519944 0.93786679887946 0.4585463642944 0.0169491525424 0.44906485441676 0.10274372232248 0.07237133583239999 0.7618288735855 0.83373502121698 0.0169491525424
0.1304347826086 0.0434782608696 0.0 0.152173913044 0.0217391304348 0.086956521739 0.0434782608695 0.4782608695646 0.1086956521738 0.0 0.0 0.3043478260871 0.130434782609 0.1739130434782 0.1086956521738 0.1521739130434 0.0 0.0 0.0434782608696 0.195652173914 0.0869565217391 0.282608695652 0.2608695652172 0.19565217391349998
0.5292233343307 0.15439209035784002 0.19776322060752 0.0458052073288 0.24035402742204 0.0713319810682 0.4287356321847 0.27432137354639996 0.08113590263686 0.22650439486124002 0.0 0.5437291479621 0.23164300202832 0.83996275729084 0.18380385506362001 0.22208736518904004 0.22125605471122 0.0 0.2041920216362 0.1007437457742 0.0666666666667 0.2048626120882 0.8797614693132001 0.051724137931
0.08 0.0599999999999 0.0 0.0 0.02 0.02 0.0 0.08 0.0 0.0 0.0 0.36 0.1 0.0 0.0599999999999 0.08 0.0 0.0 0.0 0.0800000000001 0.0 0.02 0.02 0.02
1.9925739103271 0.7407986592962 0.1218854987943 0.4050243662152 1.6505842887 0.2794533206797 0.0824533487631 2.4803041982066003 0.5964520468452 0.5321663895368 0.0 1.5280912295025002 0.2033666392119 0.7668723712817 1.5002682839058 3.5958790835935996 1.1151930749174999 0.1187476062555 0.9037853080952999 0.6040644202081 0.22940352408620002 0.7180728900259 1.6251863821452002 0.209373159405
0.0669456066945 0.0334728033473 0.00836820083681 0.07531380753131 0.08368200836812 0.0 0.0 0.20920502092061 0.0167364016736 0.00836820083681 0.00836820083681 0.22594142259370997 0.00836820083681 0.18410041840952002 0.14225941422581 0.23430962343089998 0.12552301255249998 0.00836820083681 0.24267782426751 0.0334728033473 0.03347280334721 0.1171548117154 0.1338912133889 0.0
0.0877192982457 0.0526315789473 0.0 0.2850877192982 0.140350877193 0.0 0.0 0.0877192982456 0.0350877192982 0.1776315789473 0.0 0.0350877192982 0.2675438596491 0.0350877192982 0.0526315789473 0.0701754385964 0.0 0.0175438596491 0.125 0.0175438596491 0.3026315789473 0.0701754385964 0.140350877193 0.0
0.48605396638799003 0.0721003134796 0.020202020202 0.08917025862068999 0.35000598658999 0.01930675287359 0.0271192528736 0.5389509317311 0.1989942528736 0.1033503134796 0.020202020202 0.55079077412028 0.0114942528736 0.3438397988508 0.30502764716208 0.59711337513027 0.22008609804939 0.015625 0.2577036529083 0.0316962730756 0.00781249999999 0.29552257488689004 0.39185497213517007 0.0459770114943
0.0 0.0 0.0 0.0 0.0 0.0 0.0 0.0 0.0 0.0 0.0 0.0 0.0 0.0 0.0 0.0 0.0 0.0 0.0 0.0 0.0 0.0 0.0 0.0
0.258620689655 0.0 0.103448275862 0.051724137931 0.103448275862 0.0 0.0 0.310344827586 0.155172413793 0.0 0.0 0.258620689655 0.0 0.310344827586 0.155172413793 0.413793103448 0.206896551724 0.0 0.051724137931 0.0 0.310344827586 0.155172413793 0.155172413793 0.0
0.273226515054 0.096976353534 0.045871559633 0.158547615971 0.1710169272516 0.1303786018865 0.0 0.4744152991346 0.051104793901 0.045871559633 0.0 0.902959038636 0.0 0.7351725029076 0.1303786018865 1.1878795710039998 0.41084119395249996 0.0 0.6808373174825 0.0688073394495 0.137614678899 0.193952707068 1.075978808632 0.0281690140845
0.9146457012961899 0.1299050491977 0.0045871559633 0.23180029164599 0.9564474515751 0.27621974349509 0.01239965596329 0.83149488059657 0.05282396788988 0.013761467889890001 0.0 0.8718880534065698 0.0423431715757 0.23905574392337 0.7917632371070801 0.7027132660532001 0.50465594889658 0.0091743119266 0.7336197437063999 0.15513368665068 0.08510081946419999 0.5008237396029 0.6587620067578 0.28088090541190003
0.0 0.0 0.0 0.0 0.0 0.0 0.0 0.0 0.0 0.0 0.0 0.0 0.0 0.0 0.0 0.0 0.0 0.0 0.0 0.0 0.0 0.0 0.0 0.0
0.99955586448062 0.13801672442829999 0.02771655646832 0.31616871484414 0.98927068448912 0.1857201483568 0.1443894356184 1.8593553992530198 0.37876215773602 0.37382684030519997 0.0 1.45755933800642 0.04268734096502 0.5252994910767002 0.78890646449834 1.2427651909094 0.3747021764724 0.0364761608408 0.79917090874282 0.3516853579793 0.01242236024844 0.63408115015282 1.12012377782522 0.20133775630004003
0.4124999999998 0.2982142857153 0.0 0.1125 0.15 0.225 0.0 0.6892857142858 0.2535714285713 0.1839285714285 0.0 0.6000000000009 0.2392857142857 0.5035714285714 0.6714285714284 0.6160714285723 0.2625 0.1660714285714 0.0553571428571 0.1821428571429 0.35 0.185714285714 0.6928571428569 0.1499999999998
0.0 0.5 0.0 0.0 0.0 0.0 0.0 0.0 0.0 0.0 0.0 0.0 0.0 0.0 0.0 0.0 0.0 0.0 0.0 0.0 0.0 0.5 0.0 0.0
0.3062200956936 0.172248803828 0.0 0.2296650717705 0.24880382775100002 0.1148325358851 0.0191387559808 0.5741626794249 0.0 0.0 0.0 0.49760765550170005 0.0382775119617 0.0765550239232 0.2105263157893 0.3444976076552 0.15311004784670001 0.0 0.13397129186589998 0.0765550239234 0.0 0.3253588516748 0.4210526315784999 0.0574162679425
0.21602393079480003 0.02902417333657 0.0 0.0633842671195 0.1902336486377 0.025790282156939997 0.0 0.14188697550304 0.0 0.01503759398494 0.00751879699247 0.15369067830857 0.0 0.14512086668297003 0.17842994583254 0.29654782116604 0.08060473765053999 0.0150375939849 0.08060473765037 0.0375939849624 0.02902417333657 0.047295658501 0.2363974452257 0.010752688172
0.06666666666660001 0.0444444444444 0.0 0.0 0.0444444444444 0.0444444444445 0.0444444444445 0.1111111111112 0.0111111111111 0.033333333333300005 0.0 0.0999999999999 0.0444444444445 0.06666666666660001 0.12222222222259999 0.05555555555550001 0.0111111111111 0.0111111111111 0.0111111111111 0.0111111111111 0.0222222222222 0.0666666666667 0.0777777777777 0.0
0.0 0.0 0.0 0.0 0.0 0.0 0.0 0.0 0.0 0.0 0.0 0.0 0.0 0.0 0.0 0.0 0.0 0.0 0.0 0.0 0.0 0.0 0.0 0.0
0.7110041397895001 0.3161103393892 0.0 0.1998037840346 0.6378944376438 0.20640666522999998 0.0 1.2191824029121 0.3192271780505 0.35356619461719996 0.0 0.5516462122221 0.2183724771958 0.6264576752680999 0.4953010555009 1.3720321953105998 0.4649814099125 0.0806747139663 0.4254304449545 0.17032737808690002 0.0425531914894 0.3746774432629 1.1011973147142 0.1131533464449
0.5991834326874 0.35143442622959997 0.0 0.0562243852459 0.1921106557377 0.1499743852459 0.0234375 0.44518442623050003 1.0622516145068 0.37334280303 0.0 0.2433673310978 0.5138397292605 0.5982403440136 0.2102233917038 0.2711865064579 0.1499743852459 0.3133227769497 0.0890112704918 0.3510773720821 0.4488519932934 0.140625 0.3702612704918 0.046875
0.0 0.0 0.0 0.0 0.0 0.0 0.0 0.0 0.0 0.0 0.0 0.0 0.0 0.0 0.0 0.0 0.0 0.0 0.0 0.0 0.0 0.0 0.0 0.0
0.0 0.0 0.0 0.0 0.0 0.0 0.0 0.0 0.0 0.0 0.0 0.0 0.0 0.0 0.0 0.0 0.0 0.0 0.0 0.0 0.0 0.0 0.0 0.0
0.5443257618024 0.13511031350229 0.00729927007299 0.07578624853568999 0.12688113904658999 0.0 0.0903847886818 0.60410423365329 0.04658916824369 0.0605664939154 0.0 0.56186931871498 0.21291742640800002 0.5158917783021999 0.10824662214629999 0.50301499926179 0.35423604999598 0.00729927007299 0.18279044173328998 0.00729927007299 0.0 0.549761388453 0.29832674730947 0.00729927007299
0.0263157894737 0.0263157894737 0.0 0.0 0.0526315789474 0.0 0.0 0.07894736842109999 0.0526315789474 0.0263157894737 0.0 0.0526315789474 0.0 0.2368421052633 0.078947368421 0.0263157894737 0.0263157894737 0.0526315789474 0.0263157894737 0.0526315789473 0.0 0.0263157894737 0.1315789473683 0.0263157894737
0.26315567549321 0.2512146042992 0.0555555555555 0.06382001836541 0.09688606847690001 0.16897874852391 0.21088435374159997 0.65745816232801 0.1339285714285 0.2132854519217 0.0 0.47295075054802 0.19377213695370002 0.7311097992926001 0.30280190588722 0.26514800134920996 0.18968207117539998 0.0 0.23079824216201 0.36474321133480003 0.0535714285714 0.3640099979383 0.66905136710311 0.047193877551000005
0.16279069767440002 0.046511627907 0.0 0.0 0.3134479271989 0.1769464105159 0.0 0.4266936299284 0.173913043478 0.08998988877650001 0.0697674418604 0.3023255813959 0.066734074823 0.046511627907 0.0697674418604 0.2295247724974 0.0232558139535 0.0232558139535 0.16279069767440002 0.29625884732109997 0.0 0.1162790697675 0.1567239635994 0.0465116279069
1.0238935040246 0.3170370353566 0.0128755364807 0.23999957544970002 0.7324473630735 0.2458328458569 0.0458741017604 0.9027203293723 0.3631212246228 0.2112887235911 0.0128755364807 0.8707764957371 0.1358666607898 0.2669539726063 0.8731033384243999 2.161178437778 0.6882666006400999 0.0605799841133 0.713247973906 0.5319125595227 0.125522383029 0.3731855747582 0.9034336384368 0.18800660418549997
0.6333004541048 0.07612781954879999 0.00892857142857 0.35330436239057 0.32021421127093996 0.0978746370876 0.0 0.6311602024874401 0.026785714285670004 0.00892857142857 0.0 0.7166865182755701 0.019801980198 0.38075541576804 0.2538245365884 0.49648719571213995 0.29114401101767 0.0 0.4130499516117 0.127884686965 0.09639972455887 0.47909997766657 0.451374413757 0.1168670438471
0.0 0.333333333333 0.0 0.0 0.0 0.0 0.0 0.0 0.666666666666 0.0 0.0 0.0 0.0 0.0 0.0 0.0 0.0 0.0 0.666666666667 0.0 0.333333333333 0.0 0.0 0.0
0.2702914389801 0.0769581056466 0.0491803278688 0.0663934426229 0.10417122040068 0.00999999999999 0.0 0.34001821493608997 0.07417122040068999 0.00999999999999 0.0 0.18335154826949998 0.0655737704918 0.20446265938049998 0.06999999999999 0.6247723132971901 0.1425318761384 0.0555555555555 0.17194899817839998 0.02 0.02999999999999 0.18531876138439 0.23530054644797002 0.00999999999999
0.1016949152542 0.1694915254235 0.0 0.0 0.050847457627 0.0338983050846 0.0169491525423 0.25423728813540003 0.1186440677964 0.0169491525423 0.0 0.1186440677965 0.0338983050847 0.169491525424 0.101694915254 0.288135593221 0.0169491525423 0.0169491525423 0.0677966101694 0.118644067797 0.050847457627 0.050847457627 0.1355932203388 0.0677966101695
0.1956521739132 0.0625554569654 0.0 0.0217391304348 0.2133984028395 0.0421472937001 0.0434782608696 0.1672582076309 0.0204081632653 0.0408163265306 0.0 0.0638864241349 0.0217391304348 0.2298136645963 0.0816326530612 0.2528837622006 0.0217391304348 0.0 0.0638864241349 0.1237799467618 0.1237799467613 0.0816326530612 0.0856255545697 0.0421472937001
0.14311594202900002 0.0573671497584 0.0277777777778 0.0857487922706 0.1582125603864 0.0 0.056763285024099996 0.47463768115969995 0.0144927536232 0.0144927536232 0.0 0.506038647343 0.0289855072463 0.7469806763285001 0.11413043478270002 0.4390096618360001 0.2560386473431 0.0 0.2457729468602 0.0144927536232 0.056763285024099996 0.1557971014494 0.3888888888897 0.0144927536232
0.8022598870057001 0.08695053052212001 0.0162601626016 0.081300813008 0.33994763676422 0.1201598456661 0.08130081300809999 0.68210004133972 0.11382113821130001 0.0325203252032 0.0 0.74507372192354 0.03817004271732 0.47361168526960007 0.5520187405261 0.48270635248722005 0.47995039272460005 0.0 0.30039961416596 0.1901612236464 0.07634008543474 0.39162188232072004 0.77194432961374 0.14138073584114
0.0727272727272 0.1090909090908 0.0 0.0363636363636 0.1090909090908 0.0727272727272 0.0 0.3636363636368001 0.14545454545460001 0.0 0.0 0.327272727273 0.181818181818 0.1090909090908 0.0 0.14545454545460001 0.0 0.0363636363636 0.1090909090908 0.0 0.0 0.0727272727272 0.0727272727272 0.0363636363636
0.5538245347059 0.1674517192645 0.0955440414508 0.1303579839849 0.46925619285720005 0.0454545454544 0.1106335374472 0.8563582617722001 0.049634950541600005 0.250909090909 0.0866321243523 0.6539881275889 0.1092778119979 0.32927074652530003 0.2085477130813 1.5574418155251 0.3759028708766 0.0513636363636 0.48335543558319993 0.2827202072539 0.1488157783494 0.3414390014127 0.5336380545188001 0.10818181818179999
0.5580577058399 0.3425404644614 0.0 0.0862068965517 0.3629486277265 0.129310344827 0.0 0.4264602392685 0.3333919774811 0.1474313863476 0.0 0.45144264602210005 0.0816326530612 0.27445460943 0.3448275862065 0.5580577058407 0.172413793104 0.10432793807170002 0.0431034482758 0.2359254046443 0.18824771287810002 0.1474313863476 0.991379310346 0.0204081632653
0.0 0.0 0.0 0.0 0.0 0.0 0.0 0.0 0.0 0.0 0.0 0.0 0.0 0.0 0.0 0.0 0.0 0.0 0.0 0.0 0.0 0.0 0.0 0.0
0.175824175824 0.043956043956 0.0 0.087912087912 0.087912087912 0.131868131868 0.087912087912 0.527472527472 0.043956043956 0.0 0.0 0.307692307692 0.0 0.21978021978 0.131868131868 0.747252747253 0.131868131868 0.0 0.131868131868 0.087912087912 0.043956043956 0.5714285714280001 0.395604395604 0.043956043956
0.6762363663538999 0.0835948005379 0.0 0.215478858509 0.5843493201857 0.0951890034363 0.0309278350515 0.37904527117869996 0.0434782608696 0.0601449275362 0.0 0.5544075900198 0.0166666666667 0.43539518900290003 0.31840729119989997 0.6176826535193001 0.31092932914969995 0.0 0.4329299267887 0.12200059763929999 0.052666965486299996 0.29545047064100005 0.6274241745111 0.0475945017182
0.342803030303 0.34280303030299997 0.0 0.060606060606 0.215909090909 0.1875 0.0 0.7405303030299999 0.0 0.375 0.0 0.9545454545459999 0.060606060606 0.551136363636 0.248106060606 0.43560606060600005 0.092803030303 0.125 0.181818181818 0.092803030303 0.0625 0.839015151515 0.965909090909 0.125
0.0 0.0 0.0 0.0 0.0 0.0 0.0 0.0 0.0 0.0 0.0 0.0 0.0 0.0 0.0 0.0 0.0 0.0 0.0 0.0 0.0 0.0 0.0 0.0
0.7827877910656 0.2573960868665 0.0645270843946 0.2724726218101 0.47507459427939996 0.15764594738090001 0.0873191071868 0.9445246316109 0.0357142857142 0.5169605964312001 0.0 0.6660837935674 0.1055148555147 0.26987967882020003 0.4231328519404 0.7285374669475 0.5308370192474 0.0 0.3361998560675001 0.0317635516311 0.0375457875457 0.4071405660805 0.7303231475418 0.1386186783536
0.0535714285714 0.321428571429 0.0 0.0267857142857 0.0 0.0267857142857 0.0267857142857 0.40178571428589993 0.34821428571449997 0.1875000000004 0.0 0.0535714285714 0.0803571428571 0.4553571428571 0.1607142857142 0.0803571428571 0.0267857142857 0.0803571428571 0.0803571428571 0.133928571429 0.1339285714285 0.1071428571428 0.0803571428571 0.133928571429
0.0941798941799 0.1597883597883 0.0 0.0285714285714 0.0666666666666 0.1714285714289 0.0 0.3232804232802 0.1227513227512 0.2873015873012 0.0142857142857 0.11693121693110001 0.0666666666666 0.07142857142850001 0.3095238095241 0.1883597883598 0.0666666666666 0.39206349206370006 0.13227513227499998 0.0 0.074074074074 0.0798941798941 0.205291005291 0.0285714285714
0.0 0.0 0.0 0.0 0.0 0.0 0.0 0.0 0.0 0.0 0.0 0.0 0.0 0.0 0.0 0.0 0.0 0.0 0.0 0.0 0.0 0.0 0.0 0.0
0.3957606532633 0.19156453715780003 0.039649122806999997 0.1987179487179 0.4274457329771 0.2169905533064 0.0384615384615 0.846045655207 0.0971794871794 0.22410164916859998 0.0 0.7936084997370001 0.1407953063886 0.5503751229439 0.2377705345502 0.8858226400424 0.2740341727853 0.039649122806999997 0.41718932272 0.0458974358975 0.0 0.45749788421500004 0.44144307966810004 0.04
0.262295081968 0.2277359326538 0.0 0.1196278245458 0.33584404076179997 0.1967213114758 0.0 0.7097917589728 0.4554718653076 0.22773593265380002 0.0 0.6637128932226 0.0655737704918 0.2933097031456 0.196721311475 0.466991581745 0.0655737704918 0.108108108108 0.26229508196679996 0.196721311475 0.1736818785998 0.39344262295079996 0.31634913602119996 0.262295081968
0.1161387631977 0.0980392156863 0.0580693815988 0.0576923076923 1.3372549019609 0.0576923076923 0.077677224736 0.3325791855204 0.0980392156863 0.0976621417799 0.0 0.2714932126697 0.1365007541479 0.6533936651587 0.1368778280545 0.11764705882359999 0.1168929110107 0.0196078431373 0.077677224736 0.6352941176470001 0.0 0.2130467571645 0.23227752639510002 0.05844645550540001
0.2333333333333 0.0 0.0333333333333 0.0 0.0 0.0 0.0 0.1333333333333 0.0333333333333 0.0 0.0 0.1333333333333 0.0666666666667 0.0333333333333 0.0 0.1333333333333 0.0666666666666 0.0 0.0 0.0666666666667 0.0 0.0333333333333 0.0333333333333 0.0
0.39617453804454 0.15844250296623003 0.027315368343600002 0.21488006381279 0.44216054365129004 0.12819606036883002 0.02619639405059 0.59038953380226 0.08854459070661999 0.11559463049810001 0.0 0.54395600669465 0.14849431870373 0.1913700469688 0.18605105565902003 0.9667859190134901 0.28565947761083 0.05127908960973 0.28703655616343 0.2107026267914 0.08000856508602 0.29588834612858994 0.51359467571592 0.05127908960973
0.260302197803 0.0323946886447 0.0 0.19322344322329998 0.18395146520140002 0.021978021978 0.021978021978 0.1828067765568 0.0 0.0323946886447 0.043956043956 0.34478021978 0.0323946886447 0.18395146520150002 0.08676739926730001 0.2568681318681 0.1828067765567 0.0104166666667 0.1701007326007 0.131868131868 0.0104166666667 0.25801282051290003 0.35863095238180004 0.0
0.0333333333333 0.0 0.0 0.0 0.16666666666660002 0.0333333333333 0.0 0.1333333333332 0.0999999999999 0.0 0.0 0.0 0.0333333333333 0.0333333333333 0.0 0.16666666666629998 0.0333333333333 0.0 0.0 0.0 0.1 0.0333333333333 0.133333333333 0.0
0.05 0.0666666666667 0.0 0.0 0.0333333333333 0.0 0.0 0.08333333333330001 0.0166666666667 0.0166666666667 0.0 0.05 0.0166666666667 0.116666666667 0.0666666666667 0.05 0.15000000000000002 0.0 0.0333333333333 0.0333333333333 0.0166666666667 0.1166666666667 0.0333333333333 0.05
0.0 0.0 0.0 0.0 0.0 0.0 0.0 0.0 0.0 0.0 0.0 0.0 0.0 0.0 0.0 0.0 0.0 0.0 0.0 0.0 0.0 0.0 0.0 0.0
0.0588235294118 0.2352941176468 0.0 0.117647058824 0.0588235294118 0.0588235294118 0.0 0.0588235294118 0.2941176470586 0.2352941176468 0.0 0.0588235294118 0.1176470588236 0.1176470588236 0.1764705882358 0.0 0.0588235294118 0.0 0.0588235294118 0.176470588235 0.0588235294118 0.0 0.0588235294118 0.0
0.0266666666667 0.0133333333333 0.0133333333333 0.0666666666667 0.0399999999999 0.0 0.0 0.04 0.0 0.0 0.0 0.1066666666666 0.0133333333333 0.09333333333339999 0.0 0.22666666666700003 0.1066666666668 0.0 0.08 0.0133333333333 0.04 0.0666666666667 0.0533333333333 0.0
1.0930439662328002 0.45761723515380004 0.0113636363636 0.06214195091 0.6334626457829 0.38116551993340003 0.0454545454546 1.233793246474 0.16989337822669998 0.2829685746349 0.0 0.952633826185 0.24494949494999999 0.3624701117454 0.467954911433 1.0531644951928 0.3596789147511 0.0 0.35348411652739997 0.0507783145464 0.047418630752 0.6325245205677 0.9783584638659 0.1256795003172
0.18421052631590001 0.0394736842105 0.0 0.0263157894736 0.0131578947368 0.0131578947368 0.0 0.0921052631577 0.0263157894737 0.0 0.0 0.1052631578946 0.0921052631583 0.0394736842105 0.0131578947368 0.0394736842104 0.0394736842105 0.0 0.0657894736842 0.0263157894737 0.0263157894737 0.0263157894736 0.0657894736841 0.0657894736843
0.46029863972262 0.0459614448653 0.1346749226007 0.1622616755189 0.4054407127984 0.14412751667962 0.0132890365448 0.4914841845962 0.04270080125074 0.1441275166797 0.0132890365448 0.5440645319242 0.25329911646450004 0.3336406793735 0.39823117265792 0.5069906592707201 0.2830461469141 0.059276097219819995 0.5129873792677 0.0791840362274 0.0382165605095 0.4033316668864 0.4180967898938 0.1119796755912
0.134831460674 0.0772018847408 0.0322580645161 0.0224719101123 0.0449438202247 0.0898876404493 0.0 0.3341790503803 0.0645161290322 0.2384922073217 0.0 0.4211670895248 0.0645161290322 0.21203334541479998 0.1123595505618 0.2569771656397 0.067415730337 0.0 0.06741573033699999 0.2189198985145 0.0869880391445 0.1866618339977 0.2667633200435 0.0
0.0 0.0 0.5 0.0 0.0 0.0 0.0 0.0 1.0 0.0 0.0 0.0 0.0 0.0 0.0 0.0 0.0 0.0 0.0 0.0 0.0 0.5 0.0 0.0
0.26923076923050004 0.1346153846157 0.0 0.0961538461539 0.11538461538429999 0.0192307692307 0.0384615384615 0.2692307692311 0.0192307692307 0.0384615384615 0.0 0.3269230769235 0.0384615384614 0.0769230769229 0.1346153846152 0.3653846153848 0.1346153846153 0.0 0.1730769230766 0.0769230769231 0.0 0.3076923076927 0.3076923076925 0.0576923076922
0.046875 0.03125 0.0 0.015625 0.125 0.03125 0.0 0.109375 0.015625 0.015625 0.03125 0.125 0.0 0.046875 0.109375 0.0625 0.0625 0.0 0.0625 0.0 0.015625 0.046875 0.046875 0.0
0.1803398058251 0.0776699029125 0.0 0.1138349514562 0.17208737864060003 0.0776699029125 0.025 0.3441747572814 0.025 0.135922330098 0.0 0.48009708737859996 0.0 0.1526699029125 0.1026699029125 0.1582524271843 0.0194174757281 0.0388349514563 0.1082524271844 0.0388349514563 0.0 0.18592233009710002 0.5050970873787 0.0582524271844
0.0 0.0 0.0 0.0 0.0 0.0 0.0 0.0 0.0 0.0 0.0 0.0 0.0 0.0 0.0 0.0 0.0 0.0 0.0 0.0 0.0 0.0 0.0 0.0
0.9136650696868 0.2724738675963 0.015625 0.19512195122 0.44280270034900004 0.1547038327525 0.08003048780489999 1.2076001742165001 0.0571428571428 0.0571428571428 0.0 0.5719076655052999 0.0773519163763 0.2907447735191 0.3940222125432 0.8772103658543 0.06440548780489999 0.0 0.35628266550550003 0.0571428571428 0.146341463415 0.2217878919863 0.5464939024396 0.0
0.1072261072261 0.053613053613000006 0.0 0.0 0.12237762237750001 0.10722610722610001 0.030303030303 0.1293706293705 0.444055944057 0.2377622377625 0.0 0.19114219114210004 0.19114219114210002 0.19930069930100003 0.16083916083910002 0.1223776223776 0.0990675990675 0.1456876456876 0.0151515151515 0.16899766899750002 0.21445221445249998 0.0920745920745 0.114219114219 0.053613053613000006
0.0579710144927 0.0144927536232 0.0144927536232 0.0869565217391 0.0 0.1884057971013 0.0 0.409420289855 0.5 0.2934782608695 0.0 0.0289855072464 0.0 0.0144927536232 0.0434782608695 0.1304347826086 0.0144927536232 0.0144927536232 0.0144927536232 0.0144927536232 0.0289855072464 0.0579710144928 0.0434782608695 0.0289855072463
0.0 0.0 0.0 0.0 0.0 0.0 0.0 0.0 0.0 0.0 0.0 0.0 0.0 0.0 0.0 0.0 0.0 0.0 0.0 0.0 0.0 0.0 0.0 0.0
0.1839574898784 0.0791582321187 0.0 0.0810770917679 0.2324350539811 0.041266025641 0.0 0.2915612348177 0.1014254385964 0.0596955128205 0.0 0.3649628879891 0.10096153846160001 0.1981275303644 0.1761133603242 0.1879006410256 0.0735492577597 0.015625 0.19116902833990002 0.1039136302295 0.030364372469600002 0.1270664642374 0.2715291835359 0.088141025641
0.0 0.0882352941176 0.0 0.0 0.0294117647059 0.0 0.0 0.0588235294118 0.2058823529416 0.0294117647059 0.0 0.1176470588235 0.0294117647059 0.0294117647059 0.0294117647059 0.14705882352990002 0.0 0.0588235294117 0.0 0.0294117647059 0.1470588235294 0.0 0.0 0.0
0.1388888888887 0.0277777777777 0.0 0.0277777777777 0.0 0.0277777777777 0.0277777777777 0.33333333333320003 0.0277777777777 0.0277777777777 0.0 0.1666666666663 0.250000000001 0.1388888888887 0.0 0.111111111111 0.0277777777777 0.0 0.2500000000005 0.0555555555555 0.0277777777777 0.0277777777777 0.2500000000001 0.0555555555555
0.2542372881361 0.0 0.0 0.0 0.406779661017 0.0 0.0 0.101694915254 0.2033898305081 0.0 0.152542372881 0.40677966101699997 0.1016949152542 0.0 0.152542372881 0.661016949152 0.0 0.0508474576271 0.2542372881351 0.0508474576271 0.0 0.101694915254 0.101694915254 0.0
0.4508829017425 0.3582727367344 0.0232558139535 0.1376234469575 0.4245102782619 0.1220645792562 0.0116279069767 1.1753384183125999 0.2024217221134 0.2590508806258 0.0267857142857 1.1053819404279002 0.1220645792562 0.15694830018650002 2.1039132508349 1.9588546356816001 0.6412165769019 0.1220645792563 0.6179848237729999 0.43468688845400005 0.1668538064226 0.6526795086825 0.6790050829887 0.0465116279069
0.2075015124019 0.12099213551110001 0.0 0.2595281306713 0.2431941923777 0.0175438596491 0.0344827586207 0.3980641258324 0.0344827586207 0.0520266182698 0.0 0.4500907441021 0.0520266182698 0.2250453720513 0.0520266182698 0.4682395644288 0.1554748941318 0.0 0.7271627344218 0.0350877192982 0.103448275862 0.19056261343 0.17301875378089998 0.0
0.0 0.0 0.0 0.0 0.0 0.0 0.0 0.0 0.0 0.0 0.0 0.0 0.0 0.0 0.0 0.0 0.0 0.0 0.0 0.0 0.0 0.0 0.0 0.0
0.2510436432633 0.0483870967741 0.0 0.37267552182150004 0.22884250474349999 0.0 0.0 0.38311195445830004 0.0 0.0 0.0483870967741 0.33738140417449997 0.0 0.035294117646900006 0.035294117647 0.6132827324463 0.30986717267569996 0.0 0.3975332068309 0.0719165085388 0.0 0.10721062618579999 0.7597722960166 0.0
0.1121495327102 0.09345794392510001 0.0 0.130841121496 0.07476635514 0.03738317757 0.0 0.22429906542050002 0.09345794392500001 0.056074766355 0.0 0.1121495327101 0.130841121496 0.242990654205 0.149532710281 0.13084112149510002 0.018691588785 0.0 0.056074766355 0.130841121496 0.03738317757 0.018691588785 0.09345794392510001 0.0560747663551
0.1483889202939 0.1189937817977 0.0 0.0163934426229 0.13369135104559998 0.0 0.0336348219332 0.2699265121534 0.051724137931 0.0500282645561 0.0 0.06811758055379999 0.0664217071791 0.15178066704350002 0.1164499717355 0.15008479366849997 0.0491803278688 0.0172413793103 0.1336913510456 0.0681175805539 0.0672696438664 0.1026003391747 0.11899378179739999 0.0672696438665
0.0173913043478 0.0734505087882 0.0 0.1285846438483 0.0473635522664 0.0 0.0086956521739 0.14597594819610002 0.0173913043478 0.0086956521739 0.0 0.1604070305277 0.0 0.15559666975039999 0.0725254394079 0.2484736355221 0.1469010175766 0.0 0.095652173913 0.0425531914893 0.0734505087882 0.2098057354297 0.3171137835335 0.0299722479186
0.6820512820526 0.18803418803400002 0.0 0.1213675213674 0.807692307693 0.303418803419 0.0 0.3581196581193001 0.0222222222222 0.076923076923 0.0 0.7145299145296999 0.0 0.22649572649619998 0.3299145299142 0.34615384615399997 0.2692307692305 0.0 0.3905982905984 0.0222222222222 0.0 0.254700854701 0.7102564102562 0.17606837606870002
0.1647058823526 0.0196078431372 0.0392156862745 0.0 0.0 0.0666666666665 0.0196078431372 1.0235294117661 0.0588235294117 0.0196078431372 0.0 0.2823529411761 0.2313725490194 0.0392156862745 0.0666666666665 0.0196078431372 0.0392156862744 0.0392156862745 0.0196078431372 0.32549019607769997 0.0 0.0196078431372 0.0 0.5058823529425
0.6083457288566 0.1006693582659 0.0 0.09012430939225 0.29154271143235 0.14157458563535 0.0454207394814 0.40254462388400003 0.0687420314491 0.08459944751375 0.0 0.4057054823636 0.0742668933276 0.20500424989350002 0.1417870803229 0.6590788355288499 0.17666277093049998 0.0 0.44732787930315004 0.0220994475138 0.1889343391414 0.43577348066300003 0.4042711432214 0.00552486187845
0.11023622047246001 0.07086614173222999 0.0 0.0157480314961 0.08661417322829 0.0 0.00787401574803 0.11023622047256 0.00787401574803 0.00787401574803 0.0 0.11811023622063 0.0157480314961 0.03937007874019 0.01574803149606 0.09448818897646 0.04724409448823 0.0 0.04724409448826 0.0314960629922 0.02362204724413 0.0551181102364 0.09448818897653001 0.0
0.0 0.0 0.0 0.0 0.0 0.0 0.0 0.0 0.0 0.0 0.0 0.0 0.0 0.0 0.0 0.0 0.0 0.0 0.0 0.0 0.0 0.0 0.0 0.0
0.1774193548389 0.0806451612904 0.0 0.1612903225807 0.1129032258066 0.1290322580646 0.0161290322581 0.225806451613 0.0 0.0161290322581 0.0 0.29032258064530003 0.0 0.1129032258065 0.0483870967742 0.1612903225807 0.0483870967742 0.0 0.0806451612904 0.0322580645161 0.0161290322581 0.1451612903226 0.1451612903227 0.0
0.38886328725099994 0.0905529953917 0.0357142857143 0.1096774193548 0.5127496159757999 0.0 0.0881720430108 0.2983102918585 0.0333333333333 0.0 0.0215053763441 0.5486175115209 0.0 0.2026113671275 0.17165898617519998 0.5464669738858 0.2288786482336 0.0 0.1931643625193 0.0645161290322 0.0215053763441 0.14539170506909999 0.2768049155151 0.0215053763441
0.0384615384615 0.0576923076923 0.0 0.0192307692308 0.0 0.0769230769232 0.0 0.1730769230773 0.0 0.1730769230768 0.0 0.0384615384616 0.0192307692308 0.0961538461538 0.0 0.0192307692308 0.0 0.0384615384615 0.0 0.0384615384615 0.0192307692308 0.0961538461539 0.0769230769232 0.0192307692308
0.0 0.0 0.0 0.0 0.0 0.0 0.0 0.0 0.0 0.0 0.0 0.0 0.0 0.0 0.0 0.0 0.0 0.0 0.0 0.0 0.0 0.0 0.0 0.0
0.6415045731836 0.18519908953710001 0.0353982300885 0.10271135379400001 0.13627864094679998 0.2774856317975 0.0331813576495 0.6637413163935001 0.1494498668842 0.40033488447160004 0.0 0.7300942926337 0.0830172777076 0.2871735212627 0.2991481570456 0.8294872555918 0.3590928330111 0.0 0.2318000964012 0.1384605764472 0.059207753898 0.2614631806405 0.8664003729906 0.2293697376238
0.1967213114758 0.262295081968 0.0 0.0655737704918 0.0 0.0655737704918 0.0655737704918 0.6557377049172 0.3278688524598 0.1311475409836 0.0 0.3278688524586 0.1311475409836 0.26229508196679996 0.1311475409836 0.2622950819676 0.1311475409836 0.0 0.1311475409836 0.131147540984 0.1311475409836 0.1311475409836 0.3278688524598 0.1311475409836
0.0 0.0 0.0 0.0 0.142857142857 0.0 0.0 0.0 0.0 0.142857142857 0.0 0.142857142857 0.0 0.0 0.0 0.285714285714 0.0 0.142857142857 0.0 0.0 0.142857142857 0.0 0.0 0.0
0.0 0.0 0.0 0.0 0.0 0.0 0.0 0.0 0.0 0.0 0.0 0.0 0.0 0.0 0.0 0.0 0.0 0.0 0.0 0.0 0.0 0.0 0.0 0.0
0.1245791245791 0.1106719367589 0.1210076779792 0.0805152979066 0.1665202752158 0.1923810821861 0.1328502415458 0.5946218809787001 0.0647857889237 0.0833043074422 0.0185185185185 0.7445620624028 0.1504979833316 0.3711174715672 0.03367003367 0.5442253620666999 0.3027375201286 0.0 0.33745500986879995 0.070707070707 0.0 0.16785294221570002 0.5874184120058 0.0
0.0 0.0 0.0 0.0 0.0 0.0 0.0 0.0 0.0 0.0 0.0 0.0 0.0 0.0 0.0 0.0 0.0 0.0 0.0 0.0 0.0 0.0 0.0 0.0
0.503484320557 0.142857142857 0.0243902439024 0.0 0.0243902439024 0.0487804878048 0.16724738675939999 0.31707317073139996 0.0975609756096 0.1219512195122 0.0 0.121951219512 0.170731707318 0.2648083623692 0.0243902439024 0.0975609756096 0.1202090592334 0.0 0.0975609756097 0.0487804878048 0.0 0.1951219512196 0.3379790940765 0.07317073170720001
0.133333333333 0.0 0.0 0.0 0.0 0.0666666666666 0.0 0.0333333333333 0.1 0.0 0.0 0.1333333333332 0.0 0.0 0.0 0.23333333333319997 0.0 0.0333333333333 0.0666666666666 0.133333333333 0.0 0.0666666666666 0.0 0.0
0.9747971084862 0.1911853604046 0.0 0.5979189888233001 1.0586004508990001 0.2713941029726 0.1054545454545 0.9506585816766 0.035885167464100004 0.1315149723132 0.0224719101123 1.417396738963 0.1767198298777 0.34473806894850006 0.4197611986209 1.2628876285029 0.43388546165360004 0.0224719101123 0.9618638805834999 0.4508512759164 0.0578520270713 0.685180294277 1.4265104968620999 0.0
0.1438152011924 0.10730253353210001 0.0 0.0227272727273 0.1046944858421 0.0163934426229 0.0454545454545 0.1438152011922 0.0163934426229 0.0 0.0227272727273 0.23099850968700003 0.0163934426229 0.2283904619971 0.0163934426229 0.1728763040237 0.1173621460505 0.0 0.1855439642324 0.0819672131148 0.0227272727273 0.1829359165425 0.08830104321900001 0.0327868852459
0.0 0.0 0.0 0.0 0.0 0.0 0.0 0.0 0.0 0.0 0.0 0.0 0.0 0.0 0.0 0.0 0.0 0.0 0.0 0.0 0.0 0.0 0.0 0.0
0.2266343825668 0.0820823244551 0.0 0.1980629539954 0.34624697336590005 0.0 0.0 0.21065375302649997 0.0 0.0 0.101694915254 0.34624697336599997 0.0142857142857 0.0142857142857 0.1106537530265 0.2016949152541 0.11065375302649999 0.0 0.3479418886201 0.0338983050847 0.0338983050847 0.2070217917672 0.3711864406781 0.0428571428571
0.145161290323 0.0967741935483 0.0 0.0 0.0 0.0483870967742 0.0 0.3870967741937 0.1935483870966 0.3387096774194 0.0 0.0967741935484 0.3387096774194 0.2903225806452 0.0 0.290322580645 0.0967741935484 0.0 0.0967741935483 0.145161290323 0.1451612903225 0.1451612903226 0.1451612903226 0.0
0.0 0.0 0.0 0.0 0.0 0.0 0.0 0.0 0.0 0.0 0.0 0.0 0.0 0.0 0.0 0.0 0.0 0.0 0.0 0.0 0.0 0.0 0.0 0.0
0.0125 0.037500000000000006 0.0 0.0 0.0125 0.0 0.0625 0.05 0.0 0.0 0.0125 0.2500000000002 0.0125 0.15000000000030003 0.0 0.1 0.05 0.0 0.11249999999999999 0.0 0.025 0.0 0.1125 0.0
0.563974114143 0.3613740007518 0.0 0.035380116959 0.3653509859443 0.1517919416276 0.0825688073393 0.8892446526672 0.10379921205600001 0.0263157894737 0.049745158002 0.6732003369851 0.1164118246687 0.6960844233897 0.1327860936746 0.6018831482378 0.1352003862866 0.0 0.39952395659769996 0.1639304683727 0.054054054054 0.2687214979339 0.9088945294885 0.21976450134320002
0.0 0.0 0.0 0.0 0.0 0.0 0.0 0.0 0.0 0.0 0.0 0.0 0.0 0.0 0.0 0.0 0.0 0.0 0.0 0.0 0.0 0.0 0.0 0.0
