0.31095041322320005 0.0165289256198 0.0113636363636 0.6544009944239 0.0165289256198 0.3958778472078 0.2165289256198 0.4711936437539 0.2142965127997 0.6406940804944999 0.30331586373709996 0.20913122354330002 0.2560219713767 0.18292011019239998 1.100246926023
0.14236545682079998 0.0998122653317 0.0294117647059 0.46120150187709996 0.0 0.5006257822275 0.08510638297869999 0.3779724655816 0.35982478097570003 0.5447434292867 0.0 0.0 0.0147058823529 0.1652065081351 0.21902377972419998
0.0 0.0 0.1 0.05 0.0 0.15000000000000002 0.15 0.0 0.0 0.15000000000000002 0.05 0.15000000000000002 0.1 0.05 0.05
0.6275154812285 0.1939863753818 0.0181818181818 0.8909979546482001 0.0 0.4011668625873 0.2728682170542 1.0239189998347 0.7153716694983001 1.1199564443902 0.19961256399580002 0.2210111010364 0.2792860107924 0.1331705567448 0.9029559446253002
0.0 0.0 0.0 0.0 0.0 0.0 0.0 0.0 0.0 0.0 0.0 0.0 0.0 0.0 0.0
0.1389140271492 0.0855203619908 0.2158371040728 0.2298642533934 0.0235294117647 0.0823529411763 0.1656108597285 0.2009049773754 0.2212669683257 0.4669683257916001 0.26832579185509997 0.050226244343800006 0.19140271493209998 0.08868778280530001 0.5705882352937002
0.046511627907 0.1232558139535 0.0 0.1930232558139 0.0 0.09302325581390002 0.4162790697673 0.2046511627905 0.4046511627909001 0.1581395348836 0.0232558139534 0.0232558139535 0.08139534883720001 0.0 0.23255813953520002
0.9204386822877 0.4578953929332 0.1121553884713 1.1632840155162 0.0 0.33462053240260003 0.1814287026467 1.5537040345527 0.5295853911867 1.743704559427 0.47057131350320003 0.5718204593242999 0.6948679592667 0.1168923617946 1.1490312066915
0.1034482758619 0.0821234119781 0.177404718693 0.6783121597101 0.0 0.4500907441017 0.5993647912887999 0.5140653357535 0.1529038112524 0.6819419237746 0.0821234119781 0.1084392014518 0.1215970961885 0.073956442831 0.17422867513579998
0.85961812835444 0.2187448538666 0.039603960396 1.19310025955988 0.02 0.55174662311632 0.1334936350777 1.1441579857721 0.6554137807010201 2.61832782950142 0.67759374002242 0.64209367582012 0.84002908961402 0.21268239690031998 1.1933940412922401
0.4215254858815 0.0555555555555 0.056839017235 0.326365969931 0.037037037037 0.1309130913091 0.0 0.5256692335894999 0.1123945727905 0.6239457279062999 0.2458745874587 0.1373303997066 0.42794279428 0.019801980198 0.878804547121
0.5489767776026999 0.125 0.0 1.0199429869295 0.0 0.1361360897378 0.2041925465839 0.8134618058779 0.2678165847778 0.8253742931311 0.1846203763791 0.6795158524148001 0.412840687865 0.1032203114861 0.6789016872161
0.4676044330782999 0.0294117647059 0.0434782608695 0.497016197783 0.0588235294117 0.10272804774080001 0.0144927536232 0.1901108269398 0.4850809889177 0.410059676044 0.0294117647059 0.188832054561 0.2928388746803 0.0294117647059 0.1606990622335
0.030303030303 0.0757575757576 0.060606060606 0.045454545454500006 0.0 0.045454545454500006 0.030303030303 0.030303030303 0.1818181818181 0.19696969697 0.0 0.0 0.0 0.1363636363636 0.16666666666660002
0.4124860021042 0.0 0.0149253731343 0.5095238280488 0.0 0.4506708093377 0.2694540219205 0.9585245436494999 0.47263977867600004 0.8049151740501 0.2934738396407 0.3080123435073 0.66845630625 0.0739088881809 0.7630090914995
1.0398982591528 0.2083333333337 0.0731707317072 0.692709338111 0.0169491525424 0.2091807909605 0.20155826558259998 0.7164990124487001 0.6410683937345 1.1566097101647 0.4934293325982 0.3685544991042 0.7375017224738 0.14194915254239998 1.302588305545
0.0 0.136842105263 0.0105263157895 0.0736842105263 0.0 0.0736842105263 0.0421052631578 0.20000000000020002 0.0947368421055 0.2210526315789 0.0210526315789 0.021052631579 0.0315789473684 0.0631578947369 0.0105263157895
0.0 0.0 0.0 0.0 0.0 0.0 0.0 0.0 0.0 0.0 0.0 0.0 0.0 0.0 0.0
0.4235455197536 0.1384230742518 0.1296807553215 1.1208074341999998 0.0 0.44753121623400005 0.2367352587873 1.5343386284591998 0.9660823216702998 1.3404550408502 0.2312183929415 0.17648481817519998 0.49614137309809997 0.0914907285227 0.6670654377317999
0.0 0.0 0.0 0.0 0.0 0.0 0.0 0.0 0.0 0.0 0.0 0.0 0.0 0.0 0.0
0.35337243401790003 0.14545803658700002 0.0 0.6762498254443 0.102272727273 0.6731776288234 0.2388632872501 0.7717846669462 0.2170087976538 1.1473083368257 0.297950705209 0.4561688311689 0.40542521994110003 0.118401759531 0.39655774333189997
0.0591133004925 0.09204044594230001 0.00985221674875 0.91755250194595 0.0 0.207155820586 0.1018926626911 1.05470572984445 0.80243712730205 0.5950220378535 0.0197044334975 0.101892662691 0.20041483017855 0.11511537464375 0.7231008555871998
0.26975851696766 0.17823899371054003 0.07449143352844001 0.51035529405074 0.0533333333334 0.21601567140934 0.07528735632176001 1.00031455970184 0.41049230101912 0.7739911176487001 0.13681159420279998 0.37269601048440004 0.65243255730576 0.04082194751675999 1.2349593127972398
0.13502722323049998 0.14264972776770002 0.0210526315789 0.3168784029039 0.0 0.1607985480944 0.021052631579 0.0842105263157 0.0765880217786 0.5255898366609999 0.1905626134301 0.19346642468240002 0.021052631579 0.0450090744102 0.0660617059891
0.59018673551631 0.69178916321767 0.09294871794877 1.2293999637719 0.0 0.88200806934424 0.06022762951317 2.3907801008749 0.7493462911898 2.5496670505660703 0.65366252149084 0.84631942064487 0.73108272801207 0.26426597212297 1.2683156357871999
0.44788089627070005 0.00877192982455 0.06847342236175 0.5406389107088501 0.0 0.12934949313575 0.0 1.2079340141388 0.27957954587945 0.9759884786597 0.2633150039275 0.36612426588815 0.40625070137974995 0.06719410466455 1.2384992331587001
0.38055921534180004 0.0217391304348 0.0835968379446 0.7442175376963 0.0 0.2910481627877 0.3309178743958 0.8086370955931002 0.5818474601086001 0.9904479578393 0.4883033230863 0.3961279461281 0.6180793441664001 0.25040257648930003 1.0140755379884
0.4948445334471 0.015625 0.03125 0.867115843219 0.0470588235294 0.5366091628956 0.141176470588 0.8549127889204 0.305514705882 0.8501478995970999 0.21930185275769998 0.1977432891036 0.5618931148345 0.1172794117647 0.7595271034613
0.0 0.1428571428573 0.1071428571428 0.3071428571429 0.0 0.17857142857129998 0.742857142857 0.25000000000010003 0.39285714285679996 0.3571428571438 0.0357142857143 0.0357142857143 0.0714285714285 0.0714285714285 0.3071428571429
0.60480837468422 0.1216606558473 0.0287267080745 0.6680615913242199 0.0772005772005 0.29159919586342004 0.2662727078021 0.9846153605922 0.6791009588775 0.7186166150968598 0.3851447495772 0.28175658714429996 0.487694178326 0.11020593773764001 1.29453580185254
0.9536349912602999 0.23023402909489998 0.05 1.2581971720838998 0.042241379310300003 0.2764705882347 0.1540616246498 1.0453149780482 1.0823414905462 1.0787808894411999 0.6804518247783999 0.6398487426118 0.6589385030985 0.0922413793103 1.7572424075294997
0.127912087912 0.3197802197801 0.1479120879122 0.36175824175820004 0.0 0.297802197802 0.127912087912 0.38373626373720005 0.14989010989 0.531648351648 0.065934065934 0.02 0.063956043956 0.2178021978022 0.18395604395600001
0.25 0.0 0.0 0.0 0.0 0.25 0.25 0.0 0.0 0.0 0.0 0.0 0.0 0.25 0.0
0.10745957224822 0.93446791862496 0.0 1.06836854459936 0.00925925925926 0.77340897235232 0.2218635889404 1.6267605633799 1.06872717788204 0.9704290558166799 0.45031298904476 0.19675925925916 0.3131194574851 0.28302686489236 0.9760367762122599
0.0 0.0 0.0 0.0 0.0 0.0 0.0 0.0 0.0 0.0 0.0 0.0 0.0 0.0 0.0
0.5295297404441001 0.6226295828067 0.0617283950617 1.1521593232493 0.0530973451327 0.5127202634575 0.3391862152922 0.9936164567429999 0.9606686332347 1.1566231212233 0.8110767742029 0.323125907196 0.7433628318583999 0.21693121693120002 0.5235441931593
0.16071428571430002 0.10714285714280002 0.0 0.18452380952390002 0.0079365079365 0.0515873015873 0.0714285714286 0.39484126984180007 0.184523809524 0.281746031746 0.0079365079365 0.0515873015873 0.25793650793660006 0.0357142857143 0.2023809523811
0.8737480585718399 0.37294272547780005 0.1333081933054 1.67739698447647 0.0816326530611 0.25361920527677 0.1622778143516 1.5542449363101702 0.38363895511217 1.80412829083907 0.38791489035337 0.6244111800689 1.05496717948084 0.3406846609616 1.2950842723556
0.1027777777778 0.0972222222222 0.1249999999999 0.6555555555564 0.0 0.18333333333309998 0.325000000001 0.7916666666656 0.3027777777778 0.6500000000009001 0.05555555555550001 0.0472222222222 0.18055555555549999 0.06944444444440001 0.41388888888889996
1.25051632268655 0.40890778780228 0.0211267605634 1.7684466532107102 0.03687815157669 0.8830596654479701 0.1458882152766 2.3309588737233002 1.6372135936110002 1.87420557892707 0.52049472510917 0.6147513789975201 0.63872959079434 0.37627598223809 1.4925467200334
0.17239789196310001 0.00757575757575 0.016271409749650002 0.15513833992075 0.0 0.03577075098810001 0.00757575757575 0.5223320158103 0.08036890645584999 0.2494071146244 0.13860342556015 0.07700922266130002 0.13003952569145 0.0389986824769 0.3685111989465
0.2545679012343 0.0446913580247 0.0 0.285185185185 0.0 0.19407407407409996 0.3424691358027 0.3130864197529 0.1525925925925 0.9130864197531001 0.0646913580247 0.253086419753 0.46716049382720004 0.02 0.6953086419754999
0.6205623521917101 0.0669456066945 0.0 0.6854634454288999 0.0 0.36504776414871 0.09848315531400001 1.5216968996066003 0.75768925907742 1.2218420003985297 0.20286406221540998 0.25438307258480997 0.75937291552971 0.0573369565217 1.3883125102873
0.0571428571428 0.228571428571 0.0380952380952 0.1904761904762 0.0 0.1523809523809 0.0 0.3047619047618 0.1714285714285 0.40000000000049996 0.0 0.0761904761904 0.0380952380952 0.0571428571428 0.2857142857144
0.64805767329643 0.05739575708418 0.01190476190475 0.62176507193161 0.13730158730125 0.31602280146081 0.17544286715465002 1.52233543818506 0.81138628255423 0.50826617411593 0.13024158134250002 0.16824725383113 0.86028661593635 0.13499017715880002 0.8963559567427499
0.76932983680225 0.0103626943005 0.0169491525424 0.78964974328585 0.00518134715025 0.0992637032998 0.03149713662395 0.7399307024758001 0.39755042579835 0.58814992165545 0.43972560835935004 0.34488880335725003 0.42622326391675003 0.14872201700675 1.19257564342435
0.23617886178825998 0.2213414634152 0.03333333333333 0.43434959349585994 0.0 0.53069105691043 0.07825203252033 0.38434959349555997 0.37601626016276 0.6223577235783 0.0731707317072 0.10650406504056 0.13983739837393 0.17642276422753 0.58719512195222
0.0 0.0 0.0 0.0 0.0 0.0 0.0 0.0 0.0 0.0 0.0 0.0 0.0 0.0 0.0
0.20328052524614998 0.20273127135396 0.11547965988450999 0.6700581902806899 0.0 0.27691334142727997 0.17078640189681 0.6637398725796799 0.85911306619166 0.64970136857517 0.10581241178738 0.26370714862938 0.20550874641821 0.10378422425759 0.5093837714722199
0.0 0.0 0.0 0.0 0.0 0.0 0.0 0.0 0.0 0.0 0.0 0.0 0.0 0.0 0.0
0.056715063520840006 0.37753671011407 0.13401253918484 0.42348622339551 0.0131578947368 0.74480283781534 0.14762415442984 0.68614915030517 0.38351757135887005 0.6482016168946401 0.0394736842105 0.15199637023577 0.21440356376807998 0.6794670846393102 0.2994555353898
0.1824666359869 0.1560891938246 0.0998096473245 0.6108542860743 0.0 0.7562230682339 0.1854683512527 1.7283081621536 0.6358302305155 0.7668388905153001 0.0368782161235 0.1389365351628 0.9794168096052 0.10838597665550001 0.6144939965695
0.8610933667831 0.5784764570492 0.25109148961948 0.9057702353244 0.00847457627118 0.35323292975556 0.36481950450774 1.14851897983808 1.2514992788380601 2.04692349826072 0.17521014193158002 0.33289897010930003 0.81020887602568 0.34369972251844005 2.5680819731724602
0.5794208327753 0.317201476721 0.15567519391919998 0.9070673183172999 0.0 0.20163250814259998 0.404935203266 0.5516616730133 0.7160356065028 0.8977273138981001 0.30904980490330003 0.0843245162435 0.6099551839188 0.1966473079556 1.0686660604239
2.60195970674226 0.38486646269970004 0.16694679389862 2.9099523484052696 0.0 1.4542673857941701 0.8243004758676399 6.44398931990972 2.87018261801082 6.246523984827371 1.20599371037521 1.1097764459986799 2.41194560908329 0.8143145032563199 5.554980635138209
0.8632504811609799 0.13258690891785999 0.0366972477063 0.53828354185666 0.0244648318042 0.16008959235346001 0.040993757424 2.4730597793976803 0.41858532521816 0.8233796409038601 0.21594254493597997 0.22716234362766 0.69139511369418 0.04200637463446 2.3121025163644
0.3654226475276 0.12260499734180001 0.14732589048369998 0.6677033492822 0.030303030303 0.1722381711854 0.1902498670918 0.9843062200958 0.515263157895 0.8945773524725 0.237240829346 0.4241041998936 0.6746411483248 0.15223817118549998 1.42178096757
0.32319938021690003 0.10413855150689999 0.0601664417454 0.6626305792975 0.0401234567901 0.1457864747339 0.0810091467986 1.4531788873909002 0.7182611086130001 0.7050032488631 0.0485829959514 0.24603888638989999 0.5877942720046 0.1133978107662 2.7106887589294004
0.0579710144927 0.0869565217392 0.1159420289862 0.1014492753623 0.0 0.072463768116 0.1159420289856 0.49275362318820004 0.2463768115944 0.23188405797060002 0.0144927536232 0.0289855072464 0.0579710144928 0.1304347826086 0.24637681159359998
1.5188746532829298 0.1744458491361 0.109207753898 1.02956400047831 0.041474045700599996 0.5015507796040201 0.29155077960382003 3.33348114043892 1.5721700599411101 1.9177322615746297 0.25758445446671 0.77009428206622 1.83125893918521 0.17861690284353002 1.4723940977803096
1.0905582670874 0.2350472001401 0.1063829787233 1.7894868872274 0.1212225274724 0.2357194002801 0.2782872048159 1.3276500759868999 2.1075995148454 1.8702775504626998 0.6650068681316 0.7306401488587999 1.1735920329665 0.1519428045357 2.1165865384623004
0.12244897959180001 0.1836734693873 0.0408163265306 0.204081632653 0.0 0.2653061224495 0.1632653061224 0.551020408164 0.2653061224496 0.530612244899 0.0408163265306 0.12244897959180001 0.061224489795900006 0.1836734693877 0.2653061224485
0.05940594059399999 0.059405940594 0.019801980198 0.09900990098999998 0.0 0.277227722772 0.1980198019802 0.257425742575 0.1980198019803 0.4554455445544 0.019801980198 0.039603960396 0.05940594059399999 0.11881188118799998 0.1386138613862
1.12230382351235 0.43476321679545 0.28125734238765004 1.5103979467228001 0.0185185185185 0.9469807916850501 0.30004686102620004 2.6062892232225496 1.1689538361039 2.1851410731287997 0.7853692213924501 0.57250879601055 1.27133791074775 0.16151681042760002 2.63461462831705
0.0 0.0 0.0 0.0555555555556 0.0555555555556 0.0 0.0 0.0 0.0555555555556 0.0 0.0 0.0 0.444444444444 0.0555555555556 0.3333333333336
0.43137082987755004 0.37931483894975004 0.15015961138095002 0.533618591425 0.03202383168865 0.30785971801415 0.22798056904925001 0.7612687666091 0.6971662632653499 0.6173890083106001 0.0640155041383 0.48116958074515004 0.5503630608821499 0.31617846685059997 0.4501213588124
0.47790369191800003 0.2945092054416 0.1805573594829 1.4821451764783 0.0167224080267 0.4725135565152 0.1391693996166 0.8202949962657999 0.6865157320529001 1.5419886677291001 0.1224469915899 0.37328311199139996 1.2675138812218 0.4943419813612 1.6300938403088001
1.2388677974329 0.28384221243179997 0.19609582963599997 1.46680326817826 0.019089026915060002 0.64304667531726 0.18335704626135998 2.15808460403512 1.37567026207446 2.31515880139566 0.6960725099289 0.7953302798877601 0.95371537305456 0.2579947787106 2.41687153473998
0.80613035201458 0.3252932262956 0.0701754385964 1.43457374464576 0.0899400399734 0.42664246500109004 0.7442633600806701 0.90854438666018 0.44588903141397995 1.7508911969149898 0.37262306057988 0.29470195657298004 0.71869845199858 0.17031293675958 1.44132035249088
3.19913629397613 0.35929199487771 0.0994989881826 3.0220614665288004 0.1546532610187 1.02260771412334 0.57281585703956 6.65329817811462 2.6847820625385803 3.8529829613112203 0.6271068232113 1.46894901726143 2.25051672218308 0.6191963382156 5.41310232142214
1.58207796642762 0.14056342528481 0.07986507798031 1.6324583528083099 0.0309618779833 0.39672637565481994 0.0793910048749 3.4344636227944 0.9543047351335201 1.6865364523026203 0.4066738442707 0.41953984998071003 1.7597789267406103 0.054526687867209996 3.3421317998893203
0.91357606377186 0.04584349568367 0.17284841958417999 0.52631106546313 0.0300751879699 0.07692094793606 0.29669612959228997 1.8831937483787604 0.38350407184987 1.55266911081483 0.4855197658948599 0.9729846365708 1.14139153852076 0.19787668257976 3.3205891353841195
1.2845605310014 0.1537082519137 0.0123966942149 1.3462281677472998 0.1240166758134 0.3415997432978 0.4020600023082 3.3779485890855003 1.4472150931425003 2.3896307945107 0.6251915345523 0.9250743260216999 1.5000878309682 0.16162343546959998 3.9086583299586004
0.47257743677192 0.1063400188451 0.0406365444729 0.63907210481441 0.035521454958810005 0.02614379084961 0.17346435141581001 0.41892882248211 0.31106325062481 0.59263995453223 0.14470319020053002 0.053708439897600005 0.19187568238592 0.3547060319177 0.43861892583111
1.87833393137679 0.05621734048399 0.1151993248105 1.0269689358843002 0.12720662310160002 0.35630025993818004 0.30746638349489996 4.2395294957964 1.3671850755527901 2.5910640437338603 0.609705201126 0.9898242470759901 1.9523130010311 0.20348823076748 2.17919790581759
0.92382698922546 0.20132752418755 0.048471223021500004 1.42930247816264 0.02423561151079 0.51581248431366 0.43120048244506 0.80782476196898 1.28185338661965 1.5772123118220498 0.5067856966688 0.58070445095879 0.7077479939827 0.16479974640976003 1.79889485870395
0.34496875673329996 0.1480715363066 0.1224305106656 1.1082956259439 0.0588235294118 0.45141133376410003 0.3291101055813 0.6463262227964 0.7257056668815001 0.8412411118284002 0.1506140917905 0.035294117646900006 0.319672484378 0.1506140917905 0.5674208144799
0.1599999999997 0.1333333333337 0.0533333333333 0.18666666666639997 0.0 0.266666666666 0.2993939393938 0.6993939393937 0.1333333333334 0.288484848485 0.0266666666667 0.1066666666667 0.1442424242424 0.0533333333334 0.4484848484844
0.979216026315 0.6994856764659001 0.0446428571428 2.5910050503671003 0.0222841225627 1.3257027253218 0.43086494073610004 2.4504958838702002 2.1688172988866 2.1840075582256997 0.38727828256100005 1.039808269556 1.1884568597376002 0.1406881745784 2.3472462736745
0.0 0.0 0.0 0.0 0.0 0.0 0.0 0.0 0.0 0.0 0.0 0.0 0.0 0.0 0.0
0.2446987032799 0.1397406559879 0.0175438596491 0.6210526315799001 0.0175438596491 0.0875667429442 0.09595728451560001 0.3676582761253 0.36765827612519997 0.3585049580471 0.052479023646 0.1135011441647 0.2538520213578 0.052479023646 0.2097635392828
0.5142339142336001 0.0740740740741 0.2701594701598 0.9862211862224001 0.0 0.5842083842072999 0.9978317978316 0.5262441262441 0.4768268768263 1.8368816368815999 0.1925925925922 0.6064824064822 0.6049506049508 0.15113775113760003 1.1781551781544
1.30016001020229 0.34024125874105 0.19361322011305998 1.4803152308684902 0.02321153846153 0.8799534260062201 0.48960389610333005 1.1355220187618098 1.0971469151409001 1.96242307515148 0.30979310760149004 0.71660454084938 0.8187235778413 0.22378287846890998 2.0289053056858903
0.58103286384962 0.08854460093885999 0.02816901408452 0.63136150234734 0.14788732394312 0.30413145539882 0.19492957746444 0.55389671361504 0.65126760563412 1.17596244131442 0.1378403755865 0.31896713614994 0.94647887323926 0.18638497652572 1.0531455399068401
3.5325637282813296 1.0251076506407601 0.45296495498680006 4.2586663686134205 0.11992008463860002 1.33407397685807 0.8573968415877601 6.114608577087971 2.83898116614697 5.33066758261737 0.9096515653878 2.30736536894696 2.34574422216242 0.6286104947247201 4.943677417321069
0.8350643456063 0.09612609405898 0.08445008136306 0.7307070156075799 0.0264900662251 0.19496946745366 0.16411370354424 0.92309636721956 0.56662722654988 0.91084008400688 0.29198256795398003 0.21320595221406 0.54992584772008 0.15248317429426 1.2599180061828001
1.4017181510997 0.13351861998747 0.19857801527434 1.42420641307198 0.04454376505527 0.29828464537599997 0.15670830917324 1.27555902082311 0.97897011392942 1.7313721348856599 0.5372735190339399 0.77187214131871 1.70454675841981 0.154506437768 2.18834195478365
0.8091176432111 0.2495090266687 0.0443380303803 1.2381100514870802 0.07391365204718 0.33513719315776 0.22229846682158 1.3655738904955599 1.0669826938422 1.6052701419552802 0.32590564192138 0.5023491392085 0.88898747016018 0.17285179463968 2.0996551640054
0.3266666666666 0.1680519480519 0.0266666666667 0.46805194805190004 0.0238095238095 0.3599134199134 0.261818181818 0.6561904761905 0.36709956709950003 1.2031168831171002 0.1009523809523 0.6383549783551999 0.32380952381 0.6593073593069 0.4161904761903
2.0590083430058 0.39750755268864996 0.1274918872743 1.8374082116008499 0.2021036010644 0.7974507126429501 0.64357466753485 3.08544798150955 2.4485799125473005 2.9552744156210498 0.7468529395469001 0.88635033608415 2.5392640647929 0.46457234710179995 2.80911302699235
1.5075146729584 0.0359099208764 0.09646538366919999 0.7764557602922 0.0215053763441 0.1110243331412 0.1072180718413 0.7114764164412 1.0191677573755 0.9050732795075 0.3681139436642 0.32443709524779996 0.862265407728 0.0461509182604 1.1072216626537
0.0499999999999 0.0499999999999 0.0999999999999 0.5499999999995 0.0 0.3999999999999 0.0499999999999 0.2999999999997 0.44999999999970003 0.24999999999990002 0.0 0.0499999999999 0.0499999999999 0.2 0.5000000000008
0.582561321584 0.15633802816900003 0.304288117295 0.4681278401242 0.0 0.2408450704225 0.5887951595485 0.5469358037702 0.2278376139187 0.259923175416 0.112676056338 0.533333333334 0.23637367879270002 0.34084507042250006 0.4011197308632
1.44958523426219 0.22869909478019995 0.28285829253419 1.58602329851277 0.030799773114 0.8081339983904999 0.2992691969387 1.6605084132710801 1.2863313122920998 2.4475609990440703 0.68143872562799 0.9231279090741701 1.17570241983048 0.20336737991138 1.9365939524195002
0.0 0.0 0.0 0.0 0.0 0.0 0.0 0.0 0.0 0.0 0.0 0.0 0.0 0.0 0.0
0.3649686081326 0.5546604848836 0.04655462184859999 1.3646971892208 0.0 0.8014604462471999 0.3002424418046 0.8898483531336001 0.6143040664541 0.9125045880413001 0.2281869989373 0.2128243021344 0.6678489326761 0.2982507485752 0.7436482179071999
0.31111562690460004 0.1217232269862 0.1847185531394 0.5502946555588 0.0 0.4192237350132 0.3919934972572 0.3426132899812 0.6401137980088 0.5860597439538 0.0676691729322 0.2523877260716 0.24812030075260003 0.0766104450314 0.807356228409
1.1957291777481 0.16232315711099998 0.1047016274864 2.3685671737062997 0.0 0.6805286671634 0.6342676311041 1.6305233485818 1.2675566429089 2.5519040527607 0.4507765131374 1.1837836400377 1.3591107329006 0.3856504627167 2.0245771726434
1.2523998862495 0.2875048992303 0.0512820512821 1.3043659879933 0.0128205128205 0.46409969086970004 0.5248925116177 0.8275286660253 0.6748892700221 1.9541774597087 0.3787064705208 0.40867576376470005 1.1099593621714001 0.3120017887717 1.4366956789517
1.8888000012413002 0.21594482597343 0.1323225142854 2.40997541424752 0.1660148539856 0.73193288890283 0.49899564549643 3.17163178290849 1.3889966396658602 3.5700098685356596 1.08189219755863 1.3966380938156302 1.7486757867120604 0.3045536800349 2.29361580663479
1.0700327579189 0.0721076309312 0.0243838763575 0.9645356148847 0.0160427807487 0.32317843405319996 0.1284073039104 1.0928633415084998 0.84372528916 1.2840582405213001 0.3176694521504 0.47005604474659995 0.751998646349 0.1297908318031 1.5111497549587003
0.80867975704184 0.15251979248928 0.080740519558 1.1438716074599797 0.03459232730418 0.6457320130320999 0.2856167276309 0.8653864226844599 0.83451551088246 1.40562743041038 0.25764251489758 0.46462521024768005 1.1588816354540599 0.1358162199788 1.7257523109278798
0.6830739021204999 0.1128148154035 0.0572232645403 0.7621275479369999 0.0182926829268 0.2828528953474 0.2001641651028 1.6379185613937999 0.8589948961756 1.2593530384440004 0.40573226380919997 0.5740014945773 1.4296952014513 0.1375667790249 1.5801884917482
0.23310810810799998 0.2725225225233 0.420849420849 0.677767052767 0.0 0.3018018018016 0.41216216216189994 0.7002895752889999 0.23310810810799998 0.24549549549529998 0.223938223938 0.41666666666700003 0.321911196911 0.33429858429829995 0.20608108108099998
1.9762906615608 0.22855348325874997 0.0676614293925 2.03231183228525 0.200155913202 0.6407064975350001 0.28596208187770006 1.95029233982465 1.6970003625811 2.2951995033597496 0.4426780919701 1.291407764988 0.9774189849359999 0.39162697962369997 2.5227340736039
0.65787930735 0.0696663863191 0.08585858585850001 0.9990545404961 0.0175918138492 0.1874681684274 0.10850090475820001 0.7959367628792999 0.47823806736420005 1.9823778604193998 0.5037077819519 0.6701817357344999 0.9463327521659002 0.1347612470163 1.3624440854103002
0.336493738819 0.18980322003560002 0.0348837209302 0.6771019677996 0.085152057245 0.2595706618964 0.1856887298746 0.4636851520577999 0.31699463327379995 0.6073345259396 0.0348837209302 0.0697674418604 0.2400715563504 0.12003577817559999 0.378533094812
0.0350877192982 0.0 0.0175438596491 0.1052631578947 0.0 0.0701754385964 0.0526315789473 0.1578947368421 0.08771929824550001 0.1052631578946 0.0 0.140350877193 0.140350877193 0.0526315789473 0.0350877192982
0.91037486322736 0.2167265241224 0.09190681389710001 1.7725214730641599 0.0276837524177 0.65949950229076 0.23891688585792 0.6910958084491601 0.5914067519546999 1.31096571156086 0.3789356140859 0.4466091760835 0.6489797168775601 0.19392275535040002 0.82045465076222
0.0 0.0 0.0 0.0 0.0 0.0 0.0 0.0 0.0 0.0 0.0 0.0 0.0 0.0 0.0
0.2461038961039 0.11233766233765 0.09805194805185 0.40324675324645 0.00714285714285 0.40649350649320004 0.02857142857145 0.33701298701265003 0.3201298701302 0.80324675324605 0.11233766233754999 0.2246753246756 0.2506493506495 0.21753246753235 0.43246753246780006
0.10144927536222 0.03091787439611 0.0222222222222 0.3357487922705 0.00869565217391 0.19565217391291 0.01980676328501 0.21884057971022003 0.16956521739150002 0.36135265700481 0.01739130434782 0.045893719806710004 0.14782608695660998 0.0333333333333 0.29130434782603
0.52302515125326 0.20176436771418 0.0624317132127 1.0905335084624 0.0240963855421 0.5071594312744 0.43023305168557996 0.8509178792332999 0.6029674087213001 1.2920540987366598 0.20232844094379998 0.36965491354578 0.7548137030612 0.13859179035326 0.9494281562584799
0.50076362703419 0.176989340763 0.060798548094370006 1.13114363598803 0.0172413793103 0.1412761019737 0.19166985797282998 0.6241997012791699 0.76778679369031 1.9483381247883598 0.15045381431256 0.12959844181391 0.45819451248500004 0.04531793736157 0.65622818313239
1.20798828719064 0.44612854654942 0.1107494505388 2.15914932232344 0.27670406081599996 0.8563282915296999 0.70768728095796 1.9743537112138803 1.40975669578566 3.26765963225384 0.9726462372513401 1.1599844869603602 1.25675105454742 0.54730103646574 1.6468119056077202
0.7687488110140199 0.09268227064830001 0.03368555421602 0.76850510433292 0.0169491525424 0.19223110372670998 0.09997433481581 0.4758679728891 0.6743026217893 0.80112071304192 0.1922434860526 0.40827173126282 0.4820715180613 0.15147242737481997 0.84187319823101
0.64050723600039 0.5157835345452799 0.1798174986578 2.34784121447989 0.15105333930999998 0.51426323487479 0.43034404891858996 1.44670140195019 1.57138451130727 1.7844692220548 0.98421371056389 1.3716517515502902 1.55815245924679 0.3687986825558 2.13501815398498
1.10940597482826 0.1281482527315 0.0733944954128 1.96633966852596 0.06794724770640001 0.7398531072790301 0.21353648978830003 1.24830672859803 0.9966132266839001 1.31081433543856 0.7968267368955 1.0329561223543 1.6191410608093602 0.18264199437540002 2.51407455857363
0.0 0.0 0.0 0.0 0.0 0.0 0.0 0.0 0.0 0.0 0.0 0.0 0.0 0.0 0.0
1.4934056682269001 0.09954264191540001 0.08980464552137 1.66338668000301 0.1609341916791 0.7013264279722999 0.30879783872637 1.4342808196913701 1.3390169644080698 2.3023483272774805 0.6222908881186999 0.9085988290378 1.43570653837737 0.1825736243837 1.25798591466017
0.35222634508352 0.059116297236510004 0.0 0.55694658724698 0.02997754125572 0.1256713211602 0.01956937799041 0.41385899814471 0.37043648081270003 0.66460794844259 0.09696318718862 0.18440191387528002 0.54583243823827 0.02999999999999 0.55039156332402
0.12916666666670001 0.4416666666667 0.125 0.9625 0.03125 0.3125 0.1874999999999 0.7499999999999 0.5749999999999 0.4416666666665 0.1562499999999 0.19166666666670001 0.25 0.0937499999999 0.352083333333
0.0 0.0 0.0 0.0 0.0 0.0 0.0 0.0 0.0 0.0 0.0 0.0 0.0 0.0 0.0
0.85154689288142 0.4747586622561 0.1357634161139 2.4920437592541402 0.0169491525424 0.8635258843818999 0.6601259024420201 1.3449249384251198 1.15653318343224 2.77178834538714 0.4713213644073 0.73906467540422 0.8308321190509 0.13611499691551998 1.05470670709916
0.0 0.0 0.0 0.0 0.0 0.0 0.0 0.0 0.0 0.0 0.0 0.0 0.0 0.0 0.0
0.2443277310923 0.587235700732 0.09107142857139999 1.3093894009221998 0.0882352941176 0.7971299810251 0.5915424234203001 0.6471943616150001 0.32447478991600004 0.9062178097040999 0.0875 0.2350094876659 0.4246848739489 0.3527514231498 0.3132352941179
0.19350675539419998 0.15607985480949998 0.1063924178262 0.44617866505369996 0.0444444444445 0.2204678362573 0.3291389393023 0.44436378302130003 0.4625327687042 0.8046178665053001 0.0111111111111 0.13155878201250001 0.23972575115979997 0.19645089735830001 0.2134301270416
0.9147359714329 0.4333509053306 0.1749175763182 1.6933362208291998 0.08422161810539999 0.47526904655870006 0.3188208627718 1.1877158446745 1.1130252978625 1.2150195447768 0.24027766469310002 0.7187219357686 0.7524022300196 0.21822668781949997 1.4599585930419001
0.8510910505202 0.17542782281129998 0.0254237288135 1.2185580938335 0.1015106853352 0.4397465815106 0.07500204699890001 0.5335298452463999 0.5079218865143 2.1791943011529 0.3780807336446 0.32144026856610003 0.8995844591833 0.18013592073999998 1.113352575124
1.58333103411282 0.40362238331659994 0.09672046354380001 2.17989949616523 0.1500019431697 0.9447400945684999 0.53239226378051 2.65181054269231 2.1966643797638996 3.7228410165495105 1.1813555374456 1.377979507006 1.5632143636099 0.2661462391532 2.14928073512133
0.10714285714277 0.0178571428571 0.0 0.10714285714284 0.0 0.0535714285714 0.026785714285670004 0.11607142857137 0.07142857142847 0.11607142857147998 0.00892857142857 0.08035714285713999 0.0982142857142 0.01785714285714 0.17857142857127
0.51912700842574 0.04609554027847 0.06150622457774001 0.39919934685941 0.0 0.09083523191883999 0.05330950326617 0.5825987496509 0.31287963430503996 0.8407129669760399 0.19399636054667002 0.49522139563694 0.58619314017504 0.07444178929594 0.7438831080885699
0.4346010748246 0.11918147995029998 0.0 0.8817279867718001 0.0162601626016 0.16877497588520002 0.17771806531599998 1.1103210693105 0.43167975747480003 1.0426760369297 0.4571999448811 0.5061320104717 0.4544439851178 0.0858481466171 1.1134353038456999
0.0 0.476190476191 0.0 0.0 0.0 0.095238095238 0.095238095238 0.28571428571400004 0.095238095238 0.380952380952 0.0 0.0 0.0 0.5714285714289999 0.0
0.92446672531568 0.27936624232459 0.04568993346359 1.8501830954131901 0.24856284251169997 0.46411617327439 0.3465405988995 1.2154021900707899 1.08432452690799 1.9310951741566895 0.44746710888348 0.67233466710889 0.9433160702360699 0.06729362354549001 1.47984102788328
0.21932861658879999 0.010989010989 0.027397260274 0.197651663405 0.021978021978 0.06578353153699999 0.010989010989 0.24130663856690004 0.2690049676351 0.4609363239505 0.060364293241 0.3507451452659 0.2906819208191 0.0657835315369 0.7070600632249999
0.5319548872169 0.4539473684211 0.0535714285714 0.8956766917283 0.0178571428571 0.9257518797001001 0.125 1.3204887218030998 0.5075187969920001 0.7518796992473001 0.21522556390929998 0.0657894736842 0.33458646616540005 0.2208646616537 0.5798872180439999
0.0 0.0666666666666 0.2 0.1333333333332 0.0 0.0333333333333 0.0 0.2666666666666 0.0666666666666 0.3999999999996 0.0333333333333 0.16666666666660002 0.133333333333 0.5 0.0
1.12038587796052 0.54584219619812 0.0416666666667 2.5807443733936597 0.08430184698 0.99934617505812 0.8118937109005799 1.4930166458104999 1.4121311810339399 1.9293883370587197 0.70773921261506 0.66537754281506 0.9832906865358201 0.1760030808043 1.4488724661652201
0.0 0.0 0.0 0.0 0.0 0.0 0.0 0.0 0.0 0.0 0.0 0.0 0.0 0.0 0.0
0.26971261821450004 0.2720425343375 0.12534948741830002 0.6388477227938 0.0 0.3484255878261 0.2622186912745 0.6387713321006 0.5330695308083999 0.872228927627 0.1017524024873 0.4237468106883 0.6128443310470999 0.1753777519745 0.7256122714019
0.521885521885 0.0 0.111111111111 0.8518518518511 0.0 0.255892255892 0.1111111111111 0.195286195286 0.400673400673 0.9225589225581 0.060606060606 0.18181818181800002 0.3299663299661 0.074074074074 0.9831649831660001
0.8050626209949001 0.41437280233920004 0.0951515151515 1.3548905614164002 0.1399589111457 0.5938228438224 0.34560606060590005 1.0063857611323002 0.9091108608909 3.0557591560997004 0.49464422583070006 0.6721411639210001 1.1680125241999 0.46908478527110004 1.4759962071836
0.5715876592592 0.2056277935798 0.062987012987 1.1998770692936 0.038961038961 0.5969190981035 0.47404958917530005 0.8161236061781001 1.2409099352494 1.4781163378139999 0.3264718614719 0.3544316268856 0.6343352753163001 0.2403675607881 0.7592345349352
1.0114555202784001 0.1881861442565 0.0731447508581 1.5941216111199 0.0742824594626 0.7260915289667 0.40445138274610004 1.0237847154775002 1.5821793581422 2.5926770095188 0.6733022404753001 1.3578992025811 1.0206119180275999 0.246889509486 1.4309226485988
0.4907051282051 0.0153846153846 0.0104166666667 0.3294871794872 0.0153846153846 0.11314102564110001 0.0873397435898 0.221314102564 0.2580128205129 0.3969551282053 0.1498397435897 0.221314102564 0.2471153846154 0.0411858974359 0.4024038461544
0.5167445732214 0.1303221483633 0.0 0.2681793979418 0.0103092783505 0.2997579445361 0.1435558789883 0.5185423946069 0.24774270011830002 0.7941020036501999 0.29056419228959995 0.6376915431158 0.38672052343049995 0.1401565168933 0.6156109044953001
0.21981286292833002 0.12973357597291002 0.0 0.83150444979563 0.0454545454546 0.270168114596 0.0730920314253 0.43900431938911 0.43114797819942996 0.87369816775131 0.16665690723652 0.27157322012391 0.42318525080830005 0.0464365881032 0.77853198821532
0.0208333333333 0.139423076923 0.0769230769231 0.38301282051290003 0.0 0.1746794871795 0.230769230769 0.0977564102564 0.0416666666667 0.14583333333310003 0.0208333333333 0.20192307692310002 0.16666666666680002 0.1955128205129 0.1041666666666
0.7480426012000101 0.0528205128205 0.05519316425779999 1.1873326171485399 0.029593463531299997 0.28960078181803 0.30957981655568 0.46565836612933 0.60247896925826 1.28269190948249 0.23259352859577997 0.4062958837329 0.39388541541868005 0.07073720570849999 0.8734957643411999
0.7215929547994 0.076923076923 0.016129032258 0.7068895051819 0.051282051282 0.24689826302700002 0.076923076923 0.5366321218307 0.6274315185134001 0.9039750887937 0.3925801586144 0.25365640052509997 0.7066510971634 0.0 0.6824356541625999
0.0 0.466666666668 0.0 0.9333333333345 0.0 0.133333333333 0.0 0.0666666666665 0.3333333333325 0.0 0.0 0.0 0.0 0.0 0.0666666666665
0.0 0.166666666667 0.166666666667 0.166666666667 0.0 0.166666666667 0.166666666667 0.0 0.0 0.0 0.166666666667 0.0 0.0 0.0 0.0
0.7317163226426999 0.0597014925373 0.0 1.2566114556677999 0.0732958682198 0.4620244924599 0.4737739872082 1.7726237175872 0.8136443013960001 1.6895954061385001 0.09215362684049999 0.707174222528 0.7676065896344999 0.08206111212219999 1.0180174050156001
0.0 0.0 0.0 0.0 0.0 0.0 0.0 0.0 0.0 0.0 0.0 0.0 0.0 0.0 0.0
0.19838105593800004 0.2409867172672 0.176470588235 0.8595683289626002 0.0430107526881 0.48390650207130004 0.19866177714259997 0.9242408090462 0.7225230795477999 1.1694987527452 0.1104264830251 0.3482328777831 0.24139180862659998 0.4636483807005 0.8190520862196999
0.1014492753623 0.0289855072463 0.0144927536232 0.2173913043477 0.0 0.0144927536232 0.7391304347818001 0.07246376811579999 0.231884057971 0.4782608695648001 0.0144927536232 0.0 0.0 0.0434782608696 0.0434782608696
0.6427935061217 0.4274260261815 0.137966750107 1.1029423402831 0.0568811033927 0.5562900130984999 0.3816766044474 0.7683970016164 0.6170029713741001 1.4829475476557001 0.37192128436940003 0.6277736895226 0.5808143668368 0.11942959001780001 1.1257372049765002
0.28763270120691 0.1632338263314 0.0776699029126 0.9852100535337099 0.0 0.2674893385357 0.33871699482880996 0.49904727338742 0.55947736140131 0.45876054804420996 0.04818074584881 0.23155793485152 0.27039288630781 0.018691588785 0.7939388440252101
0.71024227047227 0.7932015985985 0.2630698575009 2.27972534372288 0.0959830866807 0.8582820950437801 0.31601041491787996 1.18084979948379 1.7994626116346801 2.6845587651750003 0.66297082576539 0.6240244341894899 0.98711388563658 0.3019516152781 1.44255339590638
0.7014134081289001 0.0114942528736 0.0 0.32324698894590004 0.0478578892372 0.2992465489744 0.0654017488863 0.210856294341 0.3330583512075 0.7327943683659 0.20897541659799998 0.2603310784802 0.1422977506462 0.0344827586207 0.6285431446955999
0.1168215663246 0.14762464007429998 0.0453729812868 0.6591273555379 0.0120481927711 0.0 0.09188460919380001 0.3475733711686 0.1232301795008 0.5855445532747 0.0851063829786 0.22159493987810003 0.2332735196104 0.047352199495700006 0.2834455089037
0.6059940059939 0.09725274725269999 0.0357142857143 0.7999500499504 0.17857142857129998 0.158891108891 0.1042457542457 0.4358141858142 0.6895604395607 0.5290709290708 0.1783716283716 0.4791708291712 0.7481018981022001 0.08541458541460001 0.8738761238770001
0.0 0.0 0.0 0.0 0.0 0.3846153846152 0.153846153846 0.230769230769 0.0 0.0769230769231 0.0 0.153846153846 0.0 0.0 0.0
1.1069831341284 0.1407726045884 0.015625 0.8057974354678001 0.0153846153846 0.42324964327799997 0.1072493058958 1.4516086348290003 0.8800074890198999 1.1522693500353003 0.39634596044330006 0.7283959262747 0.8169214759708001 0.1535461633014 0.8058432613878
0.5014458416862999 0.0444444444444 0.0508474576271 0.4475183767693 0.0161290322581 0.1812101330418 0.1028673835126 0.18515278537160001 0.4600145799162 0.5694854504586 0.1489520685255 0.23682036328310002 0.3474211773283 0.0775226292449 0.6301682765323
0.049180327869 0.0655737704919 0.0 0.1967213114758 0.016393442623 0.09836065573779998 0.049180327869 0.09836065573779999 0.0655737704919 0.1311475409838 0.032786885246 0.0 0.08196721311479999 0.032786885246 0.08196721311489999
0.133333333333 0.0 0.0 0.2 0.0 0.1333333333334 0.133333333333 0.1333333333334 0.0 0.0 0.0666666666667 0.0666666666667 0.0666666666667 0.0 0.0666666666667
0.6223259765203 0.3471858295777 0.1231671554252 1.3977477020598 0.0450861195542 0.4070605613983 0.4646857253707001 1.2466961225507 0.5745009974387 1.1120388881343 0.3766220256761 0.6816293792757 0.28668754325769996 0.1475334067396 1.1670325670216
0.0 0.0 0.0 0.0 0.0 0.0 0.0 0.0 0.0 0.0 0.0 0.0 0.0 0.0 0.0
0.19050038100079997 0.0 0.129032258064 0.4124968249937 0.0157480314961 0.3022606045202 0.0802641605283 0.6090932181862001 0.4312928625865 0.4612649225299 0.1590043180086 0.3022606045207 0.1417322834647 0.11176022352039999 0.6532893065787
0.0384615384614 0.0384615384614 0.0 0.19230769230789999 0.0 0.0384615384615 0.1538461538461 0.0961538461538 0.2500000000004 0.11538461538460001 0.0192307692307 0.0 0.0 0.0 0.057692307692200004
0.6222375690609 0.0331491712707 0.0 1.0901243093919 0.0994475138121 0.5303867403312 0.26139502762419997 0.8428867403311999 0.6553867403311999 0.7917817679556001 0.22824585635349998 0.3646408839782 0.6553867403324001 0.1287983425414 0.6961325966859
0.1666666666667 0.0238095238095 0.0 0.095238095238 0.0 0.07142857142850001 0.0 0.0714285714285 0.047619047619 0.190476190476 0.07142857142850001 0.0238095238095 0.1190476190475 0.0 0.1190476190477
0.7806822885865001 0.1151315789474 0.0224719101124 0.7303718214075999 0.04 0.3423543761091 0.14827542874030003 0.3790087226493 0.5645771732698 0.9143990242459001 0.1819929036072 0.423914843288 0.6215419869901 0.0770254287404 0.6582525133056
0.41774891774869993 0.0 0.0227272727273 0.0692640692641 0.0454545454545 0.11471861471870001 0.0 0.1168831168831 0.21103896103929998 0.3506493506492 0.13961038961029998 0.0703463203463 0.16558441558429998 0.0227272727273 0.2532467532468
0.32512917190339996 0.010752688172 0.010752688172 0.2015360983102 0.0774193548387 0.15252757994680002 0.0 0.5531908951265 0.35614439324119995 0.7488828375923999 0.2585951682726 0.4490155006284 0.20896522832 0.0464669738863 0.6006214215895
0.395888916439 0.1010810810811 0.0183486238532 0.4839970245472 0.0550458715595 0.20678899082619998 0.0 0.39423754029290003 0.45688073394490003 0.7171534837598 0.0550458715595 0.1841457971732 0.3853161418297001 0.087027027027 0.4590428961068
0.159649122807 0.0333333333333 0.0263157894737 0.23157894736839998 0.0 0.078947368421 0.07894736842109999 0.1649122807018 0.059649122806999993 0.37192982456140006 0.0859649122807 0.0 0.22456140350929998 0.1456140350878 0.33859649122799995
0.571955244369 0.0192307692308 0.0455455455455 0.7642277556069 0.0462577962578 0.11069358483149999 0.2105036070552 0.2723359964739 0.5822287805045 1.0371956837473002 0.1217563717564 0.3105028105027 0.2982790482793 0.1729156211915 0.4363713846474
