0.3295454545454 0.0 0.0113636363636 0.2143939393939 0.0 0.222727272727 0.2 0.1674242424243 0.0340909090909 0.4928030303031 0.17613636363629998 0.1079545454545 0.0340909090909 0.133333333333 0.8761363636365999
0.1570713391738 0.11451814768469999 0.0588235294117 0.6670838548179 0.0 0.6182728410514999 0.08510638297869999 0.43679599499380006 0.5068836045055 0.7065081351689 0.0 0.0 0.0294117647059 0.2240300375473 0.3954943679602
0.2142857142856 0.0 0.242857142857 0.05 0.0 0.15000000000000002 0.15 0.142857142857 0.0 0.5071428571427999 0.05 0.15000000000000002 0.1 0.05 0.19285714285720001
0.33717385937870004 0.2527165341119 0.049350649350600004 0.8791420784092001 0.0 0.3993428114482 0.4010067451926 0.6525979312536001 0.6364814577307001 0.8373589809715001 0.1400660222577 0.1265685572788 0.32405858981190006 0.1096817168177 0.8544540659872
0.0 0.0 0.0 0.0 0.0 0.0 0.0 0.0 0.1 0.500000000001 0.2 0.0 1.0 0.0 0.2
0.0470588235294 0.28459383753480005 0.0470588235294 0.5439775910361 0.0470588235294 0.4028011204481 0.0235294117647 0.09411764705879999 0.21176470588239998 0.2123249299724 0.3535014005604 0.0711484593837 0.3535014005604 0.0711484593837 0.23641456582620002
0.0144927536232 0.0289855072464 0.0 0.3043478260866 0.0 0.072463768116 0.0144927536232 0.0869565217392 0.1884057971016 0.1304347826088 0.0 0.0144927536232 0.0144927536232 0.0289855072464 0.1014492753624
0.8561643058421 0.8946626801532 0.0975609756097 1.1752806383668 0.0 0.2914796224081 0.12897458817500002 1.1248911437140001 0.4141095530344 1.4801503038159 0.41340823232960006 0.46289647652779997 0.6043023594937 0.32409653939509997 0.7320225811381001
0.1198486122791 0.048341522435099996 0.0854506957045 0.33628804981329996 0.0 0.268986174435 0.20856019358779998 0.31277573665 0.1543055494077 0.5510195800688 0.0849268882887 0.08685243386 0.27074203591379997 0.0753581809863 0.3965443465689
0.48443119334632 0.8148889260496099 0.03117758584371 0.95942382957531 0.04 0.54113847269891 0.6353642902283 0.6890230896933 0.7083261391671101 2.34814255216794 0.32036359992332 0.5416805529139 0.36054720553681 0.5855548175065101 0.93993774534851
0.5233773377338999 0.0833333333333 0.0753575357535 0.4004400440052 0.0555555555555 0.1864686468648 0.0 0.5904840484045 0.1586908690868 0.8369086908693 0.329207920792 0.14658965896589998 0.48349834983559997 0.019801980198 1.1102860286031
0.40065298507470004 0.0625 0.0 0.652052238806 0.0375 0.19477611940290002 0.0625 0.44337686567159995 0.1961753731343 1.1131529850756 0.1722014925372 0.5926305970153 0.2058768656717 0.0836753731343 0.782929104479
0.6904097014843 0.0254237288135 0.0434782608695 0.5369752679409 0.078947368421 0.1170797295375 0.0662322719104 0.6353540446558 0.192458855318 0.9357457756421 0.0254237288135 0.28653893392280005 0.5744676724966999 0.0762711864406 0.7151934737354999
0.030303030303 0.0757575757576 0.060606060606 0.045454545454500006 0.0 0.045454545454500006 0.030303030303 0.030303030303 0.1818181818181 0.19696969697 0.0 0.0 0.0 0.1363636363636 0.16666666666660002
0.23314820429424 0.0281690140845 0.0447761194029 0.9570123048655 0.0 0.31026769901748 0.8137737074666 1.3167259948991998 0.3992597992367 0.7757713938500201 0.22656548573770002 0.38788270411694004 0.7810340472605 0.0279843444227 0.697629181344
0.10975609756089999 0.0 0.0365853658536 0.036585365853600005 0.0 0.0 0.0243902439024 0.1097560975612 0.0731707317073 0.0975609756097 0.10975609756089999 0.0243902439024 0.1341463414632 0.0 0.2439024390242
0.062499999999900004 0.0416666666666 0.0 0.1458333333333 0.0 0.2291666666674 0.0 0.0416666666666 0.12499999999980002 0.12499999999980002 0.0 0.0833333333334 0.0208333333333 0.0 0.1249999999998
0.0 0.0 0.0 0.0 0.0 0.0 0.0 0.0 0.0 0.0 0.0 0.0 0.0 0.0 0.0
0.3340451137428 0.1567296340024 0.0908238902614 1.0338238963483002 0.0 0.37171064642929996 0.2701971177836 1.4010120619779 0.7345665112777 1.0850226390284 0.1650138755338 0.1856651431976 0.4580120558916 0.051579102715400005 0.6617983118104
0.0 0.0 0.0 0.0 0.0 0.0 0.0 0.0 0.0 0.0 0.0 0.0 0.0 0.0 0.0
0.2727272727278 0.0817099567099 0.0 0.3544372294378 0.102272727273 0.44967532467610005 0.0952380952381 0.48376623376680006 0.1363636363636 0.7970779220788 0.2180735930738 0.31331168831190004 0.34090909090879995 0.102272727273 0.2521645021644
0.21295945433850003 0.1163319439181 0.00985221674875 0.12807881773395002 0.0 0.1261841606668 0.1261841606669 0.81583933308295 0.11822660098575 0.4573702159906 0.0197044334975 0.0492610837437 0.14778325123125 0.31754452444095 0.35467980295529994
0.45855091322210006 0.3480503144647 0.19680763391870001 0.7823702299796 0.0533333333334 0.2993513620544 0.09252873563210001 0.9131175921473001 0.9381435697248 1.1671907442508 0.115072463768 0.38794310391910003 1.2865730342376 0.09579917588360001 1.8651677934626
0.0631578947368 0.48070175438609997 0.0421052631578 0.4412280701755 0.0 0.33596491228090003 0.0421052631578 0.1684210526314 0.2508771929822 0.6517543859657 0.1885964912279 0.0421052631578 0.0421052631578 0.0210526315789 0.22982456140340002
0.38468605795368005 0.337553924008 0.1148373983738 1.79912260377338 0.0 0.6089765280653799 0.17357640617199 1.5693055559924898 1.09626732732949 1.9381253307027 0.55751959006288 0.5815050600382901 0.64343795740937 0.39198093428149 0.80310532583867
0.5972543298546 0.0175438596491 0.0772453521863 0.7529196124630999 0.0 0.2288482400028 0.0 1.3710919088756999 0.4099053604158 1.3251112856762999 0.3475255302433 0.4934425616275 0.543844686342 0.10453746306049999 1.7307298096
0.08695652173920002 0.0217391304348 0.0108695652174 0.35869565217430005 0.0 0.054347826087000006 0.10869565217379999 0.21739130434790002 0.19565217391300002 0.2934782608697 0.0869565217391 0.2500000000003 0.0652173913043 0.0652173913043 0.1847826086957
0.47417937665790005 0.0234375 0.0468749999999 0.9750911803721001 0.0 0.49699519230760003 0.0 1.0048284151195 0.20959051724109998 0.7651898209559 0.1237980769231 0.0895432692307 0.6090848806368 0.140625 1.0407617705579
0.0 0.07142857142850001 0.0535714285714 0.053571428571300005 0.0 0.08928571428570001 0.0714285714286 0.1249999999999 0.19642857142859999 0.17857142857140001 0.0178571428571 0.0178571428571 0.0357142857143 0.0357142857143 0.053571428571300005
0.532416453064 0.0862552594671 0.0217391304348 0.6000725443732 0.0 0.1645923006238 0.12143928035969999 1.5855020070607 0.5888402572914 0.8184141800070001 0.3864015572858 0.4079170092375 0.49929511050979997 0.11471683513079999 1.0723980751554
0.5582092476492899 0.0 0.0 0.5850966562173001 0.02557471264363 0.25909090909066 0.0 0.45977011494240005 0.70583855799413 0.94380877742909 0.34868077324970004 0.2479362591431 0.57163662487003 0.056824712643629996 1.2375326541259601
0.193846153846 0.25384615384610004 0.06 0.1969230769231 0.0 0.1 0.11692307692310001 0.12 0.5015384615381 0.2569230769231 0.0 0.02 0.02 0.02 0.13999999999999999
0.0 0.0 0.111111111111 0.33333333333299997 0.0 0.111111111111 0.0 0.222222222222 0.0 0.0 0.0 0.0 0.0 0.111111111111 0.111111111111
0.4013453943026 0.5693765769229 0.0510204081632 0.9432851688883 0.0185185185185 0.58412972749 0.2442353551506 1.4351898939412 0.8140855716305 1.1417244820153 0.2703608709644 0.23143060643059998 0.4610278684729 0.144824891555 0.689444665551
0.0 0.0 0.0 0.0 0.0 0.0 0.0 0.0 0.0 0.0 0.0 0.0 0.0 0.0 0.0
0.35193079072190003 0.41021589030540007 0.0727174060507 0.8390697579498 0.0265486725664 0.3140185227206 0.2100896481427 0.7089232738202 0.6238019600852 0.7217792040808999 0.4522077671043999 0.2425560345914 0.4376154818628 0.1784696784696 0.4100559115307
0.2876984126987 0.15476190476180002 0.0 0.359126984127 0.0238095238095 0.0992063492063 0.1031746031746 0.7123015873018 0.35912698412720007 0.5674603174601001 0.0238095238095 0.0992063492063 0.6071428571428 0.0515873015873 0.5515873015873001
1.0076499777055 0.4687294272561 0.2297005852264 1.4183736856493998 0.0408163265306 0.6262214099748 0.2446286432461 2.4712266940831 0.41123928276 1.7763041539101 0.3655466395139 0.5805605659239 0.8058326642917 0.3086387847598 1.2445311591693
0.3215628619798 0.045210727969400004 0.0344827586207 0.26405595651770003 0.0229885057471 0.1950547981822 0.0697674418604 0.6125100240574 0.3322551902347 0.9577920342161 0.6013989129474 0.24221687605800002 0.43382339837830003 0.07892720306510001 0.7879533101668001
1.7343149172555001 0.3872101960823 0.1258205164198 2.1593587483521 0.0291262135922 0.4479598002527001 0.13147641813209998 4.4423138294880005 1.2227885327684 2.9307800420995 0.8268669295113 1.0452757151825998 0.8043902780309 0.13862460974629998 2.5736932530811005
0.2956521739124 0.0 0.0347826086956 0.34782608695580003 0.0 0.0521739130434 0.0 1.6347826087026 0.26086956521779997 0.45217391304340004 0.0695652173912 0.1565217391304 0.1565217391302 0.0347826086956 0.5043478260866
0.34222222222200005 0.0342857142857 0.0142857142857 0.2312169312168 0.0 0.23428571428579997 0.6384126984131001 0.5568253968251001 0.2256084656084 0.7732275132271 0.0971428571428 0.1968253968252 0.5225396825397 0.12000000000000001 1.0131216931219
0.5509973242978099 0.0836820083681 0.0 0.7972181525416999 0.0666666666667 0.39334710166640996 0.1235180228176 1.7977603584644002 0.77046819910462 1.18057631002203 0.19776033139291 0.23679677551380998 0.94833299223871 0.0417119565217 1.8111638003844
0.0285714285714 0.114285714286 0.0190476190476 0.09523809523820001 0.1 0.0761904761905 0.0 0.152380952381 0.08571428571430001 0.20000000000020002 0.0 0.1380952380952 0.2190476190476 0.3285714285714 0.4428571428572
1.1344751125374 0.21342315073120002 0.07142857142850001 1.6162215096585002 0.06435006435 0.40045315063979997 0.3475319999208 3.128963677902 0.6508833897701001 2.0150640640044 0.4154629969749 0.6623142817579 1.6790731558895 0.1199082042456 2.4804466701855
0.78873208112724 0.020725388601 0.00847457627118 0.86193500448788 0.0103626943005 0.0932642487049 0.0103626943005 1.1852873349539998 0.40858081498738 0.44047723594598 0.55492649968828 0.5290126357351 0.35626095604588 0.055817239755 0.67578059509628
0.1963414634144 0.3225609756108 0.0999999999999 0.6201219512191001 0.0 0.5676829268286 0.1493902439024 0.4701219512192 0.4451219512194 0.8426829268298002 0.0487804878048 0.14878048780480002 0.2487804878048 0.27317073170710005 0.5664634146347001
0.1369863013699 0.0 0.411764705883 0.082191780822 0.0 0.191780821918 0.8368251410148 0.9966424926137001 0.13698630137 0.7563792640344 0.0588235294117 0.0547945205479 0.054794520548 0.027397260274 0.2546333601929
0.8264203322871 0.70509111940416 0.2890426340451 2.0306414949683598 0.0 1.0841594060518598 0.5603172479622001 2.55459067251656 2.28859118466046 2.0512558685249602 0.42437028884056005 0.67097996371246 0.78384711835 0.46764064026966 2.2630520284063005
0.0 0.0 0.0 0.0 0.0 0.0 0.0 0.0 0.0 0.0 0.0 0.0 0.0 0.0 0.0
0.0582922824301 0.18808777429430001 0.1554709658156 0.7983281086723 0.0 0.27754142409320004 0.0799373040752 0.8060531422604 0.210815047023 0.5411628601284 0.0 0.19622331691300002 0.1716300940437 0.1543887147334 0.3620689655174
0.23907040957200001 0.1275728987993 0.1073139354892 0.6348680082005 0.0 0.5589674936201 0.19104296531800002 1.7373133079510001 0.6559846044432001 0.9683826297946999 0.034948542023999996 0.1520154373928 1.5793310463113 0.09509266619250001 0.9180960548879
1.1930838798355001 0.1773989056452 0.1427931652196 1.0557672546259 0.0127118644068 0.155385686726 0.1808921388961 2.3810667928125 0.6634929825324001 1.9728140573494 0.2838663162656 0.36883477036879997 0.6846797429064 0.20767785318180002 2.5195345892322
0.6044923879272001 0.29530046108915003 0.10212172921715 0.7081735812232501 0.0 0.19080035052505 0.20634357062525 0.48395913066395 0.6722335752395 0.89960845915465 0.36424771446525006 0.2565645429032 0.58467184420195 0.2087159136968 1.42276673907055
1.4503989543043 0.20125257374104 0.041856430275399995 1.4005912542027001 0.0 0.60295779278968 0.64535877103008 5.128478726020741 1.4447354105607402 2.5265954936419797 0.59782974405598 0.656323910452 1.67048755611524 0.19090172116568 3.4422316616583
1.2171370984957 0.1963285680066 0.0458715596329 0.7911019233534999 0.0305810397553 0.2605082468044 0.055374428185000005 3.415677523765 0.5893884076588 1.2401325474087002 0.3162584312931 0.3203494048232 1.0403836764757 0.0665739745325 3.4143331698076
0.4146730462519 0.2010898458267 0.11975013290799999 0.7874800637949001 0.0378787878788 0.1604199893672 0.2247474747474 1.1830143540663 0.42902711323769993 0.9134768740045001 0.4696969696965 0.3302764486979 1.2192982456132 0.08466241360980001 2.4245082403026004
0.67275693669965 0.01214574898785 0.0080971659919 0.38108409003890004 0.0 0.17085349842595 0.08647734826035 2.0460331760438 0.10988945592214999 0.69651146182915 0.051946744012649995 0.28334038310445 0.36844211038985003 0.09740128946700001 1.0150205908257999
0.1014492753623 0.1304347826088 0.20289855072529997 0.4057971014499 0.0 0.072463768116 0.2463768115946 0.6666666666662001 0.289855072464 0.8568840579706001 0.0579710144928 0.0289855072464 0.0579710144928 0.34239130434779996 0.5398550724632
1.3992809341410999 0.1619869363674 0.15412979351040001 1.1267008509923 0.0978734645357 0.3328634639697 0.32714917825510004 3.9556794095267005 1.1118241284102002 1.9641070249267 0.3324752344476 0.7278218263928 1.4592129743189999 0.25787346453570004 1.5910213156725
1.4047347206807 0.3871155238349999 0.0 2.1496554378003 0.1428409006532 0.3911018246953 0.29223321020160004 1.4942584719694998 2.0965055103387997 2.6088307269376 1.2062402501269 0.9592059081950001 1.7487693914623001 0.1736187165873 2.9448894065173
0.233932378921 0.39567468778500003 0.0680272108842 0.8177479947185999 0.0298507462686 0.7108335871662 0.27210884353709996 1.0974718245507 0.5317291095552 1.2425626967202001 0.0978779571528 0.32348461772730003 0.19159305513230002 0.3956746877848 0.5914306020907
0.05940594059399999 0.1427392739273 0.26980198019789997 0.09900990098999998 0.0 0.5272277227723 0.4480198019805 0.5907590759083 0.6980198019803 0.4554455445544 0.019801980198 0.039603960396 0.05940594059399999 0.2021452145213 0.3886138613862
1.88153295177475 0.6662800317943001 0.2274392329546 2.0692539363132 0.0 1.1542542382175502 0.2795332450184 3.2894503462731 1.55153234973325 2.46822213702895 0.57049056401075 0.8860902283644501 1.02188356752835 0.27785486435875 2.6561823066325
0.0 0.0 0.0 0.0555555555556 0.0555555555556 0.0 0.0 0.0 0.0555555555556 0.0 0.0 0.0 0.444444444444 0.0555555555556 0.3333333333336
0.8841868035514 0.3258424874324 0.34146144756869995 0.9865024974866999 0.0747533047849 0.5612647913055 0.3487480540913 1.4644998826644 0.8165168799407999 1.4919099843223 0.1983480306695 0.5552935800016 0.9591323775827 0.3195361887502 0.6720036898497
0.5960609438873 0.12040133779259998 0.25306577480509995 1.2356001486427 0.0200668896321 0.6361947231515 1.2107023411366 1.5131921218878 0.8651059085864 1.2894834633977 0.1003344481605 0.4526198439252 1.5659606094385 0.2931995540693 1.8480118914900001
1.23907169363404 0.20314559601154003 0.28903829090120003 1.5784941192438 0.012877846790879999 0.5393578426981801 0.24837681448718 1.87008204902054 1.39214450696158 2.2351882101100604 0.61107927819324 0.6546626145192 0.88686519454792 0.1748270255578 2.0647889173261
0.6474213432066 0.3011611661875 0.0233918128654 1.0477205356731 0.1762528684587 0.3706797734619 0.3017435584679 0.6439800221634 0.3327792527478 1.1009541179295999 0.33812753907570003 0.1796675350759 0.7613366931711 0.1488457667248 1.6259380147902
3.26003854600354 0.33515028830144 0.09848340771942 3.6899906395492206 0.27629320169562 1.3864496754278197 0.5421333045276201 8.468819165417798 2.8647378324209 4.58196837005876 0.9098560708460999 1.56850520527304 3.1220958347173395 1.03904830903886 5.85643014900052
1.44550507881286 0.09772073703280001 0.10940059627113001 1.9094254099744 0.0538808605243 0.5054889970217601 0.11649534550273 2.61683457082896 0.8628925755051 1.83600182976193 0.5233117472187 0.3998814139069 2.25095792606036 0.07480960692963 4.19739330464293
0.8137671366654999 0.11482920105365 0.2127730393177 1.3038537946426498 0.0526315789473 0.22495803670535003 0.4101002513825 2.597719134155 0.7065670769574 2.0540952523126 0.5103784715994 0.70055612282975 1.6967993559017502 0.3288296171133 3.2721419304157
1.6974449900769004 0.1785016403434 0.0185950413223 1.6491845862849002 0.1364133700283 0.3463838966959 0.3680986825892 4.044233854886301 1.8261140636770998 3.2592963235474 0.6594120330147999 1.1764904277951 1.8380829895723 0.19264410998299997 4.609103990192
0.3483944302357 0.26320276394270004 0.2452117078712 1.0527975950103001 0.0616652458085 0.3307189542483 0.3303270965138 1.1725235937240002 0.8077952767693 1.1946007388467 0.32313456274959995 0.21057118499549998 0.40102600918290005 0.4939217181919 0.7641091219089
2.56769679928519 0.08702042079198999 0.14360216509450002 1.0197459913679001 0.1710110035402 0.30018302428288 0.28209162379729996 6.488247786435701 1.59194438909179 3.44163491278746 1.1357294274814 1.5197706605211898 2.6434865628334 0.27345078257818 3.33438445011139
0.636290648062 0.1696154800298 0.0215827338129 1.0777965504186202 0.0107913669065 0.36139346961639995 0.39041402812406 0.53275994086692 0.8366937520761 1.3643006175829 0.4077581491972 0.3785679115513 0.5043301837657 0.151837702252 1.15586746573676
0.08823529411757 0.01176470588234 0.01176470588234 0.1823529411764 0.0294117647059 0.11764705882349999 0.02352941176464 0.12352941176466999 0.05882352941167 0.12941176470571 0.05882352941170001 0.01764705882351 0.035294117646970005 0.05882352941170001 0.05294117647051
0.1599999999997 0.1333333333337 0.0533333333333 0.18666666666639997 0.0 0.266666666666 0.0266666666667 0.4266666666667 0.1333333333334 0.1066666666668 0.0266666666667 0.1066666666667 0.0533333333333 0.0533333333334 0.2666666666664
1.4998515408570001 0.37419222228439997 0.076923076923 2.3297914120937997 0.066852367688 0.9857533583006999 0.6730552586285999 2.9626324553457 2.4542000733306 3.0062867837368 0.5001666547625 1.0485256120424 1.5387662081325 0.222023823695 3.2609791521821
0.0714285714284 0.0 0.0 0.0714285714284 0.107142857143 0.0 0.0 0.0357142857142 0.1071428571427 0.0714285714284 0.0 0.0357142857142 0.3214285714295 0.0714285714284 0.1071428571427
0.47913827248639995 0.4043517449389 0.16763560276830003 1.1762819893779 0.0175438596491 0.4100956619708 0.35939565707230003 1.1401193850214 0.8698441556620999 0.886737905793 0.2350079426726 0.4270312598407 0.41729039391449996 0.47262262157159995 0.5369035472602
0.2147630147628 0.0222222222222 0.1283605283604 0.5936285936291 0.0 0.34188034188009997 0.21476301476280002 0.3728049728052 0.2344988344987 0.4220668220666 0.0 0.1271173271172 0.44304584304640005 0.0432012432012 0.8416472416465
1.4345654345648002 0.22027972027940002 0.2256077256074 2.275058275058 0.0192307692307 0.8383283383277 0.5939060939049 1.4016816516837 1.5530303030291 2.3876956376971 0.32434232434210003 1.1650016650013 1.1596736596741 0.1512654012652 2.2503330003328
1.043480885312 0.2170288397047 0.112676056338 1.5691817572106002 0.2629107981215 0.6569751844399 0.6825687458079001 1.3093360160971002 1.2078604963114001 2.2965325285048 0.2337089201875 0.6491750503013001 1.6289201877941 0.4135881958416 1.7160563380286
2.7052466664824197 0.9398248652228801 0.47491184942377007 3.5129609288644 0.24265049350857001 1.3573483089416398 0.82754984252183 5.14987388385043 2.48427585344121 4.431569474192489 0.79843591396933 1.51177271154431 2.2821298176899596 0.8394532595557002 3.4419961307957196
2.1693071365602 0.2811513270703 0.1625107686417 1.8282366781058 0.0794701986754 0.5029710040652 0.3238238329454 2.3284927007772 1.5601286404996002 2.4411447375188002 0.7693620811954001 0.5932887669519 1.3351896231812002 0.3873815607888 3.2375409430239004
1.0784346655709 0.1912901624237 0.12233048229160001 1.5111087342392002 0.0550692155995 0.35214197389130003 0.17185255285429998 1.1731052173666001 0.9893733455942999 1.7737042112964998 0.386951959175 0.7342231897759001 1.7874036314515 0.15922043199879998 2.5137902264649
1.0440746632687001 0.19695996465850002 0.0557993484318 1.3156901996192 0.0607763865447 0.32773058668110006 0.2738743980537 1.5773379603443 1.0683883271879 1.7203158250394999 0.36602025510180003 0.6398849558276 0.8617398083772001 0.19982914231780002 2.2915781785477
0.2500000000002 0.0357142857143 0.0 0.2857142857144 0.0357142857143 0.107142857143 0.0 0.46428571428619997 0.2142857142859 0.6428571428581 0.0714285714286 0.0357142857143 0.2857142857143 0.1071428571429 0.46428571428619997
2.3069705532487 0.2842348871883 0.204047855108 2.1988007224505 0.14673941054189998 0.9053898853697 0.5845823237598 3.4245911079640003 1.7131427528688 3.6731245524169 0.5919756168129 1.1753717369138998 2.9316697693225997 0.5205668309917 3.3387919950456997
0.46411774470202 0.03893837953481 0.0179549604382 0.84568878068611 0.0380254154447 0.25226581087828004 0.10514948634227998 0.3041461480294201 0.9619247865152301 0.5851196075172801 0.3512569394489 0.13923347903859 0.29939320164523997 0.08719452590412 0.50959073387603
0.0499999999999 0.0499999999999 0.0999999999999 0.5499999999995 0.0 0.3999999999999 0.0499999999999 0.2999999999997 0.44999999999970003 0.24999999999990002 0.0 0.0499999999999 0.0499999999999 0.2 0.5000000000008
0.8509954558014 0.0281690140844 0.2937661620345 0.4283598202398 0.0 0.0704225352112 0.33601968316110004 0.5684768145407 0.2021541010764 0.1754161331624 0.0563380281689 0.333333333334 0.2670281941194 0.0704225352112 0.31909818985140004
1.1366197406188001 0.40718629111320004 0.1637778272864 1.4596328228897 0.0372093023255 0.7917087188658001 0.2444556791369 1.1791894454821 1.0319465325572998 2.1354448756577002 0.4584207484174 0.9425933600379 1.0310325236567 0.1592967947888 1.8214853371652002
0.0 0.0 0.0 0.0 0.0 0.0 0.0 0.0 0.0 0.0 0.0 0.0 0.0 0.0 0.0
0.19308459526830002 0.22349023900768 0.09213403880058 0.69658638934476 0.0 0.49262239250719997 0.640675059296 0.62333211701 0.27884084412826005 0.9000012163227601 0.12667335644355998 0.17451742382761998 0.40005351821458 0.0812126740861 1.07677613574106
0.52252175278448 0.25566449908527 1.19547948495347 0.59170346012417 0.0 0.6364652417277701 0.69393231235371 0.63447470026354 1.15163907927 0.78216733479821 0.10210184552281001 0.35439951229384004 0.13952494873557 0.12699054146407002 0.81293528661901
0.8906966784059 0.1687319564734 0.04966847498495 1.959192284511 0.0 0.34535864979 0.6018178357288 0.92937406808205 1.0037007074652 1.7040591986299 0.3837489292857 0.96037879508945 1.26316741220135 0.33412486913535 1.4059801402267
1.0447520768324 0.2301787445591 0.102564102564 1.3277585246597 0.025641025641 0.341384647801 0.8786552680348 0.8532816740787 0.5556456817515001 1.5061741355997 0.28251063096249995 0.4194231284937 0.9194360212061001 0.2417342981501 1.2708600396642
1.36500448363814 0.15114616696873 0.12022772879520999 2.3051646171135802 0.0732049904982 0.7056184635172998 0.59146894988655 2.8981233982603203 1.4702404896445702 3.22799934083138 1.1542333235739501 1.05910549558265 1.62288015919747 0.32868358462161007 1.9268988078741203
0.8393298308151 0.050717256599600004 0.021094402673299997 0.7313347986727 0.0106951871658 0.2466761824347 0.09837986231170001 0.8633917681904 0.6512471017122999 1.0023420851587002 0.2535159199248 0.3705274773393 0.5804886547924 0.10059015631759999 1.1796693158929
0.33397976257195006 0.04037025977898 0.080740519558 0.31524803836140003 0.02275800777759 0.13984250354691 0.06319788120093 0.47916732187096 0.21459624969727997 0.60199971377099 0.16108773969449003 0.21853772476461003 0.40071097793016003 0.07664462234581 0.85111867712859
0.8936444652903 0.1058864915571 0.0440900562851 1.2009506210791 0.155487804878 0.5231044187095 0.3428907614671 1.7156486543335 1.3679845700994 1.523996005045 0.6077040337715 0.7399155722334001 1.2862659312931999 0.1531425891181 2.3392880248444
0.425266175266 0.2082309582312 0.0675675675676 0.7201064701066001 0.0 0.4160524160521 0.391687141687 0.6783374283373 0.485872235872 0.3765356265353 0.22235872235850002 0.727272727273 0.428542178542 0.1676904176903 0.6844799344795001
2.9129529978874 0.43080004392899995 0.0863671201378 3.1134000033708005 0.3270219241242 1.0339971900220999 0.6500351646888001 3.1843141185434 2.3304687839372 3.3830042125734003 0.5699022627689 1.9460894902669001 1.5696003654731 0.6716294525772999 3.790416869702
0.6813467228914001 0.1515278945893 0.010101010101 1.0158110910976 0.0412811886739 0.1822376587503 0.07158421897690001 0.5837050759637998 0.8018622227187 1.6023017125438996 0.4413298769664 0.5218353271717 0.7939191442896 0.0939674635196 1.007189391746
0.3474060822902 0.1470483005372 0.0232558139535 0.6565295169953 0.0772808586762 0.1935599284436 0.1853309481216 0.5552772808586 0.3549194991054 0.6100178890879 0.0232558139535 0.046511627907 0.2010733452599 0.1005366726296 0.47799642218259997
0.0350877192982 0.0 0.0175438596491 0.1052631578947 0.0 0.0701754385964 0.0526315789473 0.1578947368421 0.08771929824550001 0.1052631578946 0.0 0.140350877193 0.140350877193 0.0526315789473 0.0350877192982
0.7781024771363 0.1813185149294 0.0379746835443 1.1860804917928 0.0113636363636 0.4480523085618 0.046749136939 0.364325298286 0.8806780328267 0.7299451880563 0.15151515151509998 0.21570720529749998 0.4219484989804 0.064393939394 0.4818454363758
0.0 0.0 0.0 0.0 0.0 0.0 0.0 0.0 0.0 0.0 0.0 0.0 0.0 0.0 0.0
0.5210382967421 0.3968058369598 0.155105678635 1.2240708140964 0.0432712215321 0.8237597015097 0.2037754232128 0.6277576643312 0.9934334207988 1.4869864151203003 0.1640692640691 0.4210626543106 0.6132881611136001 0.45025520089439997 0.8753202466753001
0.26256038647322 0.10314009661831 0.0944444444444 0.8190821256047001 0.00869565217391 0.42342995169011 0.18091787439621 0.6355072463774201 0.42512077294750006 0.88913043478321 0.01739130434782 0.12367149758450999 0.23115942029000996 0.15555555555540002 0.63019323671533
0.7541401519533901 0.14606039569579 0.18465810482458 1.84007867638528 0.0666666666667 0.8163639168500901 0.82180570018058 1.41483281268129 0.93866712946828 2.05051486752207 0.2955609549159 0.8319179297311999 1.26047668633529 0.18801727795129 1.3902387288366898
0.34409241169222 0.07135627530350999 0.08350202429151 0.43577517364333 0.0 0.11042138691821 0.14689113397459003 0.16207332020932 0.25636537532971004 0.61128031794402 0.05963302752289 0.07455521301482 0.28176187646251005 0.0751587861679 0.28713367752498997
1.56438505915619 0.7845435088195201 0.23108652948869998 2.8544104607901404 0.156014405643 1.3849348415665501 0.9477741974254599 2.8115003027116803 2.54536424943971 3.86113041127479 0.85716617767469 1.37714366225661 1.68333187089537 0.7544584207066402 2.1867559021404204
1.8344359231536003 0.193301049233 0.0757393092687 1.7773967398462003 0.0338983050847 0.43712874129150003 0.2279422938592 1.115214726412 1.5747127019017002 1.8798531681284 0.46312149425419996 0.9456860540106999 1.1375839606101001 0.3318018647777 1.9721836681653
0.51493572116312 0.0952701363344 0.03097921938496 0.81060740135946 0.039252097073700004 0.29268621336566003 0.1397865707242 0.5058258470306 0.49614545857309994 0.7366810448920399 0.29636095903299997 0.5065673007296 0.7031393036198 0.03917541583752 0.7925873108754
0.65831883039079 0.18564540092419 0.01834862385318 1.0259840509582898 0.032611811926590004 0.61227698351077 0.08597206214549001 0.99307757477068 0.9193083582446 0.9235282664838801 0.5078593224148 0.8425948557671801 1.1933281440703998 0.09449843829217001 1.90664727624889
0.0425531914894 0.1478163493843 0.0212765957447 0.2956326987687 0.0 0.274356103023 0.1478163493844 0.5274356103023 0.212765957447 0.6550951847705 0.0 0.210526315789 0.0425531914893 0.4008958566627 0.0212765957447
1.7374228821675 0.1312886736614 0.1429485550188 1.5398857659518 0.1609556704344 0.8980117602789001 0.5272420056374 1.7498973672518001 1.3412421803244 2.5870984221183 0.5414588283723 0.9406634051769 1.3290621728156 0.2307725619539 1.142049748834
1.2785370700205 0.1181999544678 0.0243902439024 1.0744063841754 0.0191387559808 0.3919470808169 0.0757241218344 0.8313532768707 0.8592949805723 1.4100437018167002 0.3288397559633 1.0884493028955 1.2015564300585 0.1758469945353 1.1222719460849002
0.03125 0.1875 0.0625 0.28125000000010003 0.015625 0.1562500000001 0.09375 0.37500000000010003 0.1875000000001 0.1875 0.078125 0.0625 0.1250000000001 0.046875 0.109375
0.0 0.0 0.0 0.0 0.0 0.0 0.0 0.0 0.0 0.0 0.0 0.0 0.0 0.0 0.0
0.7206944749104001 0.13905524483360002 0.1373351304516 1.2476960922236 0.1133474576271 0.5232502894635 0.39005065117939997 0.8814581361125001 0.3409061889616 1.562270809737 0.4358458410126 0.5354211943313 0.861469834127 0.276549924111 0.8346487309168
0.0 0.0 0.117647058824 0.0 0.176470588235 0.0 0.0 0.0588235294118 0.0 0.0588235294118 0.117647058824 0.117647058824 0.1176470588236 0.1764705882358 0.0588235294118
0.24585360459949998 0.7030998095333 0.2535244360903 1.5150754911472 0.0294117647059 0.9488134175592001 0.5584044313816999 1.0393327959363998 0.7231175364882 1.5180626792319 0.2450657894737 0.30381753720140003 0.7404494692608999 0.5314278937387 0.6445433436539
0.23383105098169998 0.5063874419588 0.2639415937964 0.2701286916351 0.0 0.20864661654109998 0.5365628019890001 0.3728934404978 0.46062648784999993 0.5747401418899999 0.0 0.29456478186039997 0.0821234119782 0.1215970961887 0.07395644283120001
1.1605177950494 0.5993034682696 0.3246584140898 2.0593253734415002 0.0536597171801 0.7601192228157 0.41001670410019997 1.4317065810938001 1.5886499004009003 1.4980470239033001 0.2934821589535 0.7829635757788 0.833329436707 0.3675044846076 1.8367161436136998
1.4499839178773 0.2067272889553 0.0577654790729 2.0388642586346997 0.149799394088 0.47929524514739996 0.3047764714436 0.6807400231619 0.7482567087264 3.2154675861608997 0.6256448047164 0.5091200220246 1.3418275440869998 0.273736013349 1.9179952425504
1.4732936545928101 0.33286494276743994 0.06402807670025999 2.05583679706989 0.16044507804557998 1.03805709154887 0.38465384153196996 2.25474503670643 1.71260377166324 3.4504423275817304 1.02225042767132 0.74964890694354 1.4640758373459999 0.18432532060256 1.6527288892268
0.41355244547013004 0.0673620933521 0.0 0.33910891089124 0.0 0.07099121566288 0.04658769448367 0.33538208144097004 0.30302240750393 0.39203361125632 0.11620170475697 0.170210489094 0.23720036477326 0.05031452393354 0.4580324573812701
0.5144920502646 0.14816831015839999 0.0778996672006 0.661826237912 0.0588235294117 0.24917556435010002 0.12032975398929999 0.7102674797556 0.7587791998431999 0.9924430402848999 0.2131842578104 0.5906839063941001 0.9220617023020999 0.06932985557480001 0.9125354447502001
0.42633319553485993 0.14625878462154 0.0 0.9356758991323199 0.040650406504 0.22024252445884002 0.19260024803609999 0.9995314868402 0.42072481741721995 0.82957144825652 0.43198291304899994 0.40092324652002 0.57763538652394 0.11292545128843999 1.26494419181554
0.0856255545697 0.0421472937001 0.0 0.18899733806570002 0.0434782608696 0.0842945874002 0.0408163265306 0.2133984028395 0.24755989352309998 0.4826974267969 0.0217391304348 0.2133984028395 0.1047027506655 0.1237799467613 0.1073646850045
0.7239831705305699 0.21522549702455 0.01866290643659 0.81323438069605 0.21766030436279998 0.34499207141861993 0.18803563342580001 0.93340092533802 0.9043434136867201 1.14783380609839 0.31213599344198 0.5243429901311201 0.64443876025783 0.05797685335928 0.95373329378974
0.1789659743703 0.0 0.013698630137 0.0919133893062 0.0322580645161 0.059655324790099995 0.0 0.14670790985409998 0.10561201944319999 0.30313742819300005 0.013698630137 0.22889969067619997 0.3216968625722 0.059655324790099995 0.444100751216
0.1071428571428 0.1875000000004 0.0803571428571 0.4553571428573 0.0267857142857 0.4017857142861 0.1875000000004 0.4017857142859 0.2678571428575 0.5357142857142 0.0267857142857 0.0 0.1071428571428 0.1339285714285 0.0803571428571
0.2 0.0 0.4 0.0 0.0 0.0 0.2 0.2 0.0 0.0 0.0 0.0 0.0 0.0 0.0
0.4673486711157 0.5695737228273 0.0208333333333 1.0377322132462998 0.027397260274 0.39466738867429996 0.25783475783459997 0.46569000507360003 0.6306565390468 0.7198171564609 0.2085431058035 0.4700122936426 0.29414246965620006 0.046474358974299995 0.3892767240371
0.0 0.0 0.0 0.0 0.0 0.0 0.0 0.0 0.0 0.0 0.0 0.0 0.0 0.0 0.0
0.10782928208007 0.3268651722983 0.13106966924697 0.45566214049201 0.0 0.33802967201566997 0.1724772441479 0.49699184365701 0.4298000715264 0.5056125333120001 0.0508762012436 0.19918724980094002 0.2793951384963 0.23771645458624002 0.26848732709587
0.037037037037 0.176470588235 0.111111111111 0.3616557734201 0.0 0.074074074074 0.1699346405229 0.1917211328976 0.037037037037 0.3093681917209 0.0 0.0588235294118 0.2069716775599 0.1917211328976 0.074074074074
0.4711465370786 0.2270184899846 0.09136363636360001 0.9035502350749001 0.1134437596304 0.26719114219039997 0.28499999999979997 0.548052427798 0.528574730354 1.4893255896639 0.23881672000299997 0.366488483268 0.5202852514717 0.219084785271 0.7306582118442001
0.49072622081954 0.08738317757012001 0.062987012987 0.77037686612442 0.038961038961 0.32304668851382 0.22537019055712 0.41750515839312 0.70576162155604 1.0112329570743201 0.3264718614719 0.1866136667069 0.503494153821 0.18429279443292 0.66577659100994
1.2046234417518 0.23941599002789998 0.10898725687460001 2.2615284688481 0.1616364855801 1.0442651071489 0.5796839794256999 1.5552905770227 2.4998965237518 3.5622213788245 0.7583140898591001 2.0259580504240002 1.2496330921688001 0.2745862779893 2.473959280305
0.6214743589738 0.0230769230769 0.0104166666667 0.4525641025641 0.0230769230769 0.1592948717953 0.1258012820514 0.3059294871794 0.3349358974363 0.5277243589747 0.1883012820512 0.3059294871798 0.3394230769231 0.0565705128205 0.5254807692311
1.129115707241 0.1842740383976 0.0 0.787079741584 0.0309278350515 0.3743283912715 0.19750776902259998 0.7913946282836001 0.7920725970254 1.1257171239250001 0.4476088658291 0.774117659954 0.8880950938773999 0.1607750735943 1.3169854749427998
0.21981286292833002 0.09525081735221 0.0 0.69357341531283 0.0454545454546 0.2356853559753 0.0730920314253 0.33555604352711 0.3276997023373299 0.56335334016461 0.16665690723652 0.27157322012391 0.3542197335669 0.0464365881032 0.5716354364912201
0.0208333333333 0.062499999999900004 0.0 0.2291666666667 0.0 0.0208333333333 0.0 0.0208333333333 0.0416666666667 0.14583333333310003 0.0208333333333 0.125 0.16666666666680002 0.0416666666667 0.1041666666666
1.1930624891635 0.0784615384615 0.0444214162348 0.8817914265709 0.020725388601 0.37135280222869993 0.1738722294654 0.4712035091753 0.6951903317547 1.2248309700899997 0.24632340523260005 0.2616985631386 0.32176017185579997 0.0755094991364 0.9397962588928
0.7750734301819999 0.076923076923 0.0 0.9455425895059 0.051282051282 0.23076923076900002 0.21025641025640002 0.5570056362621001 0.6618401206641 1.2725093276172998 0.3968246407877 0.24177185044030003 0.6141779788829 0.0666666666667 0.8993569897603001
0.0392156862745 0.311764705883 0.078431372549 0.7803921568634 0.0392156862745 0.301960784314 0.0392156862745 0.3078431372543 0.3235294117638 0.11764705882349999 0.078431372549 0.0 0.0 0.078431372549 0.5039215686268
0.0 0.0 0.0 0.0 0.0 0.0 0.0 0.0 0.0 0.0 0.0 0.0 0.0 0.0 0.0
0.66939474600222 0.4196872778965 0.0 0.9833246160561799 0.01965780851836 0.48592878054349997 0.20971333807179998 1.0357100715334602 0.47572452527686004 1.2264091054995199 0.05414056713906 0.34603868000292 0.48697848018122 0.04404805242076 0.5432439508572
0.0 0.0 0.0 0.0833333333333 0.333333333334 0.0 0.0 0.0 0.0 0.25 0.0 0.0833333333333 0.0 0.0833333333333 0.1666666666666
0.0 0.0 0.0 0.0 0.0 0.0 0.0 0.0 0.0 0.0 0.0 0.0 0.0 0.0 0.0
0.327898550725 0.0579710144927 0.0289855072463 0.6347826086963 0.025 0.0289855072463 0.1449275362317 0.1949275362317 0.5137681159433 0.4648550724633 0.0289855072463 0.07500000000000001 0.15 0.08695652173889999 0.2369565217389
0.9538851481391 0.36041477902019997 0.110037249572 1.0685386205223002 0.11287094118820001 0.4630021141663 0.1783449109028 0.8644151106535 0.698479814758 1.1767015474265 0.6538247434276 0.7421518290192 1.0524958397749 0.0900178253119 1.4748195261214
0.54850305543181 0.13997546186507 0.0194174757281 0.59701360643491 0.0173913043478 0.36748184296427 0.15113597361567 0.43861797438117 0.42515987265457 0.7896190277053501 0.23709597882317002 0.17548395750371001 0.35910573884544 0.1417310036569 0.5922677260413001
0.47740533986769995 0.555697823304 0.1690140845068 1.316502556727 0.0533127889059 0.49219789676939996 0.1149807938539 1.6494751885530998 0.9068900558887001 1.4534800711106 0.21213973578499998 0.3040080488993 0.3564828614009 0.27095149136240004 0.6674612630690999
1.3221030633008 0.0344827586207 0.0 0.5761205521646 0.07084639498430001 0.3912005719628 0.0883902546334 0.2338448000881 0.4250123741959 0.9396909200904 0.3009294395864 0.35228510146860004 0.2112632678875 0.103448275862 0.9503822251559
0.2443321673786 0.0550589454593 0.0240963855421 0.3303536727554 0.0550589454592 0.0215053763441 0.0456017618863 0.38541261821469996 0.18668221272160002 0.5472211426354 0.0430107526882 0.3690892602668 0.2348749838061 0.0240963855422 0.43360538929900005
0.6668752300329 0.1493927125505 0.0 0.8818549871183001 0.0263157894737 0.1034965034964 0.21601030548379999 0.8152373941852 0.4392712550604 0.5656606551341 0.28531468531419996 0.7703717335305 0.8157526683841 0.027972027972 1.2364740522635
0.0 0.0 0.0 0.0 0.0 0.0 0.0 0.0 0.0 0.0 0.0 0.0 0.0 0.0 0.0
0.7160069184783 0.09758771929820001 0.015625 0.5790252133889 0.0153846153846 0.3305104459459 0.0752388535032 0.9169378078341001 0.5782849072095 0.7482276436128001 0.2591024351671 0.4345556175167 0.5775737190229 0.10407351057690001 0.5518655930614
0.35825587752856003 0.0 0.0508474576271 0.16293056314936002 0.00806451612903 0.0742208857299 0.040322580645230005 0.09841443411702 0.20571350464760002 0.18794423182092998 0.058091853471830004 0.15814652815759 0.20817386550036 0.025013668671429998 0.3638600328047599
0.049180327869 0.0655737704919 0.0 0.1967213114758 0.016393442623 0.09836065573779998 0.049180327869 0.09836065573779999 0.0655737704919 0.1311475409838 0.032786885246 0.0 0.08196721311479999 0.032786885246 0.08196721311489999
0.0 0.0 0.0 0.0 0.0 0.0 0.0 0.0 0.0 0.0 0.0 0.0 0.0 0.0 0.0
0.2600084281501 0.0714285714286 0.0 0.9100294985253001 0.0119047619048 0.15412979351040001 0.40160134850410006 0.6152549515389 0.4608091024022001 0.8855878634631998 0.16540244416310002 0.0353982300885 0.2596923725243 0.0946059839865 0.6741466498099999
0.0 0.0 0.0 0.0 0.0 0.0 0.0 0.0 0.0 0.0 0.0 0.0 0.0 0.0 0.0
0.15976631953276002 0.0 0.193548387097 0.33528067056149 0.00787401574803 0.28016256032533005 0.10464820929643 0.7561595123191199 0.473710947422 0.42418084836185 0.14401828803663 0.28016256032509 0.07086614173243 0.12039624079253 0.6492252984512301
0.0 0.0 0.0454545454545 0.3181818181825 0.227272727273 0.3939393939395 0.7575757575750001 0.348484848485 0.0454545454545 0.2272727272725 0.0 0.090909090909 0.22727272727300002 0.0 0.318181818182
0.4560684369986999 0.0110497237569 0.0967741935483 0.9231865977548 0.0331491712707 0.37034396720740004 0.1630725360897 0.17679558011059998 0.2735697736589 1.2108358581378003 0.1520228123328 0.5086437355193 0.1767955801107 0.0220994475138 0.42559258599180005
0.2751928471248 0.0434782608696 0.055978260869600005 0.36907433380090005 0.0625 0.1951612903227 0.21598877980380002 0.19985974754559999 0.1402524544181 0.44354838709720007 0.0822580645162 0.055978260869600005 0.14475806451620002 0.16034361851329998 0.5556276297344
0.9273556936449001 0.0990853658536 0.067415730337 1.2463512201215001 0.0121951219512 0.33124477145889997 0.3456678483816 0.6233106055898999 0.5820795004563 1.5615867735384001 0.4914215863034 0.48296799189629996 0.8803448313162 0.08537667133020001 1.2635962878178
0.7987012987011999 0.0 0.0227272727273 0.1168831168831 0.0454545454545 0.1623376623377 0.0 0.2597402597401 0.4967532467533 0.7792207792212 0.28246753246729994 0.16558441558429998 0.4512987012993 0.0227272727273 0.39610389610380004
0.15131964809370002 0.010752688172 0.010752688172 0.0967741935483 0.010752688172 0.08347996089920001 0.0 0.2389051808406 0.2537634408602 0.4084066471162 0.1157380254153 0.1728250244379 0.1042033235581 0.010752688172 0.3315738025419
0.6140753259290901 0.0394736842105 0.00917431192659 0.53512795750908 0.0275229357798 0.11286817962349001 0.078947368421 0.38640753259338 0.32580878802488 0.48732496378618007 0.1854176726223 0.33136166103410003 0.42225977788529 0.0 0.44422984065638993
0.259649122807 0.1333333333333 0.0263157894737 0.3315789473684 0.0 0.178947368421 0.1789473684211 0.1649122807018 0.159649122807 0.37192982456140006 0.0859649122807 0.0 0.22456140350929998 0.44561403508779995 0.43859649122799993
0.26107226107220005 0.0192307692308 0.0 0.25582750582749997 0.0192307692308 0.1789044289044 0.045454545454500006 0.3286713286713 0.310606060606 0.5635198135196001 0.0576923076924 0.16899766899770002 0.2103729603733 0.10722610722609999 0.47319347319370003
