0.0 0.0 0.0 0.0 0.0
0.3390775400421 6.6238836717439 4.5441587876436 5.131980695316301 1.3608993052555998
1.2364374435296 8.4830726922559 8.7340353135917 6.953837244154999 2.5926173064581004
0.5887657944151 6.504575529666499 7.115057283885301 7.8932813662006 2.8983200258300004
0.6154422788603999 1.0251692335648 0.9358502566889 1.2225705329155 1.2009676979697002
0.6743920972645999 1.3981762917929001 1.5144376899699001 1.0174772036468 0.3955167173252
0.9630401049938899 10.41416291535215 9.49914765723566 7.62295918367503 2.50069013875298
0.30979914123726005 4.609961186478839 5.793243407713181 4.0394158176236 1.2475804469436
0.46168147643826 4.939725401543601 5.327646824794639 5.513564775836521 1.7573815213860402
0.1354872983674 1.7244332941876002 3.2415000482969 2.111798004139 0.7867813550102
0.341216216216 0.702702702703 0.8614864864859999 0.52027027027 0.5743243243239999
1.41439671724334 10.582000979229552 9.480455178913179 9.09739218208871 3.4257549425345397
0.7614272231832999 5.19211056183981 7.000842413828769 5.82749870872855 1.21812109242027
0.7026122539117 9.5524535206279 13.525484407357402 9.3612131844567 4.858236633656
0.19348659003809998 2.6752916401084996 1.6658313285217998 1.5150969163599999 1.9502935249720998
1.3123149200137998 1.7392080119716 2.7626630163673997 1.0157973850650002 1.1700166665836
1.4675259768168198 12.332491466164862 19.114953257645087 10.535683211171808 4.54934608819941
1.17588161716536 6.239800802687659 8.291818439161759 6.4665092979823005 2.82598984300426
0.5994973219854199 6.21002834281475 11.89090190300141 6.55104473087718 2.7485277013200298
0.5554419279796 3.7076477447344995 4.6007794071078 4.5106595598919 2.6254713602802
0.8034953111681999 1.290068201194 1.4207161125318002 0.8150042625744001 0.6707161125319
1.48060571113884 12.74437656018329 21.9617864511608 14.569469903380172 4.24376137412274
1.2869399446226 13.318248658646901 16.3423525442976 10.6955825955384 4.3568762569022
1.13911809056663 13.67656427207496 21.60384142345934 14.98912894948774 6.591347264414852
1.36461399824755 5.765298338124581 5.879791403102061 5.4210406307966 3.5692556297245397
0.2790476190476 0.9676190476192 0.994761904762 1.3071428571435002 1.4514285714293
2.0076163410684202 14.554075874048278 15.9108878276636 17.34231887449571 6.185101082729201
1.90178979458562 15.79748395270986 14.672536870226061 14.91975938547528 6.708429996994601
1.0150125440799997 13.62372428837127 14.756692718974039 13.151708511614311 6.452861936963961
0.56509444650256 4.0197975733183 4.01091377584306 4.91014479522038 1.49404940912016
0.6261485180283 0.7726494099731 1.4286071489879 1.1542578203716998 1.0183371026365
1.90661424603451 17.61913574766152 16.68858746048732 19.65338071575315 6.1322818300784405
1.5073612244157502 7.93895136372349 7.3734762735013 8.468677114571797 3.7115340237821
0.70054990585938 9.46673737669205 10.149234881756598 11.34145046256175 5.34202737312184
0.6378339289957 6.1014973615114005 5.4905005916278995 7.092470233539701 2.6776978843224
1.7476296630738 1.9145832157568003 2.044768327783 1.362852023252 0.9301667701338
1.4490908134021798 13.555492447301148 9.30153109345962 12.424857688003849 5.26902795783317
0.47604245119499 7.04428534752753 4.906365948644719 6.992436659934271 2.5808695926979994
0.7340595530926001 9.67213162473712 7.733777955577279 11.27936172484438 3.5806691417431202
0.27261040532319997 3.6829846474087 2.5389517898577996 2.9689958764141995 1.5364572809958998
0.1020408163265 0.7006802721084 0.43537414965950005 0.5170068027207 0.24489795918410004
1.5277517840219197 11.761373634097051 8.84971816537021 10.573869870238967 5.287286546264321
0.56641788459513 6.10291472269277 6.0970239302778095 6.607330625070479 2.62631283736465
0.6571424097094201 11.27064680819906 8.39648371688798 10.757535938232962 3.9181911269527596
0.5502042606227 3.7226551508948003 1.9941790852318 3.085386487306 1.6475750159491
0.658333333333 2.1999999999996 1.4333333333332001 0.9916666666662 0.7166666666662
0.87767766987516 8.70103356264862 5.6210274210789795 6.787658016145721 3.0126033302526602
0.69810067245204 8.235972113446849 4.6753962659478905 6.102554548056419 2.2879764000985596
0.33879839657770006 7.12905979987266 5.8138658370819805 7.3212902460806015 2.3969857203887797
0.2272652425455 1.67217623498 1.3245549621711001 1.5356230529595 1.2403805073429
0.1614341000998 1.2643170848370997 1.0385267643606 1.0293516545627 0.5063703961381
0.6811284820633 8.515629888649702 7.2935990110405 7.4060824846224 2.1035601336228997
0.8569001360719 6.066535943586601 5.3878599942552 5.580870057155101 2.1078338689212
0.45086540891446 6.258267969842961 4.53266369872876 8.282960530221121 2.4752423922891604
0.16339688789081 1.3699747780576699 1.2334536569834 2.20844599703666 1.0247286800312199
0.1052631578948 0.2368421052632 0.23684210526329996 0.31578947368480004 0.1052631578948
0.44507210228429994 6.9314787908512 3.7159344537483 4.5870852275334 2.3204294255809996
0.18310861108318 4.9585057093252605 3.3603134882136003 3.7378603051854 1.76021188618708
0.31553896863690006 4.1865419501293 3.2073502634192 3.4343547194942 1.8562140983213
0.16793478260869998 1.0814361363274 1.0169194935505 1.1083313425702 0.6253782449438
