0.3398268398266 1.9448051948045 0.9334415584411999 0.5340909090905 1.2478354978351
1.1193609773547002 11.548498144752001 7.927744820198301 8.481826421195601 2.9225696365055
0.1928737809703 2.1560590956638803 2.0900158495534202 1.87352421362066 0.6875270601907599
0.30002437952571 3.57958767562174 3.9312398967614404 4.16339949654015 1.0257485515571099
0.47064080283279996 3.7513082354818006 2.2565897731478 3.2617741193572 2.2596870691742
0.5000000000002 0.6142857142856 1.3523809523812 0.366666666667 1.1666666666669998
0.9234739572478 9.3506037152181 8.2003798318086 7.137023749265699 2.3885187464547997
0.6381323404486 3.8165404842709205 5.12159436328184 5.011626409851019 2.41210640214508
0.79795083810027 7.94343860479576 9.584539339705529 8.41933437964915 3.25473683774467
0.1944689309478 2.3558378705386005 2.6644196698619 1.7586034050644996 1.0266701235847
0.377949377949 1.1829981767481 1.2986003861004 0.7988256113253001 0.3416264478763
0.93278854637763 9.67720222155487 9.50514737487366 7.98292683912408 2.90193501807091
1.0703413339371102 6.628198170841549 9.41819568312985 5.83740261888154 2.04586219320264
0.7999141508939001 8.718989069559099 13.304670688449699 8.759108111478898 4.4173179796179
0.24745484400643 2.22702517788722 2.3837438423637898 2.14085933223836 1.00091680350443
0.5928379988094 1.6170091324198002 2.2696049235656 0.5069982132223001 1.0135497319841
2.0246432131248504 11.256488633201691 19.054231022510702 9.67280326903777 3.99183386212266
1.0107815144743402 7.964589015301681 12.808153412979632 8.37961156303065 2.83686449420812
0.9772879740962699 7.26181387256387 15.44609094470129 7.65263391105231 4.66217329759629
0.35819515858 2.32540011535266 3.1297251283543104 2.69147865963277 1.49520093807963
0.1943069306928 0.7293729372931 0.6027227722786 0.233910891089 0.23968646864690002
2.16827015984997 13.988927764730299 20.56393818853307 15.43068325551465 5.84818063136495
1.253458732045 12.393979124555251 14.177568707260749 10.5926559560411 4.582337480094
1.025212377142 14.25130537652994 20.52357152368369 13.55303164032977 6.646879082325391
0.22646898384908998 3.06819133704146 3.3428567002375598 3.9502921877216197 1.41219079115086
0.5083333333329 0.9083333333326 1.0833333333332 0.7299999999997 0.7700000000002
1.9315416376427201 14.745579756400282 15.1863638854702 16.32460910839786 5.8119056120878
1.25302430795424 8.75031325791998 8.48380505640591 8.24128439631774 4.27157298140736
0.66565485372386 8.281561233373681 9.00359357999944 8.133579878915942 3.9156104539841396
0.5228409253758199 3.5338820803589 3.3559841983785796 4.0369053585967 1.5503874372883202
0.2695717107476 0.406224406224 0.9048272871798999 0.9865587512646001 0.43281784458190004
1.30226394072034 13.878527708129003 12.77284494105246 14.412660035508091 4.633703374598511
1.56581589065952 11.43864065906224 9.894118138693381 12.199352415200767 4.90207289639036
0.7799254862995999 9.2115710075766 10.26053482446594 10.370903921680618 4.377064759979401
1.02596314956592 5.0065076400089605 3.8764546468931402 4.61403076429864 2.4770437992370207
0.46227270303379997 0.6136618141095 0.4634991734653 0.8794859489142999 0.5810803604754999
1.3897788958558799 12.288375003988842 9.39083787165233 12.45056551800358 5.480442710508789
0.7212565898507001 9.4626497481861 6.6814763536232 8.4033532531046 3.731264055226
0.86601768819459 13.14402537895495 9.20968549780356 15.66729597845175 5.11297545661058
0.7177957166901 3.88895137521053 2.86388207416434 3.4607769275401 2.0685939063948
0.3147096519768 1.8578822833482 0.9363797692986 1.2164842748690001 1.6745440205065003
0.79991455110438 8.95706695053403 6.65617037378425 7.95496515978059 3.63188296479685
0.38964095783020003 7.4365253674772 6.769890011428499 7.339743396780601 3.0642002664863
0.48741393920594 10.48297320589206 7.27177649413386 10.73468514759704 4.0231512131611
1.49591007822242 4.348654679517971 2.4217071155541303 4.05764927058587 2.6760788561153794
0.0294117647059 0.29411764705890003 0.2352941176471 0.20588235294130003 0.235294117647
0.51958866884264 8.303356917527461 5.97223724221447 7.278073537103898 3.9267436343172197
0.9649009161307001 10.75778917652852 6.52519069806328 7.94687628614936 3.8052429231328406
0.1276328177301 5.164049448497561 3.32414183776198 6.136964511528 2.24721138448098
0.5888357091158999 3.1291555519593 2.1388286514445003 3.2626384449744004 1.8805416425037
0.0327868852458 0.3770491803275 0.2295081967213 0.2786885245896 0.0819672131145
0.5315510014555 6.1163177643292705 4.53274963390607 5.31912258540612 2.50025901490726
0.207090456463 4.414458451969001 3.4904347511337 4.2575177128395 1.6304986275901001
0.15347441235106 5.436107303208759 3.47164472888436 7.17445935073282 1.7643142048248601
0.1942570770689 1.5707165109032 1.0845455776792001 1.4401191927395998 0.7103616416098001
1.1052631578948 0.5701754385962 0.5701754385963 0.6491228070177999 0.1052631578948
0.2927460853707 5.341522491173 3.2896099583968 4.916996052028599 2.1591254130319
0.3594600104713 4.779056888301101 2.381509965565 3.9426003673236 1.5373727683375003
0.63821145844899 5.46234933686067 4.86341688359157 5.857545457926459 3.17847686317538
0.47262952101620004 2.0669599217997 1.3118279569895999 1.3167155425210997 0.8318670576732001
