0.5439393939389999 1.7467532467534 0.6906926406921 1.2538961038954 0.7647186147181999
0.38057512798191995 5.6430778251964 3.92317432054344 4.56628081845992 1.48689190781962
0.6423590889009 5.6235395794428 5.9582348958126 5.470829994493 2.3050364413532
0.301708594028 3.7283010293765 4.813942962604901 4.794317344970499 1.3617300690201
0.18519912059319998 1.6632215056037 1.8598118660560998 1.6532782579849 0.6384892497590999
1.8163627152995003 1.9788500506585 1.7036474164134 1.1039766970613998 0.39716312056729997
1.1289909642404998 8.0026933278728 7.882965781405701 6.7536342493029 2.2317156771696003
0.662875938315 4.9827577408263 8.3638067027697 4.1278692993196 1.8626903187658996
0.6332857557168801 7.437166316757801 8.14029286640414 7.8019422476070215 2.98731281350988
0.21654310372160002 1.6057934557028002 3.2352058124351 1.7399158634257996 1.2025417647128
0.095238095238 1.0348214285718 1.5315476190471997 0.4732142857142 0.8651785714285001
0.96958045575958 7.6320940656241 7.71004903194532 6.80873882370308 2.87953762296996
0.8759468871406 4.68799940581315 7.782741875503859 4.901229715988859 1.7520821155489599
0.59210817401316 5.833611592747981 7.6575813400658195 6.09616639525783 2.82053249791669
0.5657909140666999 2.2375574394438997 2.275943534324 1.9939346495082 0.9267734626602
0.4939564867048 1.0983078162765998 1.5092667203866 0.2876712328763 0.6107977437545999
1.10968568067045 11.58063383842496 19.01213206612918 10.446214632955451 3.85133378182124
1.3066291609726601 6.94072176176487 11.881092474530927 6.15708083341046 2.71447576931461
0.8114075308849 9.727507738421949 11.536214849800789 8.61260171040821 4.3122681704783
0.46446375679084995 3.26121256206655 4.2780220927808 4.2954176901279 1.7008838982355998
1.1379487904518 2.60952297472367 2.06317774557442 1.51720261589516 0.6721478733551199
2.0561233793239104 14.16310337705023 21.83503725008982 15.68353692401981 5.262199069509819
1.0571598858836402 11.249844168031908 13.60970105882664 10.28637496195765 3.7969199252931096
1.0873150474317401 13.08602619503409 20.48313946893025 13.47884862403188 4.864670664578078
0.5730816739107599 5.622092009983819 5.9656571627274 6.24247551209518 2.59669364128348
0.11571428571430001 0.5909523809524 0.5747619047621 0.5404761904763999 0.1780952380954
1.53833288930425 14.52409436755986 14.42573810122186 15.537342328471102 4.97449231343888
1.1557652855193998 9.373035760161601 8.8295942603679 8.9169630215026 3.7246416724521993
0.91274656319721 14.476374439925399 14.37206721199599 12.393098843481111 6.845712941399981
0.69034862893956 3.8742099215344 3.78687007306796 4.517671915979781 2.13089946047596
0.755256499249 1.1987057480010002 2.2337714682364003 1.7458071161464002 1.0664591683637001
1.24454543555101 13.035435042525087 11.753120273960391 13.5949959628315 4.371903285140049
2.07236199813405 12.350698258182963 10.74993956493607 11.92224738884106 4.904752789903531
0.69811988779019 8.55037941516261 9.60685149268959 11.40613763574276 5.73851156861274
1.0482748765233603 5.30197392595982 3.58217226278576 4.29899008399254 2.7685888507378995
0.38466489039900004 1.2570374946907001 0.7894865557138 0.9385128264541 0.6302982327425999
1.8321238870827998 13.966419581784011 10.70061325244171 13.086673316300429 5.4141699623900985
0.60428878746807 7.69478518262996 5.31822735000147 7.67483376081786 2.70786491907936
0.65807453440569 9.52711700593074 7.44386277803017 10.83637505382237 3.5345706278138196
0.98706156538599 4.18721208866804 3.5209466478338003 3.88717980559985 2.41759989251409
0.6031154490779 2.6477373558117 1.2369318741986 1.5799073252489002 0.9323079956618
0.77211042898678 9.860129358750791 7.42118490902465 8.87422345914751 4.072351844089421
0.45736139561179 9.05030203493883 8.30388027700739 8.83905660975696 3.3493996826849903
0.6284240025860099 8.02252612082672 5.67573305087445 7.679653861917551 2.9936629637894194
0.5002763263025 4.7497408001279 2.7014945545364 3.7086073377223 1.3398809813063999
0.3984593837532 1.2464985994399 0.5686274509806 1.2832633053223002 0.503151260504
0.6073502057089301 10.266019379075848 7.5813594952859695 8.90267484803978 4.642596071899419
1.0552395207274001 8.591842753872498 4.4350358540678 6.133474867326 2.7844070040055007
0.20499304028888998 6.48192343385302 4.870340149908451 6.74788290442715 2.6948604715230395
0.27106768620772004 2.27076344216604 1.0543229356315802 1.8527790589473598 0.55106687704816
0.0712484237073 0.6655107187892 0.5564312736443999 0.4902269861279999 0.2165825977301
1.4815879396282998 10.72180758365957 7.45634926690607 9.15320006917572 4.187055140638759
0.13958844141339002 3.1919579165665204 2.86199522585486 3.5884861193419306 1.21797229682706
0.13348923232889998 5.96067925977135 4.573524655401499 7.35193496873185 2.9803718837687003
0.4214436471079 2.6262593217959 2.014408329816 3.8888173631637 2.0490713381194
0.25 0.5 0.25 0.0 0.0
0.4597800365586 6.113201889468601 4.3845508389987 4.773980655397899 2.2684865795776
0.82360949363498 7.00703362605436 3.4480280851309 5.148743746417299 2.57258504876223
0.43286021933664004 5.48836693647244 4.43531252460064 5.844505342839839 2.79895497675016
0.12338709677410001 1.2465053763447 0.73682795699 1.6008064516122997 0.29247311827980005
