0.9068726315326601 0.09276138023757999 1.27466437453318 0.0 0.21977488586858002 0.33923230309098 0.06954137587237999 1.43430501782098 0.8231754013328 1.45887604159418 0.9346192923904001 1.21429323775306 0.173913043478 0.0579710144927
0.24081563869240002 0.1307718233905 0.3018200202225 0.0144927536232 0.0232558139534 0.14223120997639999 0.0144927536232 0.2524435456685 0.3220424671389 0.061004381530200005 0.06386922817660001 0.4066397034044 0.0 0.0261206605999
1.0508423852295001 0.259405940594 3.4156623597538007 0.1506329113923 0.6132310414925 0.9935222210951999 0.2392050795323 1.1949854939259 0.9243733232385 1.2214758130569 0.7666557703668999 1.8994923182809 0.029702970297 0.2408123717434
0.0 0.0 0.0 0.5 0.0 0.0 0.0 0.0 0.0 0.25 0.0 0.0 0.25 0.0
0.19814814814784998 0.0 0.5499999999998999 0.0 0.3685185185185 0.12222222222215001 0.0333333333333 0.36481481481475 0.24629629629615 0.3018518518517 0.18518518518510002 0.56851851851855 0.051851851851799996 0.00925925925925
0.4450261780105 0.0523560209424 0.7591623036655001 0.0 0.2617801047119 0.6806282722504 0.0523560209424 0.6544502617794 0.3403141361254 0.4188481675388 0.3403141361262 0.9424083769631 0.0 0.0523560209424
0.1904761904762 0.0 0.19047619047609998 0.0 0.1428571428571 0.047619047619 0.0 0.23809523809510003 0.095238095238 0.047619047619 0.0 0.0 0.0 0.047619047619
0.6134453781510001 0.194805194805 0.5781512605034 0.0283716283716 0.012987012987 0.3983310806833 0.0307692307692 0.5159781395066 0.5427161074215 0.45679026855540006 0.2030792736674 0.42457542457520003 0.0 0.0
0.5956746652932 0.4039624924378 1.0595161924234 0.1041491449396 0.16852145464180002 0.2764368486777 0.051668806161599995 0.38126137654689995 0.1961028325843 0.30584652241480004 0.19085000328610002 1.0402634194637 0.0624621899575 0.1632840511706
0.49404368991761 0.00826446280991 1.24134833332641 0.00826446280991 0.45597651477441004 0.22644021325511 0.0369370888851 0.9288380292504099 0.2546068518114 0.79728875021093 0.65923089422471 1.8691326095524297 0.0113636363636 0.00826446280991
0.3068007787155 0.1669565217391 0.7838935756005999 0.0217391304348 0.2701362751461 0.5088384166129001 0.0149253731343 0.6269435431538999 0.3201427644386 0.333316028553 0.6595327709284999 0.935184944842 0.0 0.051589876703400005
0.43051035401009996 0.25414128607250003 1.4237559180171 0.013698630137 0.2611114526992 0.4127573661139 0.0357142857143 0.28800145445900005 0.1589182089374 0.41816600339669996 0.5531768058302 1.5577781759050002 0.17857142857129998 0.013698630137
0.0 0.0 0.3571428571428 0.0 0.0 0.0 0.0 0.0 0.0 0.2142857142856 0.0 0.2857142857142 0.142857142857 0.0
0.2499999999998 0.1538461538461 0.5 0.0 0.0576923076924 0.2692307692307 0.1923076923076 0.0384615384616 0.4423076923074 0.1346153846155 0.0961538461539 0.5384615384612 0.1730769230769 0.1538461538462
0.47220958939797 0.0 0.81708030145588 0.0 0.17362915800408 0.11657029625768998 0.04687499999999 0.6945328742205901 0.04687499999999 0.32078352390828 0.27450948544679 0.9828482328479 0.015625 0.0384615384616
0.43591737965559996 0.8596557707258001 0.787073785258 0.0547921527957 0.039408866995 0.38165706042270003 0.6607300745226999 0.39650851266070003 0.4645233774092 0.272072754831 0.26721977357149995 2.2838129807292002 0.0 0.0966275104206
1.3984156756862 0.15817322050740001 3.5509668399366 0.09090909090900001 0.7583283461871 1.8573876424948002 0.5484624869912 1.610643453652 1.6559290500001 0.6362324624351 1.2706691837731 2.8539576325304 0.2088414634145 0.40108345147980007
0.0 0.0 0.0 0.0 0.0 0.0 0.0 0.0 0.0 0.0 0.0 0.0 0.0 0.0
0.21222085063392998 0.0 0.5849811094904199 0.026510305614759998 0.12898664571876 0.10862978341394999 0.025758425915510003 0.28690756742585 0.16763924737221 0.22400029925568 0.20606740732420997 1.0032918116186 0.01623461639171 0.00877192982455
0.5483333333335 0.0999999999999 1.2450000000014 0.02 0.22000000000020004 0.24333333333319998 0.0 0.6049999999997 0.48999999999950006 0.2249999999997 0.4500000000002 0.7933333333329 0.02 0.04
0.5436930091184 0.214285714286 0.7705167173263999 0.0 0.18123100303939998 0.5672492401209001 0.1922492401217 0.23480243161070002 0.7169452887543999 0.0 0.0961246200607 1.1614741641345 0.1607142857144 0.1607142857144
0.6852872847354999 0.1608433829411 1.4382701543485 0.1084103062711 0.1603583582192 1.1063358484031 0.1012223071046 1.2675520642548 0.8945292017658001 0.24664907285220003 0.38490599764589994 1.1989208597881 0.0830254789198 0.1636896827511
0.2023984010659 0.1560293137909 0.7960026648912 0.037974683544299996 0.1179213857427 0.3244503664223 0.033710859427 0.4634243837443 0.1853431045967 0.088474350433 0.1728181212523 0.282478347768 0.0421052631578 0.0968687541639
0.4814156446643 0.0243902439024 0.864039318359 0.0 0.3172890542463 0.24887235313029998 0.0169491525424 0.40306370860380003 0.40123099536069995 0.7218088282584999 0.41196086537130006 1.0554453171654001 0.0365853658536 0.0169491525424
0.9253508166555 0.3881124913731 1.6772486772501 0.08333333333330001 0.5346503335635999 0.5386760984585001 0.2163273521967 0.7407119852774 0.5170519898779 0.2665056360708 0.7862606395228001 2.2714228203374 0.0543478260869 0.0
1.0026472080456998 0.1731634182908 1.4616414555964803 0.13852097079894 0.4381256952168 0.48370263285904 0.0607196401798 0.82378615926388 1.00452863951564 0.8726897126603401 0.69766199523538 3.6703986792350403 0.103448275862 0.0689655172413
0.142857142857 0.0 0.0714285714285 0.0 0.0714285714285 0.0 0.142857142857 0.0 0.0 0.0 0.0714285714285 0.21428571428549997 0.285714285715 0.0
0.037037037037 0.0185185185185 0.16666666666670002 0.0 0.0 0.148148148148 0.0925925925925 0.074074074074 0.0555555555555 0.0185185185185 0.0925925925927 0.1481481481482 0.0 0.1481481481482
0.7175732217573001 0.06673640167360001 0.45104602510492 0.0 0.3002092050208 0.191841004184 0.0 0.57552301255211 0.54225941422602 0.15878661087853002 0.05857740585762 1.86234309623473 0.0 0.0751046025104
0.3333333333332 0.41666666666700003 0.41666666666650004 0.0 0.0 0.24999999999990002 0.0833333333333 0.33333333333360005 0.45833333333360005 0.2916666666666 0.2500000000003 1.1250000000009002 0.0 1.0416666666666
1.46519802899514 0.15253607697678 3.1278296505732994 0.07919708029190001 0.8817167893525599 1.78635084228888 0.17786936665336 1.7366649044046 1.6740724580065 1.2756735123385 1.02054113628264 4.288640331980099 0.04128707846362 0.29242274339061997
0.0 0.0 0.0 0.0 0.0 0.0 0.0 0.0 0.0 0.0 0.0 0.0 0.0 0.0
0.4145821569727 0.0151515151515 1.2471955580639003 0.0921042725388 0.3124552983251 0.28915396197930004 0.06120365142090001 0.4604319593444 0.4759552042164 0.6329945416899001 0.36149538866889996 2.5960380199536 0.0281949934123 0.0130434782608
0.45940244087709997 0.25101939535104 1.02021927381326 0.07416012558860001 0.1492125386133 1.0194596647607401 0.34146959031804 0.42352053476479995 0.38935686433368 0.31652301615402 0.30063199473339997 0.76054084164778 0.22263229857703998 0.27185142046872
0.125 0.0 0.5 0.0 0.0 0.0 0.0 0.1875 0.1875 0.0625 0.3125 0.625 0.0 0.0
0.4760932380556 0.1828087643124 0.99811080056497 0.03470740266508 0.25416146190784 0.59025695184526 0.1203342018379 0.54929348130417 0.3323456534418501 0.47670331524913 0.29077404077387997 1.6043498773914902 0.0 0.09006081064906
0.7000000000015001 0.216666666667 0.8000000000003001 0.1 0.16666666666649999 0.2333333333331 0.0999999999999 0.3499999999995 0.40000000000010005 0.25 0.1 1.5000000000006 0.0333333333333 0.05
0.5567111605485999 0.0 0.9709955506111 0.0 0.37399888765269995 0.2685483870963 0.042241379310300003 0.6161939191701999 1.1258898776427002 0.6479514275125 0.7240730441237 1.6733963663308 0.0 0.0
1.0056181831383 0.4443273923895 1.4027300577703998 0.0 0.1595984262649 0.49690932094 0.2342448249435 0.5065110600000999 0.4703779424707 0.46202938606070004 0.6876363372488999 1.9239070146053996 0.10805008944540001 0.0980599647265
1.23395254038063 0.16598869638275002 1.22856081062144 0.3266070846726 0.41588974138997004 0.7542569870622899 0.05906467270096 0.89728031173695 1.1320427595039801 0.81469698018244 0.85640914910801 3.9830603590634 0.07982931063241 0.05236059656117
0.0 0.0 0.0 0.0 0.0 0.0 0.111111111111 0.33333333333299997 0.0 0.0 0.0 0.33333333333299997 0.111111111111 0.111111111111
0.148148148148 0.074074074074 0.111111111111 0.0 0.0 0.1111111111111 0.0 0.148148148148 0.074074074074 0.0 0.0 0.2592592592591 0.0 0.074074074074
1.05358326517077 0.37285409081989 1.3317577593939802 0.18612374845889001 0.1304118185498 0.5786847238944001 0.12046156979369001 0.8160936472932799 1.78532886623959 0.78322648330869 1.4094616249787801 5.34265851552479 0.0242914979757 0.0650623885917
0.9764150943392 0.1049528301886 0.7311320754720999 0.0 0.0141509433962 0.2523584905659 0.0141509433962 0.1981132075475 0.5188679245284 0.2099056603772 0.1415094339622 0.685141509434 0.15330188679239998 0.0
2.3399507040843406 0.3568516347915 3.33017574867841 0.0 0.7113676082736899 0.92029755490428 0.2085739041907 1.6201057157226602 1.88375898204792 1.3736039019870199 0.99978213615223 7.76948195527261 0.1354406130268 0.3506095408608
0.0434782608696 0.130434782609 0.0 0.1304347826087 0.0434782608696 0.0434782608696 0.0434782608696 0.260869565218 0.0434782608696 0.0434782608696 0.0 0.21739130434759998 0.0 0.0
0.6003273046620299 0.08082947911124999 0.61113493634789 0.01075474796123 0.37809888734228003 0.26292056545281 0.02497114040948 0.42424103168451 0.52967183670491 0.79516798817478 0.36207980862986 5.791785699402929 0.0550458715595 0.07297070255708
0.39675141242923007 0.12149963154033 0.9085973962177001 0.0338983050848 0.23728813559280001 0.6530704986506 0.12709408007873002 0.7219233603545601 0.4967452714314601 0.36768607221766003 0.36740358634306003 1.3068472119881802 0.050282485875730004 0.21091255219863
0.327122153209 0.3271221532095 0.6169772256734 0.3084886128367 0.12422360248440001 0.3271221532091 0.3933747412006 0.37267080745319997 0.6853002070398999 0.30641821946159997 0.1055900621117 1.9420289855067 0.0289855072464 0.1345755693581
1.24226033535642 0.28246099549361003 1.7678091486545102 0.12991328905902 0.24212562556842 1.0599613563332 0.22963048298621 0.8613567224215201 2.2717578036347 0.85074580900985 0.69897433291842 3.11814431835104 0.15789580876611 0.08696397145121999
0.66459901908619 0.82993424602119 1.06270123884737 0.16817563169398 0.1080537309899 0.7553248886994001 0.06106870229 0.63590605778899 0.698746532164 0.59407622448959 0.18871287197619 1.17163215365989 0.030534351145 0.030534351145
0.58770123632537 0.01324503311258 0.9246639159359699 0.105263157895 0.19610877953548 0.7249056247087 0.1113311575145 0.60433129707428 0.57521875511029 0.6838065402999 0.45695510012458 1.9910456735509898 0.0254237288135 0.0
1.13063795853177 0.21005316321097 1.1261084529513399 0.040271132376370006 0.41427432216916993 0.4540085061135 0.155029239766 0.6000637958533 0.56776182881458 0.48264752791054 0.78959595959604 2.8052791068581104 0.1156937799043 0.10857522594367
2.5378078413650202 0.5698836818063201 4.32566759890813 0.28511635160661 0.60579983084541 0.8905118293350001 0.29388630998072 1.3930706488474 1.9348235718929103 3.04850973374003 1.40151095349783 10.369706844865728 0.2596851777619 0.08401962554931
0.0 0.0 0.0 0.0 0.0 0.0 0.0 0.0 0.0 0.0 0.0 0.0 0.0 0.0
0.7545155993426 0.051724137931 0.5866174055825 0.049671592775 0.0 0.38587848932650004 0.103448275862 0.1966338259441 0.103448275862 0.0755336617405 0.30623973727400006 1.1317733990146 0.1293103448275 0.12520525451550002
2.1266825923922 0.3812860432795 3.333821717475 0.0548189198233 0.6851286748818 1.0902087866807 0.201643314039 1.6155945349654002 2.1280698997557 1.5700202570579003 1.7379858246128 6.979236385282699 0.0144628099173 0.08104023983030001
1.45192713575936 0.28395622950266 0.8813737268796399 0.13851998571286 0.13011007565666 0.5144981654056 0.051282051282 0.9204792674603599 0.69050015694342 0.35526187615682003 0.65342944659236 1.6722949205007003 0.051282051282 0.2050849108678
2.98528056280719 0.51567102801969 3.6614572556271794 0.08468378310376 0.86407158852786 1.6419994386861398 0.4795413317843801 2.2958904003355696 2.55516115062151 2.43711246942848 1.4835754725677899 7.65403406840484 0.045083700646560004 0.29643774944151
0.0 0.0 0.2777777777775 0.222222222223 0.0 0.0 0.0 0.0 0.0 0.3333333333335 0.0 0.16666666666649999 0.0 0.0
1.42247430610796 0.12774232124353 1.4686483555421297 0.0243902439024 0.5536851206576 0.60088883888693 0.06823797284883 1.1013432808965 0.6723805765513 1.04198712942476 0.33865252732830003 4.32815910010476 0.06529545012593 0.18611477637526
0.7988594421592001 0.3150937300396 1.739875089955 0.0587524803726 0.3732898560161 1.5397699291493 0.3446538275527 0.8010481152444 1.0660971927482001 0.6839710260766 0.7858087761029 2.1330174765658 0.0544217687074 0.3053412893067
0.5046888320541 0.165387894288 0.7050298380219 0.0696220517192 0.35663540778639996 0.39158851946539996 0.14805342426819998 0.2784882068768 0.3614663256614 0.3654447286157 0.1915316851378 1.3574879227050998 0.0522875816994 0.0522875816993
1.28604262206622 0.17782564072915 1.5245691588674801 0.058231798413 0.5491772613181101 0.7471004896594 0.01863282209916 0.76401740606812 0.7756385405375201 1.21612177684742 0.55608705352717 3.9435539919904605 0.09651250941601999 0.2864889284670801
1.1068923700822397 0.24703347788590005 1.3469430836118597 0.028573543563540003 0.5931606679025699 0.6467446157346701 0.12500952930227 0.95830556515167 0.7416575258440199 0.70134780240526 0.30680223241723004 2.0917018515776302 0.00584795321637 0.09997978130650001
0.68243475274668 0.13332760988995002 1.00017170329761 0.0 0.4178399725274 0.21565934065939 0.07838255494509999 0.62190934065986 1.02129120879136 0.5121050824176501 0.42273351648358 1.85061813186811 0.0 0.04352678571429
1.8189039939959297 0.36403818345892996 1.6250913272064602 0.10068577290610001 0.41056312570859993 0.784734743391 0.31634503603753 1.11734364788719 0.85437115989743 0.87596399679243 0.7715476658756301 4.7304296355715305 0.12199855602736001 0.1079831552449
2.00746564195086 0.8577662669890599 3.4482314330939206 0.22291786768299998 0.9610040428024601 1.6762294377039604 0.09190919091909999 1.43000907464946 1.8625900824899602 1.8135173077873001 1.29438735273296 5.949231849444541 0.1414224611611 0.24331799058530001
0.039603960396 0.0990099009901 0.2079207920792 0.0 0.009900990099 0.079207920792 0.05940594059399999 0.039603960396 0.0990099009902 0.029702970296999996 0.0594059405941 0.1485148514854 0.009900990099 0.118811881188
0.16030534351140002 0.2203053435113 0.744122137405 0.0229007633588 0.1145038167938 0.5122137404586 0.234503816794 0.19740458015260004 0.32320610687030005 0.12870229007630002 0.4577099236651 0.44061068702330003 0.2232061068703 0.22030534351179998
1.53905632339352 0.4035178701251 2.34482798675886 0.0380460067201 0.5212170637363 0.71196518082452 0.2053037457088 1.38371651184494 1.4392681714220998 1.30461222687556 1.1920444035509201 4.73289826524744 0.0727401185382 0.1107861252582
0.9417767417772999 1.0443926443924 1.9701631701622 0.16047656047640002 0.18518518518510002 0.41724941724959996 0.0432012432012 0.8578606578615 0.7382025382015 0.5629111629108 0.559181559181 2.2712768712775 0.0864024864024 0.1617197617196
2.35311714483856 0.59872094823536 4.58506991299424 0.19469761995579998 1.19964095553643 1.9890190899809297 0.52733492852418 2.67294328790251 1.6576806035572602 2.5789645223612503 2.6836222752408 6.39969207094743 0.22548826259525 0.3340083773282
0.0 0.0 0.0 0.0 0.0 0.0 0.0 0.0 0.0 0.0 0.0 0.0 0.0 0.0
1.70982098992618 0.37051885043169003 1.90210737552878 0.24426079958999003 0.6588542867043 0.6670005892692 0.18780918668689 1.2777653346689 1.16887910767308 1.6885635010054902 0.79173564649739 4.0580245386927505 0.1871589930128 0.0875008003184
1.4089980607625 0.5771945701350001 2.1201809954748 0.057692307692200004 0.6139301874601999 0.7928054298644001 0.3055138978672 1.6690627020045 1.09036199095 1.2979961215253 1.2255462184861001 2.2390239172608 0.1192566257271 0.4824369747899
0.2400000000004 0.1709090909091 0.5739393939394 0.0 0.0533333333333 0.2854545454545 0.360606060606 0.1254545454546 0.1787878787878 0.16 0.4139393939394 0.2666666666667 0.0266666666667 0.1442424242425
2.0653444275850004 0.5454686534519 3.9043716550909 0.2348010856366 1.0861448388612 1.5806894616575002 0.1788224121555 2.2220694327738 2.0937394893152 1.7102471290777 1.6846203219973002 7.1460111524491 0.017094017094 0.530575922858
1.5892421193827002 0.39618376928160004 1.8283433936961 0.2216633132126 0.3439436619717 0.7741582830316001 0.1457276995304 0.6749631120061 0.9541515761235 0.7317437961101001 0.7343393695503 1.5514553990616 0.0140845070422 0.04
1.02387915996932 0.45462266121747 1.99413087539172 0.06877697841722 0.6044792338679099 0.48707612996517996 0.08665784613681 1.49316733071703 1.17550116768291 0.91919048204071 0.86797405242101 2.5642768839541303 0.0499999999999 0.21026719821941003
2.0512808373000997 0.20244930047229998 1.9147889985779 0.0737243681449 0.5415985083942 0.5871449465501 0.1205938225568 1.453005580973 1.1055687844614 1.3192112254967001 1.2272758698466 3.1937649142258007 0.1471653835213 0.06242745947230001
2.3080292879664803 0.5032526072533801 4.26449047113628 0.2107403751973 0.82030088229159 1.2989516891252901 0.43363332515610004 2.0205997465834002 1.9121347253095702 2.4630042448097 1.6917001619305903 5.74052948483968 0.1432876000843 0.18934539831869
0.0266666666667 0.2133333333333 0.2533333333332 0.0133333333333 0.0133333333333 0.4 0.0133333333333 0.0933333333333 0.0666666666666 0.08 0.053333333333299995 0.2133333333336 0.22666666666670002 0.33333333333340004
0.0366972477064 0.0275229357798 0.1192660550458 0.0091743119266 0.0550458715596 0.06422018348620001 0.0917431192661 0.0825688073394 0.09174311926610001 0.0366972477064 0.0825688073395 0.2293577981658 0.0366972477064 0.0366972477064
1.6282357781522199 0.29446822764667 1.65832086901574 0.16040331748640002 0.52191841839587 0.40470842814149 0.04026982324479 1.17569629170274 1.39457907622594 0.8614013312704 0.97896820287059 2.82333792815548 0.00961538461537 0.048076923076870004
0.7640648824865 0.2283374520216 0.716178558284 0.07990036279500001 0.2082325569166 0.2540420106208 0.1454598033545 0.7048149219208999 0.6072414427681 0.3274948735478 0.2746924128505 1.4557942057952002 0.076923076923 0.15682343971810003
3.33298760053431 0.85029430090581 5.1285645100399195 0.1878813112874 1.86343424836291 1.5889404445574102 0.35753989637709993 2.89686250596191 2.0714802504234 1.9341803576495102 1.7180305174462098 5.47079890446831 0.10981151102601 0.48919364096542994
0.1176470588234 0.117647058823 0.0 0.117647058823 0.0 0.0588235294117 0.0 0.0 0.0588235294117 0.352941176471 0.0 0.1764705882347 0.0 0.0
0.60747959470904 0.06334435688152 0.7937130593864199 0.02056360821842 0.4544926822401 0.22498592738530002 0.050995637489320005 0.44087742752624 0.6629960596680201 0.62259006473374 0.39770968195921996 1.6182979172524998 0.00986842105262 0.0320855614973
1.1635021097045999 0.7520707416276 2.0434171513286 0.037974683544299996 0.2648734177216 1.3003440149007999 0.6948416771197 1.4889449576173999 1.1576966206706 0.8956361424727 1.14789694758 1.2675457102676 0.3607062758969 0.4245495495492
0.08108108108100001 0.16216216216200002 0.216216216216 0.081081081081 0.081081081081 0.405405405406 0.027027027027 0.216216216216 0.108108108108 0.108108108108 0.0 0.297297297297 0.135135135135 0.08108108108100001
0.9449030241762999 0.21112234580349998 1.5805312988336997 0.092912951558 0.2914698042098 0.6230260134205 0.0620829120323 0.7717253424019999 0.7495633789873001 0.8418328890525 0.8840610350227 1.7575880136026 0.0403437815976 0.1488372093025
1.0744366253217001 0.67051311520328 1.7005019316964198 0.11232130701161999 0.26519387691959995 0.7146691803779001 0.1965037175214 0.80761053106184 0.70823424363214 0.8198493983892999 0.56181429190332 1.24261910655744 0.0 0.12573267440532
0.7174491993875001 0.1514490609779 1.1170740231317 0.0651184698829 0.5041419043422 0.4068119101369 0.0922445695896 1.0626155935619002 0.8584187579475999 0.9236438896533998 0.5481776658965 1.4703404008685002 0.0461509182604 0.0363636363636
2.3975579830375997 0.38315600799399996 2.6903312078540997 0.0960784313725 0.5645553191928 0.8126376191718 0.20657848938380002 1.5848926497375 1.2489105567043999 1.4353677163236 1.4072807029965 4.6612583491001 0.2069274410277 0.30446752610210004
2.73486048862787 0.6530466521319 3.0535322313610993 0.17027442042680002 0.9620282183708999 1.50758951696844 0.34227364799226995 2.0224260714992 2.02081741145868 2.3720346829696 1.8378143357484102 4.95951636630251 0.08068869241505 0.2830972637277
0.0 0.0 0.0 0.0 0.0 0.0 0.0 0.0 0.0 0.0 0.0 0.0 0.0 0.0
0.35511982570789996 0.34041394335509995 0.7890341321723 0.0 0.2122367465503 0.4969135802467 0.21114742193180003 0.3645606390703 0.34985475671730004 0.0640885984023 0.34567901234549997 1.0317719680459 0.37509077705120003 0.0640885984023
1.75213519689739 0.1577151814115 1.37748604275058 0.0275229357798 0.58854070620638 0.46597659652679 0.1324380407388 1.57917703836788 1.32008170530279 1.2235349095785 0.7833175919024 2.25555687281809 0.0550458715596 0.281471310156
0.7371980676337 0.048309178743900005 1.0550724637686 0.111111111111 0.0782608695651 0.4376811594202 0.0 0.5690821256036 0.40869565217380005 0.23768115942 0.20096618357470003 0.8966183574876 0.0 0.21932367149749998
3.0578563366668 0.9112563425403 4.9256143924388 0.19133059749810002 1.3384423679317 2.2107763270491 0.6665729502009 2.845559673276 2.5728559805937996 1.7289344977494 1.8740112061073 4.1927620136589 0.1375607160467 0.3464665982422
0.0 0.0 0.0 0.0 0.0 0.0 0.0 0.0 0.0 0.0 0.0 0.0 0.0 0.0
0.57927558891964 0.08277021893072001 0.8675406337275 0.01820201876932 0.24262942063124002 0.20194447540012 0.09433080846454 0.64445052304102 0.6631219445204399 0.89619558671416 0.47247690414821997 1.17115638539612 0.03075432002452 0.0351511713117
1.1022993142388 0.41290843081850004 1.3090762404191005 0.0179104477612 0.21524808390529998 0.6196853569983001 0.1800726099233 0.9147236789024 0.4034691407823 0.6190399354575999 0.7525615167408 1.2012908430814 0.0628479225493 0.1888664784186
0.10638297872329999 0.0425531914894 0.25531914893609997 0.0 0.0 0.0851063829786 0.08510638297869999 0.0212765957447 0.25531914893630003 0.0425531914894 0.0212765957447 0.0425531914894 0.0212765957447 0.0212765957447
1.4538276363534999 0.3618715537439 1.8528544661083999 0.0639945472888 0.48981264480349995 0.6584268075478 0.1812985147749 1.4398418856019002 0.8911739598962 0.9689357036792999 0.8017111847423999 1.6179496275396001 0.0849093774625 0.1333920904581
0.7979736592349 0.31235951314509003 1.64512396143858 0.0608984498576 0.16308130338489002 0.4030037130153 0.044764315090099996 0.9082901813219899 0.8879268719089001 0.39986513261928 0.3266704407335 0.94568674137148 0.043557168784 0.060798548094399996
1.5660731777916004 0.19486927995229997 2.0252586965908 0.1000650244952 0.9125102865078001 0.6079863889963 0.0234375 1.401664340794 1.3058637471099 1.3232843922674 1.1672101753168 2.2592454245235 0.11253156565639999 0.0
0.7269516502251 0.16343928875890001 0.7282913165274999 0.0444525636341 0.4353915479242 0.29156010230130003 0.0248447204969 0.5883570819634 0.746559493363 0.2810863475823 0.577883327245 1.2721958348556 0.0496894409938 0.069297284131
1.94973500638096 0.66707452424624 3.37652161508506 0.18644004625257998 0.79604618560506 0.742522438345 0.14484120620148 1.78193083899656 1.5297225671796997 1.6615963835564602 1.18918605006186 3.6748974759429 0.06034213762594 0.2391435245206
0.1578947368421 0.0526315789473 0.1052631578946 0.0 0.0 0.10526315789480001 0.0526315789473 0.0877192982456 0.08771929824550001 0.0350877192982 0.1578947368421 0.08771929824550001 0.0175438596491 0.0526315789473
0.2076648841355 0.0588235294118 0.3012477718361 0.0294117647059 0.030303030303 0.1354723707665 0.0900178253119 0.1631016042785 0.1639928698752 0.11942959001780001 0.1051693404634 0.2976827094473 0.0891265597148 0.2085561497327
0.8410562521536299 0.1582989486666 1.09327350904744 0.0081300813008 0.43752406635423 0.49448158156181 0.0551191952597 1.06968204837723 1.05717987468011 0.46773352179509997 0.77827124266891 1.50806414239691 0.0 0.0311855357359
0.5356321839085001 0.40574712643629995 0.6367816091947001 0.0 0.16666666666629998 0.271264367816 0.135632183908 0.3678160919547 0.3022988505743 0.1367816091954 0.2344827586205 0.6712643678154 0.1022988505747 0.0333333333333
3.0616489062656003 0.8810974858216 4.5255295654593 0.0892099049745 1.5013806289155 1.8404408725525 0.5158995842488 2.4017305881688 3.2085890922431997 1.3794370589987999 1.7677308008143 3.9494662585843003 0.21338414121 0.6644551117498
0.1 0.0 0.2 0.1 0.3 0.0 0.0 0.0 0.0 0.0 0.3 0.0 0.0 0.0
0.16118421052626003 0.026785714285670004 0.20911654135353003 0.00892857142857 0.07659774436097 0.08693609022547 0.03148496240597 0.21710526315803996 0.20206766917293 0.26503759398493 0.17951127819557 0.50845864661677 0.0 0.0267857142857
1.8153068060035003 0.9289358618332999 2.4927229489442 0.0353697749196 0.5288384244377 2.9215108277307 0.231534090909 2.7299948845371995 1.7983569619036 1.3356675679636 1.3921998319207 3.030896789438 0.2844696969695 0.47419553249509994
0.061224489795900006 0.0408163265306 0.2244897959183 0.0 0.0 0.0408163265306 0.1020408163265 0.1020408163265 0.2040816326535 0.0204081632653 0.1224489795918 0.061224489795900006 0.0 0.0204081632653
1.12794672123683 0.38088897260069 1.8055879486983901 0.1688085925373 0.38109434458663 0.5859863839750601 0.0212765957446 1.10273971683796 0.58274799170353 0.6411368109057299 0.8972474932251999 1.21907430230479 0.03003067020583 0.0554334554334
0.8951896774429501 0.18987629441372 1.8850785462805904 0.1797052154194 0.82733562597292 0.3693383764705 0.18363628920007002 0.91689977391077 0.73112332626533 0.82169530794428 1.00535227601178 0.87329012911979 0.00847457627117 0.11300458527788
1.1112481730602 0.06615474384402001 1.97900835000668 0.1539162112931 0.44520231269974003 0.52085727581172 0.059999999999899994 0.9560979144888 0.9109715671509201 0.67213615893552 0.50164999816082 1.50501550237514 0.0243902439024 0.09335154826950001
1.1904858227636 0.21591798928350003 1.2526338242723 0.025 0.3139116455395 0.5482588442994 0.2373406082629 0.7284748562225 0.8772757417699 0.7431448016884 0.9270165471077 1.8065403266177997 0.0778996672006 0.0560993249758
1.0742071960089 0.2015481151875 2.0576932889453996 0.040534413907900003 0.807826362704 0.7913173013446001 0.0248447204968 1.2353170419166 1.3320076859073 1.184206388267 0.8754159747391 2.2311386437547 0.0611101680529 0.08283269876440001
0.0 0.166666666667 0.0 0.0 0.0 0.5 0.0 0.0 0.0 0.0 0.0 0.0 0.0 0.333333333333
0.1215437788017 0.23271889400909998 0.1895161290322 0.0 0.0 0.2753456221196 0.1895161290322 0.1860599078341 0.3041474654382 0.0178571428571 0.11463133640539999 0.0 0.0535714285714 0.3150921658997
1.33381642511952 0.2592592592591 1.4642512077284098 0.0333333333333 0.37922705313972005 0.42109500805112 0.037037037037 1.2388083735899102 0.8252818035421299 0.38325281803503003 0.60821256038601 1.8497584541063197 0.0 0.1666666666665
0.2195767195767 0.2111111111111 0.31111111111109996 0.0142857142857 0.0 0.15132275132259998 0.074074074074 0.2566137566136 0.1941798941801 0.10846560846549999 0.0285714285714 0.23968253968240003 0.1253968253967 0.0656084656084
1.32881220290274 0.26563473077443 2.24279430228729 0.0336917867963 0.45628274618622 0.9077378097662199 0.16552500923333 1.0910063073256 1.22236603750712 0.9181378840480598 1.0010954417678601 2.12108661418463 0.045389986980730004 0.20043914023683002
0.0 0.0 0.0 0.285714285714 0.285714285714 0.0 0.0 0.0 0.142857142857 0.285714285714 0.0 0.0 0.0 0.0
0.3692307692309 0.08791208791209999 0.3868131868131 0.0 0.1582417582416 0.0153846153846 0.0307692307692 0.2703296703295 0.30769230769230005 0.34945054945049997 0.3406593406594 0.6461538461545999 0.021978021978 0.0153846153846
0.14069264069246 0.10037878787879001 0.44642857142833 0.00378787878787 0.08225108225114 0.17424242424227998 0.05979437229427 0.24377705627688 0.25135281385276 0.073593073593 0.1190476190476 0.19751082251070998 0.026785714285670004 0.08035714285706999
0.1875000000001 0.0 0.16666666666640004 0.0 0.0208333333333 0.062499999999900004 0.0416666666667 0.20833333333339998 0.0625 0.0208333333333 0.125 0.1041666666666 0.0 0.0
1.5656626507919 0.41130356031089993 2.1157198654928 0.05405558385689999 0.9775314950856 0.9689216161817001 0.0587606837607 1.7073671181327 1.6447600811421998 1.1635279211028 0.921361257409 2.1610281667310995 0.0416666666667 0.2083333333333
0.7291893847045 0.3861511659813 1.6507629320435997 0.0516666666667 0.3427164502168 0.6238356675825999 0.1875358053161 0.8049586405065 1.1894594373526 0.5768787544565 0.5913718510935999 0.7714114647374 0.0064935064935 0.0875682728486
0.34902054467279997 0.0327281414238 0.40468227424799996 0.0 0.20711896798850002 0.1311514572385 0.0327281414238 0.39273769708580003 0.3824653607263 0.2505972288582 0.348303870043 0.46846631629260005 0.0 0.0
0.6655087188425 0.18522254565500001 1.1070335471230002 0.027027027027 0.3675401373068 0.37536430904890006 0.1131294898663 0.5227245358632 0.6808508082263 0.6792445732214 0.7724055833712 1.2976696969756 0.0 0.2062790274747
0.9863697468767 0.18256410256410002 2.8380555199038 0.0864717075026 0.7379175082695 0.5840509307748 0.1808157300383 1.11526457296 0.8225347168266001 1.6351551364244998 0.9300134656483999 1.7384419704878002 0.0777202072538 0.0846246844693
0.0 0.0 0.0 0.0 0.0 0.0 0.0 0.0 0.0 0.0 0.0 0.0 0.0 0.0
0.027027027027 0.08108108108100001 0.2972972972972 0.0 0.0 0.16216216216200002 0.054054054054 0.027027027027 0.0 0.027027027027 0.135135135135 0.135135135135 0.054054054054 0.0
0.5058941058941 0.0734765234765 0.4177822177821 0.0 0.1245254745255 0.18896103896099997 0.0497002997003 0.5361138861142 0.6230769230772 0.39115884115879995 0.36033966033959997 0.6932567432572999 0.0357142857143 0.0
0.2 0.0 0.1 0.0 0.025 0.025 0.0 0.15000000000000002 0.05 0.125 0.15000000000000002 0.175 0.0 0.0
1.05568463137767 0.37967527260587 3.21737962225904 0.0697674418604 0.9731524122373001 0.7332402570625398 0.1030862729184 1.5534693547042802 1.5577140975902397 1.46511147489277 1.18957634830211 2.5262495864083103 0.09527886497056999 0.080614362806
0.0 0.0 0.0 0.0 0.0 0.0 0.0 0.0 0.0 0.0 0.0 0.0 0.0 0.0
0.1052631578946 0.0526315789473 1.0789473684208 0.166666666667 0.7192982456143 0.0 0.0 0.42982456140430003 0.31578947368460003 0.7368421052636001 0.587719298246 0.8070175438609 0.0 0.0
1.039474826163 0.2821467728301 1.6500535331139 0.078431372549 0.6483024499430999 1.1898539688536 0.121212121212 1.3578417588515 0.8811221798608 0.6010801783703 1.0236783202016 1.8137995155761004 0.1888713201981 0.12413168227110001
0.46042962125470005 0.1172979084228 1.0141322781228 0.0 0.1828716789146 0.32419446014680003 0.16902204635380003 0.6950254381003 0.5121537591856999 0.3518937252684 0.4174674957602 0.6003391746755999 0.051724137931 0.103448275862
0.5076219512203 0.0285714285714 1.2393510452966001 0.03125 0.14253048780469998 0.332425958188 0.0731707317073 1.0747822299656 0.35855836236919997 0.4888719512193 0.5281576655049 1.0131750871077 0.0 0.18153310104509998
1.2772553375025097 0.26974274408960996 1.1704795215043098 0.0582524271844 0.23662186922441 0.45158713799310995 0.1134186933178 1.1303273331405097 1.60850020073521 0.6083767084640099 0.40685927907682 1.5940238466475198 0.0 0.0745549011175
0.47433515916494995 0.14554655870445 0.7671032785587 0.0 0.5186830197682 0.17661347939965 0.0 0.8036754782886499 0.44554258950555 0.52720489005415 0.24425259982550002 0.6988648090814501 0.0 0.19817813765175002
0.822683363861 0.195477431345 1.3816454476117 0.0 0.4257350265851 0.4556753954735 0.0950677710842 0.9126484059091 0.5816834599893 0.6582944251268 1.1391795734763999 2.1686903327126 0.1632193668289 0.0
0.31019930486789 0.17664806452259 1.1269636169156598 0.1873065015481 0.24584081034369004 0.3712514818937 0.06606390460979 0.46548119637076 0.47954471594747 0.62547985722157 0.5385235510364801 1.28686351271376 0.0677966101695 0.052036871840600005
0.0 0.0 0.0 0.0 0.0 0.0 0.0 0.0 0.0 0.0 0.0 0.0 0.0 0.0
0.0 0.0294117647059 0.23529411764750002 0.0 0.0 0.2058823529416 0.1470588235294 0.0588235294118 0.0294117647059 0.0 0.0294117647059 0.1470588235294 0.0588235294117 0.0588235294118
0.68978271366509 0.078947368421 1.17319652341937 0.08 0.2129406084021 0.59286817962349 0.16 0.98760502172928 1.16528247223538 1.17407532592909 0.7183582810244 0.9577691936262801 0.00917431192659 0.0
0.0576923076922 0.1538461538461 0.1538461538461 0.0 0.0192307692307 0.0576923076921 0.0 0.1346153846157 0.2500000000004 0.0384615384614 0.0 0.1346153846153 0.0 0.0
1.5852221994087001 0.3952687062187 3.1938909486522005 0.0112359550562 0.5627660725114 0.7462494523456 0.1618718624099 1.1590413649572 1.34655741111 1.2790760608595 1.1589476355863002 2.2602567653857 0.0112359550562 0.1283796104434
0.0 0.0 0.0 0.0 0.0 0.0 0.0 0.0 0.0 0.0 0.0 0.0 0.0 0.0
0.29673195656789997 0.0327868852459 0.639362004116 0.0 0.2834255908025 0.27604499325849996 0.0227272727273 0.2659853807395 0.604481583991 0.5816833439782 0.4209424455335 0.5203143850685 0.0227272727273 0.0327868852459
0.4622018595877 0.099447513812 0.7742891793550001 0.0243902439024 0.1813771728876 0.27893814849770004 0.0331491712707 0.5607061042986999 0.33054844360589997 0.29739927233519997 0.2564344427973 0.6513946907426 0.0 0.049723756906
0.1578947368427 0.07894736842109999 0.1052631578948 0.0 0.0526315789474 0.2456140350881 0.2456140350881 0.2982456140354 0.3596491228077 0.0263157894737 0.0 0.15789473684219998 0.0263157894737 0.245614035088
0.1602608098832 0.0106382978723 0.4612216884008 0.0 0.10706932052160001 0.1708991077556 0.0645161290322 0.1918325326014 0.20247083047359998 0.38641043239609996 0.3647906657526 0.8476321207955999 0.0322580645161 0.0
0.31850414078659994 0.0869565217391 0.4208333333331 0.1304347826087 0.1839285714285 0.1387163561076 0.025 0.9655279503101001 0.2012422360248 0.47626811594199997 0.2387163561079 0.7525621118021 0.0125 0.0488095238095
0.08870967741946001 0.040322580645230005 0.15322580645183 0.0 0.03225806451616 0.0322580645162 0.00806451612903 0.11290322580656001 0.12096774193570001 0.12096774193556001 0.08064516129039 0.20967741935498002 0.0 0.0
0.44307035739019995 0.170731707317 1.1979639033927 0.0243902439024 0.32009155282150004 0.3628138187537 0.0215053763441 0.5439548911612999 0.6883818515603 0.41232148391839996 0.5642753260379 1.210812292874 0.0215053763441 0.0181818181818
0.9572828796963001 0.3168357456453 1.5738162865534002 0.0689655172414 0.6817537140112999 0.3058117799496 0.1409871409871 1.1876612001749 0.7996720302057 0.8168775860653 0.8725134820792 1.1162721290639 0.0778036100616 0.083746898263
0.133333333333 0.266666666667 0.133333333333 0.0 0.133333333333 0.133333333333 0.0 0.4 0.0 0.266666666667 0.133333333333 0.266666666666 0.0 0.133333333333
0.0714285714286 0.10368663594469998 0.27534562211979996 0.0 0.0322580645161 0.3364055299539 0.1036866359447 0.0645161290322 0.2718894009217 0.1036866359447 0.10023041474649999 0.2649769585258 0.10023041474649999 0.1716589861751
