0.25015667283846 0.06561743341397999 0.49638940321908 0.0 0.16687793761598002 0.36360205099088 0.06870103973788 0.39475858139838005 0.3517590086885 0.30813986611617994 0.1034396809571 0.43055832502456 0.0 0.0
0.1594202898552 0.0144927536232 0.4739130434784 0.0144927536232 0.0 0.072463768116 0.11449275362320001 0.5594202898546 0.217391304348 0.0144927536232 0.0289855072464 0.2159420289856 0.1 0.0144927536232
1.333393091539 0.083541535426 2.7701524976086005 0.0710410746576 0.8377152631742002 0.9998426233541 0.3289654061709 1.3700560289503998 0.9775539150193 0.8316936046889 0.4257863165318 1.51450016097 0.0668608037274 0.38889767817890003
0.0 0.285714285714 0.142857142857 0.142857142857 0.142857142857 0.309523809524 0.0 0.0 0.333333333334 0.166666666667 0.0 0.47619047619099997 0.0 0.0
0.8763659699298499 0.0 0.708910891089 0.0 0.5081224789145 0.19152915291525 0.0432343234323 0.43412174550804994 0.30619728639515 0.41076274294080006 0.4445911257792 1.0051521818845501 0.0617528419508 0.00925925925925
0.24857970368712 0.18691126646127998 1.10357091428812 0.0 0.0767462648448 1.08397204780758 0.3163871356881 0.47624552718700003 0.41160200729748 0.32403948301468 0.09245307112764 0.25231146262674 0.0487804878048 0.37840062816328
0.2207792207792 0.030303030303 0.40259740259759996 0.0 0.1428571428571 0.15367965367960001 0.1363636363636 0.2532467532466 0.27705627705610003 0.077922077922 0.0 0.16666666666660002 0.060606060606 0.07792207792200001
0.30731977307330005 0.06666666666660001 1.2039020340388 0.1381741546124 0.14526082745250002 0.648423114177 0.0853146853146 0.7195037838864999 0.4685006013768 0.5007312322390001 0.18794903726399997 1.4737086353521 0.0 0.0545454545454
0.5956746652932 0.4039624924378 1.0595161924234 0.1041491449396 0.16852145464180002 0.2764368486777 0.051668806161599995 0.38126137654689995 0.1961028325843 0.30584652241480004 0.19085000328610002 1.0402634194637 0.0624621899575 0.1632840511706
0.4461962280143 0.2165289256198 1.0254476584018 0.0165289256198 0.2443181818182 0.2154269972445 0.1663911845726 0.5267800381434 0.082644628099 0.4814049586778001 0.2055387794022 1.3562645687646 0.0 0.0165289256198
0.7541692546585 0.31212732919229996 1.4809161490693 0.0434782608695 0.35086956521699997 0.9024689440991001 0.04375 0.9608540372673 0.474541925466 0.5597903726708 0.770232919254 1.2551086956540998 0.0 0.0916925465838
0.7865051116064001 0.2058095043377 1.4985960154613 0.0286240032713 0.5846822204687 0.5755362388804 0.0428571428571 0.7057613463381 0.32369388942669997 0.7174695167851 0.7469035204589 1.7549374868376 0.0 0.0286240032713
0.0 0.0 0.3571428571428 0.0 0.0 0.0 0.0 0.0 0.0 0.2142857142856 0.0 0.2857142857142 0.142857142857 0.0
0.1730769230773 0.2692307692315 0.7307692307707001 0.0 0.1730769230769 0.2307692307692 0.1923076923077 0.1153846153846 0.365384615385 0.2115384615384 0.0961538461538 1.0384615384622 0.3269230769235 0.076923076923
0.80618264811697 0.19238310708899997 1.4100082153265798 0.0117647058823 0.25168345664648 0.65542711219309 0.17187499999999 1.25946110015299 0.41800934233159 0.59559238644518 0.48291823356149 1.6072748204592002 0.015625 0.12179487179499998
0.3403508771931 0.2175438596491 0.12280701754370002 0.0350877192982 0.0 0.27017543859640003 0.0 0.140350877193 0.42807017543869996 0.0 0.27017543859640003 0.1754385964912 0.0 0.0
0.7582096002465 0.03 1.5514590729029 0.09090909090900001 0.1083870967742 0.9031671554251 0.09 0.6311236301897001 0.5369105314605 0.2069105314605 0.5947214076244001 2.1920728507487 0.0 0.3061290322581
0.0 0.0 0.0 0.0 0.0 0.0 0.0 0.0 0.0 0.0 0.0 0.0 0.0 0.0
0.35137844611499996 0.0 1.0606516290719998 0.0571428571428 0.2350877192984 0.16040100250609998 0.0461152882205 0.5578947368413 0.35588972431120003 0.4130325814537 0.3689223057641 1.3583959899759002 0.0175438596491 0.0175438596491
0.2898245614034 0.1087719298244 0.5922807017545001 0.0238596491228 0.1677192982456 0.42245614035080004 0.052631578947400004 0.3621052631575 0.26526315789489996 0.0666666666666 0.2175438596491 0.3277192982456 0.0238596491228 0.079298245614
0.43655015197540004 0.0714285714286 0.3419452887537 0.0 0.14551671732510002 0.2458206686928 0.12082066869300001 0.1633738601821 0.3240881458966 0.0 0.0604103343464 0.9829027355629001 0.0535714285714 0.0535714285714
0.31964025279540004 0.08082158483230001 0.6448711716089 0.062469615945500004 0.062469615945500004 0.40410792416130004 0.0441176470588 0.33616917841530003 0.45381623723889997 0.0642926592124 0.09552746718510001 0.3490520175014 0.0165289256198 0.0661157024793
0.2023984010659 0.1560293137909 1.0373819752363 0.037974683544299996 0.2558524202255 0.3934158836637 0.0681936180477 0.601355418227 0.2198258632174 0.19192262629509999 0.3452319143557 0.3169611063887 0.0421052631578 0.1313515127846
1.0689241219421 0.07655826558260001 2.0141648226044997 0.0588235294118 0.7476666207341 0.5722268154875 0.1341807909604 1.312475041003 0.7337902282309999 1.7533828055143 1.0592047705135 2.3445839986845 0.0731707317072 0.0508474576271
0.4290074659638 0.21376811594179998 0.9950153711021 0.0277777777778 0.36532718489250005 0.3032059727710001 0.11473429951689999 0.5003293807644 0.42296881862080005 0.2369784804568 0.42411067193720003 0.9086736934562001 0.0581027667984 0.0
2.5290221270537 0.31639537374189997 2.7063437675123 0.2940163363235 0.4695117878846 1.0598624639935998 0.1559398871991 1.4533174515691 1.8562325382398 1.4931007672396999 0.8536767776004 6.3983949573764 0.2586206896546 0.1555650746053
0.166666666667 0.0416666666667 0.3750000000004 0.0 0.0 0.1666666666667 0.208333333334 0.0416666666667 0.29166666666700003 0.0416666666667 0.333333333333 0.2500000000004 0.0 0.0833333333333
0.0 0.0 0.0 0.0 0.0 0.0 0.0 0.0 0.0 0.0 0.0 0.0 0.0 0.0
0.6482808804802 0.0940149172276 1.2276150627624 0.0782608695652 0.15160996907399998 0.18286338002539998 0.0 0.5746770965978 0.4860833181738 0.6371839185008 0.3029652537746 3.5536838275417004 0.0 0.0627615062761
0.6031746031751 0.142857142857 0.46428571428550003 0.015873015873 0.031746031746 0.2619047619046 0.0555555555555 0.28174603174589996 0.39682539682609996 0.3214285714289 0.2619047619045 1.1190476190482999 0.0 0.043650793650800004
1.2437787138579801 0.18540802484844 3.1629153679875595 0.16674270072980002 0.6996065309789801 1.98120579921582 0.17011742866896 2.11240520453263 1.93589356724233 1.19862889707073 1.02097495450684 3.8388217934754594 0.02578320249461 0.25771781439306
0.2 0.0 0.0 0.3 0.1 0.0 0.0 0.0 0.0 0.0 0.1 0.30000000000000004 0.0 0.0
0.2758469791075 0.00757575757575 0.9858648597776501 0.06825710521350001 0.17385187276505001 0.217480707698 0.041704310182499996 0.31398927159800005 0.39558629776070003 0.46059664972685 0.26498682476920005 1.7692923019031999 0.016271409749650002 0.0086956521739
0.9210837089185001 0.3260626930671 1.6343262267674 0.1027943485086 0.30156479465200003 1.4104441180953 0.34354585506699997 0.9435114194572001 0.608941104978 0.5880771762796001 0.7934957208694 1.4982427710555002 0.30154656403499996 0.2263634982528
0.1142857142857 0.0 0.49523809523859996 0.0380952380952 0.0 0.4190476190471 0.0190476190476 0.1142857142857 0.1714285714285 0.0571428571428 0.0761904761904 0.40000000000009994 0.0380952380952 0.0571428571428
0.9199710417019 0.3240814349972 1.4979392673052 0.1003553790272 0.32612256958310004 0.9994173331713 0.1576764114489 1.0202796030267 1.3395012934748 0.8986998916575 0.4355465962605 2.6063903400407 0.0816326530613 0.2923861852435
0.7286554397223001 0.4565891472875 1.3955092221336 0.1444444444443 0.2988060233455 0.316127595117 0.06781609195400001 0.5699991089718 0.5725652677540001 0.21536131159239996 0.273598859485 1.7248953042853001 0.1011494252873 0.1344827586206
0.48188222604213005 0.0588235294117 1.12752478987275 0.05 0.18871052010643 0.1805977229601 0.07557471264363 0.6532188171052 1.0439279433086301 0.41662200424759 0.6087519010032001 2.02523927358166 0.0 0.0891265597147
0.9216388549729 0.6755935422605 1.2903269569948 0.0 0.1595984262649 0.492172025505 0.21098901099 0.42726902726910004 0.4191290191287 0.5498846832182 0.552408085741 2.1413919413928997 0.0615384615384 0.0980599647265
1.06205557652811 0.3406405603121 2.66315010181814 0.3300668110239 0.58168070203977 1.15302279152047 0.1351747011658 1.3148017097592 0.71824392710067 1.05516443843314 0.9174478113945999 5.4794940726287 0.1754584044961 0.0735983917801
0.0 0.25 0.0 0.0 0.0 0.0 0.25 0.0 0.0 0.25 0.0 0.0 0.0 0.25
0.21957671957660002 0.1455026455026 0.2182539682539 0.0 0.0357142857143 0.3611111111117 0.0714285714286 0.29100529100530004 0.074074074074 0.0357142857143 0.0714285714286 0.2592592592591 0.0 0.2169312169312
0.8812764073953001 0.13060962923475 1.36978116004 0.07461430222615001 0.09764325023545001 0.53834419486455 0.12319729817755001 0.67538661332825 0.36995638704194994 0.9250470442529499 0.5604059101702 5.22134913906225 0.0323886639676 0.0
1.1809605488850001 0.1731346483704 1.0038593481999 0.1022727272727 0.0482418524871 0.5591766723848 0.0141509433962 0.47084048027540004 0.9961406518022999 0.2099056603772 0.2437821612349 1.0260506003436 0.15330188679239998 0.818181818181
2.8175189466268398 0.8761241391821999 4.11161198318344 0.1263157894736 0.7601764897506 1.03087537410314 0.31159204169168003 1.66169603702394 2.5039607446092402 1.79079169008342 1.37504500477346 9.1989059723442 0.11321839080454 0.32216739635692
0.0 0.0 0.0 0.0 0.0 0.0 0.0 0.0 0.0 0.0 0.0 0.0 0.0 0.0
0.6818778509146 0.051077918467300004 0.8517499950212 0.0215094959225 0.34800205603050005 0.3235169718839 0.0346517609413 0.5544147850815999 0.5935332758568 1.0057488203846998 0.44538285885080003 5.8936631419237 0.0642201834861 0.13065088523659998
0.4609273804602 0.133664048505 1.0812801433100998 0.0254237288136 0.202356345597 0.6131459280695 0.1826305635938 0.7387074548704999 0.3786344219373 0.3480294887691 0.4052363235498 1.2042097285381002 0.0793785310735 0.1463759129117
0.10559006211177 0.10559006211180001 0.17805383022766 0.0890269151141 0.054865424430590004 0.10559006211178 0.14596273291929002 0.16459627329189 0.1832298136648 0.12422360248439002 0.0383022774327 0.65217391304367 0.00724637681159 0.04554865424429
1.4401785316618 0.258937117375 2.0328793228653996 0.2082796577484 0.48505573811979996 0.7382290312617001 0.1066602899182 0.7772067880134 2.2037325729096002 0.9413566255795001 0.9936022008785 4.592783838452199 0.13281244049580002 0.088285844718
0.47975432990449 0.38943132729699 0.34616810088397 0.09183975383158001 0.1629619940138 0.36119857606090006 0.048078210794100004 0.31131708198229 0.39173292720520003 0.32888585746269 0.19162765781829003 0.86646983160059 0.0152671755725 0.0152671755725
0.58794553304917 0.07623930636048 0.9427073339564699 0.0436960276338 0.65344415214508 0.49491697960840003 0.1185081910076 0.8864325490312801 0.57416323003079 0.9377498003763001 0.8950435071517799 1.77220423710989 0.0169491525424 0.0
1.0367503234932 0.20081399897675 1.0782176281187499 0.07907526105135002 0.3204312238573 0.42753001715289995 0.09183443170525 0.5241491378531 0.5414372122418 0.5953778098771 0.67740212452285 3.1908233276153 0.1733020372546 0.06285546628145
1.9790466794159602 0.5794363850956 3.0585965538552204 0.31919241658249997 0.41345283980205 0.9332606662993301 0.20412437908456 0.93822942009322 1.5694654713067901 1.87879795067986 1.03943508841166 6.84862007220986 0.17543888049493 0.06290319667673
0.18395303326800003 0.3953033268099 0.26614481409 0.0 0.0 0.2113502935419 0.156555772994 0.027397260274 0.068493150685 0.0684931506849 0.041095890411 0.49902152641889996 0.0 0.082191780822
0.1379310344825 0.0344827586206 0.3275862068967 0.0172413793103 0.0 0.2413793103449 0.0689655172413 0.051724137931 0.0689655172413 0.0344827586206 0.17241379310350002 0.7068965517247 0.08620689655159999 0.051724137931
2.0159883905417 0.3649028072731 3.0958698605680004 0.0547158381288 0.8739689483255 0.8662100209488001 0.1343668167049 1.6097747493612002 1.5660124071719999 1.6077574912127 1.2542136399033001 8.4651574566092 0.0165289256198 0.0745326476394
0.9970776374314602 0.08997629639245999 0.64168587849504 0.11176413287005998 0.08997629639245999 0.3305516771117 0.0 0.63954281261106 0.3014254635193199 0.21144916712692 0.37695230054936 1.101503393188 0.0 0.1080949443127
3.42068159865909 0.76067596645541 5.421736880685899 0.10074717997680001 1.1677150942758001 1.8788172967704004 0.62778294932558 3.1159361027987904 2.89292926052499 3.4732867844490203 2.2413059059738902 12.21655264555448 0.0611470975196 0.6206852370329901
0.0 0.0 0.0 0.0 0.0 0.0 0.0 0.0 0.0 0.0 0.0 0.0 0.0 0.0
1.7064620854282198 0.0738359046022 1.34620607310552 0.00609756097561 0.37979009433480004 0.32135910284600006 0.040193061471400005 1.2438783820087 0.62120166860033 1.0348742481992201 0.41726671191531994 4.574014440491521 0.07699094285501 0.15782972316290997
0.8673457649811999 0.16953717903329998 1.4104495218847002 0.07031317401420001 0.4616859080782 1.0386524379406001 0.2182992082173 0.8272111191128 0.6398765873362 0.8046505117443001 0.8928828195927999 2.3522657445322 0.0272108843538 0.2196191391748
0.4296675191819 0.1858482523444 0.7578857630008 0.0667803353225 0.2060244387611 0.3483944302362 0.2236430804202 0.2671213412901 0.5780051150900001 0.2961068485365 0.2381358340436 1.1932367149773 0.104575163399 0.1045751633987
1.5795501022007001 0.2491028450002 2.2865399560424198 0.11955717998000001 0.7866518412955099 0.9030948883630999 0.0662608182086 1.03966046409231 1.02901245412751 1.20456904626112 0.7989243490918001 4.5125419659057 0.17875652465441 0.24577756477872
0.9506115379555199 0.26876028687887 1.35348211839487 0.015915315715430003 0.41213541442194995 0.69830642693246 0.16354050312475998 0.81675592936337 0.91280600286788 0.46476699336952 0.29677326333819004 1.5312498919649797 0.00584795321637 0.10904836245149001
1.3765155522963999 0.32099351239946 2.41781367562594 0.095238095238 0.9357121974304999 0.7319881694877001 0.2000896414957 1.2126228219971598 1.69933979308956 1.0110443118249601 0.8187880531629 3.11270387833212 0.0 0.067150297619
1.7416615170732 0.4785422017573 1.9930316970611002 0.0845125667561 0.5875814589948001 0.6506546898494999 0.1957019962133 0.9363199472711 0.7343561412803 0.8727747690522 1.0517259300284 5.4912385012528 0.1589978200557 0.0229007633588
3.72399333691114 0.71559911192398 6.247054436905879 0.39707364059038 1.6300077191480602 1.8922290495568799 0.18726090000290002 2.2672344519238 3.13255784586218 3.62211476107418 2.50285082933842 12.005083796316221 0.30226749470718 0.37467262574469995
0.079207920792 0.1980198019802 0.41584158415829997 0.0 0.019801980198 0.158415841584 0.11881188118799998 0.079207920792 0.1980198019803 0.05940594059399999 0.1188118811881 0.2970297029712 0.019801980198 0.237623762376
0.16030534351140002 0.2203053435113 0.744122137405 0.0229007633588 0.1145038167938 0.5122137404586 0.234503816794 0.19740458015260004 0.32320610687030005 0.12870229007630002 0.4577099236651 0.44061068702330003 0.2232061068703 0.22030534351179998
0.9463091144063199 0.18201162209651 1.02747353570836 0.0290832455216 0.40795951703056 0.46557515300388996 0.05031989637719 0.8804376156776801 0.87042566296613 0.4787008493331 0.57222691054704 1.9782724085982502 0.03312791929968 0.07807654943667999
0.543907943908 0.18587338587320001 1.3424353424359998 0.1325045325044 0.1185185185184 0.20574980575020002 0.1784215784218 0.3699041699048001 0.6739334739328001 0.4186776186776 0.43965663965699997 1.8826654826661997 0.35684315684299994 0.1509083509086
2.71875376572074 0.51286489718322 4.01811303736606 0.24461955715132 1.1378344548246802 1.74784460580029 0.36667313015025005 2.23748460432256 1.94172602768786 2.4614758974904998 1.9399708836393998 5.041901377044191 0.19858282757616 0.43215493404127003
0.0416666666666 0.2916666666666 0.0 0.0416666666666 0.0416666666666 0.0833333333332 0.0 0.0416666666666 0.29166666666700003 0.16666666666660002 0.0 0.0 0.0 0.0
0.67729970326432 0.14212214032712 1.16942662965494 0.12127883602922 0.30403465109522 0.38331578443523995 0.10514980377124 0.70347946778962 0.64702785488742 0.9201684694175201 0.47233655594862006 2.2542356657406204 0.0661912510768 0.0339331865606
0.7394732228560801 0.39508329905447004 1.02761963526639 0.00721153846153 0.26000164051626 0.58894642122585 0.21233195725834003 0.66255499402546 0.7783307623743799 0.42672033848489 0.34825512722529 1.028747306616 0.17247338445844002 0.35225037217673
0.157142857143 0.2409090909091 0.515367965368 0.0238095238095 0.08571428571430001 0.2787878787879 0.4891774891775 0.17878787878789998 0.1168831168832 0.08333333333340001 0.2510822510826 0.2880952380953 0.0 0.2909090909091
1.3665745918855 0.4450772941763 2.6906811217767 0.1726360106929 0.7077359907974999 1.2257007460727998 0.059951159951099994 1.3876284683671 1.8012091433826003 0.6765747876973 1.0125624782826 2.9392547904132 0.017094017094 0.49731939941600006
2.2521425991851003 0.7648702471235 2.7135520817213 0.3494299128101 0.38619718309850004 1.3113429293713 0.1738967136149 1.0028406335466 1.3856379301447 0.9977887839861 0.9184439973169001 1.6756879739985 0.0281690140845 0.04
1.3640980193645003 0.23285883090235998 2.3472268813463004 0.0719424460431 0.7865294557589001 0.49422075908986 0.0438476804763 1.8292030538631199 1.6721353086467 1.0696392264936998 1.03460736646 2.78661845897062 0.0499999999999 0.2170725125886
2.4093069942214003 0.34437264311255 2.6346394527150503 0.2090605627084 0.7537063459702 0.9018210196740499 0.17209596847949998 2.1390136850255 1.72743547437395 1.4374394395152499 1.2835080390401998 4.65884595936125 0.1926025881859 0.1361518276172
3.1105111055201005 0.7639706588783999 4.2256166516188 0.3294915022861 1.0444390549614 1.552003009607 0.4107957003238 1.8831494281748997 2.4798632556094 2.4258702899169 1.7956353625983001 5.6977847961440995 0.10890382652800001 0.1719653578321
0.0266666666667 0.0133333333333 0.0533333333332 0.0133333333333 0.0133333333333 0.2 0.0133333333333 0.0933333333333 0.0666666666666 0.08 0.053333333333299995 0.2133333333336 0.0266666666667 0.1333333333334
0.5846988432391 0.5020023932987999 0.6794016753093002 0.0183486238532 0.15357000398880002 0.7823534104508 0.5704427602713 0.519050658157 0.7339210211408 0.2638292780215 0.5190506581575001 0.7856721180698001 0.19339449541280002 0.69426406063
0.9244366016636899 0.10037523452129998 1.1459072010044702 0.0647672075238 0.33389040488749 0.15771103960629 0.0222795497185 0.6842708565203 0.7340237145037001 0.65529750453109 0.74728387246749 2.31437219766757 0.0384615384615 0.076923076923
0.2255639097746 0.045112781954700004 0.270676691729 0.0150375939849 0.045112781954700004 0.060150375939700004 0.0150375939849 0.2706766917295 0.21052631578960002 0.1353383458644 0.1203007518796 0.5714285714287 0.0 0.0150375939849
1.8953098005070197 0.48970472806013 3.08559150793676 0.08971723398539999 0.98103312935433 0.99068064447193 0.2606215662922 1.88063439239646 1.2483781747045901 1.2073325764864 1.0621358461869301 3.5213591854907498 0.0722850315253 0.21521618260078
0.0 0.0 0.0 0.0 0.0 0.0 0.0 0.0 0.0 0.0 0.0 0.0 0.0 0.0
1.05625304348194 0.19032848386551998 1.5556178212904201 0.05230963996442 0.340495568243 0.29280699520619996 0.08274166923532 0.72659171324024 0.89387629054802 0.84481228695574 0.6242609085101201 2.2662055651604 0.04161445279862 0.0320855614973
0.6234177215188399 0.40520203748059996 1.10920857566414 0.01898734177214 0.1449367088609 0.72517200745044 0.36408750522663996 0.7903058121418999 0.63301497700204 0.48948473790274005 0.6031151404566 0.6712728551344 0.18868647128124003 0.2331081081081
0.0 0.0 0.0 0.0 0.0 0.0 0.0 0.0 0.0 0.0 0.0 0.0 0.0 0.0
1.25636076476167 0.2321076557576 1.9235449801002698 0.16811186534129 0.60104396447419 0.50834915400969 0.07962722927249 1.02144815742478 1.3060337013168 1.05693694756039 0.86611166908837 2.79199034279119 0.04818532310699 0.1401482449984
1.3625216147333001 0.4989184856437 1.8464952369823 0.1397776265033 0.3766159684303 0.5169634937341 0.1585711486154 0.8733525569802001 0.7481450866407 1.1355167693664 0.5975834228051999 1.6103795827245002 0.074074074074 0.0610849327664
0.8287133150497601 0.3499299410992 1.4989053423410101 0.16580484897683 0.7151069727539099 0.5059660646050199 0.19248592115811 1.5654129997552 1.69213330542962 1.08757034240733 0.6309184498722 1.5696759330334702 0.061969864956100004 0.1354066985647
1.3697363354601402 0.17022627401327 1.59942722703355 0.05808361080277 0.38339073853184 0.45984257488764 0.12527237980126998 0.9047777833374799 0.54473214531857 0.8389352181629101 0.78794761750424 2.54940700056044 0.06575097043894 0.14247012414406998
1.6152389194913501 0.42898650175600006 3.1206358423141998 0.1488458489983 0.6864137257501 1.1591982548374002 0.31982808174395 1.7438714191487998 1.7292461913188002 2.1853260249148 1.85661183659995 4.59747358185745 0.08068869241505 0.3276350788538
0.1775501493809 0.10072556551410002 0.1754161331624 0.0281690140845 0.0563380281689 0.1429790866408 0.0422535211267 0.2825437473323 0.0845070422534 0.14511310285940002 0.333333333334 0.3021766965427 0.058472044387500005 0.0704225352112
0.2810457516339 0.26633986928090003 0.6285403050105001 0.0 0.16285403050109998 0.4351851851849 0.19880174291940003 0.3028322440087 0.2881263616557 0.0517429193899 0.2592592592591 0.7848583877988999 0.2886710239648 0.0517429193899
1.0884675343355998 0.06597206214549 0.86166865380758 0.00917431192659 0.43109613434149 0.38881479868349 0.06969912636568 0.78879422209639 0.94095980364589 0.72246356723189 0.79910102985537 1.6995037885595798 0.01834862385318 0.11593634315138002
0.6260869565227 0.0260869565217 0.5217391304354 0.0 0.0782608695651 0.1043478260868 0.0 0.39130434782600004 0.2086956521734 0.1043478260868 0.1565217391303 0.6521739130434 0.0 0.1304347826086
2.17357363797129 0.57388790598162 3.30371500494508 0.08856640073012 0.69700313655357 1.57219891404837 0.5451437003060999 2.2760476516752 2.1261042931315597 1.2454136974068901 1.1951784240757202 2.84888957576654 0.12410780124850002 0.23016985616177002
0.142857142857 0.0 0.0714285714285 0.142857142857 0.0 0.0714285714285 0.0 0.0 0.5000000000004999 0.0714285714285 0.0 0.0 0.0 0.0
0.91724216339431 0.18739636837611 1.2160029177255303 0.03808240550311 0.23010075836111 0.45095754775881997 0.20210094297001 1.05671442867501 1.1904604311523 0.88477795675962 0.80729949356243 1.6368207590832298 0.042266505921519995 0.13977732075741
0.9851224585855001 0.5203979137334 1.4907314825556004 0.0119402985074 0.2001426652938 0.8851601875552 0.17534099795449998 1.0310844606918002 0.6239513042528 0.6638391588925 0.6749288417461 1.4192967979319002 0.08235535083840001 0.23570808145590003
0.2615553925163 0.0425531914894 0.7725605282461 0.103448275862 0.206896551724 0.34372707263360003 0.3954512105647 0.3316214233307 0.4104915627293 0.14600146735140002 0.33162142333070005 0.6115187087304 0.0212765957447 0.0212765957447
1.8008125236796002 0.6079563833291 3.2698775967134996 0.2493534776101 0.6798955883325 0.5801408627232001 0.258828851314 2.7222638191712 1.0563379322839 1.4242505126041998 1.4022640640125 2.6781442583648003 0.0638297872339 0.2060443426293
0.67726943505572 0.0682037662964 0.7579671656211401 0.0275229357798 0.1788990825685 0.11304925156922001 0.0825688073394 0.39841863833933 0.27516900048291 0.46547561564364004 0.28718010622912 0.65511830033752 0.00657894736841 0.00657894736841
1.2302148774328001 0.22188077420520003 1.3519247351561001 0.0344912540034 0.7643412016505 0.4487061930287 0.0734375 1.2501254927316 1.1184508961576 1.4356799704348 0.7649898373985 1.9876701465890998 0.2180871212119 0.1
0.8241917947092999 0.2346722585791 1.0707240192084 0.0124223602484 0.3203127022311 0.2851290924782 0.1607004914174 0.7588910628621 0.8900368265139001 0.5089545847473 0.5627882539689001 1.3058621120384002 0.0248447204968 0.040469720496800005
1.47215407921044 0.5304617585268001 2.4532757239731593 0.1241104904633 0.6101912152303 0.6245477035672999 0.1072703238738 1.33422945045688 1.33198011179118 1.39417086535146 1.21169566049496 2.5509289280948604 0.0499939836314 0.2049897053327
0.1578947368421 0.0526315789473 0.3552631578946 0.0 0.0 0.10526315789480001 0.0526315789473 0.3377192982456 0.3377192982455 0.0350877192982 0.1578947368421 0.33771929824549995 0.0175438596491 0.0526315789473
0.1470588235295 0.0588235294118 0.0588235294118 0.0294117647059 0.0 0.0294117647059 0.0294117647059 0.117647058824 0.08823529411770001 0.0588235294118 0.0294117647059 0.1764705882353 0.0588235294118 0.1176470588235
0.78204968712093 0.17275733774270002 1.34373901318624 0.0040650406504 0.61802565103093 0.33491968437791003 0.07275733774280001 1.02140363348883 0.86715874714501 0.5946399158279 0.83829599265441 2.34205787773091 0.0 0.0081300813008
0.15555555555579997 0.2206349206348 0.17777777777769999 0.0 0.0555555555556 0.33015873015839997 0.0222222222222 0.1111111111112 0.3634920634918 0.0111111111111 0.2095238095236 0.17777777777769999 0.0111111111111 0.1539682539681
1.82699076433774 0.5756007878569 3.2143816014557105 0.0250706584319 0.91359234271762 1.1366891934304 0.35173473036942005 1.72963441214876 1.5097313131166699 1.01729173102335 1.2594838556603 3.0476148623899997 0.11055499452992 0.2816287525327
0.0 0.0 0.0 0.0 0.0 0.0714285714286 0.0 0.0 0.7857142857146 0.142857142857 0.0 0.0 0.0 0.0
0.48903353681210004 0.06638967468167 0.5971162435792099 0.00892857142857 0.29114401101767 0.42505862428267 0.09639972455887 0.6311602024874401 0.7048593017191699 0.87785677063887 0.55798220799641 1.2272854165106701 0.0 0.0267857142857
0.5730223852436 0.19045874744209 1.00905192165324 0.00964630225079 0.16357944362439 1.0869580319368 0.3185194672135 1.01343123595409 0.7915931194021 0.5349286261089801 0.6155847546616999 1.12646807507709 0.1969728017883 0.36978508764608997
0.1264418811003 0.0408163265306 0.46362023070110003 0.0 0.0652173913044 0.1712511091394 0.1237799467613 0.1672582076309 0.24755989352309998 0.0856255545697 0.2963620230702 0.19165927240470002 0.0 0.0204081632653
2.0600382729405 0.5881671536444 2.8582432423692 0.05113718673039999 0.7947065202952001 1.0300773309401 0.0425531914894 2.2323555817876 1.0329264149449 1.2366166975911999 1.7524623541886002 2.1324926786138 0.0548900411228 0.1333333333334
0.52419156068268 0.17292714187138 0.60541752933062 0.0685941043084 0.25483091787458 0.14805777383406002 0.0471014492754 0.45644779650976 0.30456965394856 0.39890811397058 0.51853495021108 0.47686828354572003 0.0 0.02355072463768
1.0525794580125 0.03 1.544334783095 0.0491803278688 0.19638675142179998 0.3924456339912 0.12333333333319998 0.5838050630086 0.4308062897291 0.7902698784425 0.5789071038257 1.1618311586941 0.0 0.0661202185792
1.5782134061842 0.2126479339799 1.9067909112045003 0.0 0.6986130685183 0.5372633804333 0.11985940525540001 1.0202818530535 1.0847401672963 1.0640296584595998 1.3220749575964 2.3239298748668995 0.10045605817799999 0.0310993249758
2.00049045483037 0.6395343310896001 2.78485824270029 0.13274374334339 0.8904596918129799 1.02450251129618 0.0248447204968 2.41383062167399 1.6408027583614901 1.38879543597018 1.34916947314819 3.51145226131408 0.07653817070719 0.12197758325029
0.0 0.0 0.0 0.0 0.0 0.0 0.0 0.0 0.0 0.0 0.0 0.0 0.0 0.0
0.0 0.0 0.0 0.0 0.0 0.0 0.0 0.0 0.0 0.0 0.0 0.0 0.0 0.0
1.2785194944605 0.23975869809189998 1.7241533694423998 0.0446969696969 0.4617088762012 0.4397489386629 0.0535914702581 1.3418984531322 0.9666691065249 0.45491753281540004 0.7213914507385999 2.1309703313333 0.0 0.1419753086418
0.060606060606 0.0 0.181818181818 0.0 0.0151515151515 0.0151515151515 0.0 0.1515151515152 0.0909090909091 0.1212121212121 0.1212121212121 0.2424242424246 0.0 0.0
1.3382161629272 0.59236922036753 2.9447760516201895 0.10421742939197 0.6688252602712299 0.8311688447487999 0.16885514813787 1.4489581990132 1.44732539757253 1.0291452003239 0.95037179032764 2.11118431267816 0.06556988992783 0.29901709268977006
0.0 0.0 0.0 0.0 0.0 0.0 0.0 0.0 0.0 0.0 0.0 0.0 0.0 0.0
0.9443404183537999 0.1399954212454 1.2212430113753001 0.0 1.0491408810489 0.1716346153846 0.0828525641025 0.9507024773474 1.0390519568153 1.6005470406795 0.7584224985547001 1.9526231444002002 0.07406135531130001 0.0153846153846
0.6650695795431001 0.3390151515154 2.0690427993063003 0.0151515151515 0.4660054857425999 0.9606336645821 0.33623503689280004 0.9332849168374 1.0526567730522 0.3507632718157 0.4920956236748 0.9601560719981 0.0803571428571 0.27953296703319996
0.3750000000004 0.0 0.3333333333336 0.0 0.0416666666667 0.1250000000001 0.0833333333333 0.4166666666666 0.125 0.0416666666667 0.25 0.20833333333339998 0.0 0.0
0.6830477592059 0.1455902449278 0.8217264094746001 0.0132450331126 0.5888520971302 0.216931216931 0.0119047619047 0.7027663898529 0.6338081222181 0.45116332036859996 0.445994954273 1.2730649286941 0.0 0.0119047619047
0.43161214953259996 0.12488317757022 1.2449532710292197 0.065 0.3325 0.25572429906564 0.16053738317752 0.33834112149532003 0.57387850467294 0.53869158878504 0.26238317757 0.61845794392534 0.0 0.053037383177520006
0.9272648336385 0.0654562828476 1.1719216261215002 0.0 0.4946032327808 0.27600154461390003 0.09285354312159999 0.9462059877790999 0.8393599451962 0.6167195718712999 0.9080232652010001 1.6204942764212 0.013698630137 0.027397260274
0.6811650231586001 0.1057634842372 0.8027771552374 0.0 0.31969221574760004 0.3284551023459 0.0423576871358 0.4796896010755 0.5345472882113 0.8140015688026 0.6492548184678 1.1830569251468999 0.0 0.0592391304348
1.5070230201581 0.5110139860139 3.5820804497768997 0.32666431150880004 0.8165544645334 1.0388040025620002 0.2489975482201 1.4310322233887 1.4344728069851 2.0870389023760003 1.1070858847547 2.5241136152280994 0.15772020725379998 0.2273985772431
0.0 0.166666666667 0.166666666667 0.0 0.0 0.0 0.0 0.0 0.0 0.166666666667 0.0 0.333333333333 0.166666666667 0.0
0.027027027027 0.08108108108100001 0.2972972972972 0.0 0.0 0.16216216216200002 0.054054054054 0.027027027027 0.0 0.027027027027 0.135135135135 0.135135135135 0.054054054054 0.0
1.4750135829075 0.2641884431356 0.9079826606142 0.0357142857143 0.46267153898749996 0.5362377388688 0.027972027972 1.1196411775358999 1.2578465394249 0.8704193467348 0.8533539559854999 2.0643555275161 0.0 0.1246031746032
0.3159420289853 0.1449275362317 0.38985507246330003 0.0579710144926 0.053985507246299996 0.0829710144927 0.0579710144926 0.468840579711 0.5137681159433 0.327898550725 0.15000000000000002 0.40688405797059995 0.0 0.0289855072463
0.9184058693497501 0.19713258292094998 2.3245604172709395 0.0746806419914 0.5981016692802901 0.94921052327754 0.19552520808449997 1.41350133130556 1.3176339344119201 0.8389455676264401 0.8357788366607001 2.0605692797664803 0.12499138667616999 0.15096275137698
0.0 0.0 0.0 0.0 0.0 0.0 0.0 0.0 0.0 0.0 0.0 0.0 0.0 0.0
0.1149425287355 0.0229885057471 0.29885057471279997 0.0 0.1149425287355 0.0229885057471 0.0689655172413 0.20689655172439997 0.0919540229884 0.6206896551732 0.0919540229884 0.3448275862072 0.0 0.0
0.8941988244319999 0.23503730651469998 1.04910729945 0.0976621417798 0.5554824792176 0.7671236652089 0.07692307692309999 0.871162239494 0.8880792030583 0.6770894404273 0.8323925276741001 1.7814888030339 0.1766935754623 0.0975594173268
0.0 0.307692307692 0.153846153846 0.0 0.0 0.461538461538 0.0 0.0 0.0 0.0 0.307692307692 0.0 0.0 0.76923076923
0.8721677566753999 0.3255275347407 1.6167713636558 0.0 0.1280393658285 0.49637759777349993 0.1300415500295 0.8965131688666998 0.7016144795671 0.7015920637111 0.7850785720563 0.9394511881305 0.0 0.40682535896750005
1.01919952498291 0.27843839626350997 0.9589816799991101 0.0582524271844 0.30711215599601 0.29017409451480997 0.1443160106166 0.61025718204561 0.80660380850481 0.65851546887041 0.48993050941952 1.28627253613312 0.0 0.0919462054653
0.7645696491998 0.0384615384615 0.9599231255766999 0.0 0.6578893592177 0.2405634213981 0.0 0.6836617525415999 0.5357271444559 0.8479881282529 0.2954361893637 0.921189120809 0.016129032258 0.0384615384615
1.3564721217895002 0.22124335623850003 1.2381251771894999 0.0 0.3854228972625 0.6161190821335999 0.09075497727340001 0.9563631505230001 0.4199789012554 0.5152775355921 0.5751830511884 1.5058835767771002 0.1191761727761 0.0
1.2627637763438 0.2032806630735 2.3304203663001 0.0 0.8833166728102001 0.7583468178660999 0.2730683526405 0.9998011402847999 1.2893292492932 1.8423472815908999 1.6245811704979 3.3484580720470998 0.015625 0.1686614372468
0.1153846153846 0.1153846153846 0.3461538461539 0.0 0.1153846153846 0.1730769230773 0.0 0.46153846154 0.2884615384623 0.0576923076923 0.3461538461543 0.8076923076935001 0.115384615385 0.0576923076923
0.0 0.0294117647059 0.23529411764750002 0.0 0.0 0.2058823529416 0.1470588235294 0.0588235294118 0.0294117647059 0.0 0.0294117647059 0.1470588235294 0.0588235294117 0.0588235294118
0.4354078849487 0.133333333333 1.3183899495827 0.0 0.1651376146786 0.5282915943469 0.027027027027 0.44901231506679995 0.7853211009171 0.4901396809648 0.3558145301258 1.2179353665584 0.0941896024464 0.0
0.1136363636364 0.5454545454545 0.159090909091 0.0 0.113636363636 0.5454545454545 0.0 0.1590909090909 0.0227272727273 0.0 0.090909090909 0.2045454545452 0.0227272727273 0.0227272727273
1.6446805498007002 0.2821196423414 2.5681250549414 0.0 0.5678000163256001 0.43968598123799996 0.1335598839619 1.2088217232421998 1.4589819349735 1.1224116841852 1.2069747830558 2.1714415916320005 0.0 0.1953971543031
0.0 0.0 0.0 0.0 0.0 0.0 0.0 0.0 0.0 0.0 0.0 0.0 0.0 0.0
0.0 0.0 0.0 0.0 0.0 0.0 0.0 0.0 0.0 0.0 0.0 0.0 0.0 0.0
0.4554089966226 0.11547867041040001 0.7614280254751 0.0243902439024 0.1863586057291 0.3330999092079 0.0548863327598 0.5865189835674 0.3185930047873 0.2637066720276 0.1954798191221 0.6223212372513 0.0 0.0823294991396
0.0666666666666 0.0 0.2666666666666 0.0 0.0333333333333 0.0333333333333 0.0666666666667 0.1 0.0333333333333 0.1333333333333 0.0 0.2666666666665 0.0 0.0
0.5742528982973 0.3304865911720001 0.9240188826429 0.0176991150442 0.2204925088092 0.6237660381432 0.0891276864727 0.7123557575927999 0.6863316028732999 0.3128816203565 0.1455806009091 1.3272924119758998 0.0 0.0357142857143
0.6174347158215999 0.1290322580647 1.1908602150531 0.0 0.5536866359444 0.2081413210444 0.1483870967741 0.4242703533023 0.1443932411675 0.6489247311826 0.49523809523890006 1.2013056835647 0.0499999999999 0.1883256528417
0.47827115172646 0.06254480286743 0.6522572834492301 0.0444444444444 0.34710875055306 0.2417818740398 0.025013668671429998 0.25791264200236 0.3390468379809 0.45190667117936 0.31567340987789005 0.7331910055799798 0.0508474576271 0.0
0.8113969799362 0.3149210903875 1.4985501331654 0.0365853658536 0.3437736928685 0.6049159152968 0.061669829221899994 0.8541676308598001 0.9502198361646 0.5206212633107 0.6367873206078001 1.2865392949258998 0.0322580645161 0.0475935828876
0.5128384352525001 0.2290221255737 0.8390492614627001 0.0689655172414 0.2050512050512 0.2317377058758 0.1224686224686 0.6237424427077001 0.6007472990230001 0.46084413325780005 0.4334453817211 0.625830074106 0.027027027027 0.0192307692308
0.0666666666667 0.133333333333 0.0666666666667 0.0 0.0666666666667 0.0666666666667 0.0 0.2 0.0 0.133333333333 0.0666666666667 0.1333333333334 0.0 0.0666666666667
0.142857142857 0.1428571428572 0.35714285714259997 0.0 0.0 0.2857142857144 0.142857142857 0.0 0.2857142857142 0.142857142857 0.0714285714286 0.142857142857 0.0714285714286 0.2142857142856
