0.48125038433726 0.16250221361538 0.7993453075219801 0.0 0.09670987038878001 0.35872614714098 0.07809130747297999 0.66631064003768 0.8234727902583 0.60950431482868 0.4000008736848 0.46611513622226 0.0434782608695 0.0144927536232
0.1627906976739 0.23255813953500004 0.2558139534878 0.0 0.046511627907 0.1395348837208 0.0 0.1860465116277 0.20930232558200002 0.0930232558138 0.0697674418604 0.5813953488379 0.0 0.0232558139535
1.35368351536305 0.23234316688540002 4.13651952157217 0.1210410746576 0.97052699041094 1.31278925835891 0.35887467515432997 1.7313931410055696 1.5015469518234301 1.16300069305496 0.7908738671263299 1.7069416561246502 0.12304241688241 0.49742307157460997
0.0 0.0 0.0 0.0 0.0 0.0 0.0 0.0 0.0 0.0 0.0 0.0 0.0 0.0
0.48791712504655 0.0 0.6178217821787 0.0 0.3143931059773 0.22750275027485 0.0364686468647 0.35342867620185003 0.16609827649425 0.41967363403 0.2206637330399 1.09178584525115 0.054987165383200004 0.00925925925925
0.33491307852069996 0.12274729185950001 1.0746325816862001 0.0 0.1814583067295 1.0254974493240998 0.2897700947535 0.7949718146274001 0.4820205278299 0.3786250579155 0.2726963726365 0.7631922101574 0.0781922525107 0.20128296144649999
0.2510822510822 0.060606060606 0.7397186147191 0.0 0.1428571428571 0.63474025974 0.772727272727 0.2683982683981 0.458874458874 0.108225108225 0.0 0.33333333333299997 0.121212121212 0.108225108225
0.2865405522939 0.2614718614716 0.6013046314416 0.026685643124 0.1037023858941 0.2827887485423 0.0 0.35386941825280005 0.1755935084702 0.24119077269800002 0.09304394235890001 0.5738085354521001 0.0 0.0
0.959374408955 0.6125226860256 1.7951034402264003 0.162321278385 0.1928422823246 0.5675027464672001 0.19424670323239998 0.7458038398243 0.32010535168869997 0.2741799831793 0.2981054402191 1.3250409455095 0.11343012704149999 0.439420766918
0.29011288046760003 0.0165289256198 1.1046789961699 0.0165289256198 0.4959811529937 0.31450312436940003 0.0330578512396 0.8465727115956 0.3594985330016 1.0849403122131 0.41464674460769996 1.8725825326439998 0.0227272727273 0.1276400367308
0.6228411513867 0.107142857143 1.1021855010673 0.0 0.1097014925373 0.37385394456230003 0.0274253731343 0.7502665245211 0.49349680170629995 0.2890458422177 0.5631663113012999 0.4113805970154 0.0 0.1494936034116
0.8424951553317 0.21592039801020002 1.4066448796278999 0.0149253731343 0.5037682316219 0.5303330349483 0.1012735326689 0.586118883035 0.3796462995527 0.7294658829547 0.6299097040389 1.9850494424188 0.0595238095239 0.0149253731343
0.1 0.275 0.6321428571428 0.0 0.05 0.125 0.05 0.175 0.125 0.2142857142856 0.2 0.33571428571420003 0.242857142857 0.475
0.1428571428571 0.0 0.095238095238 0.0 0.047619047619 0.190476190476 0.047619047619 0.1428571428571 0.0 0.0 0.047619047619 0.095238095238 0.0 0.1904761904762
0.39601715686249994 0.1539215686275 0.8091911764704001 0.0117647058823 0.09007352941169999 0.5680759803918001 0.21875 0.38327205882349996 0.1996323529411 0.2113970588235 0.1903799019608 0.6529411764704001 0.03125 0.0833333333334
0.5762682568497 0.1336098867858 0.6791115720326 0.0898798720939 0.039408866995 0.2979863451729 0.0197044334975 0.5368593898537 0.6925935528477 0.118226600985 0.3373952121683 2.4592515772201997 0.0 0.0197044334975
0.93685482397347 0.15022383146779 1.5769002983593898 0.09090909090900001 0.40697618939008007 0.4419942889611 0.10735352205389 0.85713981588428 0.42878792078609 0.57985076176408 0.64370947298809 2.69356699080656 0.0 0.08573299265399001
0.0 0.0 0.0 0.0 0.0 0.0 0.0 0.0 0.0 0.0 0.0 0.0 0.0 0.0
0.48740882055878 0.0 1.42658511951412 0.06460554370996 0.29740769835046 0.221411738301 0.06234990461226 0.711468970934 0.42829087644526 0.52274716642388 0.49879923689746 2.2188306587364997 0.03377847604086 0.0263157894737
0.3638095238094 0.2190476190474 0.7866666666665001 0.02 0.2438095238097 0.5409523809525 0.095238095238 0.4799999999999 0.3590476190474 0.0999999999999 0.2 0.5076190476189 0.0438095238095 0.04
0.19148936170199998 0.0 0.063829787234 0.0 0.063829787234 0.3282674772035 0.39969604863249997 0.06382978723409999 0.063829787234 0.0 0.1641337386017 0.4468085106387 0.142857142857 0.0714285714286
0.7415467804555 0.2025868212267 1.0723479629768 0.0 0.2732293479713 0.7078229801453 0.030844155844100003 1.0244645610474001 0.4284872094979 0.48435198821750003 0.7271361412106 1.9460911552688 0.2142014952122 0.1468894009215
0.0315789473685 0.021052631579 0.34736842105279997 0.0 0.0526315789473 0.1052631578947 0.0105263157895 0.16842105263169999 0.0736842105263 0.0315789473684 0.0421052631579 0.0526315789473 0.0210526315789 0.0421052631579
0.6188921041746799 0.1771680216802 0.9669112580952398 0.0416666666667 0.34130035368148 0.5005201874055001 0.09180790960447999 0.39482453722856 0.5594230857561799 0.73522690735458 0.34039777685920003 1.18680124936884 0.0365853658536 0.00847457627118
0.4386358408097 0.21782263630060003 0.625316310099 0.0555555555555 0.159046468829 0.21017368299960001 0.10159305267989999 0.5269438693354 0.23202783528860002 0.12399355877620001 0.3514780308261 0.9465435932824 0.0108695652174 0.0
1.4028335497492999 0.2166416791604 1.3884495214357802 0.16705661168204 0.4450798794149 0.5294427953397 0.0824587706146 1.0826088325287202 1.5142885343713 0.96365335287262 0.8513943423909 4.1619392069027406 0.103448275862 0.090704647676
0.0 0.0 0.0 0.0 0.0 0.0 0.0 0.0 0.0 0.0 0.0 0.0 0.0 0.0
0.0 0.0 0.0 0.0 0.0 0.0 0.0 0.0 0.0 0.0 0.0 0.0 0.0 0.0
0.9816142138137001 0.1273482505609 1.3609483960956001 0.0782608695652 0.31827663574029996 0.2828633800253 0.0 0.8746770965977 0.75274998484 0.6705172518340999 0.3029652537746 4.1536838275417995 0.0 0.09609483960939999
0.6031746031751 0.242857142857 0.5642857142855 0.015873015873 0.031746031746 0.2619047619046 0.0555555555555 0.4817460317459 0.39682539682609996 0.4214285714289 0.2619047619045 1.2190476190483 0.1 0.34365079365080003
1.03464017280138 0.11603410497466998 2.28239062188178 0.2375 0.75120680749305 1.0254906018591399 0.06013644667963 1.2237645795879701 1.4649439539146099 1.1785520592521301 1.04653243551325 4.32446906609107 0.0553715855059 0.19896756444736
0.0 0.0 0.0 0.0 0.0 0.0 0.0 0.0 0.0 0.0 0.0 0.0 0.0 0.0
0.716593732354 0.0941558441559 1.6487436476564 0.11641727837369999 0.42520468661860006 0.3638551665729 0.0809359119142 0.49499576510449994 0.6937464709216999 0.9075663466968 0.43354743082979996 2.9841191417298996 0.0314229249012 0.0086956521739
0.707785486403 0.2674715146604 1.2987436066238 0.0925902668759 0.21828632197269998 1.1064612346195 0.28495467666029994 0.7641170810758999 0.46624854408259997 0.496240441586 0.665121790652 1.1677621917257999 0.2590844178863 0.2051324251785
0.0571428571429 0.0 0.24761904761929998 0.0190476190476 0.0 0.2095238095241 0.0095238095238 0.0571428571429 0.08571428571430001 0.0285714285714 0.0380952380952 0.2000000000001 0.0190476190476 0.0285714285714
1.0343165432463 0.316091316091 1.7485176860160998 0.0730175908745 0.38244427530100006 0.8665484647639 0.1299177013461 1.0622918747915 1.0906557067267002 1.0040191290188 0.7724107902671 3.1562739509151996 0.0408163265306 0.3226786441073
0.6712643678167001 0.216666666667 1.1724137931042 0.08888888888890001 0.2720306513409 0.2927203065131 0.1356321839079 0.44348659003769997 0.5521072796933 0.2411877394632 0.3076628352492 1.3846743295019999 0.1022988505746 0.1189655172413
0.36638857990332996 0.0 0.71669447534315 0.0 0.22292361883563 0.315322580646 0.02557471264363 0.40920467185770004 1.10277159807413 0.5065535780505901 0.7891268075637999 1.54543937708486 0.0 0.0
0.5467659242856 0.1017144497764 0.8734260284654 0.0 0.0694885361551 0.19926992330079998 0.1232558139535 0.24749600098479999 0.23537590746889997 0.18498420901519996 0.4223534719662 0.8798695705663999 0.0607973421927 0.055202821869399996
1.9278495486009002 0.1733722652935 2.52695053102271 0.2819904110231 0.68982648288862 1.15169470916761 0.10127246490871 1.79534023630032 1.20063309126452 1.41600582232771 0.9153809845448301 6.579047347363019 0.10363883444191 0.13699727085301
0.027027027027 0.08108108108100001 0.162162162162 0.0 0.0 0.1351351351351 0.054054054054 0.027027027027 0.08108108108100001 0.0810810810811 0.10810810810810001 0.10810810810810001 0.054054054054 0.0810810810811
0.0714285714286 0.10846560846549999 0.2182539682539 0.0 0.0850970017636 0.29938271604989997 0.1455026455026 0.22927689594359998 0.111111111111 0.1221340388007 0.1455026455026 0.2098765432096 0.0617283950617 0.1922398589065
0.7615405004922 0.2684110156385 1.1737941016278 0.1004703655419 0.0850064417751 0.39475469642020006 0.092808341368 0.6458692027833 0.9661878858007 0.739462628338 0.5400678463151 4.195824798773099 0.0161943319838 0.0196078431372
2.0210120068643 0.1076329331045 1.0531732418536002 0.0340909090909 0.039665523156 0.3569897084047 0.0283018867924 0.48713550600460004 0.6968267581476999 0.1698113207545 0.317109777015 1.3589193825048 0.0566037735848 0.272727272727
3.06687532603994 0.49624849391476994 2.86045815602308 0.046963562753 0.6891565157249401 0.8428660939645 0.187220658388 1.91339387117094 1.4515069708683401 1.27763713464489 1.2276638804070799 7.75054167068258 0.0229885057471 0.16647915968357
0.0 0.0 0.0 0.0 0.0 0.0 0.0 0.0 0.0 0.0 0.0 0.0 0.0 0.0
0.90670079772338 0.0715747971793 1.0553642183249403 0.02315144217608 0.40860309539468 0.34590183772476 0.034145452336080004 0.73582189452526 0.7819184058155599 1.36783763712398 0.55291611160946 7.52655709981658 0.0825688073393 0.10693840291338
0.53460451977367 0.22104519774037001 1.3064971751416299 0.00847457627118 0.05932203389828 0.8177966101705799 0.33757062146919004 0.72740112994398 0.45480225988684 0.16384180790949998 0.24293785310728 0.72951977401105 0.17090395480219 0.22528248587598998
0.1159420289855 0.1159420289856 0.260869565217 0.1304347826094 0.0144927536232 0.1159420289854 0.1014492753622 0.0434782608696 0.31884057971040003 0.0579710144927 0.0289855072464 0.6376811594195999 0.0144927536232 0.0434782608696
1.3093502474369 0.21811172440942 2.0457626868242595 0.1556786991197 0.43161674808247996 0.7795374291038201 0.12235837081867999 0.58670927902562 1.4793685896922801 0.7699432832148 0.7220513876717201 3.15941852638564 0.1128857171369 0.1072073110777
0.75888501288855 0.24350727331565003 0.69608786641155 0.0846795668383 0.31036716591755 0.48837282584215 0.032811035221600005 0.49399583429235006 0.44481647200255003 0.7323503854728 0.2060089473482 1.49285043887695 0.00763358778625 0.00763358778625
0.7515449288893 0.08931006272150001 1.1120113887952 0.1156258521955 0.7191464874535 0.5863658003358 0.2105263157894 1.0695044672373 0.6455237505375 0.7302094262611 0.9397396846825 1.0135426825606002 0.0169491525424 0.0
0.8655980861240999 0.31968633705475 1.06971291866095 0.07775119617225 0.1383572567784 0.3904678362574 0.23435938330675 0.6462838915469 0.8997235513036 0.42082934609300005 0.42646996278564997 2.0394417862836 0.200350877193 0.27096757044124997
1.9145511309492198 0.5012264974042201 3.4538883116600303 0.21476014613251 0.4598913444079101 0.7681973882836001 0.20691846131932 1.0262474503144 1.4535454818750098 2.12484683729503 1.11671294645723 7.51347502106953 0.1565492892602 0.08918969357661
0.0 0.0 0.0 0.0 0.0 0.0 0.0 0.0 0.0 0.0 0.0 0.0 0.0 0.0
0.27507836990580004 0.09717868338560001 0.69592476489 0.0258620689655 0.0 0.566614420062 0.1716300940438 0.12304075235100001 0.2852664576813 0.051724137931 0.2813479623823 1.1285266457678 0.174764890282 0.12304075235110001
2.4347014426890903 0.32450001745049 3.5625326231121592 0.0592603963117 0.77606854832179 0.8781291766998 0.1543409891566 1.8001968945087 1.6914334850313 1.5537203476196702 1.2622923132252 8.40110001031169 0.0123966942149 0.08932706134679999
1.58236191836836 0.91271877130866 1.24703704906464 0.26895476832186 0.13011007565666 0.8288794363086 0.130434782609 1.05091405006936 0.40844887489141996 0.40877358184282 0.5508653440283601 2.2219047309807 0.0 0.25859661655379995
2.5134720435015403 0.5460457125775201 3.3114316285892795 0.12241431759642 0.78073093168111 1.4732960335804899 0.41432962392070005 2.17198075018153 2.3868674901957 2.66463978007467 1.48354423199865 8.82759069954843 0.06240607187392 0.24125068467705002
0.0 0.0 0.0 0.0 0.0 0.0 0.0 0.0 0.0 0.0 0.0 0.0 0.0 0.0
1.81645190010472 0.0783958868071 1.8599913851613203 0.00609756097561 0.44307960344880004 0.6361559231510001 0.0501149739712 1.5788175627346999 1.0703452816971302 1.7559192392438199 0.58674117250312 6.849545072572121 0.07618899476501001 0.19215544286731
0.9149648126001999 0.2239589477408 1.6145311545384 0.07031317401420001 0.47529135025499997 1.2427340705932 0.2795236980133 0.8680274456434 0.7351146825745 0.8454668382749 0.9405018672118 2.4747147241239995 0.0408163265306 0.2740409078827
0.31372549019629997 0.156862745098 0.627450980392 0.0522875816993 0.1045751633988 0.261437908497 0.20915032679700002 0.2091503267973 0.5490196078436 0.2091503267973 0.2091503267972 0.8888888888907001 0.104575163399 0.1045751633987
1.9449706336261001 0.48976711056555006 3.2343410633765495 0.145144885326 0.7545325298309 1.8308860997600998 0.17721108594045 1.4419741471819 1.914709216451 1.5963674570928 1.0240526162291501 4.81725670253235 0.17944965024780002 0.44933680184105
1.2838586932509999 0.3915761431963 1.4314207618426 0.0444888592789 0.5998234455092999 0.8091418788091 0.11359149179690001 1.0405619492310998 0.7980466881823 0.7050866034037 0.3387303665629 2.2826505612829 0.0116959064327 0.14932665122070002
1.2431089834588 0.2060911357786 1.8942967389656 0.095238095238 0.9480390973946 0.6857729578316 0.1552545849419 1.2395312854876 1.2639630176418999 1.0497748930648 0.7475939700202 2.4240882163684 0.0 0.0472470238095
1.67282516917987 0.23371536257508999 1.7240257118037399 0.04697910784866 0.48596322240185996 0.72310548517462 0.29412429003156 0.9271327003878199 0.65154143204973 1.15274818061156 0.95155017280485 5.8604278074842195 0.18314537797671998 0.0927159796724
4.27396383978314 0.82018853160608 6.93367573034762 0.31454691936126 2.0877126295897606 1.92823004770157 0.1834974801827 3.0005502206721 3.7692591141275695 3.8450398700699706 2.59956834491801 13.345502521253412 0.46202958922018 0.4362351611704
0.0 0.0 0.0 0.0 0.0 0.0 0.0 0.0 0.0 0.0 0.0 0.0 0.0 0.0
0.1068702290075 0.1068702290075 0.4427480916029001 0.0152671755725 0.0763358778625 0.2748091603056 0.0763358778626 0.091603053435 0.1221374045801 0.0458015267175 0.198473282443 0.21374045801519997 0.1221374045801 0.1068702290076
0.8378416731845 0.21007786812228 1.25858738349246 0.02360379346678 0.40101992445698004 0.3925688630170999 0.13105153668086 0.7115993007268999 0.6797890102989 0.82258749218778 0.60873729245998 2.8241333812395597 0.0450916512933 0.053310829375499996
0.6920560920555999 0.4360158360156 1.7629481629482 0.162134162134 0.148148148148 0.7903651903644999 0.20064380064400003 0.5180523180529999 0.9434491434487 0.5446035446034001 0.6527620527622 2.4011840011835996 0.40128760128739993 0.34634994635009997
3.9167872271697797 0.6850190698029799 5.485169615902351 0.31508221814704 1.44053959315759 2.61056162724453 0.45618191021775006 3.53056738043126 2.98003539555502 3.0387417491144397 2.65607493324122 6.223725519543569 0.09863788697746001 0.5628758735012
0.0 0.0 0.0 0.0 0.0 0.0 0.0 0.0 0.0 0.0 0.0 0.0 0.0 0.0
0.40986646884235 0.07996314731503 0.74198334450148 0.07547621326691 0.19059299320391002 0.24210299607542 0.06741169713782 0.44076050540793005 0.41253469895692996 0.57581123767621 0.30145017708412997 1.40604958361187 0.03606298458892 0.01993395233082
1.4286425829083997 0.6848344302757 2.2061716714665 0.0504807692307 0.6129832177633 1.0124645207735998 0.3734130820164 1.7246687626105996 1.2921656040033 1.2735205970496999 1.2011930716337 2.2709790454667997 0.19745884017930002 0.6710238046267001
0.3971428571434 0.23 0.6347619047622001 0.0238095238095 0.13904761904760002 0.4733333333334 0.3952380952381 0.21333333333349996 0.204761904762 0.24333333333340001 0.21047619047599997 0.554761904762 0.0266666666667 0.2533333333334
1.6175022162971002 0.31778356133654 2.9485782048603397 0.172422760619 0.7796823256962699 1.2645900446647 0.10660697327353999 1.77190574778827 1.9787681610897399 0.92303738343647 1.3834706446130702 4.24757839069674 0.008547008547 0.47952657708519997
1.6161502347414602 0.46131455399080007 1.55314553990642 0.17840375586859997 0.39173708920165995 0.6164319248829 0.11981220657266001 0.5622535211267199 0.68018779342746 0.7327699530516 0.5192488262911 1.52075117370966 0.0211267605634 0.02666666666662
1.1751725807681999 0.4677930414287 2.2057137234515 0.11194244604310001 0.6813759469870999 0.6666988292654001 0.08384768047630001 1.6978214749157001 1.4743063612782998 0.9744199282482001 0.9281161383897998 2.2682631958095003 0.0375 0.2270286529396
2.4790711391203 0.31675129521129997 2.5246661040872 0.1302813543155 0.6667586365881 0.7535121094542999 0.2283121086332 1.956172529354 1.6452536912545 1.4199998323360998 1.3836522289789 4.2157684737699 0.1678211144359 0.11197938246410001
2.92523369417263 0.46673156596484 4.733131806533141 0.21952773282242 1.06229735792264 1.6448921218240402 0.4536861836430399 2.23333796622103 2.2569423789569902 2.7376633412543296 1.8090807113294702 6.052698967126889 0.1738159774536 0.23096019477260998
0.0 0.0 0.0 0.0 0.0 0.0 0.0 0.0 0.0 0.0 0.0 0.0 0.0 0.0
0.5080015955327001 0.354479457519 0.5001356202635 0.0091743119266 0.09852413242920001 0.5581332269646 0.3786996410053 0.3764818508176 0.5021779018748 0.2071320303151 0.37648185081810004 0.476314319905 0.1166972477064 0.5375668129236
1.5890776910781002 0.2665399427271 1.9069760022278999 0.09563610996279999 0.6639895519687999 0.2309164866785 0.0708748889108 1.0570753025552 1.5262715420943 1.2637961344324 1.0778381765547 4.0971620169662 0.076923076923 0.076923076923
0.49743677375330003 0.0903964456595 0.5423786739575001 0.033920027341 0.1472146274776 0.1470437457278 0.0225563909774 0.5310150375948999 0.4635167464121 0.2598257006148 0.2145420369103 1.0162337662337 0.0 0.033920027341
4.05513000595432 0.84934346815943 6.847975990695759 0.1687657926597 1.9737566532352304 1.94002801162803 0.3540736800298 3.18284007041516 2.51685998644559 2.3206345531951 1.79544822992233 6.349695912135548 0.1577702377534 0.48767740777213003
0.0 0.0 0.0 0.0 0.0 0.0 0.0 0.0 0.0 0.0 0.0 0.0 0.0 0.0
0.2846532552415 0.058483999660459994 0.34555640438044 0.01328410151938 0.06642050759694 0.07711569476284 0.0186316951023 0.17838044308648 0.21547406841526 0.12507427213318 0.14888379594294002 0.4440624734744 0.0079365079365 0.0160427807487
1.0379746835437302 0.5494003497172901 1.5080482381092497 0.0443037974683 0.24651898734173 0.7777036530198 0.4320199946782 1.30623408218452 0.8791120234143901 0.70994887292303 0.9751615539584599 1.1616736990158198 0.18045862318 0.1914414414415
0.040540540540500006 0.0810810810811 0.108108108108 0.0405405405405 0.0405405405405 0.20270270270309998 0.0135135135135 0.1081081081081 0.054054054054 0.054054054054 0.0 0.1486486486486 0.0675675675676 0.040540540540500006
1.31077114333178 0.19274129242799998 1.66519179563568 0.05398014523398 0.5745685541698999 0.48713957748138004 0.057487648688400006 1.0256891587210801 1.39296451655546 0.98728261430166 0.9974981634655 3.00682642100664 0.05024127187678 0.19761769710729998
1.4130508134934998 1.05024989759454 2.13199006008698 0.14590424324926 0.3928575112209 0.99546729082232 0.27705222506140004 0.9836837204090199 0.93695095464976 1.20635743312784 0.6819227969674599 1.66320515767524 0.0 0.12130789564426
0.8029300794677 0.2848444083527 1.21750993667101 0.21905753714881002 0.53426630804261 0.5115745690039 0.06339501206751 1.2753653457957002 1.24185837874098 0.83678710682529 0.4659025652192 1.4111067736985898 0.07272255312808 0.0626794258373
1.9233821815158199 0.33974135688947 2.24380741771879 0.04141694413607 0.39028702696623996 0.5667762964668799 0.15485817861797 1.2396142064373998 1.0771442167294099 1.05416525398285 0.89333318544386 2.8265537570151595 0.05559868617494 0.19332129190763
2.5467255898308103 0.84043045473843 3.27645846541116 0.27830463148886003 0.660673768068 1.48336349804121 0.29969913046615 2.27714819777879 1.6644792865665499 2.2941301911288 1.85281560257119 5.04353032851234 0.12480223359697 0.35743862180264
0.0 0.0 0.0 0.0 0.0 0.0 0.0 0.0 0.0 0.0 0.0 0.0 0.0 0.0
0.3917211328982 0.6289760348580999 0.4879448075531 0.0 0.11212781408860001 0.6950617283956 0.36920842411029997 0.3636891793764 0.4009440813359 0.1084241103848 0.35308641975300004 0.8018155410310002 0.14524328249810003 0.14175744371819998
2.3779492290349 0.1949804066201 2.1525688839250003 0.0229357798165 1.1380418433919999 0.9181024115034999 0.18429806717049999 1.7990542319569998 1.7233154925392 1.5219748397958 2.0832555280005 4.635530166982699 0.045871559633 0.202121559633
0.7927536231897 0.2173150266972 1.3743707093828998 0.1666666666664 0.0782608695651 0.7096109839824 0.15789473684219998 0.6579710144929 0.6665903890164 0.3043478260866 0.3284515636917 1.0714721586576 0.21052631579 0.2637681159416
1.98574405018097 0.93744748451542 4.3271406254388 0.13156823415552 1.10942770228649 2.08973246927877 0.5267114891211 2.23105943098612 2.26847919755201 1.1461024402121498 1.4084286559303298 3.48586446589442 0.14166765854072 0.21062609591126003
0.0 0.0 0.25 0.25 0.0 0.0 0.0 0.0 0.0 0.25 0.0 0.25 0.0 0.0
1.0206261404399 0.1945539154605 1.504344507819 0.052100323854 0.3623496250971 0.49330847862930005 0.25588582595200005 1.2870386317325 1.3258876157614 1.3253050836195 0.9116751823299001 2.0315276525477 0.0646526251092 0.17074439165119998
0.9185483523736 0.52983907999512 1.5398116630506402 0.00597014925372 0.2161787638705 1.0567672684307199 0.23913829056162 1.0308067793315998 0.6560235014071 0.68334627447734 0.48860464875732 1.2537292866515202 0.0936708662844 0.2875650755552
0.2078039927404 0.0526315789474 0.7277676950998 0.103448275862 0.206896551724 0.3638838475498 0.4682395644284 0.3629764065334 0.155172413793 0.103448275862 0.41560798548100003 0.7268602540834 0.0 0.105263157895
1.62856599958336 0.5482060281262201 1.4369804837161602 0.0260198637445 0.38435473546040005 1.0627194243835 0.1970589560672 1.4362031926350598 1.0083197066803 0.75561353363016 1.0461099178353002 1.2083052262905802 0.1270685579195 0.13447437392656
1.2437721451835997 0.12602607436010002 2.4235213307853996 0.0366972477064 0.35120816642999997 0.46330955311759997 0.110091743119 1.0543283846009999 0.9112458429959001 1.0145061581461 0.6571840507075 1.5273087098163 0.0263157894737 0.0544848035582
1.4702165850836 0.21094327420519998 1.681455700547 0.0672781392493 0.7883479184087001 0.6088240208975 0.03125 1.4228657022033002 1.0684252814034 1.2545779667916999 0.8965358301125 2.3711230154409 0.1281565656564 0.0
1.6738359518218 0.4114347791377 1.8757513710052005 0.0294117647059 0.687591114304 0.6210828004786 0.3192112197009 1.6558165764155 1.8485045040773 1.0456881134465 1.2551094435434 2.5113674176467002 0.0123456790123 0.0528492647059
2.0290856213283 0.29220399805130004 3.0495743987219 0.1971197634069 1.2220252603491 0.6079566034435 0.12457271859380001 1.7991254313938998 1.8193301364895 2.2266384862211 1.3887256743382 3.0322800404166 0.021748662632600002 0.1896132046175
0.47368421052640003 0.1578947368424 0.3157894736848 0.0 0.0 0.315789473685 0.1578947368424 0.2631578947368 0.2631578947374 0.105263157895 0.4736842105262 0.26315789473719997 0.0526315789474 0.1578947368424
0.2468805704101 0.17647058823540002 0.4973262032087 0.0294117647059 0.030303030303 0.21390374331560003 0.168449197861 0.3003565062393 0.3208556149733 0.1390374331551 0.1836007130125 0.31729055258460004 0.1087344028521 0.26737967914460004
1.1858298421087 0.1473410130003 1.1356384674389999 0.0162601626016 0.6346975334165 0.4201810295357 0.0876395204629 0.9592734961004 0.9687301401224 0.5868734047827 0.7174195167199 2.092670175373 0.0 0.0474456983375
0.9675035289375 1.1019459568460999 1.8014014922337 0.15789473684150002 0.2222222222224 1.0920246017342001 0.19732809034069998 0.6762956241172 0.8537608388796 0.266313772938 0.4195704779186 1.0464105666459 0.1134099616858 0.0839181286549
2.49530087218636 0.4820792993185499 4.721750158306909 0.09568394362496001 1.0883904903230501 1.6015996646628 0.33599752739654 1.9875027037296 1.9537121735119398 1.7252827973570801 1.77408244795294 4.32927073089128 0.06654937726152 0.34279781347849997
0.1 0.0 0.2 0.1 0.3 0.0 0.0 0.0 0.0 0.0 0.3 0.0 0.0 0.0
0.7893945879547 0.1537305516265 0.9388306781813 0.0446428571428 0.21958516340349998 0.3631402143975 0.0996566291967 0.7812755899654 0.8106063425897001 1.0000186108854 0.7258896002394 1.9393006029949 0.0 0.133928571429
0.4221706815668 0.16720257234719998 0.5263296610625 0.0128617363344 0.1064255969638 0.5591165463068 0.0983606557376 0.7379157661682 0.5134679247278 0.44789415423590007 0.42923409414339997 0.8186178904644 0.0491803278688 0.111222392072
0.1876663708962 0.0816326530612 0.6881100266198 0.0 0.0652173913044 0.21206743567 0.225820763088 0.2692990239576 0.45164152617560005 0.106033717835 0.41881100266220006 0.2528837622006 0.0 0.0408163265306
0.6091270987389301 0.32918223481399 1.3337896424253903 0.2637362637362 0.28462776272513 0.42482743233726 0.0851063829786 1.19442312658896 0.33125564464713 0.49016307013773003 0.7617427767616 1.75266152287419 0.07293457481183 0.0664224664224
0.6813007885541499 0.18987629441372 0.70174521294649 0.0408163265306 0.13289118152791998 0.2971161542482 0.044747400311069996 0.7668997739099699 0.51445665959833 0.40225086349958 0.51646338712248 0.65940124023059 0.00847457627117 0.043560140833480004
0.9379461293629998 0.0509394328392 1.1956067440110998 0.1047358834243 0.3326940887650999 0.3083218068439 0.0333333333333 0.7849491675945001 0.7357692223487 0.6765168679996 0.7163952069360999 1.0045038762796998 0.0243902439024 0.093897996357
0.7389429455985401 0.11079168509501001 0.5419062361783101 0.0 0.16994692613874002 0.1915081822197 0.00751879699247 0.44217160548354 0.63367978770477 0.18597965501983998 0.3183325961961 0.59254754533337 0.02255639097737 0.0441176470588
1.8120131293802002 0.6242440064000999 2.7001825199507 0.1693010346792 0.8770632777095 0.9785428686792 0.0248447204968 2.0534368460497 1.7150066651521 1.6583721264309998 1.1788952956646002 3.933385395695199 0.1271141649048 0.1475979488102
0.0 0.0 0.0 0.0 0.0 0.0 0.0 0.0 0.0 0.0 0.0 0.0 0.0 0.0
0.2208646616539 0.0977443609023 0.33552631578969994 0.0 0.0263157894737 0.2312030075187 0.125 0.16823308270690002 0.2481203007519 0.0441729323308 0.1231203007518 0.15789473684209998 0.1062030075188 0.1156015037594
0.7166105499436 0.1513748597081 0.9190516273858998 0.0340909090909 0.359147025814 0.5037878787884 0.08052749719409999 0.8200056116736 0.6433782267122 0.20103815937119998 0.5963804713809 0.9252244668914001 0.0 0.0493827160493
0.0714285714286 0.23333333333299996 0.2 0.0142857142857 0.0666666666666 0.1142857142856 0.0 0.1380952380951 0.1571428571431 0.1380952380951 0.095238095238 0.3952380952384 0.28095238095270003 0.095238095238
1.65878764606757 0.47308517649650006 3.107867996866 0.24148369246847 0.8669080688098001 0.9350654065530701 0.13304789787604002 1.8200296306265402 2.3697795074073 1.0370716478755702 1.43761447291984 2.4577075567016102 0.1805769652167 0.28097433411397
0.0 0.0 0.0 0.0 0.0 0.0 0.0 0.0 0.0 0.0 0.0 0.0 0.0 0.0
0.5959935897443001 0.1093177655678 0.6425366300366 0.0 0.2970924908423 0.0466346153846 0.0411858974359 0.3981913919413 0.5657051282050001 0.6665293040291 0.5130494505494 1.0540064102574 0.0543727106227 0.0153846153846
0.662250030671 0.151515151515 1.9008097166 0.0151515151515 0.4913814255922 0.9014231382666001 0.25493804441160006 0.7157097288668002 0.7824500061341 0.42783094098810004 0.4112685560055 1.2468102073357001 0.0 0.0384615384615
0.1875000000001 0.230769230769 0.24358974358950003 0.0 0.0208333333333 0.2163461538461 0.1955128205129 0.3621794871796 0.0625 0.0208333333333 0.20192307692310002 0.1041666666666 0.0769230769231 0.0769230769231
0.7294458056043 0.2499858493234 0.7902856280338999 0.030339050206599997 0.5787788370570001 0.20716320716300002 0.008547008547 0.7476381847248001 0.6292293676395 0.4362060554114 0.4804882387664 1.111892767522 0.0 0.0
0.5625 0.2625 0.45 0.075 0.0375 0.2625 0.0375 0.2625 0.525 0.0 0.075 0.375 0.0 0.075
0.6371524909226001 0.027536231884100003 0.5712104619369 0.0 0.28574228131190005 0.19226402044229998 0.1145888169481 0.3330787655222 0.39453399681080004 0.392317175482 0.722854425638 1.1798628856153 0.027397260274 0.1214611872147
0.9936548846346 0.1690230731467 1.1438267059403002 0.0 0.35697103583690004 0.5141629847817001 0.0309278350515 0.7081860579281 0.8331615120275 0.9864138438871001 0.6224717722141999 1.5423907707421 0.0 0.0988095238095
0.92604122792628 0.21840878419828 2.1696840620935602 0.1638808504452 0.56595444624098 0.67842737868188 0.1490814884597 1.0867655115922399 0.83403417176106 1.40809779439046 0.9885155270552799 1.6148622144076 0.062176165803 0.13407037694588
0.133333333333 0.166666666667 0.36666666666659997 0.0 0.0333333333333 0.1333333333332 0.1 0.1333333333332 0.0666666666666 0.166666666667 0.16666666666660002 0.333333333333 0.166666666667 0.0333333333333
0.027027027027 0.1423055708769 0.480970766685 0.0 0.0 0.4070601213462 0.15609487038050002 0.1086596800882 0.0816326530612 0.027027027027 0.19635962493090003 0.17595146166560002 0.1152785438499 0.0816326530612
0.39487179487159996 0.0615384615384 0.32478632478630004 0.0 0.1076923076923 0.1965811965811 0.0 0.19658119658100004 0.42564102564100004 0.3042735042733 0.3452991452996 0.5982905982912 0.0 0.0444444444444
0.5764705882350001 0.0 1.258823529412 0.0 0.05 0.226470588235 0.176470588235 0.30000000000000004 0.1 0.42647058823499995 0.476470588235 1.232352941176 0.176470588235 0.0
0.86825409925868 0.19760009689148 2.2060792463475005 0.1303635768092 0.75110593410809 0.6877103347717 0.0812726133622 1.68290357300218 1.44766090687358 0.97645182592377 0.9411640147277901 1.83717233253627 0.1363092941207 0.05595215126368
0.0 0.0 0.0 0.0 0.0 0.0 0.0 0.0 0.0 0.0 0.0 0.0 0.0 0.0
0.12764670296430003 0.046581972171800004 0.5353901996367 0.0 0.09255898366609999 0.0114942528736 0.0344827586207 0.2788868723534 0.25650332728350006 0.8015728977619001 0.3266787658807 0.4882032667876 0.0 0.0
0.99781880776283 0.4981700336552 1.37375482042723 0.0576923076923 0.44881281509160004 1.44445276722866 0.3519813519813 0.9224065829920001 1.05744369236843 0.3492399073793 1.0144393831246 0.9939769532796299 0.20589100821693 0.28391956880360003
0.16986998304099998 0.0500282645561 0.4036178631994 0.0 0.082815149802 0.11899378179749999 0.0672696438664 0.2699265121534 0.1871113623515 0.1500847936685 0.18287167891439998 0.2656868287167 0.0172413793103 0.0344827586206
0.6178903631554 0.2570840379385 1.1288988793859 0.0 0.0887237487917 0.3605150984234 0.0859934976086 0.6619871924772001 0.5286985713029 0.46607799641680003 0.5320804962337 1.0283793695219998 0.0 0.2436707487435
0.58013111332904 0.21785681880057 1.40185214590345 0.0194174757281 0.05643770982667 0.8338115869699999 0.0934579439251 0.7203350421933099 0.84350331185964 0.51583340894701 0.34833499682381 1.21913279194317 0.0 0.14989565375207
0.8997421301038501 0.01923076923075 0.8529217145897 0.0 0.3675594803679 0.14883958546175 0.0 0.47285554420205 0.30733226292985 0.87171702427815 0.2854790054975 0.70670461733035 0.0483870967741 0.01923076923075
0.6861168417112 0.1690474702008 1.1370160248389 0.0 0.2818100358422 0.5483193715095 0.0683947028424 0.9263018879716 0.4712428107023 0.5764592189718 0.7113861798789999 1.3614054555323998 0.0624999999999 0.0
1.5756587907299 0.6275876270216001 3.5187134924638 0.21671826625399998 0.6025413491947 1.3648713848413 0.2040735105768 1.6532444837165001 1.7040793104366998 1.7413413529284 1.7586915412251 3.5447350035189 0.1980932203387 0.289650666758
0.0 0.0 0.0 0.0 0.0 0.0 0.0 0.0 0.0 0.0 0.0 0.0 0.0 0.0
0.0 0.0 0.0 0.0 0.0 0.0 0.0 0.0 0.0 0.0 0.0 0.0 0.0 0.0
0.2631578947371 0.0526315789474 0.1842105263158 0.0 0.1052631578947 0.0263157894737 0.0 0.28947368421110004 0.15789473684219998 0.3421052631575 0.2105263157894 0.36842105263249997 0.0 0.0
0.33799533799560005 0.3659673659676 0.4796037296041 0.0 0.13286713286670002 0.10314685314659999 0.166666666667 0.29370629370659995 0.27272727272770003 0.0384615384614 0.090909090909 0.3391608391605 0.1893939393943 0.1893939393943
1.1691228070185002 0.2810446570972 2.1650930356215996 0.125 0.6299867091971001 0.46355396065980004 0.1428654970762 0.7354279638489 1.4782402977151001 0.7089314194576001 0.5559542796386001 1.4189898989904999 0.0 0.12578947368409998
0.0 0.0 0.0 0.0 0.0 0.0 0.0 0.0 0.0 0.0 0.0 0.0 0.0 0.0
0.0909090909091 0.0 0.8181818181823001 0.0 0.45454545454499995 0.0909090909091 0.0909090909091 0.1818181818182 0.2727272727271 0.9090909090903 0.1818181818182 0.8181818181823 0.0909090909091 0.0
0.5873562177342 0.2138393261481 0.8453944389100001 0.0 0.2359387736619 0.38347975726850003 0.1204601032516 0.7680463726124 0.4337469432119 0.31328683996039997 0.20387646046559998 0.7138846119019 0.0 0.1806901548773
0.1333333333334 0.0 0.5333333333331 0.0 0.0666666666667 0.0666666666667 0.133333333333 0.19999999999969997 0.0666666666667 0.2666666666664 0.0 0.5333333333335 0.0 0.0
0.6612094200365001 0.3304865911720001 1.0979319261215 0.0176991150442 0.3074490305484 0.6672442990128 0.0891276864727 0.7993122793319 0.8167663854820999 0.48679466383479997 0.1890588617787 1.5012054554544998 0.0 0.0357142857143
0.1125 0.0 0.18750000000000003 0.0 0.1125 0.0 0.025 0.05 0.0 0.11249999999999999 0.1000000000003 0.2625000000002 0.0125 0.025
0.73315412186336 0.27365591397843003 1.1770353302603302 0.244444444444 0.31797235023005993 0.40051203276970004 0.00806451612903 0.9541730670769599 0.7765232974906999 0.33049155145925996 0.79493087557689 0.9890424987192801 0.0 0.0
0.26720617436579996 0.0853658536585 0.4606702633848 0.0479094076655 0.23320594957099997 0.1640908920609 0.010752688172 0.3267393503427 0.2465718781611 0.2526975384961 0.3334363643176 0.5606009516318999 0.010752688172 0.0
1.3582211052221 0.6620479249090001 2.9674328281275 0.28088228612980004 0.44052523636990004 0.49611556939119994 0.22343016093 1.8599022212733 1.3771648494525 1.2827277515037 0.9718298883675 2.8262090943442 0.0778036100616 0.17570747391910002
0.0 0.0 0.0 0.0 0.0 0.0 0.0 0.0 0.0 0.0 0.0 0.0 0.0 0.0
0.0 0.0 0.0 0.0 0.0 0.0 0.0 0.0 0.0 0.0 0.0 0.0 0.0 0.0
