0.3356270060251 0.2136268934062 0.6944985641090999 0.0 0.1312348668284 0.5017399628363 0.102674700152 0.41699420012349997 0.4548566923816 0.3176868066901 0.2116673236103 0.6193929838394 0.0 0.0
0.0833333333333 0.0833333333333 0.166666666667 0.0 0.0 0.0 0.0 0.0833333333333 0.166666666667 0.0 0.3333333333333 0.0833333333333 0.0 0.0
1.4117006855857 0.2533315959623 4.3998904999382 0.0204081632653 0.9395747816957 1.0963247176457 0.4121831586778 1.2457942449911 1.2698241159702999 1.436541543983 0.9855626065942 2.1985379556782 0.0745089778064 0.2558169522112
0.0 0.0 0.0 0.0 0.0 0.0 0.0 0.0 0.0 0.0 0.0 0.0 0.0 0.0
0.30969930326355 0.0 0.5089108910896999 0.0 0.2747891455813 0.15819581958195 0.0265676567657 0.28412174550815006 0.15619728639525 0.3107627429411 0.1612577924459 0.75515218188515 0.0450861752842 0.00925925925925
0.19538821432561998 0.20084074506197996 0.8102871079899202 0.0 0.052356020942399994 0.8561704472834799 0.1694857618592 0.3324578015161 0.46503931098828 0.23774499744947997 0.09437861669894 0.25735065635584 0.0526315789474 0.27586874058217997
0.060606060606 0.060606060606 0.424242424243 0.0 0.0 0.212121212121 0.27272727272700004 0.030303030303 0.36363636363600005 0.060606060606 0.0 0.33333333333299997 0.121212121212 0.060606060606
0.3996776792912 0.0 0.8929895245768 0.0564805057955 0.2054794520548 0.3281844666213 0.0307692307692 0.6335833384986 0.3636397446232 0.6323870327918 0.2450071282463 1.2118018967339 0.0 0.0
0.5511634426692 0.390804597701 0.6131202691335 0.1163442668908 0.1435379871039 0.2870759742076 0.0243902439024 0.3734230445751 0.0717689935519 0.23969722455870002 0.1435379871038 0.8598261844690999 0.0229885057471 0.162321278385
0.0340909090909 0.0 0.1363636363637 0.0 0.11363636363629999 0.0340909090909 0.0 0.0227272727272 0.0340909090909 0.07954545454539999 0.0454545454545 0.4886363636369 0.0113636363636 0.0
0.1285869565217 0.0834782608696 0.6497826086966 0.0108695652174 0.15521739130440002 0.28445652173920005 0.0125 0.39369565217389996 0.20260869565210002 0.1694565217391 0.3428260869566 0.5431521739133 0.0 0.023369565217400003
1.1241791817457 0.43255353013619996 2.0471695368782 0.0149253731343 0.47709627653849995 0.7159618545025 0.07857142857140001 0.7692079632473 0.568855330805 0.9911095218532001 0.7537711920204 2.8331020088625998 0.17857142857129998 0.0149253731343
0.0 0.125 0.125 0.0 0.0 0.125 0.0 0.125 0.125 0.0 0.0 0.0 0.0 0.375
0.0 0.0 0.0 0.0 0.0 0.0 0.0 0.0 0.0 0.0 0.0 0.0 0.0 0.0
0.8641305371533001 0.31417797888419996 1.4112930296505999 0.0117647058823 0.1783661489542 1.0106230118401 0.25 1.3095066903384 0.636386331722 0.6481868824666 0.5624454771514 1.6364525392925 0.0 0.1666666666666
0.2955665024625 0.0985221674876 0.4334975369452 0.0197044334975 0.039408866995 0.1576354679801 0.0197044334975 0.25615763546770004 0.23645320197050002 0.118226600985 0.1970443349751 2.108374384238 0.0 0.0197044334975
0.86711528224847 0.05807692307689 2.30094768813359 0.0 0.38588596049407997 0.6633188073775 0.09891025641019001 0.6869726023470799 0.44831575682409003 0.66523090026148 1.03687683749879 3.55908311426626 0.0689102564103 0.16035561465568998
0.0 0.0 0.0 0.0 0.0 0.0 0.0 0.0 0.0 0.0 0.0 0.0 0.0 0.0
0.73929974189195 0.0 1.8988403845443003 0.1135039090262 0.5080911233305 0.46044215015255 0.08418060075555 0.98541503011265 0.60260726442965 0.8653649047987 0.67344480604445 3.0139527924258 0.04608536266035 0.00877192982455
0.3399999999999 0.23636363636340002 0.8018181818181 0.02 0.2654545454547 0.43272727272699996 0.0454545454545 0.5254545454544 0.28545454545439997 0.19090909090900002 0.2 0.45999999999989993 0.15636363636359998 0.04
0.19148936170199998 0.0 0.063829787234 0.0 0.063829787234 0.3282674772035 0.39969604863249997 0.06382978723409999 0.063829787234 0.0 0.1641337386017 0.4468085106387 0.142857142857 0.0714285714286
1.03574918934014 0.2138350995164 2.4732787184671805 0.18011667476859997 0.37363320977979997 1.20441298798166 0.24250381970956 1.56930815491686 1.5455683378734 0.47280322838816 0.4951959161752 1.99357321077552 0.12497717839780001 0.07504427390786
0.31787827722719997 0.149682564565 0.5074577732493 0.052680565897199993 0.1094074538541 0.3221283849983 0.0378904259905 0.4567680369949 0.1557765411294 0.18924834424109999 0.17483050515339998 0.435729121762 0.0210526315789 0.0694693733589
0.7718843469593 0.1527777777778 1.8972665337327996 0.1593137254907 0.35018832391680005 0.6117231638417 0.10875706214679999 0.9155671873279 0.6208485654152 1.1329483770931 0.6878918799155 1.5654093275738 0.0 0.0254237288135
0.35248447204949995 0.0970496894408 0.6708074534161 0.0 0.22748447204970002 0.16226708074530002 0.0613354037267 0.26164596273269997 0.1048136645962 0.0434782608696 0.2709627329197 0.7259316770184 0.0217391304348 0.0
1.8551603625337598 0.51172627971706 1.5157465871876399 0.26335370123234 0.2959966829179 0.8087489755835 0.13318935770216 1.23901634305918 1.30361767932232 0.86407040625134 0.7450064649003199 4.3577894960434405 0.051724137931 0.054853525618
0.166666666667 0.0 0.166666666667 0.0 0.0 0.0 0.0 0.0 0.166666666667 0.0 0.333333333333 0.166666666667 0.0 0.0
0.0 0.0952380952381 0.4285714285712 0.0 0.047619047619 0.19047619047609998 0.0 0.047619047619 0.0 0.0 0.142857142857 0.047619047619 0.0 0.0
0.41902249711971 0.050794372688100005 0.8118303388311501 0.0260869565217 0.14223819052811 0.2355750195297 0.117647058824 0.5977736519381099 0.43671806725294 0.24719240798024 0.11075131890114 1.6449517918866303 0.0588235294118 0.1005947985889
0.38095238095299994 0.131746031746 0.3698412698411 0.015873015873 0.031746031746 0.095238095238 0.0 0.34285714285709995 0.174603174604 0.22698412698409998 0.095238095238 0.719047619048 0.1 0.315873015873
1.1782176681484398 0.16816107697677998 2.55607133907625 0.1729470802919 0.83379773432494 1.3910855977201801 0.14686161471545 1.6553292645980202 1.7236019508554898 1.14308364171976 0.87594633881702 3.8562104815592795 0.04690996305799 0.25177624814019
0.0 0.0 0.0 0.0 0.0 0.0 0.0 0.0 0.0 0.0 0.0 0.0 0.0 0.0
0.8894198193098799 0.16558441558429998 1.23042066628898 0.08939864483321999 0.42473884810926005 0.402519762845 0.06742659514396 0.48397092038351996 0.6518210050817601 0.9100508187464199 0.35202569169931996 3.2838085827239203 0.0357707509881 0.0130434782608
0.5957775864693999 0.2656545298017 1.1579996961558 0.0623861852433 0.1995239783256 1.1586073834008002 0.3231376918016 0.5369808072118 0.477104370284 0.3644037068914 0.429005924951 0.992120322075 0.2211384007696 0.2161594166201
0.0 0.0 0.0 0.0 0.0 0.0 0.0 0.0 0.0 0.0 0.0 0.0 0.0 0.0
0.7050351839087 0.1602522086675 0.9895240713901 0.0645895575472 0.2960177537641 0.8493461741700999 0.08271863113399999 0.6595361797822 0.6049491392802 0.4960747390327 0.6695873570868 2.2586022154673002 0.0 0.1637667887668
0.40229885057459996 0.0 1.4719211822660998 0.0222222222222 0.19157088122600002 0.3590585659549 0.1011494252873 0.1578544061302 0.6514504652441 0.19003831417599998 0.1593869731801 1.0336070060212 0.0344827586207 0.2249589490969
0.5019396551723 0.0 0.9629310344827001 0.0 0.4969827586205 0.13749999999989998 0.0734913793103 0.592672413794 0.8012931034487001 0.6536637931039 0.29396551724130005 1.4855603448263 0.0 0.0
1.1339302672647 0.4139736806404001 1.8407950074633999 0.0 0.1724596391261 0.7093881427208001 0.121978021978 0.7201465201467001 0.471062271062 0.5898928232258 0.7372676706011 1.9166463166449001 0.0802197802197 0.09223985890639999
1.6719301195481002 0.1452502456109 1.5555244351334099 0.11471861471839999 0.5272160734392201 0.73793818865941 0.08215269578891 0.97309699889662 1.27745587719432 0.9128938082384099 0.91737028372153 3.93276655531832 0.056867375049110006 0.09481872867451
0.0 0.0 0.0 0.0 0.0 0.0 0.0 0.0 0.0 0.0 0.0 0.0 0.0 0.0
0.148148148148 0.1111111111109 0.22222222222200003 0.0 0.0493827160493 0.16049382716039998 0.07407407407399999 0.2345679012343 0.185185185185 0.0864197530864 0.07407407407399999 0.4691358024687 0.0617283950617 0.1234567901233
0.8187465478943001 0.4822652441998 1.7556419922985 0.2090232142908 0.0726607627628 0.7740707325981 0.103189935083 0.7842794490371999 0.9992967522425 0.8987681013690001 1.5394736692504 4.4162644898021 0.0161943319838 0.1301247771835
1.9528301886825001 0.19618614818199998 1.2854348826518 0.0 0.0283018867924 0.4772779567418 0.0526921306948 0.4450069029 0.8121260929584999 0.34359180855929994 0.2830188679241 1.8687586286245 0.2059940174872 0.0487804878048
1.99820005723134 0.35900905264627 3.4679108791027806 0.0153846153846 0.68407849037484 0.8252635604173 0.3389186972278 1.68230629689784 1.6198016377400402 1.51763705615149 1.55426997251228 9.530012943999381 0.1277777777777 0.27942896252527005
0.0 0.0 0.0 0.0 0.0 0.0 0.0 0.0 0.0 0.0 0.0 0.0 0.0 0.0
0.5192928684797999 0.0123966942149 0.5483279513992 0.025641727327500002 0.1290569755349 0.1687920748731 0.0132450331126 0.3291007607684 0.2149854961414 0.4026325871605 0.2042854797219 2.3147337310493 0.0 0.1175086202178
0.48841807909589996 0.1341807909606 1.0259887005653001 0.0338983050848 0.23728813559280001 0.5711864406787001 0.1502824858758 0.8096045197747 0.319209039548 0.355367231638 0.37175141243 1.2680790960463002 0.0836158192091 0.1511299435029
0.1635610766045 0.1635610766046 0.47515527950300007 0.1542443064189 0.22877846790919998 0.33022774327140003 0.1966873706003 0.18633540372670002 0.3426501035199 0.1532091097307 0.0527950310559 0.9710144927526 0.3478260869572 0.2339544513461
0.79543605610078 0.14646455289381 1.26265832971175 0.07996146218587999 0.17831476067555002 0.79634318394722 0.18938739397714 0.5686123364437099 1.50728733746689 0.56074358563507 0.47426522449165 2.2650352988599 0.11906085730981 0.05642962030622001
0.7834063858090999 0.060419516643800006 0.9307257786829001 0.082423667141 0.34068976427779996 0.4473417273885001 0.061224489795900006 0.5725732153325 0.4701508510382 0.7668183552506 0.060419516643800006 1.4136026503630001 0.0102040816326 0.0
0.97137761773587 0.07064890548778 1.2934027252844698 0.0644214162348 1.4944214186781801 0.6399946998153 0.1567857029691 1.53853855592248 0.85714163695179 1.6520815553394002 1.1915206869115802 3.05271592612979 0.0169491525424 0.0
1.9463076645301003 0.36295176190890005 1.6149679516124 0.11309470073120001 0.6615961000263 0.7202912942736001 0.09555084108209999 0.8844226776201001 0.7092699587738001 1.0208991604238 1.0095091932237001 5.5646610093034 0.1807348560082 0.11574283048959999
2.27187454121512 0.5522629749869201 3.7873301175744305 0.29273539922571 0.61504821312521 0.8364252190811001 0.30551730384152004 1.1813533765719002 1.6632390356401099 2.67937085867693 1.33939049555783 10.18032572656073 0.21369214640330003 0.08143459153561
0.041095890411 0.22723609991889998 0.29975825946770007 0.0 0.0588235294117 0.0684931506849 0.013698630137 0.027397260274 0.068493150685 0.0684931506849 0.041095890411 0.5914585012079 0.411764705883 0.082191780822
0.1379310344825 0.0344827586206 0.3275862068967 0.0172413793103 0.0 0.2413793103449 0.0689655172413 0.051724137931 0.0689655172413 0.0344827586206 0.17241379310350002 0.7068965517247 0.08620689655159999 0.051724137931
1.7208113008397001 0.2635888047412 2.6982943841625002 0.0483113276324 0.586394420039 0.6785926275681 0.13790949691909998 1.3371754664842002 1.5515817030750998 1.3908828674802 1.2173423285262999 6.3043709544078 0.0144628099173 0.0502815082015
1.45192713575936 0.13011007565666 0.85573270123864 0.13851998571286 0.13011007565666 0.43757508848259996 0.0 0.9204792674603599 0.40844887489141996 0.27833879923382 0.5508653440283601 1.5697308179367 0.0 0.1281618339448
2.93215312942842 0.5937405989916801 3.9008993411416797 0.15452725079395999 1.0859167563534802 1.16114405491286 0.44993031124564004 2.31010548134724 2.05590019341618 2.7574383114810006 1.64004964757324 11.56460458751082 0.05168634170306 0.34190399408566
0.0 0.0 0.2777777777775 0.222222222223 0.0 0.0 0.0 0.0 0.0 0.3333333333335 0.0 0.16666666666649999 0.0 0.0
2.2285505655620996 0.2161968957455 2.6595898828617996 0.0426829268293 0.9503461069182 1.2115236242738 0.1201071814972 1.9046503423507999 1.3536565377828 2.0960929979935 0.6197793778978 8.1775307051811 0.09887197584759999 0.3204208792618
1.0443541405858001 0.21902402579500002 1.6092226727639003 0.1067057657329 0.5296934579192 1.2260418445696002 0.2502680651243 0.9591563827677001 0.8099249535032 1.0282555606995 1.1266919501819 2.7812500550197 0.0374149659864 0.271996159347
0.7024722932656 0.2932651321393 1.4020460358058 0.1074168797954 0.45976129582249997 0.5660699062233 0.4427109974424 0.529667519181 0.8815004262582999 0.4876385336744 0.3716965046888 2.142028985507 0.256862745098 0.35686274509750004
1.9061203123771 0.45187163031000005 2.8656391658139997 0.111468591831 0.7553245506574999 1.4121351893574001 0.12475710011079999 1.2158480710006998 1.6604335191787998 1.3847392061894 0.9490841755436 4.5686309444452 0.2064892349275 0.38745830825639993
1.4391433903092998 0.6630118340117999 1.68026567142158 0.0795765785771 0.6278412512181 0.840593280544 0.10128460517740001 1.07463183748156 0.47929241202331996 0.89099914595442 0.42705360605302 2.48003376411602 0.0292397660818 0.18703285703369998
1.6423157278371998 0.3116877499354 2.0655909061835 0.1063829787233 0.7611897182209 0.4647807147805 0.134750349594 1.3447494468113999 1.9396265932181 0.9968287632022 0.7563631589563999 3.3738429034362003 0.0212765957446 0.0806143933636
1.50297940292454 0.38581674203634003 1.34215951588614 0.11814173214750999 0.33743912147911 0.6689140992409 0.12854153519104 0.97009416915181 0.72802197673841 0.6625223124438999 0.6540553637783698 4.35218686937559 0.06269218733888 0.0864349722629
3.45177834427556 0.67266542528926 5.6693264705613196 0.2479101447408 1.74251515415536 1.55045151001066 0.1199437335038 2.28302926140186 3.06725806505286 2.7736090193872 1.73217773833156 9.073294743876739 0.32878334668459996 0.2872570427339
0.0 0.0 0.0 0.0 0.0 0.0 0.0 0.0 0.0 0.0 0.0 0.0 0.0 0.0
0.05343511450375 0.05343511450375 0.2213740458017 0.00763358778625 0.03816793893125 0.13740458015285 0.038167938931349996 0.0458015267175 0.06106870229005 0.02290076335875 0.09923664122155 0.10687022900769999 0.06106870229005 0.05343511450385
1.6039165164145999 0.32824932823180003 2.1638283142072 0.0640793685508 0.5502091643842 0.9840946925324001 0.2182771542502 1.3716916496417997 1.7102069076285997 1.1991581322193 1.1536642470985998 4.4600762469317 0.0563017623739 0.1362465155399
0.4338550338546 0.9213231213230001 0.9773559773564001 0.1028749028748 0.0888888888888 0.16130536130530002 0.0927072927072 0.3106449106454 0.4908646908644 0.46735486735459997 0.2883338883336 1.3927183927173 0.18541458541500003 0.086358086358
3.1792163823832795 0.71972015473867 5.082990857459751 0.13105872692616 0.9639322719905199 2.3184418039859205 0.31528095556446 3.44132796753506 2.99668998638424 2.8614832159757597 2.05392191209573 6.3970797602855 0.14656897097638 0.39228703369801
0.0 0.0 0.0 0.0 0.0 0.0 0.0 0.0 0.0 0.0 0.0 0.0 0.0 0.0
1.43323266677788 0.26606841407613996 1.44457179859756 0.17252310373396001 0.63064646760968 0.52364786023118 0.13220052308898 0.9907380059324801 1.09724378918876 1.3972000308995 0.58903573645026 3.0967517121817805 0.12690246003638 0.09923743119628001
1.3315546708198 0.6152190456605999 1.9307870560802 0.036057692307599996 0.5614722287522 0.8668875976963 0.3395944006977 1.4096138175549002 1.1865886809264001 1.0647293882577 0.9145447199857999 2.0193581663441003 0.2056181808386 0.5179743540772
0.3471428571434 0.08 0.5847619047622001 0.0238095238095 0.0890476190476 0.32333333333340003 0.1452380952381 0.16333333333349997 0.204761904762 0.24333333333340001 0.21047619047599997 0.504761904762 0.0266666666667 0.0533333333334
1.5908090890345 0.42193797854164006 2.7979999822404396 0.2108698868446 0.70428063244907 0.8820194060208002 0.08084384751044 1.3427189819009702 1.6007738156652398 0.9606271037329701 1.18046913410357 3.98737131493764 0.025641025641 0.21363780138150001
1.02604963112021 0.20594902749802999 1.4536955063715 0.14654594232061 0.24863849765226 0.49303152246805004 0.08619718309846 0.46200536552634996 0.5827900737763 0.67277665995951 0.46955063715624 1.10572769953079 0.00704225352112 0.03999999999992
1.2326546476072 0.22580763882516 2.33245562352262 0.0863309352517 0.7711318513238 0.46237228910116 0.07464786791246 1.9110437693395599 1.78081642671526 1.28176611161186 1.0962269023266 3.4604769088531597 0.0375 0.24676902760890002
2.2274519902451 0.17916938544549998 2.1041587130479997 0.0908917501191 0.5865952683433 0.5783136912569001 0.0515021459227 1.5293422528089 1.0430825746135999 1.3658998844766002 1.2061336746897 3.8201512754977003 0.15839784020570002 0.0589095533301
2.68874740772283 0.6974186851227001 5.249859880648021 0.27123040218110006 0.8278951388728 1.6786631272917998 0.5060833153311599 2.36123688851699 2.0993925491222 2.96675347550726 1.9064856416157603 7.281957389345189 0.13735367588093 0.32692242284392997
0.0533333333333 0.0266666666667 0.1066666666668 0.0266666666667 0.0266666666667 0.4000000000004 0.0266666666667 0.18666666666639997 0.1333333333334 0.1599999999997 0.1066666666667 0.42666666666639996 0.0533333333333 0.266666666666
0.309046669326 0.2185241324292 0.42896689270030003 0.0183486238532 0.13183087355400003 0.3753968887117 0.32696449940169997 0.312094136418 0.3887036298365 0.1586118867172 0.312094136418 0.5821938572002001 0.1133944954128 0.3238292780216
1.28634736620402 0.22783771106907 1.2669789646063405 0.1413678172799 0.52172752965367 0.29899563153949 0.02005159474669 0.69655392406314 0.9580504499649399 0.53343423061 0.66967188841499 2.35975212262108 0.00961538461537 0.00961538461537
0.8156185919348 0.548013153276 1.0752410818201998 0.0566473000683 0.306305536569 0.4937882174721 0.0495834180044 0.8080420646227 0.9211334540285 0.42751611830540004 0.3908319632004 1.3884696384700002 0.3310810810811 0.38772838114929997
4.0744925775732 0.9920881452360001 6.641852323609599 0.2728944609262 2.1532060759429 2.375052418001 0.7814604890043999 3.6404077508481003 2.5241114395527995 2.825559084418 2.2785833889887996 7.1920954344658 0.37269583635369996 0.8755005750835
0.1176470588234 0.117647058823 0.0 0.117647058823 0.0 0.0588235294117 0.0 0.0 0.0588235294117 0.352941176471 0.0 0.1764705882347 0.0 0.0
0.7090475743727 0.10338792614326 1.1807694369608401 0.03437850419268 0.27715567885863995 0.19574560286644005 0.0660418872493 0.5524405934627801 0.66075393474806 0.82536666979328 0.45193308583444 1.8979054141605998 0.0290309106098 0.0160427807487
0.9135021097047 0.4204641350212 1.2107594936713 0.037974683544299996 0.23987341772159998 0.6037974683542999 0.2185654008438 1.0947257383984998 0.7483122362866 0.6223628691989 0.7622362869197 0.9981012658232999 0.0459915611814 0.08333333333330001
0.1314496314495 0.1113841113841 0.24447174447150002 0.0405405405405 0.1314496314496 0.2784602784607 0.028665028665 0.1838656838656 0.1449631449631 0.11466011466 0.030303030303 0.3910728910728 0.0675675675676 0.1011466011465
1.47028533189605 0.4338158770864 2.6087333455416495 0.25527980357075 0.4565140765789 0.9841492522079501 0.1347054473954 1.18447911809415 1.22966818170945 1.31668979428345 1.0088346895731999 2.65239044233345 0.0742780339835 0.1901766057473
0.8522782527206001 0.63982698717204 1.27526345336098 0.09462219196746 0.194972063335 0.5992801446349201 0.1507618487707 0.59573833246372 0.54917206687106 0.60654058331104 0.43050754555226 0.9286896731588401 0.0 0.08234685668316
0.9797634421654999 0.17148579499032 1.2761990857467502 0.05626891236081 0.52651625732271 0.43686701115550997 0.08339501206751 1.17164882114551 1.3312856806386 1.52908720239351 0.6194750444239101 1.71545644695391 0.06618765227279999 0.0363636363636
2.13565961542378 0.2630829401704 2.4116420822451397 0.0166666666666 0.7191090939670001 0.48408215529584 0.08875739644950001 1.1756812097774203 0.64556393376144 1.29368416157474 1.31434763634072 4.22804826784212 0.0913705583756 0.13230428210636
1.33521385158292 0.2912208360367 2.59311988567845 0.122952620978 0.6941891286110999 0.81480744369899 0.32502030128022 1.42122889194475 1.4588802391312798 2.3114839078608 1.88569363977996 4.34605065259891 0.1288040949277 0.2713345058891
0.142857142857 0.142857142857 0.0 0.0 0.0 0.142857142857 0.0 0.571428571429 0.0 0.0 0.0 0.0 0.0 0.0
0.35511982570789996 0.34041394335509995 0.7890341321723 0.0 0.2122367465503 0.4969135802467 0.21114742193180003 0.3645606390703 0.34985475671730004 0.0640885984023 0.34567901234549997 1.0317719680459 0.37509077705120003 0.0640885984023
1.6639170454412002 0.1318436217785 1.5867566245945999 0.0183486238532 0.6322142536075 0.6485908730448 0.10367275021880001 1.5668228012850003 1.9935415878098002 1.4458610805119 1.0891698371947 2.8117655280574003 0.0366972477064 0.2707981248992
0.6260869565227 0.0260869565217 0.5217391304354 0.0 0.0782608695651 0.1043478260868 0.0 0.39130434782600004 0.2086956521734 0.1043478260868 0.1565217391303 0.6521739130434 0.0 0.1304347826086
1.98538285275005 0.5411517888354 2.6741957703203 0.0862094176062 0.7490833769501499 1.1056175485662503 0.3675265472915 1.8577683901468 1.0951522052208 1.10790197833185 1.4577713266324 2.733716587119 0.0626633618021 0.17585884842984997
0.0 0.0 0.0 0.0 0.0 0.0 0.0 0.0 0.0 0.0 0.0 0.0 0.0 0.0
1.5317764247282 0.22031703256429996 2.4000462341715996 0.0504219558897 0.9219810124719999 0.6323870678167999 0.3492286066928 1.8164835463975 1.8541674661466998 2.3916484590198 1.3465877943216 3.2997902270283 0.08389475923699999 0.1012694135168
1.4523823131590001 0.8296210289262 2.3023847546583998 0.0179104477612 0.28464323934689995 1.3746741561737998 0.22874704464409998 1.6049459226132 1.0301319395375 1.0084047922643 1.0667390216154997 2.3207319299649 0.1276289826791 0.3510544266526
0.10344827586210001 0.0 0.3448275862069 0.0689655172414 0.1379310344827 0.1724137931035 0.206896551724 0.20689655172440002 0.10344827586210001 0.0689655172414 0.2068965517244 0.3793103448275 0.0 0.0
0.5398936170213999 0.08087524177941001 0.73138297872435 0.0 0.26317698259162003 0.10577852998061 0.0432785299806 0.53421179883972 0.27780464216621004 0.40195841392671 0.24480174081210002 0.7073259187622201 0.0478723404255 0.02163926499031
1.12153849770752 0.43027273181340003 1.66496085187644 0.1051091426763 0.3904095245305 0.23288897959232005 0.1084308763049 0.69929284912153 0.70766050121111 0.66982238592044 0.5009974933102199 1.2637875572579202 0.03244101633391 0.07238759234161
0.9678770395797601 0.10454915800129 1.4741069350732698 0.087869902544 0.50757295588439 0.42696504753199993 0.00781249999999 0.8123181348324 0.80319606418159 0.67829794240409 0.79339581217309 1.31031249769366 0.025726010101 0.0
1.0398404545936901 0.16385260822159 0.9176454194220399 0.04542686639872 0.5351389682756901 0.35828944928078 0.02886613748702 0.93046609726125 0.90512286480906 0.60523981960641 0.8950856240733099 1.49080710478368 0.024768039260739998 0.05945054652293
2.6441017527778 0.8719068642133 4.4979705891252 0.28150549349709997 1.1462836241493999 1.0338995535498998 0.1953466921024 2.5030545650966003 2.3606196159714 2.7045219838062 1.8878238590421998 4.5320473103951 0.087615662137 0.253302434133
0.0 0.125 0.125 0.0 0.0 0.0 0.25 0.0 0.0 0.375 0.0 0.0 0.0 0.125
0.0998217468806 0.1176470588236 0.43850267379689994 0.0 0.030303030303 0.1844919786097 0.1390374331551 0.1827094474153 0.23262032085560003 0.08021390374330001 0.1541889483066 0.1408199643493 0.0499108734403 0.1497326203211
1.3664190762240302 0.416524035465 2.32014984863304 0.0081300813008 0.7153110306651299 0.6251932031008101 0.07771806531629999 1.7439874897368304 1.8412938591013102 0.8441591653848001 0.9613845597398101 3.00376793019691 0.0 0.07596165513889999
0.33976608187150004 0.1567251461989 0.8356725146198001 0.1052631578947 0.0555555555556 0.2286549707608 0.048538011695899996 0.2426900584799 0.3935672514628001 0.0900584795321 0.1456140350877 0.309356725146 0.0111111111111 0.0374269005848
2.3276267324083397 0.7382302620197101 4.01633629363108 0.12361720974321 1.14226574878143 1.5653873228658501 0.29566045059113 2.21763204640671 2.1689782221794704 1.55464065903474 1.67798413894053 3.57441629012315 0.026971303542839997 0.5702533197303999
0.0 0.0 0.0 0.0 0.0 0.0 0.0 0.0 0.0 0.0 0.0 0.0 0.0 0.0
0.46044721953379997 0.04658769448367 0.6286803022411099 0.00892857142857 0.38687839648637 0.43644848507367 0.13161151641457 0.80759137943964 0.79180935010847 1.0451313928385702 0.63942343482581 1.58967654284177 0.0 0.0267857142857
0.7052488507181001 0.54036405047209 1.3659547097799398 0.00964630225079 0.17766755837849 1.4426809889657002 0.3270538375556 0.9432468097238899 0.7164409832870999 0.45219297037128 0.5063378284316999 1.0997278242072899 0.2510742672626 0.46236301859529
0.0 0.0 0.0 0.0 0.0 0.0 0.0 0.0 0.0 0.0 0.0 0.0 0.0 0.0
1.18732405904943 0.39141358042069 1.9627896763301902 0.29777943337260004 0.48809156662173003 0.5519476175164599 0.0425531914894 1.17868898694466 0.50339973247853 0.75851571360773 0.8621369932759 1.70172344784519 0.05165797906723 0.021978021978
1.0189441843708 0.2563854127358 1.0621891435230002 0.0685941043084 0.4287439613528 0.27499430556800003 0.1105697151424 0.9856831788184999 0.4260089343083 0.8936607376587 1.1182351001354 1.3179477438157 0.0 0.0380434782608
0.5466702122975 0.06137005484881 1.01716442609558 0.0491803278688 0.21879190907352003 0.26843344958661 0.059999999999899994 0.43009005010414003 0.5200488608384299 0.47247646395962994 0.31353502618063 0.98506208999616 0.0243902439024 0.0327868852459
1.2030087784416201 0.13351390941771 1.53192953276131 0.0 0.40264272789739997 0.490101586398 0.1096355378133 0.4954914853550101 0.8006689786515 0.75894058802902 1.0215066359874 1.88653041057764 0.133242943424 0.0327868852459
1.9679101335630698 0.7067629433099 2.98726064946549 0.24079940120909002 1.13803060655908 1.41039145124758 0.0248447204968 2.37814143733199 1.66842650613399 1.64267276924818 1.32750370768799 4.2389257602675805 0.06411745189119 0.20421246158409
0.0 0.0 0.0 0.0 0.0 0.0 0.0 0.0 0.0 0.0 0.0 0.0 0.0 0.0
0.2208646616539 0.0977443609023 0.33552631578969994 0.0 0.0263157894737 0.2312030075187 0.125 0.16823308270690002 0.2481203007519 0.0441729323308 0.1231203007518 0.15789473684209998 0.1062030075188 1.1156015037594
0.9424584004297201 0.1975308641974 0.98030059044621 0.0 0.22614063338682 0.27665056360712004 0.0246913580247 0.79683306494831 0.58947933440673 0.28448738593653 0.42673107890541 1.13741277509472 0.0 0.11728395061720001
0.2087542087541 0.2444444444441 0.2929292929291 0.0 0.0818181818181 0.052188552188500006 0.074074074074 0.4033670033669 0.12794612794610002 0.2249158249157 0.18787878787870002 0.6202020202026 0.37777777777800003 0.10370370370359999
1.75800260458253 0.30113152691673 2.7536060718058897 0.1335280173481 0.6853705626326299 0.7164313321955299 0.15715309141423 1.2650019056592603 1.54783948291763 1.1920702621456298 1.5527425792401999 2.7451131957748505 0.08476514651333 0.10724422085209999
0.0 0.0 0.125 0.0 0.0 0.0 0.0 0.0 0.25 0.125 0.5 0.0 0.0 0.0
0.46648110661279996 0.0977564102564 0.6212213225371 0.0 0.5012989203779 0.0778846153846 0.051602564102500005 0.5191126855602 0.4674426450751 0.7725033738196 0.40840080971649995 0.9800775978417001 0.0208333333333 0.0153846153846
0.8721836156043001 0.3514309764307 2.5336953494837 0.0189393939394 0.5131420723521 1.1180444798872997 0.2810276955012 1.1674894306468002 1.07086529455 0.6112123743694 0.5646059593427 1.5719665324916 0.07208994708989999 0.2533068783066
0.2757352941178 0.34841628959250004 0.42006033182480007 0.0 0.050245098039200006 0.39281674208140005 0.2249245852188 0.39159125188550004 0.18014705882350002 0.10906862745100002 0.23133484162900003 0.1629901960784 0.0769230769231 0.13574660633490002
1.2264097147520001 0.1893724377165 1.3517266926727 0.0331125827814 0.6573063680706 0.2726679712981 0.0119047619047 1.1934148511971001 1.1176706280801 0.5142332266299 0.6263213713324 1.7939546316581998 0.0 0.0119047619047
0.7554757858963 0.21887668406362 1.5313169073926198 0.09 0.46188311688319994 0.3691983250395399 0.21199842213852 0.49726969292382006 0.8073200631144399 0.6880422381357401 0.3847857749727 0.8928085932760401 0.0064935064935 0.08453088967102
0.9769327107029999 0.1695142538621 1.2327489234762998 0.0 0.39563239120189997 0.40413215231050004 0.1365668389261 0.8368150292582 0.8081603704368 0.582207285372 0.93076651355 1.3776650834175002 0.027397260274 0.1214611872147
0.20677144535840003 0.10079318448880001 0.4791568742656 0.027027027027 0.2124559341949 0.18137485311399998 0.0919506462984 0.2653202115158 0.2927438307872 0.1820652173913 0.3230757931849 0.4537602820212 0.0 0.1835047003525
1.0171328671336 0.37811188811179997 1.7230419580432 0.1027272727273 0.4702797202797 0.8682867132869001 0.0454545454546 0.6587062937061001 0.8119230769229 0.6414335664337001 0.9285664335666001 1.1545804195805 0.0 0.19975524475509998
0.0 0.366666666667 0.166666666667 0.0 0.0 0.2 0.0 0.0 0.0 0.366666666667 0.0 0.333333333333 0.566666666667 0.0
0.0 0.061224489795900006 0.1836734693878 0.0 0.0 0.24489795918420004 0.1020408163265 0.0816326530612 0.0816326530612 0.0 0.061224489795900006 0.0408163265306 0.061224489795900006 0.0816326530612
1.4069097569087998 0.16890609390589997 1.0766844266837 0.0 0.37310189810129996 0.4697330447328 0.0738011988011 1.1083444333436 1.0756410256409 1.0285242535235002 0.9635808635815999 2.1924714174706 0.0178571428571 0.0444444444444
0.0 0.0 0.0 0.0 0.0 0.0 0.0 0.0 0.0 0.0 0.0 0.0 0.0 0.0
1.2263711758942 0.3421691141898 3.1570698307475005 0.0605961349491 0.8283391883935001 0.8414504698272001 0.1571547221209 1.6395147825243002 1.6054163804416 1.2231834766066 1.2053685470002 2.444611077171 0.13692084010890002 0.1318342600225
0.0 0.0 0.0 0.0 0.0 0.0 0.0 0.0 0.0 0.0 0.0 0.0 0.0 0.0
0.09383490073150001 0.029676071055400002 0.36760710553810005 0.0 0.14838035527690002 0.066039707419 0.0344827586207 0.1579937304076 0.1368861024035 0.3830721003137 0.19143155694890002 0.3724137931034 0.0 0.0181818181818
0.920724023371 0.1537583758442 1.1107913895312 0.0392156862745 0.4774281805749 0.6491905503183 0.0 0.9019652768888999 0.7055364246739999 0.65748159729 0.8349540297285001 1.4100710051463001 0.0990163507263 0.0398671096345
0.16986998304099998 0.0500282645561 0.4036178631994 0.0 0.082815149802 0.11899378179749999 0.0672696438664 0.2699265121534 0.1871113623515 0.1500847936685 0.18287167891439998 0.2656868287167 0.0172413793103 0.0344827586206
1.0087976067939 0.5195573854867 1.1274687982484999 0.015625 0.12150186567159998 0.4804828229541 0.0717961914565 0.6122137159037 0.6755420097777 0.3080690298502 0.8816343926914 0.8929570895512 0.0 0.2843540916107
1.6621538848407 0.5610806247383 1.0173248430519999 0.135922330097 0.3366013130598 0.3240185732374 0.1256244218316 0.8864571638989002 1.2180002335120002 0.7592322822265001 0.7057004032586 2.1651401525038 0.0 0.1027437737441
1.2808738383702 0.0961538461537 1.5346275482896 0.0 0.7146474967165001 0.46393227266039994 0.0 0.8923612124756 0.8702476524113001 1.1739551403689 0.44750887948169993 1.3972802024041 0.0322580645161 0.09615384615360001
0.8860765643216 0.1878805544757 1.890610830422 0.0 0.24851016971079998 0.6259068532195 0.113955823293 1.0717061795569 0.4914982510682 0.8915986526767 0.9403096255999999 1.5796573390356001 0.0722891566264 0.0
1.2175750195836 0.1386305057106 2.4282990287977 0.2055137844612 0.4724310054615001 0.7327108056557001 0.15953115922340003 1.0550885298489998 1.0683646330881 1.2365514835725 1.3537328727921 2.5382168603374002 0.25100887812710004 0.1423454333355
0.0384615384616 0.0384615384616 0.11538461538469999 0.0 0.0384615384616 0.0576923076923 0.0 0.153846153846 0.096153846154 0.0192307692308 0.1153846153846 0.2692307692308 0.0384615384615 0.0192307692308
0.21451612903220002 0.2935483870971 0.29677419354830004 0.0322580645161 0.0 0.1145161290322 0.1145161290322 0.1145161290322 0.2758064516133 0.3 0.0 0.17903225806439999 0.0 0.0645161290322
0.42829550941570005 0.0526315789474 0.9548527281511999 0.0 0.2704007725733 0.2464992757125 0.0 0.5096571704492 0.5432158377591 0.6448575567353 0.45823273780720003 0.8638338966685002 0.0275229357798 0.0
0.0 0.0 0.0 0.0 0.0 0.0 0.0 0.0 0.0 0.0 0.0 0.0 0.0 0.0
1.1627821522321 0.2175945478406 2.0509430923416 0.0 0.41202547124770006 0.5145254712483001 0.10782152230959999 1.0260206394653 0.8889945717021 0.7779154736345 0.9771951801479 1.806019148175 0.0 0.0581627296587
0.0 0.0 0.0 0.0 0.0 0.0 0.0 0.0 0.0 0.0 0.0 0.0 0.0 0.0
0.37888545880299995 0.0163934426229 0.7455468029230999 0.1874999999999 0.7853816265713001 0.18401816762469997 0.0454545454545 0.21307927045610003 0.4759420906966 0.8519888581364 0.3649625647575 0.6889991838755 0.0454545454545 0.0163934426229
0.364640883978 0.1550030693676 0.7526089625529001 0.0555555555556 0.1325966850827 0.2992633517496 0.08870472682630001 0.5532535297729 0.3373235113566 0.3041743400859 0.2598219766727 0.5639963167590001 0.0 0.13305709023929999
0.0666666666666 0.0 0.2666666666666 0.0 0.0333333333333 0.0333333333333 0.0666666666667 0.1 0.0333333333333 0.1333333333333 0.0 0.2666666666665 0.0 0.0
1.1883498563277002 0.38589719450200005 1.3426195017716 0.0353982300885 0.35620901656070003 0.4688218873051 0.0353982300885 0.7426710764376 1.0304536114543001 0.5777917857113 0.3376789763656 1.4987106333860998 0.0 0.0
0.3084706959707 0.1730769230768 0.4887820512819001 0.0384615384615 0.1839285714285 0.1529304029303 0.0442307692308 0.3183150183153 0.2591575091576 0.2983974358975 0.2144688644691 0.4200091575095001 0.0125 0.08727106227100001
0.7017222525979 0.1209677419356 0.9301374677817998 0.0 0.25924392720440004 0.1824884792627 0.041142700929499995 0.8011794110762 0.7476489885187001 0.8144770756854001 0.8150589705545 1.5350855268294004 0.0508474576271 0.0
0.5087213599415 0.3414634146345 1.4647450110870999 0.0487804878048 0.35846267553550004 0.5202512934218 0.0 0.6674796747964999 1.0520325203263 0.37087952697730003 0.4554323725053001 1.1753880266075 0.0 0.0363636363636
0.69544366527088 0.4631842885455 1.49819825834916 0.168234064786 0.23588476814262002 0.26359808687396 0.08400708400698001 1.30112675760614 0.71165101546048 0.7056146472166 0.7123285201704801 0.99364220471004 0.0778036100616 0.08928302879908
0.0 0.0 0.0 0.0 0.0 0.0 0.0 0.0 0.0 0.0 0.0 0.0 0.0 0.0
0.0 0.0 0.0 0.0 0.0 0.0 0.0 0.0 0.0 0.0 0.0 0.0 0.0 0.0
