0.5869881040104 0.1686949503458 1.1214724356965 0.0 0.2539951573855 0.6987893462474999 0.1334140435834 0.9774678036289001 0.3212373232267 0.8760150191263 0.4968066814051 1.2491771063616999 0.086956521739 0.0289855072463
0.0833333333333 0.0833333333333 0.166666666667 0.0 0.0 0.0 0.0 0.0833333333333 0.166666666667 0.0 0.3333333333333 0.0833333333333 0.0 0.0
1.4288840829229001 0.194700058241 3.2560085995136006 0.16594936708850003 1.042959261894 1.1008975003205999 0.24949919717930003 1.5227554120203999 1.0570203820615 0.9330134154403 0.6005351449003999 2.0007916481395 0.1002912055911 0.3466947246845
0.0 0.0 0.0 0.0 0.0 0.166666666667 0.0 0.0 0.333333333334 0.166666666667 0.0 0.333333333334 0.0 0.0
0.13148148148155 0.0 0.4000000000006 0.0 0.23518518518530002 0.08888888888885 0.0166666666667 0.21481481481485 0.14629629629625002 0.201851851852 0.10185185185180001 0.41851851851915 0.0351851851852 0.00925925925925
0.23120196056589998 0.06349559986629999 0.5802606661478 0.0 0.1047120418847 0.4743789684752 0.07413389773859999 0.33624818981829996 0.2425086331736 0.2313690542498 0.1361256544505 0.3982399465301 0.0 0.1273253871004
0.2510822510822 0.060606060606 0.6147186147191 0.0 0.1428571428571 0.25974025974 0.27272727272700004 0.2683982683981 0.458874458874 0.108225108225 0.0 0.33333333333299997 0.121212121212 0.108225108225
0.3410860068393 0.2614718614716 0.7831228132596 0.0630492794876 0.12188420407589999 0.4282432939969 0.0181818181818 0.49932396370719995 0.2665025993792 0.2775544090616 0.11122576054069999 0.8101721718159001 0.0 0.0181818181818
0.171368861024 0.195402298851 0.4451410658304 0.045977011494099995 0.0229885057471 0.2277951933124 0.0909090909091 0.3197492163011 0.0114942528735 0.0344827586206 0.0229885057471 0.149425287356 0.0114942528735 0.2507836990592
0.6155893520487 0.0330578512396 1.5167531233417 0.0330578512396 0.6941490565189 0.45630612656229996 0.1273401922751 0.9966144087152 0.5077481909918 0.7689323663358001 0.8783737643416999 1.3390198651537002 0.0 0.0330578512396
0.6571104106796999 0.11490683229809999 1.0163391118953 0.0108695652174 0.2443218689164 0.3460183554281 0.044776119403 0.7344952257353999 0.3630991007691 0.5165940483916001 0.9123250208586001 0.8672939649582 0.0 0.1718503754519
1.1497931353389 0.6462820091989 2.3162325121691003 0.013698630137 0.7003866020278999 0.9913506604673 0.0833333333332 0.9598449501243 0.9985106223512 1.2651817446578 1.0349004812175 2.7672628793184 0.0595238095239 0.013698630137
0.0 0.0 0.0 0.0 0.0 0.0 0.0 0.0 0.5 0.0 0.25 0.25 0.0 0.0
0.0192307692308 0.076923076923 0.19230769230779998 0.0 0.0576923076924 0.0384615384616 0.0384615384616 0.0384615384616 0.0576923076923 0.0576923076924 0.0192307692308 0.3076923076921 0.0961538461538 0.0
0.44114453307867 0.0705882352942 0.86816829848608 0.0117647058823 0.22829468325768001 0.23737444414089 0.04687499999999 1.04870226439489 0.18724011156189 0.41783770869118003 0.14811227375559 1.2013496645347002 0.015625 0.076923076923
0.22167487684690002 0.2738916256157 0.3251231527089 0.0147783251231 0.0295566502462 0.11822660098500001 0.114778325123 0.1921182266007 0.277339901478 0.18866995073850001 0.14778325123129998 2.0812807881757003 0.0 0.0147783251231
1.06530006859877 0.05800248138946999 2.12842676253844 0.0909090909091 0.5030391299053399 0.60647693956857 0.11475956838847 1.1336537932562 0.5880174755914 0.63171583581231 0.91589781651917 4.025329211123999 0.03044871794877 0.10802310845217
0.0 0.0 0.0 0.0 0.0 0.0 0.0 0.0 0.0 0.0 0.0 0.0 0.0 0.0
0.33346425765919996 0.0 0.9336213668497999 0.0149253731343 0.1421838177531 0.1307934014147 0.041241162607999995 0.3860958366064 0.17989002356619999 0.2545168892381 0.3299293008636 2.1857816182236998 0.041241162607999995 0.0263157894737
0.24130952380946 0.1523809523808 0.6858333333340199 0.00666666666666 0.09714285714286 0.47595238095241993 0.095238095238 0.22249999999982 0.32404761904726 0.0958333333332 0.19166666666668 0.36761904761858 0.03047619047616 0.01333333333332
0.0 0.0 0.0 0.0 0.0 0.0 0.0 0.0 0.0 0.0 0.0 0.0 0.0 0.0
0.40557512942961 0.0727788942961 1.04125241258963 0.07535245503152 0.13720812513452 0.6373616445681201 0.0882352941176 0.89783308111811 0.6296003403806001 0.12637010158911 0.18575007300064 0.6201230212939399 0.04950157621191 0.03305785123961
0.3572755417951 0.0715170278637 0.8123839009299 0.0294117647059 0.1934984520123 0.4164086687302 0.0504643962848 0.6603715170279001 0.23560371517 0.3278637770894 0.1724458204332 0.5170278637785 0.0421052631578 0.1136222910217
0.48878616675208 0.1527777777778 0.6067240198595399 0.0416666666667 0.14265536723178002 0.38724105461419994 0.18271700051348 0.85924927238556 0.17514124293787997 0.40324858757148 0.18267419962349998 0.3686440677967399 0.0 0.00847457627118
0.5690706234183001 0.32651828847450004 0.9622728318377001 0.0555555555555 0.24600299056820002 0.32973890039090004 0.1668104439843 0.8204221302051999 0.4276800092022 0.2109500805151 0.6123475960438 1.2508914193689 0.0217391304348 0.0
1.5037504300193 0.17391304347849998 1.2171504935295998 0.1758183598401 0.3564165497895 0.40519000238119995 0.0869565217391 0.8173648416207 1.0633954325344 0.6237575749558999 0.6370696498974 3.9174779697797004 0.0 0.0217391304347
0.0 0.0416666666667 0.20833333333339998 0.0 0.0 0.1666666666667 0.208333333334 0.0416666666667 0.125 0.0416666666667 0.0 0.0833333333334 0.0 0.0833333333333
0.037037037037 0.11375661375660001 0.5952380952379001 0.0 0.047619047619 0.3386243386241 0.0925925925925 0.121693121693 0.0555555555555 0.0185185185185 0.2354497354497 0.19576719576719998 0.0 0.1481481481482
0.39060196162469996 0.1540982292344 1.2205375505284202 0.104347826087 0.0849918137164 0.2139854404405 0.050847457627099996 0.62589147239011 0.48566398312762005 0.6635397427883301 0.40286627837052 2.56057448901263 0.0 0.0420537550528
0.11111111111110002 0.0555555555556 0.0972222222222 0.0 0.0 0.08333333333330001 0.0277777777778 0.0694444444445 0.1111111111111 0.09722222222219999 0.08333333333340001 0.2500000000007 0.0 0.0138888888889
1.8328178283826597 0.3046333660323 3.04730234131879 0.05 1.11372559361828 2.1731442158012 0.34741106526489 2.19570201393701 2.1847286746608 1.84586220129929 1.3746803434087798 5.04341093253772 0.05551316245712 0.43106826128131
0.0 0.0 0.0 0.0 0.0 0.0 0.0 0.0 0.0 0.0 0.0 0.0 0.0 0.0
0.4718944099376 0.0 1.5462732919255997 0.1052795031054 0.1569875776395 0.5414596273287999 0.0526397515527 0.7153726708062 0.7717391304351999 0.8055900621114 0.47282608695649997 4.290372670812699 0.0347826086956 0.0347826086956
0.5555274218869 0.12295538562820002 0.8497113485594 0.0525902668759 0.21828632197269998 0.5606547830055 0.1559224185953 0.5718590165598 0.2894743505343 0.3194662480377 0.3528637261359 0.7355041272097 0.1068263533702 0.1083582316302
0.0 0.0 0.0 0.0 0.0 0.0 0.0 0.0 0.0 0.0 0.0 0.0 0.0 0.0
0.9697943898451999 0.3086902357825 1.64453423007644 0.06879831175586001 0.37728833503452003 0.99930746016156 0.22423765133 0.95609623737236 0.6963162416769401 1.03140596554042 0.47109372109306 3.09256386928216 0.0 0.15987335105026002
1.1286554397236 0.3482558139545 2.5478901745153997 0.1444444444443 0.465472690012 0.6399371189263 0.16781609195390002 0.5949991089724 1.1035176487073 0.44036131159270003 0.323598859485 2.71060959 0.08448275862070001 0.2999589490968
0.4805110837442 0.0952380952381 0.771264367816 0.0 0.7862684729061 0.1125 0.06515804597699999 0.9438628899829 0.6929597701155 0.9262828407228 0.21896551724130003 1.9069889162551 0.0 0.0
0.7507203907204001 0.4045909645911 0.8262271062271 0.0 0.1630769230768 0.5024745624742 0.14197802197800002 0.5038502238508 0.3829141229141 0.3629792429792 0.38220594220579995 1.4359055759052002 0.0802197802197 0.0628571428571
1.1064285083646301 0.2277099923776 1.9103102711802402 0.2151777056563 0.46357211289112 0.8135770990423401 0.06786611222531 1.09168734914435 0.70716065573648 1.0725782362619398 0.99745093277946 5.15270211925095 0.12305631017001 0.05072259492317
0.0 0.25 0.0 0.0 0.0 1.125 0.0 0.0 0.0 0.25 0.0 0.25 0.125 0.0
0.3677248677247 0.21957671957679997 0.3293650793652 0.0 0.0357142857143 0.47222222222270005 0.0714285714286 0.4391534391534 0.1481481481482 0.0357142857143 0.0714285714286 0.5185185185182 0.0 0.29100529100539996
1.3543337860708 0.4008643177696 2.0509465453546 0.1562855656357 0.1951953010473 0.5782390013359 0.1603694304007 1.1614004018706001 1.8425556652187 1.4707047770316999 1.2538700677773 8.3151414673817 0.0404858299595 0.0196078431372
0.9764150943392 0.1049528301886 0.7311320754720999 0.0 0.0141509433962 0.2523584905659 0.0141509433962 0.1981132075475 0.5188679245284 0.2099056603772 0.1415094339622 0.685141509434 0.15330188679239998 0.0
2.3133628249189 0.6747409244119 4.209751914676999 0.1093117408906 0.8346013894016999 1.4103084452528 0.4386534452387 1.6970017747015 2.2340895831877 1.7110783829299 1.5569307625965 9.366491802066001 0.1354406130268 0.3082363967018
0.0 0.0 0.0 0.0 0.0 0.0 0.0 0.0 0.0 0.0 0.0 0.0 0.0 0.0
1.1808795442443 0.05950665959 1.2520709695706 0.0421706529473 0.36336839666830006 0.3572319363739 0.0285355529902 0.8406887002136999 0.7191430011334001 1.3204428836205002 0.5518225687101 7.0724105829753 0.0458715596329 0.16585699133499998
0.8565544143052 0.2925610286086 2.3087904516583 0.0338983050848 0.31045886729999994 1.4696855025946 0.47029499369239997 1.2624500482289 1.0093278638129002 0.6082127600928 0.7676863717807001 2.1118251873536 0.1887440243371 0.3095101811509
0.22153209109719998 0.22153209109719998 0.4389233954449 0.219461697723 0.06935817805380001 0.22153209109719998 0.2474120082815 0.2080745341614 0.5020703933756 0.18219461697710002 0.067287784679 1.2898550724636 0.0217391304348 0.08902691511380001
1.7699537027147 0.2502146440052 2.4126180408635998 0.21566504612940002 0.4546405548358 0.7473153987103001 0.15921619256609998 0.5777765192822 2.2377582560396 0.9874759796559 0.9419883838509999 4.0752440322945 0.0802788589025 0.0898543901535
0.98940047488725 0.22184744659415 1.13255082368805 0.1409997693377 0.44911103555845 0.5960065770170501 0.15526001481340002 0.7232735919076501 0.77453905871205 0.7938028734445001 0.1843491206267 1.8031838745764501 0.02804175105155 0.00763358778625
0.9686886962251999 0.0631685499994 1.4570233462347997 0.1489591855288 0.7028089530901 0.8638904009269001 0.17720776957440001 1.1540109469077 0.8594622706002 1.3298525048149 0.9982965555365001 3.2512070917486 0.0254237288135 0.0
1.3444976076547002 0.23125996810190003 0.9465709728873999 0.0829346092503 0.4569377990428 0.4999999999999 0.0653907496012 0.539872408293 0.4888357256778 0.43700159489620005 0.4505582137164 3.3030303030296 0.105263157895 0.0478468899521
2.0396089100201 0.4996804530383 2.7352040824487 0.18038675843969998 0.5107558317951001 0.7573754616845 0.24860920841440004 0.9095849503197999 1.1282881931342001 2.1259563119677 0.8608140946859 7.7221783276436 0.20147132887250002 0.0800860875322
0.082191780822 0.5868251410151 0.4230459307004001 0.0 0.0588235294117 0.3036529680368 0.027397260274 0.054794520548 0.13698630137 0.22031963470319998 0.0821917808219 1.1976228847698 0.4950980392163 0.3310502283106
0.06896551724132001 0.01724137931034 0.16379310344811002 0.00862068965517 0.0 0.12068965517239999 0.03448275862064 0.025862068965469998 0.03448275862064 0.01724137931034 0.08620689655166999 0.35344827586127 0.043103448275840006 0.025862068965469998
2.3605967847551 0.2578311902082 3.7422698467747995 0.07782145055350001 0.5560248702548 1.0106573753611 0.2057795497732 1.8197177408576999 2.0339147316713 1.6379985975809999 2.1009199952472 7.1169291351299995 0.0144628099173 0.0650759219088
0.9444101698213999 0.0893268824884 0.9618469331436 0.21489106081730003 0.08932688248839998 0.5100496801639 0.0 0.6544143910129 0.4226710393871 0.3333441568984 0.3482482059942 1.1974867681898 0.0 0.2339838295935
4.2864579998047 0.67087982781258 4.6153175835547 0.3158424605132 1.17318901124802 2.0047568360723003 0.64964710888552 2.9486025462741603 3.07201524225368 3.39423826276274 1.9728299966218397 12.203003262290402 0.0695504588641 0.62366940303842
0.0 0.0 0.0 0.0 0.0 0.0 0.0 0.0 0.0 0.0 0.0 0.0 0.0 0.0
2.06208066195736 0.10577148491293001 1.71336816198893 0.0121951219512 0.518211374499 0.47158131256803 0.05725255468353 1.5192142022328 0.7892968127372 1.29537103055426 0.5019298437472001 5.656054215515961 0.09331480538643 0.20435841725665999
1.3597161062677001 0.3550784475636 2.2507091180889 0.19778100179750002 0.5935578096299 1.7590908850808997 0.3672342545851 1.2811180032364 1.1744289640632 1.3288952195484 1.5291693590560003 3.2938909322661996 0.0714285714285 0.4379013273845
0.1159420289856 0.31469979296039996 0.3304347826088 0.0144927536232 0.2014492753623 0.5155279503102 0.2573498964802 0.1579710144928 0.0289855072464 0.0869565217392 0.1718426501034 0.5043478260866 0.1 0.2
1.5913964300512 0.35729957809755003 2.63679416582975 0.14114888133 0.7354238607221 1.5507606696345 0.12526303399255 1.3493390045461002 1.4516445033862 1.2995087602345001 0.92746031963685 4.33680382207975 0.1609070817052 0.33624988875385003
1.1877171491397398 0.27008278829590004 1.07755164418438 0.04123177141164 0.61995706566067 0.7195609139900702 0.06491968317407 0.99123165201641 0.6169435430154999 0.67258864460834 0.26210483333661 2.3345750383857102 0.00584795321637 0.1356873195646
1.37264565389556 0.21579237204222 2.2137288387298 0.0 1.0846358033846801 0.69623675873738 0.1480144292643 1.36177729927796 2.1797408672429 1.12672322047358 0.9121126621117801 2.6454373329385596 0.0 0.0431547619048
1.8088254743982 0.40845096576219997 2.1013558671687003 0.0811246503247 0.6230951443944001 0.7284281749454999 0.1381074168796 0.9465877115433001 0.6040105143661 1.2995333651477001 1.2910941133323999 7.706653521020599 0.20256523662120002 0.060167844104100004
2.42204799559188 0.40444655798832 4.652166704682119 0.1719420654883 1.26342078120196 1.28618682718544 0.0900933571618 1.6582154712676198 1.9569461286094398 2.35911132349894 1.2326620852105399 7.073266745488519 0.2447816758009 0.18471228082630003
0.158415841584 0.39603960396 0.831683168316 0.0 0.039603960396 0.316831683168 0.23762376237599997 0.158415841584 0.39603960396 0.11881188118799998 0.237623762376 0.594059405941 0.039603960396 0.475247524752
0.08108108108090001 0.027027027027 0.1081081081079 0.0 0.0 0.0540540540539 0.054054054054 0.162162162162 0.027027027027 0.432432432434 0.0 0.0 0.027027027027 0.027027027027
2.0091190662190197 0.4931081335859 2.6682083561273604 0.0779768177028 0.9839575884578 1.05402636871342 0.17690165755120002 1.48770737208054 1.9194868628089 1.36934146343856 1.04099378160642 4.57967416063234 0.0615300074576 0.0779683636221
0.738594738595 0.5138639138636 0.8586302586294001 0.055944055944 0.0 0.4674436674434 0.1359085359084 0.6203574203578 0.3475857475854 0.3710067710064 0.9882561882558 1.4343656343648 0.2718170718174 0.1962259962258
2.49920854273412 0.54196815298982 4.3033073617091 0.14746256937290003 0.86913769644126 1.93464083768214 0.27102003591338003 2.88878929806378 2.36119220070528 2.38886611571228 1.91454809264612 5.3735685603002405 0.10368236398166 0.40260817174569996
0.0416666666666 0.2916666666666 0.166666666667 0.37499999999960004 0.0416666666666 0.0833333333332 0.0 0.0416666666666 0.458333333334 0.16666666666660002 0.166666666667 0.166666666667 0.0 0.0
1.1600784230610202 0.24848042500235998 1.07204050376784 0.16086983276114 0.40432147301342 0.38866250051302 0.12054725211592 0.76187798274362 0.6564632361998399 0.9831257093633001 0.46888717198344004 2.39555101259342 0.12986981908682 0.04922465779642
0.817522673405 0.38796791443807 1.11761963526641 0.028846153846069998 0.34276262952717 0.44577334430290994 0.16855448473087 0.86260993907967 0.7136192239129 0.7508961626606001 0.6447111711813001 1.3550797241975001 0.12671788995297 0.23731905349537
0.0 0.0 0.0 0.0 0.0 0.0 0.0 0.0 0.0 0.0 0.0 0.0 0.0 0.0
1.4462330013993199 0.40963760596415 2.7044631114175197 0.15834902098811998 0.45904696575001996 1.05568816728479 0.1673450006781 1.79141799729152 1.80211975748008 1.3495640317615 1.1396553171747998 5.01024446915996 0.034188034188 0.47204751946593004
0.6736583604181999 0.23682195738499 0.96437703141882 0.05164319248827 0.10488262910782001 0.38790899241591 0.07680751173698999 0.50080173347869 0.68954135066823 0.30613217768127005 0.36056338028165 0.61315276273021 0.00704225352112 0.0266666666666
1.2075916455159 0.23575167452219997 2.4036903421549 0.1375539568344 0.6783633570592 0.5078948724309 0.040250558174100004 1.7562837051312 1.425880102286 1.0155889929961002 0.9969650592529999 2.3190455699133 0.0499999999999 0.2251401637309
2.1449399736526997 0.195744683968 2.0647365838195997 0.12522651406750002 0.5533220496916 0.5783317637887001 0.077253218884 1.5354292373076002 1.2411469365723 1.1383127799380999 0.9552850212101 4.1675491419693 0.1380614688379 0.0846606262914
2.41315280640615 0.39832691601672 3.75094190944714 0.20363785444698002 0.6720855670232501 1.16482956561457 0.27643539978134 1.8067303659589897 1.7094178305370202 1.8010823779181298 1.26453961763624 4.32706278725807 0.11402998528546002 0.09772701667228001
0.0266666666667 0.0133333333333 0.0533333333332 0.0133333333333 0.0133333333333 0.2 0.0133333333333 0.0933333333333 0.0666666666666 0.08 0.053333333333299995 0.2133333333336 0.0266666666667 0.1333333333334
0.4746376811596 0.2536231884062 0.4275362318843 0.0 0.0434782608696 0.2572463768117 0.0869565217392 0.1739130434782 0.213768115942 0.213768115942 0.34057971014559996 0.0869565217392 0.0 0.4275362318842
2.8681771406144 0.7284644497631 3.1838467199269997 0.2145579268287 1.1546230065661 0.7450634219121 0.062382739211900004 1.7423224509924 2.2049536617717997 1.3508735928700002 1.6292653611614 6.9616233745254 0.0576923076922 0.0961538461537
0.8514380356492001 0.3213365581783 0.6203270413797 0.11468794363530001 0.2811267679684 0.32763289342220003 0.245806824754 0.5975997686523 0.5829039381669999 0.24897470950069997 0.1884825700614 1.1973026973029999 0.1538461538462 0.2685340974813
3.69100021513663 0.65925073256463 5.14553229999338 0.1701654256404 1.79631087791063 1.43094162894815 0.37118506294584 3.00024533556887 1.8711578639414599 1.70431382440983 1.60200426218661 4.84892906937115 0.15475229435691001 0.5542111070241499
0.0 0.0 0.0 0.0 0.0 0.0 0.0 0.0 0.0 0.0 0.0 0.0 0.0 0.0
1.1582454353346 0.1836018298864 1.6460100786716003 0.0504212849413 0.35736958260179996 0.3080450681069 0.0981274487466 0.8732962084359 0.9976523304690998 1.0339228195259 0.6604892355668 2.5396166441055996 0.0290309106098 0.0641711229946
0.74789029535852 0.45305717109558996 1.2443351579429398 0.02531645569619 0.15158227848123002 0.73691602995459 0.5505150720336901 0.9477601018740199 0.68273368304928 0.49598966054691995 0.70793229938756 0.8348452883270199 0.18801839814489002 0.2331081081081
0.0 0.0 0.0 0.0 0.0 0.0 0.0 0.0 0.0 0.0 0.0 0.0 0.0 0.0
0.7326829044114701 0.14963459846889 1.25900216498397 0.061765787296590005 0.32241354829208 0.30464062559588 0.03973423101259 0.56732479297408 0.66691701846749 0.7307633413227801 0.64741472531937 1.44306036019218 0.02524147738949 0.049404424276789996
2.4918856954248 0.9624387411990001 2.7717463215245 0.24415702291750002 0.5111168330195001 1.0045558423885002 0.256502715573 1.4126432564480003 0.9603928519856 1.7226626618227 1.0322888026434 2.5162889470407 0.0 0.1133203080106
0.9907211503261 0.25574000433538 1.27383775957726 0.2651113957462 0.1980185896364 0.35376351527458993 0.037699115044199996 0.67426845049249 0.40911761108818 1.17767552281578 0.46752316747329004 1.7959152928032798 0.07429263591428 0.0263157894737
1.7881481564968003 0.24893322140629998 1.9458000229108001 0.1279319274879 0.5041369713301 0.5826611153986 0.10832408435070001 1.5008381362324 1.0595756548008999 1.0074048199891 1.3263589431561 3.42790526037 0.18178560764409998 0.19019607843119998
2.25588360238898 0.6073069938953001 3.3157641950344003 0.1652914543215 0.8458380017598001 1.20002504975829 0.4166390540444 2.2153487988407803 1.9635633186623798 2.92855965863799 2.2374829993963905 5.35882604320239 0.1859469520705 0.30352387798809
0.0 0.0 0.0 0.0 0.0 0.0 0.0 0.0 0.0 0.0 0.0 0.0 0.0 0.0
0.07407407407399999 0.0740740740739 0.16049382716059998 0.0 0.0493827160494 0.061728395061599994 0.5123456790123 0.0617283950617 0.0617283950617 0.0123456790123 0.08641975308629998 0.2469135802467 0.08641975308630001 0.5123456790123
1.10670621713719 0.07318703609778 1.03679174557717 0.0045871559633 0.5400874306554699 0.34279186553238 0.11671723487459999 1.04056655475677 1.26247716886068 1.1652849441552902 0.9839307494332001 2.0820978345083496 0.0091743119266 0.235599750523
0.2777777777782 0.3301169590645 0.9359649122809001 0.1666666666664 0.0 0.6608187134512 0.2134502923978 0.43333333333370005 0.5412280701764 0.2277777777776 0.2552631578948 0.585964912281 0.2383040935678 0.133333333333
2.8153370314962 0.7840867226478002 4.517784385542 0.30911322230618 1.52138340598498 1.71016144821278 0.4381204419724 2.25314867899566 2.02236279018026 1.95531982029062 2.28063385196738 3.7881764657425996 0.20020816261465998 0.40416357204062003
0.0 0.0 0.0 0.0 0.0 0.0 0.0 0.0 0.0 0.0 0.0 0.0 0.0 0.0
0.43701617469395004 0.07440201809392999 0.5662854036019299 0.00983381793253 0.11710640807875 0.16847167205294 0.06085800511725 0.43524550212033 0.5124943294575399 0.46104914319948 0.35532209243285007 0.7611145443921501 0.01401791835094 0.02678297047491
0.7773934322007 0.38020077055118 1.09503998164186 0.00895522388058 0.1849194052944 0.7057185185610799 0.22138572235747997 0.8355951711731999 0.4197348604844 0.57781760346826 0.47271744550468 1.0516873400245799 0.0565653817649 0.21226914309170003
0.21276595744670002 0.0851063829786 0.5106382978727 0.0 0.0 0.1702127659574 0.1702127659573 0.0425531914893 0.5106382978737001 0.0851063829786 0.0425531914893 0.0851063829786 0.0425531914893 0.0425531914893
2.2195433257171002 0.5862513184528 2.7901047648889 0.1191533751637 0.804784856534 0.8624448717854001 0.45382791539309997 1.7456499229691 1.3565025303990998 1.5149787419776999 1.0581671528821999 2.2404797344405 0.031914893617 0.21619659577789999
0.48002172863361 0.04985514244318001 0.5974167069050201 0.01834862385318 0.11926605504580001 0.1038749396426 0.0550458715596 0.32043698696302003 0.23388459681321 0.32786093674562 0.20461129888951002 0.4762192177698 0.00657894736841 0.00657894736841
0.8737292102063 0.23710978317639997 0.8914794496693 0.010101010101 0.6616624216298 0.207748280216 0.0390625 0.8470317398118 0.7771600705339 0.9150557297106 0.7570641762451 1.6390140630456003 0.1437815656564 0.0
0.9454323209707901 0.12463692194699 0.8718937854351401 0.02581902326142 0.50899517742639 0.25298806946998 0.041211816499420004 0.88761932892475 0.6799957769370599 0.48541411154541003 0.77598613242341 1.32305111349848 0.03711371827314 0.03984270338563
1.7743553963633 0.41981818449280006 2.9624441682070994 0.10687447618830001 0.6608590718413 0.49200789472170003 0.1337458996082 1.4428684803376 1.3784515671592 1.4586190861078001 1.2674675597723002 2.6266802940762 0.060692922507100004 0.215114998617
0.1578947368421 0.0526315789473 0.1052631578946 0.0 0.0 0.10526315789480001 0.0526315789473 0.0877192982456 0.08771929824550001 0.0350877192982 0.1578947368421 0.08771929824550001 0.0175438596491 0.0526315789473
0.4411764705876 0.176470588235 0.1764705882352 0.0882352941176 0.0 0.0882352941176 0.0882352941176 0.352941176471 0.2647058823526 0.1764705882352 0.0882352941176 0.5294117647056 0.1764705882352 0.3529411764706
1.9274175497985 0.2689403334708 1.8996869281222 0.0365853658536 1.1273424692111997 0.7921488630372 0.1689403334714 1.7786898630913002 1.5924269058937999 1.0688581698113 1.3300300451132998 3.9357624414218 0.0 0.0731707317072
0.44904214559419997 0.5003831417626 0.5624521072798001 0.0 0.1111111111112 0.3647509578546 0.18237547892740003 0.29118773946340004 0.2934865900384 0.2291187739464 0.2022988505746 0.6314176245212 0.1601532567052 0.0222222222222
2.12314749436154 0.6203948694490501 4.12297836032867 0.10178150460056 0.9654321799117499 1.6430098616037396 0.28162405785464 1.87778708877284 2.10037163960972 1.5229930282183601 1.36386739273966 2.8784519844778 0.07635329883012 0.32180723924320004
0.0 0.0 0.0 0.0 0.0 0.0 0.0 0.0 0.0 0.0 0.0 0.0 0.0 0.0
0.7690296285264 0.1129773691654 0.9250446661205999 0.0178571428571 0.4073457157746 0.6209056055974 0.13778567706380002 0.9274733864366 1.0455408322792001 1.2914092161089001 0.8365033871822001 1.8545559443161 0.0 0.0535714285714
0.668860530548 0.2976788585208 0.7189258440522999 0.0192926045016 0.18192323151130002 0.8439258440514 0.0234375 1.0776728295817 0.6918207395500999 0.6136957395511999 0.5755878215438001 1.1897608520898 0.03125 0.0661676045016
0.0 0.047619047619 0.095238095238 0.0 0.0 0.380952380952 0.28571428571400004 0.0 0.047619047619 0.0 0.095238095238 0.0 0.0 0.047619047619
1.74657929673913 0.7269687132708901 3.0445335285036896 0.6990335464905 0.6427078362761299 1.0380553712038598 0.063829787234 2.27612787854216 0.77911862831973 1.22851976893413 1.7024843687834001 2.8129440219575903 0.09526330990653001 0.1438339438338
0.7428622394673902 0.21894368162399 1.5881203869417 0.09637188208620001 0.38659624989727004 0.48702035469016003 0.14148857774478 0.79070227943682 0.63857849698438 0.46739046883779 0.56835890828959 0.71383913427736 0.0254237288135 0.13430361090619
0.7932431301795999 0.02956937799042 1.45713084250598 0.1047358834243 0.22865627805214 0.32906868512551996 0.09333333333319999 0.7404328879821 0.5232613451166199 0.83682728928562 0.70843395124702 1.06140899939804 0.0 0.093897996357
1.3599981593855002 0.1770732209195 1.7311759826644 0.0 0.6394644543007 0.6007193732007 0.12362211716479998 0.8116157068659001 1.0091580766302 0.9389888157699 1.2676705662093002 2.1970400892003 0.11068655244659999 0.0327868852459
1.3728245587800703 0.3303083498371 2.3180595185057897 0.07258152013779 0.84657554351298 0.84418212008118 0.031055900621 1.4422512345499898 1.5914699554133902 1.33598164793568 0.8929901558719899 2.77233731914258 0.06517453434349 0.08420764126629
0.0 0.0 0.0 0.0 0.0 0.0 0.0 0.0 0.0 0.0 0.0 0.0 0.0 0.0
0.30011520737290004 0.3755760368665 0.43951612903259996 0.0 0.0 0.6324884792623 0.43951612903200005 0.36463133640570006 0.5898617511528 0.0535714285714 0.15034562211969998 0.0 0.160714285714 0.493663594471
1.2667550063340198 0.19654882154859998 1.4261431153100101 0.0113636363636 0.38495095886371994 0.44202557811972 0.0597643097643 1.32126802760181 0.72014422081843 0.41734372712583 0.80411120197481 1.80143324802282 0.0 0.148148148148
0.0714285714286 0.09999999999999999 0.2 0.0142857142857 0.0 0.1142857142856 0.0 0.0714285714285 0.1571428571431 0.0714285714285 0.0285714285714 0.1285714285714 0.0142857142857 0.0285714285714
1.831420222543 0.353583041874 2.9872025970411 0.1607694482717 0.7976292065483002 0.7318686388801 0.1418905642328 1.5178911131182997 1.719204278421 1.2084177237989 1.6211232006560998 2.6437792005118004 0.09596962830610001 0.1892511357988
0.0 0.0 0.0 0.0 0.0 0.0 0.0 0.0 0.0 0.0 0.0 0.0 0.0 0.0
0.39599358974360005 0.1258012820514 0.5612179487186 0.0 0.21137820512810002 0.0543269230769 0.0565705128205 0.3959935897436 0.3349358974363 0.6214743589738 0.4086538461543 0.8001602564105 0.0104166666667 0.0230769230769
0.40205627705624003 0.21401515151504003 1.19642857142834 0.0151515151515 0.27543290043324 0.32196969696987 0.1052489177488 0.57332251082234 0.6036255411257401 0.18722943722934002 0.36904761904780004 0.62932900432907 0.026785714285670004 0.08035714285706999
0.1764705882358 0.2352941176468 0.3529411764704 0.0 0.0588235294118 0.3529411764704 0.0588235294118 0.0588235294118 0.2352941176468 0.1764705882358 0.0588235294118 0.1176470588236 0.0 0.1176470588236
1.2984240231074 0.3584952575018 1.5494854276837997 0.036961566762899994 0.9512381537235 0.6775825012129 0.0531898656898 1.2097927429902 0.928357825357 0.977345445537 0.8041054158384 2.0062122507862004 0.0208333333333 0.1279761904762
0.410172755593 0.05037019055712 0.78101387708892 0.0133333333333 0.3404329004329 0.22017235101354 0.14595946109962 0.31369826435242 0.35576162155603996 0.49072622081954 0.2988550390416 0.52549257595964 0.012987012987 0.04102439616452
0.678244288965 0.0493948080905 0.8339060185402999 0.0 0.4374842647921 0.24485008737550001 0.0767920683645 0.6368016240264001 0.6068945844706001 0.3994556763468 0.7097193951576 1.2186946267955001 0.013698630137 0.09406392694070001
0.7994047619046 0.19404761904759998 1.0827380952384 0.0 0.29523809523809996 0.6047619047619 0.0 1.1363095238093 1.1083333333333 0.5839285714283 0.5434523809524 1.4523809523806999 0.0 0.1994047619048
0.48293875381929996 0.16 1.5685186661357 0.1355440414508 0.34463664142390005 0.1643523316068 0.1290022585359 0.6293769097911 0.36870466321240003 0.7114494486519001 0.3244426730439 0.8788574465264 0.0866321243523 0.0155440414508
0.0 0.0 0.0 0.0 0.0 0.0 0.0 0.0 0.0 0.0 0.0 0.0 0.0 0.0
0.1373873873873 0.18993993993980002 0.6779279279273 0.0 0.0277777777778 0.37987987987960004 0.1636636636635 0.1929429429429 0.1388888888888 0.1929429429428 0.27027027027 0.3536036036043 0.108108108108 0.16666666666649999
0.8482543772014 0.17232898680250003 0.5667674430831999 0.0 0.22179530995309998 0.2698393711551 0.0458291708291 0.7479796519275999 0.6277327935222999 0.5407763289341 0.5590251853414 1.3818142383948 0.0178571428571 0.0
0.5756180733167 0.07246376811579999 1.0508098891738 0.0289855072464 0.0644927536232 0.1966325660703 0.14663256607039998 0.45942028985500005 0.331884057971 0.46909633418630003 0.417647058824 1.0541773231043998 0.117647058824 0.0144927536232
0.6668465389094 0.19216763165460002 1.6010821961827 0.11408450704220001 0.5056049178876001 0.45084204791720006 0.1192136677416 0.6246133232904 0.8335102034366 0.2263748769828 0.3506283309719 1.1514877709409999 0.0696507814006 0.0938932056431
0.0 0.0 0.0 0.142857142857 0.0 0.0 0.0 0.0 0.142857142857 0.142857142857 0.0 0.571428571428 0.0 0.0
0.20164989275689998 0.0835835670681 0.9969531980420001 0.0 0.34774239674380003 0.17513061650960002 0.0344827586207 0.35480393774429997 0.4239674421163 0.7741406808563001 0.6226915250519001 0.9303085299456999 0.0 0.0545454545454
1.0734046760516 0.2953667674526 1.3089265876662999 0.0584464555053 0.5875680407147 1.008164909293 0.1375291375291 1.0121051370287 0.9392194083571 0.6726331124414999 0.9917139364883999 1.6041269492021 0.16778091949079998 0.14301396278130002
0.2725409836064 0.2522068095836 0.6670870113501 0.0 0.1967213114753 0.8291298865066 0.2233606557376 0.3442622950823 0.1475409836064 0.29508196721339996 0.5472887767976999 0.5901639344273 0.0 0.6346153846152001
1.077296706126 0.4166311300654001 1.5649368612591998 0.03125 0.1879342511578 0.374133795309 0.0298507462686 0.7842906771569 0.7163880413202999 0.5667446327473 0.7690698294239 1.3776353760744 0.0 0.1038379530916
1.2406111389443097 0.37349960352441 1.15142185735001 0.0776699029126 0.50035465889301 0.38118295901461 0.2273872409586 1.17731064147711 1.2417905737279098 0.91371965772891 0.7453107308981199 1.83330348254972 0.0 0.13643755202500002
0.6410256410254 0.0961538461537 0.8974358974355999 0.0 0.2884615384612 0.38461538461489997 0.0 0.4487179487186 0.6410256410262 0.44871794871709997 0.2243589743585 0.8333333333336 0.0 0.09615384615360001
1.2261179490372 0.22238200285860002 1.1630698842715002 0.0 0.2882683215128 0.678935414261 0.0899144056846 0.9850141225463 0.3665161636149 0.4449675971744 0.4012383858373 1.0597725617123 0.07380319148930001 0.0
1.4496588233791 0.2093314342937 3.1735100897365 0.18170426065169998 0.6933452459872 0.8924419024445 0.2354545541882 1.1986581540876 1.3955240039872998 1.5895945249405998 1.5164946968164 3.0421649847223 0.24282435431760002 0.1792929704475
0.076923076923 0.076923076923 0.23076923076949998 0.0 0.076923076923 0.11538461538460001 0.0 0.3076923076924 0.1923076923075 0.0384615384615 0.23076923076960001 0.5384615384618001 0.0769230769231 0.0384615384615
0.0645161290322 0.1935483870971 0.0967741935483 0.0322580645161 0.0 0.0645161290322 0.0645161290322 0.0645161290322 0.22580645161329999 0.0 0.0 0.1290322580644 0.0 0.0645161290322
0.58847403656679 0.0526315789474 0.52217234134227 0.0 0.1603090294543 0.20781839299479 0.027027027027 0.5250303417859801 0.28633510381458 0.4970767484040899 0.4012032312368 0.7227478565004801 0.00917431192659 0.0
0.0576923076922 0.1538461538461 0.1538461538461 0.0 0.0192307692307 0.0576923076921 0.0 0.1346153846157 0.2500000000004 0.0384615384614 0.0 0.1346153846153 0.0 0.0
1.6126712710955002 0.2538442790377 3.4964970201461 0.0337078651685 0.6914803915323 0.6991072066982 0.17690950443710002 1.5584565449417 1.0280244700353 1.5866250188191997 1.3921241863537 2.2988570855028 0.0337078651685 0.13798729106209998
0.0 0.0 0.0 0.0 0.0 0.0 0.0 0.0 0.0 0.0 0.0 0.0 0.0 0.0
0.142857142857 0.0 0.23809523809499997 0.0 0.07142857142850001 0.0238095238095 0.0 0.0238095238095 0.1428571428575 0.190476190476 0.047619047619 0.11904761904750001 0.0 0.0
0.48398042519400003 0.20119295612460003 0.9899994540465 0.0529616724738 0.1863586057291 0.5045284806367 0.1120291899026 0.6436618407101999 0.3757358619301 0.2637066720276 0.28119410483630003 0.6508926658227 0.0285714285714 0.2251866419966
0.0 0.0 0.0 0.0 0.0 0.166666666667 0.166666666667 0.166666666667 0.333333333334 0.0 0.0 0.0 0.0 0.166666666667
0.8490486415368999 0.2654867256638 1.3398329382264003 0.0265486725664 0.34462386277589996 0.2311186684704 0.0910648015986 0.3389144708259 0.5851630279632001 0.8296987675165 0.4303764475181 1.6358649108213 0.0322580645161 0.0
0.8903284887153 0.4751861042182 1.6267576509502 0.076923076923 0.625115207373 0.4187640316669 0.1868486352356 0.8656622946939001 0.6150892118635001 0.8540529363104 0.6289377289384 1.397276379535 0.0499999999999 0.2890582535742
0.4241236862888 0.1028673835126 0.5911973756152 0.0444444444444 0.1650811007836 0.1311827956989 0.033078184800499996 0.37081586780880005 0.4600145799162 0.5014458416862999 0.3963185711683 0.7285827106494 0.0508474576271 0.0
0.6111311930553 0.2030129124819 0.8629013024271999 0.0479094076655 0.2521697814381 0.4879250591583 0.0588235294117 0.40643574502909996 0.6173498667749 0.26929232890489996 0.5049963666175 0.6010471594403 0.0 0.0770053475935
0.90075767493248 0.41240770551089995 1.5138338097479602 0.2117123256556 0.29702444919832005 0.26359808687396 0.08400708400698001 0.9908311885450402 0.82271018121848 0.7400803892557 0.4648868288300801 1.20287808856094 0.027027027027 0.06824516063648
0.0 0.0 0.0 0.0 0.0 0.0 0.0 0.0 0.0 0.0 0.0 0.0 0.0 0.0
0.0 0.0645161290322 0.1935483870966 0.0 0.0645161290322 0.38709677419320004 0.0645161290322 0.1290322580644 0.2580645161292 0.0645161290322 0.1290322580644 0.3870967741934 0.129032258064 0.129032258064
