0.47520843267325996 0.022967329894380002 0.60915682902978 0.0 0.052592223329979995 0.41439570178387997 0.04012961116648 0.48178411625008005 0.3091089051689 0.56500667080968 0.5406377485902 0.37548586125625993 0.099033816425 0.0144927536232
0.16472868217050002 0.19961240310060002 0.43743078626809995 0.0 0.0232558139534 0.21262458471739998 0.428571428571 0.17635658914719998 0.2713178294579 0.046511627907 0.36821705426350004 0.3740310077521 0.0 0.29734219269069995
0.9940457153121101 0.1884055918554 3.2237342520384304 0.0753164556962 0.62339209507622 0.9767292776799101 0.21681687650051 0.9830198016703099 0.96625874206351 1.05567994990422 0.78292940263931 1.5910349763250098 0.07598359335301 0.24665326988560998
0.0 0.0 0.0 0.0 0.0 0.0 0.0 0.0 0.0 0.0 0.0 0.0 0.0 0.0
0.42125045837985 0.0 0.46782178217849996 0.0 0.1810597726439 0.19416941694155 0.019801980198 0.20342867620184998 0.06609827649425 0.3196736340299 0.1373303997066 0.9417858452510499 0.0383204987165 0.00925925925925
0.15690260731672 0.10180488348258 0.7709676602205201 0.0 0.0767462648448 0.75324614042368 0.26882768637660004 0.5331917099151999 0.34589487337978 0.21108579089968002 0.13657071818644 0.38622885937214 0.0781922525107 0.18034055306958
0.030303030303 0.030303030303 0.2121212121215 0.0 0.0 0.1060606060606 0.1363636363636 0.0151515151515 0.1818181818181 0.030303030303 0.0 0.16666666666660002 0.060606060606 0.030303030303
0.630348378455 0.389610389611 0.7769603482733001 0.0760362924746 0.1126489948407 0.5516623585921 0.0181818181818 0.6926776688253 0.4055485207786 0.3640581014475 0.1925855771946 0.7714997331435002 0.0 0.0181818181818
0.5531761776942 0.0263157894736 1.0831096588473 0.0121951219512 0.1357023378844 0.21079861516290002 0.0911424903721 0.131715097055 0.2915353794687 0.23688100517350003 0.210662465476 0.8993075815929 0.0789473684209 0.038510911424799996
0.24059497413109998 0.4 0.7428677014039 0.0 0.1380266075387 0.2649852180337 0.266666666667 0.33980044345980004 0.1316518847007 0.07954545454539999 0.24057649667389996 1.1439209164819 0.0113636363636 0.0
0.47340838509370003 0.1416925465839 0.4615683229818 0.0108695652174 0.0652173913044 0.4440993788821 0.03125 0.3497670807452 0.20671583850910003 0.2164208074534 0.2317546583851 0.3206521739132 0.0 0.0465838509317
1.0634604201774 0.321115203205 1.6102009930375 0.0149253731343 0.7244658326749001 0.34802287264930004 0.0690476190476 1.0119716104789 0.899481115899 1.3380619380612 0.7340632004829 2.7907346384946 0.0595238095239 0.0149253731343
0.0 0.0 0.0 0.0 0.0 0.0 0.0 0.0 0.0 0.0 0.0 0.0 0.0 0.0
0.0192307692308 0.076923076923 0.19230769230779998 0.0 0.0576923076924 0.0384615384616 0.0384615384616 0.0384615384616 0.0576923076923 0.0576923076924 0.0192307692308 0.3076923076921 0.0961538461538 0.0
0.7978871759201 0.10904977375569999 1.5236207502758998 0.0117647058823 0.24239291610599997 0.41472250672600003 0.140625 0.9195408997801 0.47727658371070003 0.44330324385450004 0.4112684587867 1.4232114467404 0.0468749999999 0.0384615384616
0.21424250280877 0.042174401521 0.23118140177991003 0.04001382767257 0.00985221674875 0.1095843055914 0.00492610837437 0.20439028605985998 0.28718347593136995 0.02955665024623 0.11943652234015001 0.70253219255121 0.0 0.00492610837437
1.3601691909881701 0.13778860512277002 3.2053538239205395 0.09090909090900001 0.7177423998753399 1.68056927269357 0.46050211403076996 1.2429710722702 1.1946031984324001 0.7026047460659101 1.2793719057825699 3.4185008312663996 0.17679018136327002 0.33212356727797
0.0 0.0 0.0 0.0 0.0 0.0 0.0 0.0 0.0 0.0 0.0 0.0 0.0 0.0
0.6218755844827999 0.0 1.7376500953865999 0.060483297796699996 0.33783713013860006 0.28704223244739996 0.0765233980473 0.8063367373652001 0.4427673661769 0.5928029027792999 0.612187184378 3.3319305727027 0.0574757789997 0.0350877192982
0.5851253132831999 0.2699248120297 1.5628947368431998 0.0343859649122 0.212581453634 1.2025313283210002 0.2005012531327 0.529210526315 0.7395739348367001 0.1916666666664 0.5517543859653 0.7297243107764 0.0581954887217 0.1319298245612
0.38297872340399997 0.0 0.127659574468 0.0 0.127659574468 0.0851063829787 0.0851063829787 0.1276595744679 0.127659574468 0.0 0.0425531914893 0.8936170212773 0.0 0.0
0.9162008673286 0.2996088824895 1.6724857127822998 0.1084103062711 0.2757854568936 0.9848147297601 0.12800802139030001 1.0454593782653 1.1723052431343999 0.5063140213058 0.6140069238045001 2.0586366607655 0.09200452780570001 0.1259592680046
0.1470588235295 0.0147058823529 0.0588235294117 0.0147058823529 0.0441176470587 0.1029411764706 0.0147058823529 0.1617647058822 0.0441176470588 0.1323529411765 0.0441176470588 0.2058823529413 0.0 0.0147058823529
0.48959917488188 0.0243902439024 0.6626183288022399 0.0 0.21352257590367998 0.13663129851619998 0.09938366718017999 0.7652790826834599 0.23720086353408 0.41578246290998006 0.2181755546369 0.69235680492404 0.0365853658536 0.00847457627118
0.2600644122383 0.1642512077293 0.41103059581330004 0.0555555555555 0.10547504025759999 0.15660225442820003 0.08373590982279999 0.33051529790700007 0.2141706924315 0.12399355877620001 0.2979066022547 0.7858293075682 0.0108695652174 0.0
0.801694113164 0.1945812807883 1.4095960497275801 0.11351561633314 0.4081406877205 0.59392430773584 0.0172413793103 0.65418346061288 0.8747096204537401 0.6880141932772399 0.63504151975788 3.43244622689114 0.103448275862 0.07346326836559999
0.0 0.0416666666667 0.20833333333339998 0.0 0.0 0.1666666666667 0.208333333334 0.0416666666667 0.125 0.0416666666667 0.0 0.0833333333334 0.0 0.0833333333333
0.1312169312168 0.2465608465611 1.333333333334 0.0 0.047619047619 0.9439153439147001 0.24232804232780003 0.42433862433819997 0.111111111111 0.037037037037 0.49947089947080003 0.4582010582006 0.1714285714288 0.35343915343880006
0.9515409920561 0.1415642298396 1.5789499900376998 0.0782608695652 0.2784840973862 0.3085818996506 0.03125 0.8818921792838 0.9235858087101 0.8263139742890999 0.5970664193452 3.3169359694017997 0.0 0.08557357043229999
0.4920634920641 0.0873015873016 0.36706349206329997 0.015873015873 0.031746031746 0.17857142857129998 0.0277777777778 0.21230158730159998 0.2857142857151 0.2242063492063 0.17857142857140001 0.8690476190487 0.0 0.0297619047619
1.5499494834814602 0.16477358633866002 3.5771311150835596 0.064598540146 0.8998214594697 2.0440789602624196 0.2722761734389 1.9904312231645203 1.80390472334704 1.54881334437522 1.3765546198646201 6.226406953670919 0.1006054214373 0.38065439592443995
0.0 0.0 0.0 0.0 0.0 0.0 0.0 0.0 0.0 0.0 0.0 0.0 0.0 0.0
0.46240824392940005 0.0151515151515 1.3645868624125002 0.1007999247128 0.3298466026729 0.34567570111019996 0.0655514775079 0.5386928289093 0.5411725955212 0.7069075851676 0.40497364953860004 3.0742988895231997 0.032542819499300005 0.0173913043478
0.7481804831117 0.1731594672608 1.1678746138640999 0.08279434850860001 0.2693067301359 0.7665731503532001 0.16612650022790001 0.8151243226831 0.3753927178811 0.4513029827313 0.6051086240953 1.0885653517004 0.1770304350028 0.1134602724465
0.0 0.0 0.0 0.0 0.0 0.0 0.0 0.0 0.0 0.0 0.0 0.0 0.0 0.0
0.5030250833825001 0.22653966404000003 0.7708310208310699 0.06143922215348 0.15552569123984 0.44657789300716005 0.0635941439512 0.64294039294077 0.82020030234335 0.42577330077323006 0.35013432334828004 1.28612987541509 0.0816326530613 0.16565643351356002
0.42635658914720004 0.10017889087660001 0.5528920691715 0.0222222222222 0.273901808786 0.1808785529714 0.06666666666660001 0.1890677797654 0.8174517988462999 0.3791691512617 0.1142118863049 0.8770025839800999 0.0 0.0
0.3366889136079 0.0 0.5813311086391001 0.0 0.23283277715981998 0.1467741935484 0.02528735632186 0.37059695958462 0.61711160548816 0.37814238042298004 0.39953652206172 0.9116981831657799 0.0 0.0
0.9503271778476 0.13930093736284999 1.73341788845855 0.0 0.1109211775877 0.49214741617815 0.0842448249427 0.6059819594708 0.3701133922062 0.38610346013415003 0.73842998804305 1.23157897227645 0.08662151801685 0.07081128747785
1.56530346859671 0.3149375828436 1.9703858474262397 0.0720022948938 0.41659388837107003 0.7554568936488699 0.0855879243063 1.1537572191647 0.5458708354830699 0.91242110912754 0.6824375056691999 4.3309674654578 0.10934270201679999 0.0849352629916
0.0 0.0 0.0 0.0 0.0 0.0 0.0 0.0 0.0 0.0 0.0 0.0 0.0 0.0
0.0 0.0370370370369 0.111111111111 0.0 0.0493827160493 0.0493827160493 0.07407407407399999 0.08641975308629998 0.111111111111 0.0864197530864 0.07407407407399999 0.2098765432096 0.0617283950617 0.0493827160493
0.6771711661232 0.24452164964394998 1.153159278362 0.06848383355545 0.10003868049154999 0.31968210818985 0.08511330735725 0.67208957110905 0.95308451743445 0.7098445855622499 0.6314233718811999 4.33339142317815 0.0323886639676 0.0196078431372
0.1363636363638 0.1430155210641 0.3281596452322 0.0681818181818 0.0227272727273 0.39966740576510007 0.0487804878048 0.279379157429 0.3669623059871 0.0975609756097 0.0681818181818 1.3492239467827 0.0487804878048 0.6430155210637
2.2656135543486 0.6880421566795201 4.20595570467347 0.1093117408906 0.8261204947138301 1.7938747701992 0.5067025288047 1.9161420508798797 2.8408099749785 1.43872361436766 1.34188882410663 7.35413063766069 0.19501915708773998 0.5176647906127999
0.0 0.0 0.125 0.125 0.0 0.0 0.0 0.0 0.0 0.0 0.5 0.25 0.0 0.0
0.77811615372175 0.053061895013449996 1.04495878145775 0.03062229763005 0.4445824728178 0.45065817608125003 0.050954898029300005 0.62880834035085 0.67133374407075 1.0960756982412998 0.5406633596754 6.918609929307451 0.0733944954127 0.2181597581902
0.42754237288127994 0.15042372881354002 0.9796610169493 0.01694915254236 0.11864406779636 0.5855932203402 0.20847457627108001 0.6381355932204 0.32627118644066 0.2110169491526 0.25254237288160003 0.8173728813566401 0.10847457627108001 0.15889830508468
0.27950310559 0.27950310559040004 0.5693581780543 0.28467908902719996 0.07660455486539999 0.27950310558999997 0.2981366459627 0.22981366459619998 0.6614906832304 0.21118012422350002 0.0817805383022 1.6086956521736 0.0289855072464 0.1107660455486
1.4228414233034 0.3242358968586 2.17936837193202 0.1509707595157 0.35654002710706 0.85377588733032 0.15214666540545999 0.72187568950326 1.94823923742426 0.9273216225706 0.6269995515211599 3.1114892062255 0.1040751444497 0.1201205168483
0.62140676577645 0.23575533533115 0.9450990988111498 0.08958385413450001 0.26346003097045 0.50798997502715 0.0940355250175 0.51321747643795 0.54606627424905 0.6156758086646 0.1982570093637 1.34398158901095 0.01783766941885 0.00763358778625
0.8724895035115999 0.0500977936383 1.4986576542519 0.1156258521955 0.6807451826066 1.0416357520700998 0.18327576919420002 1.1068023773653999 0.8299743437509001 1.2029075902063 0.8205972229694001 3.5632926531539004 0.0338983050847 0.0
1.3132993289385 0.1832651239303 1.2726294724813 0.0861168788179 0.3568430080346 0.6325895499177999 0.1350270329912 0.6801631007189 0.6448246115575 0.6004032379411 0.6835008476019 3.1329255815344 0.18738527278739997 0.09102695274480001
2.43585437532658 0.82897712708504 3.4620400658758403 0.3646443752054 0.41147272465210005 1.11685844654818 0.19515813103340002 1.4473507761793398 2.1654965978487404 1.60946886161778 1.1346386120729801 6.5141981531517406 0.2312946460689 0.08254710733846
0.041095890411 0.1095890410959 0.123287671233 0.0 0.0 0.0684931506849 0.013698630137 0.027397260274 0.068493150685 0.0684931506849 0.041095890411 0.3561643835619 0.0 0.082191780822
0.13714733542312 0.06269592476494 0.36833855799361 0.00862068965517 0.0 0.3252351097174 0.10266457680244001 0.07131661441997 0.21630094043994 0.01724137931034 0.10893416927897001 0.42163009404306995 0.08855799373034 0.07131661442007001
1.7742072228793901 0.56084347642439 2.84828870121916 0.0295441100016 0.93134192918909 1.5301555595043 0.2319602354022 1.4752268180456 2.6715403619602 1.5341674773299703 2.1264331131785 7.174536740827091 0.0165289256198 0.09522532842619999
0.2274247491637 0.020066889632100002 0.1070234113713 0.013377926421349998 0.0200668896321 0.05351170568560001 0.0 0.1404682274247 0.05351170568559999 0.03344481605355 0.0869565217392 0.23411371237445 0.0 0.010033444816050001
3.1819549667118 0.6516393118225 5.0625057994081 0.0449145175311 1.1464490251609 1.5583516032918998 0.5049795512349 2.6953077645881 2.4987968390904998 3.1734752843005998 2.1430650418507002 12.969071795604501 0.0449145175311 0.3245739818623
0.0 0.0 0.0 0.0 0.0 0.0 0.0 0.0 0.0 0.0 0.0 0.0 0.0 0.0
1.0749133304984801 0.05457158953613 1.0113312823718499 0.00609756097561 0.2792948767552 0.32649859498493 0.03165260699513 0.8635384028476 0.52603911313673 0.8590603001561801 0.30206716147472 3.50498836839828 0.04700276719914 0.11294404466797
0.7719700424378 0.16086665880210002 1.3035131056995 0.0645328271934 0.4038824398709 0.9635079292705999 0.2067385145757 0.7462862636212 0.5820731191284 0.7034944423799 0.7917267502294 2.0661385769036 0.0272108843538 0.2080584455332
0.23529411764700003 0.11764705882340001 0.4705882352945 0.0392156862745 0.0784313725488 0.19607843137249997 0.156862745098 0.1568627450979 0.4117647058824 0.1568627450979 0.156862745098 0.6666666666669 0.0784313725491 0.07843137254890001
1.2747830304355 0.21161871996660003 2.2259768252459997 0.130353030655 0.7048930698636999 0.9935102705812 0.0957619261006 1.0652909801107 0.9735776370062 1.1357089369180002 0.7857512569241 4.072315991636399 0.1577947661425 0.17266355841619999
0.9372659796720799 0.28908533061977004 1.33562202312809 0.03183063143079 0.51332555521288 0.57479452614789 0.1438305916564 0.8311794348266601 0.44611165800989006 0.6741442686633901 0.31385626829169 1.79856408607767 0.0116959064327 0.09869373982839
1.347920538407 0.2545644459704 2.1753915508509003 0.095238095238 0.9242325535983 0.5848550958841 0.1803886217947 1.4084282751574002 2.1445607088988 1.1959866879446 0.8217012766648 2.8114866138764 0.0 0.0552455357143
1.9383040985327102 0.45693509674888 2.0965211223408704 0.07968069103141 0.60763217592061 0.7684958201099 0.26027169761211 1.1326216126204 0.9887738954054701 0.7631767974525799 0.8829658882512 4.85488906361146 0.13583132441659998 0.03390071594511
3.37691909943403 0.8091922740130699 4.8260536423842115 0.21228272105537999 1.6075426697252602 1.93388444242438 0.14536192749705001 1.71156900753742 2.44291993252568 3.0185597168073297 2.11013137037588 10.36357720169581 0.21345655658845 0.2285494379301
0.079207920792 0.1980198019802 0.41584158415829997 0.0 0.019801980198 0.158415841584 0.11881188118799998 0.079207920792 0.1980198019803 0.05940594059399999 0.1188118811881 0.2970297029712 0.019801980198 0.237623762376
0.05343511450375 0.11343511450375 0.3013740458017 0.00763358778625 0.03816793893125 0.23740458015285004 0.15816793893135 0.1058015267175 0.20106870229005 0.08290076335875 0.25923664122155 0.2268702290077 0.10106870229005 0.11343511450385001
1.2879660491762 0.52351152138448 2.3010753923205605 0.027087102610479998 0.30434894662668 0.7194957646637999 0.15397417278366 1.2156775403409 1.4391143365369 1.13633639848658 1.0646031904514799 3.69807786136886 0.05082231031909999 0.0779094129294
0.7555333555334001 0.20523920523900002 1.3130203130206 0.1308469308468 0.0888888888888 0.21724941724929997 0.10669330669320001 0.5763791763803 0.6027528027525 0.3512709512706 0.4142080142077 1.9241869241854 0.21338661338700002 0.100344100344
3.9736142348322003 0.7957556822773001 6.017231640042701 0.28744155043786 1.4755948486970398 2.7306830197127403 0.42462524625716 4.066520231436581 3.42313999505326 3.51403087787764 2.74517848720182 7.8875799736819 0.20070662148007998 0.4578975910167
0.0416666666666 0.2916666666666 0.0 0.0416666666666 0.0416666666666 0.0833333333332 0.0 0.0416666666666 0.29166666666700003 0.16666666666660002 0.0 0.0 0.0 0.0
1.3105778489590998 0.2950542061251 1.9054873004521002 0.1895334824723 0.6115811155259 0.6433563740528001 0.1492109018273 1.1959223218818 1.2137336869746 1.6562291402143998 0.7323771455663 3.8603027454239998 0.1387718962381 0.0978618342854
1.2302958316195 0.6752910324966 1.9305786370497002 0.0504807692307 0.5440619429586 0.9499799465240999 0.33390357191810005 1.6068003565062998 1.2251287193191 1.2542163718630002 1.1901511723564 2.1339611613899 0.21333316193590002 0.6618173248318
0.0 0.0909090909091 0.2272727272726 0.0 0.0 0.0454545454545 0.2272727272727 0.0454545454545 0.0454545454545 0.0 0.227272727273 0.0 0.0 0.0909090909091
0.58565744519509 0.15234596492128 1.30130540540386 0.07509285051059 0.4581721345302 0.52429688330989 0.0246913580246 0.66725248061149 0.8913565551570899 0.55341933401976 0.3957650550185 2.28089263849739 0.0 0.08975189479819001
1.15224681421919 0.46763916834359004 1.12139503688846 0.20288397048959 0.20422535211248 0.64805499664689 0.0610328638497 0.30801475519779004 0.3977196512408 0.43578135479539 0.31556002682758 0.6643192488268701 0.0211267605634 0.0
0.9445191215442001 0.2263214691403 1.7356096175695999 0.1231654676259 0.4994982960995 0.3539776599766 0.0107913669065 1.1737580461952 1.3237656190834002 0.9921507004916 0.7929269216214 2.5877186671745 0.0499999999999 0.1857970465731
1.96876882070712 0.21902459899502996 1.8753668693508099 0.10805913209330001 0.50832528974254 0.58716301908353 0.14634489551809998 1.4590925654707798 1.3036331464214301 1.0916241209585502 0.9764272163673401 3.5411627806997696 0.1268290121535 0.08817853243370001
3.1694174561657795 0.93083429255668 5.464436469527781 0.36277644423050004 1.03295340170739 1.9397452049969903 0.6146537132984 2.5972167959578005 2.5655089106202698 3.021609074251 2.28875078736299 7.659659395595081 0.18692736726099998 0.16551068646748998
0.0266666666667 0.0133333333333 0.0533333333332 0.0133333333333 0.0133333333333 0.2 0.0133333333333 0.0933333333333 0.0666666666666 0.08 0.053333333333299995 0.2133333333336 0.0266666666667 0.1333333333334
0.11339449541280001 0.1750458715596 0.2985321100916 0.0183486238532 0.1100917431192 0.28844036697250003 0.28348623853210003 0.2251376146788 0.3234862385321 0.09339449541280001 0.2251376146789 0.5387155963306001 0.1133944954128 0.19339449541280002
2.10099431865809 0.46494519600990003 2.0537278783997697 0.171474524597 0.75253610450219 0.44434577842309 0.06993680260679999 1.1193700961766 1.5726481837449 0.9710252620108899 1.0344370273994898 4.16763575054817 0.0384615384615 0.0384615384615
0.5437457279562 0.0905673274092 0.5434039644566 0.0377648667122 0.2042036910453 0.173786739576 0.0150375939849 0.5206766917292001 0.7559808612439001 0.24897470950069997 0.1884825700614 1.1396103896109002 0.5 0.0377648667122
2.60321006083216 0.6727365754088999 4.4992936122351805 0.1635302801113 1.4703030930388001 1.4940660306786298 0.6847025651378 2.36515144324646 1.69062684778363 1.79462064018387 1.3239910407336302 4.40137171981472 0.3160690768573 0.52032701394063
0.235294117646 0.235294117647 0.0 0.235294117647 0.0 0.117647058823 0.0 0.0 0.117647058823 0.705882352942 0.0 0.35294117647 0.0 0.0
1.3655344913082001 0.2186373353166 1.9976704796758 0.061647266561999994 0.4398152801783 0.36746444989499993 0.1159323777357 1.0203826746017 1.1863532494339002 1.2506625856075 0.7957753675632 3.0756964268951 0.0402568922305 0.0641711229946
0.8400843881850399 0.45745428973249996 1.4970464135018402 0.08565400843884 0.1949367088608 0.91300984528834 0.40372714486624 1.0695850914211 0.91860056258754 0.5917369901552401 0.6283403656816 1.0546061884678 0.12021800281284 0.2249999999998
0.535626535626 0.313677313677 0.8980343980335 0.081081081081 0.535626535627 0.7841932841945 0.1027846027845 0.5950040950035 0.562653562654 0.411138411138 0.151515151515 1.5094185094185 0.135135135135 0.38411138411150003
1.40034212255048 0.277653374107 2.10053960154338 0.054085853479180004 0.47331810297590005 1.20112658310218 0.056041250503500006 1.51227710282428 1.62434697414336 0.90628947244486 1.2529176447205999 2.71963516643014 0.04879487369188 0.37263187748149995
1.2815267328534998 0.8609561529908001 1.4291037133947002 0.15566144769669998 0.26390386899240004 0.6986063346688001 0.15766350169 0.7134554236314999 0.6066404097373 0.8898848201948 0.5688286639615 1.3215335549404001 0.0 0.0522353752443
1.1098233499769001 0.1397599541811 1.3569198009974999 0.09063469407159999 0.45906886639899996 0.4453388560019 0.0465486725663 0.9528962596299 0.8349800799667001 1.6332663287711 0.6845132204733 2.1572426509531 0.0890072660091 0.0
1.3201095812055998 0.17772104857280002 1.5942017866031 0.0639659637439 0.3585773614043 0.48659682988909997 0.1429194386248 0.9101823817249001 0.6185452238496001 0.8232290372135 0.7519368680274999 2.5127691982321 0.09089280382190001 0.1483524770852
3.4072583155010205 0.7446420068128001 5.218590163168399 0.319479618567 1.4167582220105999 2.13437206334024 0.6225341526739201 3.7300201118792997 3.20948098234388 4.3752351071736 3.78686790895926 8.38953288266956 0.117263843648 0.5279646212604
0.121212121212 0.030303030303 0.09090909090900001 0.0 0.0 0.030303030303 0.0 0.212121212121 0.0 0.060606060606 0.333333333334 0.09090909090900001 0.030303030303 0.0
0.3176470588242 0.1549019607842 0.32745098039250004 0.0 0.0627450980392 0.6333333333340001 0.356862745098 0.3019607843147 0.33921568627419996 0.0960784313725 0.0666666666667 0.15490196078430002 0.0588235294118 0.1294117647059
2.3844020799117 0.1749804066201 1.9318945418199 0.0229357798165 0.8932501767254 0.6736067974674 0.17908973383729998 1.7975904161676 1.7288527732413999 1.5236195766368998 1.5599660543163003 3.8154808248776004 0.045871559633 0.2684592789312
0.31980676328540997 0.30547927790511 0.30987795575922 0.0 0.026086956521729997 0.19560132214622 0.2134502923978 0.2971014492754 0.3107932875671 0.06256038647342 0.24077040427161 0.43668954996204 0.2383040935678 0.043478260869500004
1.7305951680322702 0.24949307111652 2.3601742597747397 0.05431781001212 0.46405169667959 1.1289413020053698 0.40173163650852006 1.7008066361651202 1.3280568444268201 0.95617584408607 0.9443577421884402 2.23417441083564 0.10180532892822 0.34531824923987003
0.0 0.0 0.0 0.0 0.0 0.0 0.0 0.0 0.0 0.0 0.0 0.0 0.0 0.0
0.73911171446781 0.12499451237821002 0.98971366434562 0.01966763586501 0.2183398002844 0.2893242964867 0.11377950229781 0.76731640106671 0.8741950081213001 0.84273320703252 0.60746958169072 1.33175289830871 0.02803583670182 0.05356594094981
1.062983155104 0.4288556251761 1.4138658109147 0.0149253731343 0.227008336936 0.7722248641717 0.1616594059147 1.1141690378059999 0.5943493142030001 0.7188142832705 0.7246800855271 1.5334759024093 0.054992166758800004 0.1779966386698
0.0 0.0 0.0 0.0 0.0 0.0 0.0 0.0 0.0 0.0 0.0 0.0 0.0 0.0
1.15654506560556 0.34517023541652 1.12599014555166 0.0260198637445 0.3011037473182 0.7416738234468 0.1671768011851 1.00126504302186 0.7264978650757 0.5814534545789599 0.6822997143512001 0.9444986825927801 0.0900315208825 0.11027403722626
0.9358901247111201 0.30958307664100004 1.13727751044904 0.0792470737108 0.2823473584305 0.16477338950022 0.0998101866497 0.57083243144273 0.51654831082751 0.5171997535745401 0.37338700278071996 0.9482217486131203 0.02382032667871 0.04106170598911
1.2431454904096 0.1624204354308 1.9037278331432002 0.0651840273991 0.7264966205257 0.5183634596491 0.015625 1.2725651249419998 0.7569801690078 1.0385361355277 0.8388134209914 2.2955791516563 0.162563131313 0.0
1.63962150519159 0.44679168579499 1.6910327885549 0.0764827670198 0.8392518561074899 0.6909946490841801 0.3028955080318 1.43623105785139 1.9989937499229602 0.7234822856748899 1.29066943748039 2.6674562000260797 0.0745341614906 0.12156234776509
2.9669114633041 0.5760584968787001 4.4128707037588 0.18160624251500002 1.3611718754542 0.797080361395 0.2205342975847 2.4427140865997 2.4012525543867 2.510511584002 2.3408597076339 4.379188877848801 0.0448199066341 0.3644198420095
0.1578947368421 0.9812030075183 0.1052631578946 0.0 0.0 0.10526315789480001 0.0526315789473 0.3972431077696 0.2543859649125 0.32080200501219996 0.1578947368421 0.23057644110249997 0.1842105263161 0.0526315789473
0.1818181818181 0.0 0.7272727272721 0.0 0.090909090909 0.31818181818159996 0.1818181818181 0.1363636363636 0.22727272727300002 0.1818181818182 0.22727272727300002 0.3636363636366 0.090909090909 0.272727272727
0.6126591104008 0.1310808503987 0.9689718007725 0.0121951219512 0.3664048504892 0.31042493197480003 0.0713793578613 0.707240975775 0.5134455872763001 0.3754912909613 0.44912683379269996 1.4422636713089 0.0 0.0393156170367
0.0 0.0 0.0 0.0 0.0 0.0 0.0 0.0 0.0 0.0 0.0 0.0 0.0 0.0
2.31089126629307 0.61596934010759 4.302853751491491 0.21075171266721002 1.4764311254581002 1.5506556407187901 0.33767541447134 1.78256152697033 2.41184242926577 1.76091000888005 1.5933414660827 3.08027929321862 0.08493698981721999 0.48090003455670005
0.0 0.0 0.0 0.0 0.0 0.0 0.0 0.0 0.0 0.0 0.0 0.0 0.0 0.0
0.6722251172486 0.059405940594 0.8827514330381999 0.0 0.592496091715 0.747785304846 0.187597707139 1.1323606044830001 1.2053152683696 1.5508077123496 0.9286086503396 2.040646169881 0.0 0.0
1.0020985978597 0.3965032154339 1.1502276500972999 0.016077170418 0.33282707817189994 1.7158014205896002 0.29047131147530003 1.3588701175486 1.1029004796798998 0.6592529386959001 0.8167680275158 1.5345428548836 0.22336065573769998 0.4002984818934
0.1264418811003 0.0408163265306 0.46362023070110003 0.0 0.0652173913044 0.1712511091394 0.1237799467613 0.1672582076309 0.24755989352309998 0.0856255545697 0.2963620230702 0.19165927240470002 0.0 0.0204081632653
0.7337081914049299 0.40605660158199 1.6390415713464903 0.025641025641 0.27441324320213 0.48054697874766 0.0837765957446 0.85796260129806 0.55547335955613 0.34890362036773004 0.667824726726 0.73816538071829 0.01904165921683 0.1694444444444
1.32702690508847 0.53089966028214 1.23963341170397 0.122448979592 0.30680422500614 0.45168580819674 0.07373290755737 1.11602725098871 0.7279437935827701 0.8085211977200999 1.0762386015552001 1.15250978799667 0.00847457627117 0.0580528944566
1.7253287888796598 0.19733897681249002 2.58178626227469 0.1047358834243 0.484783609367 0.61901197491878 0.06333333333329 1.50058521685599 1.3885966113539798 1.1617809070961997 0.9833621809106801 2.0185351814858 0.0 0.17082107328
1.2132589120517 0.16523041307420003 1.4194685335587 0.0 0.49208198408700005 0.4850459014486 0.0857232981978 0.6821761642895999 0.9243789914676999 0.6994143866291 0.9817788837098 1.7178533753773 0.0942931098236 0.0392960462873
1.61120614386223 0.43448569394892994 2.4151300883462903 0.09050273526471 0.94972494653128 0.95276655826154 0.00621118012422 2.12062318031426 1.16489732994332 1.07229026331926 1.38456585234443 2.67349421259247 0.014598540146 0.10950327499780001
0.0888888888888 0.0222222222222 0.17777777777780002 0.0 0.0222222222222 0.0444444444444 0.0 0.1333333333333 0.1555555555555 0.0222222222222 0.088888888889 0.1555555555555 0.0444444444444 0.0444444444444
0.0322580645161 0.1612903225805 0.0645161290322 0.0 0.0 0.0967741935483 0.0645161290322 0.0967741935483 0.161290322581 0.0 0.0967741935483 0.0 0.0 0.225806451614
0.36049382716037 0.10493827160489999 0.5456790123455398 0.0333333333333 0.12839506172827 0.12592592592586999 0.00617283950617 0.38024691357997004 0.39012345678996996 0.04938271604935 0.10740740740734 0.7246913580246399 0.0 0.04320987654317
0.2195767195767 0.2111111111111 0.31111111111109996 0.0142857142857 0.0 0.15132275132259998 0.074074074074 0.2566137566136 0.1941798941801 0.10846560846549999 0.0285714285714 0.23968253968240003 0.1253968253967 0.0656084656084
1.56550053177889 0.42618811637101006 2.4676349071114196 0.13566599053413 0.6585987867704801 0.8277462923719 0.14249210463994 0.9330989362058499 1.5447529992853701 0.65925815213502 0.8246338276006601 2.5042154937912002 0.05280703830822 0.25740682309585
0.0 0.0 0.125 0.0 0.0 0.0 0.0 0.0 0.25 0.125 0.5 0.0 0.0 0.0
0.2996794871797 0.0318223443223 0.4015567765566 0.0 0.21176739926730004 0.0625 0.0208333333333 0.2007783882783 0.36217948718020004 0.5462454212459 0.2348901098901 0.5849358974363 0.0428113553113 0.0
0.56695497484955 0.0757575757575 1.6113360323901 0.00757575757575 0.4020672310149 0.9608330266235501 0.25095080358255 0.588118022328 0.61339099496985 0.44417862838915 0.2577597840755 1.1826156299839001 0.0 0.0384615384615
0.1875000000001 0.0 0.16666666666640004 0.0 0.0208333333333 0.062499999999900004 0.0416666666667 0.20833333333339998 0.0625 0.0208333333333 0.125 0.1041666666666 0.0 0.0
1.4642937750011 0.34002053869550003 1.5633148569625999 0.04358408331909999 0.9308403275339999 0.6274991497593 0.041285103785 1.2754525922609001 0.9728566534443002 0.9503631425407 0.7884368786238001 1.865148136167 0.0208333333333 0.1160714285714
0.2738091192296 0.04387668406362 0.64465024072522 0.0133333333333 0.22354978355 0.19419832503954002 0.10699842213852 0.24226969292381997 0.29732006311444 0.34137557146914 0.20145244163929998 0.37614192660934 0.0064935064935 0.03453088967102
0.7366751969497 0.021978021978 1.1117667720419002 0.0 0.2313512971045 0.1866626524161 0.131567063074 0.5066586381653 0.571343268603 0.4719905665111 0.8335741883701 2.0320487731445 0.0547945205479 0.1095890410958
1.0159137045736 0.3303221483636 1.8059109182822999 0.054054054054 0.38123830752660004 0.4960766362827 0.17247144051250002 0.6430654513123 1.1591018853897002 0.7633284241520999 0.9247256829726 1.9239972667795 0.0 0.32979407979380004
1.066383100421 0.3424558388386 2.3542102639139 0.1349228813628 0.7096460419614 0.8530466650178 0.1001817698708 1.3382153696582 0.8495680310701998 1.3136949788863 1.0225012513816 1.7526013837006 0.0310880829015 0.1314843410155
0.0 0.0 0.0 0.0 0.0 0.0 0.0 0.0 0.0 0.0 0.0 0.0 0.0 0.0
0.1103603603603 0.17008334865469998 0.5643041000183 0.0 0.0277777777778 0.4626156769018 0.211650425936 0.2475485689771 0.22052154195 0.16591591591580002 0.19635962493090003 0.2592847949989 0.1152785438499 0.2482993197277
1.3295870795856999 0.16685814185800002 1.0874736374742 0.0 0.3200049950053 0.4950577200577 0.0955294705294 1.2150876900875 1.4525641025642 0.9945082695081999 0.8889554889558 1.8563575313598 0.0535714285714 0.0444444444444
0.2 0.0 0.1 0.0 0.025 0.025 0.0 0.15000000000000002 0.05 0.125 0.15000000000000002 0.175 0.0 0.0
1.2651975700049798 0.29133402754357995 2.9638931673174 0.0746806419914 0.72655369938319 1.0477257720737 0.2507840034427 1.90652490839138 1.74193267398508 1.08084258891417 1.01378945424349 3.31760819775057 0.1517771009619 0.16735619399998003
0.0 0.0 0.0 0.25 0.0 0.5 0.0 0.0 0.25 0.0 0.0 0.0 0.0 0.0
0.1627344222625 0.0641258318209 0.7283726557772999 0.0 0.11010284331519998 0.0114942528736 0.0344827586207 0.3666061705995 0.36176648517890003 1.0471869328501 0.46702964307329997 0.6460980036305 0.0 0.0
0.28772777609993005 0.12712822972725 0.49595821415233005 0.0392156862745 0.31040915309005 0.49449547260832005 0.121212121212 0.42838192359398 0.29266674957486 0.15622316579906 0.27006235898163 0.7691770154146199 0.10978852428913001 0.09755360918142002
0.17418032786869997 0.0327868852458 0.1967213114752 0.0 0.0655737704917 0.5327868852458 0.15778688524579998 0.1147540983605 0.0491803278687 0.0983606557375 0.1311475409835 0.19672131147549998 0.0 0.25
0.39220842800312 0.1541577825162 1.01841435618916 0.0 0.07379837565742 0.20729107077835998 0.04404805242076 0.5463486364882799 0.41922132698256 0.47098204758962003 0.31014093296568 1.3002343801837002 0.0 0.06315461022409999
0.5622805205535001 0.15533980582610002 0.3681057632713 0.0388349514563 0.0619706672175 0.0776699029126 0.0212765957447 0.2792811402601 0.4651931419122 0.20347035736409996 0.1571989258416 0.5899607519104999 0.0 0.0194174757281
1.4638446942063998 0.057692307692200004 1.7827462759939 0.0769230769231 0.612498751623 0.3026857393077 0.153846153846 1.012666610329 0.7175886731864001 1.4682082523486 0.8893926357273 1.3558274243486999 0.0483870967741 0.0576923076921
0.2562123493975 0.08312416332 0.6417963520754 0.0 0.1023259705489 0.1646168005354 0.0536102744311 0.348330823293 0.1403112449798 0.2893030455155 0.3094042838016 0.5556183065597999 0.0553463855421 0.0
0.9511116474282 0.23584738119169998 1.4439864304822 0.18170426065169998 0.443852700316 0.49109659979389997 0.1058448857249 0.7952277509592001 0.6599241401784 1.3684919778434999 1.1360667545392 2.0470401843704 0.107231133979 0.032574152542399995
0.0 0.0 0.0 0.0 0.0 0.0 0.0 0.0 0.0 0.0 0.0 0.0 0.0 0.0
0.0645161290322 0.22296015180300002 0.33206831119580005 0.0322580645161 0.0 0.2703984819738 0.2115749525616 0.123339658444 0.2552182163192 0.0 0.0294117647059 0.27609108159379997 0.0588235294117 0.123339658444
1.3085270205023 0.1982456140346 1.3697832791759996 0.0 0.3732496378562 0.5287946807264 0.054054054054 1.2281308590095 0.8516175760491 1.2318727950538002 0.9076696203691001 1.8963729059801002 0.0516819571865 0.0
0.22727272727300002 0.090909090909 0.3181818181815 0.0 0.227272727273 0.090909090909 0.0 0.3181818181825 0.0454545454545 0.0 0.681818181818 0.909090909091 0.0454545454545 0.0454545454545
1.7068600369804 0.387641204113 2.8307260650444 0.0 0.5079641577398 0.7337176440201001 0.08467099507300001 1.1277863697062 1.2753873351306 1.0777817308055 1.6222855833668 2.5697817237222003 0.0 0.0753971543031
0.0 0.0 0.0 0.0 0.0 0.0 0.0 0.0 0.0 0.0 0.0 0.0 0.0 0.0
0.1538748137109 0.0327868852459 0.401266766021 0.0 0.211997019374 0.252235469449 0.0227272727273 0.24217585693000002 0.4616244411335 0.39120715350220003 0.3733233979145 0.401266766021 0.0227272727273 0.0327868852459
0.4554089966226 0.11547867041040001 0.7614280254751 0.0243902439024 0.1863586057291 0.3330999092079 0.0548863327598 0.5865189835674 0.3185930047873 0.2637066720276 0.1954798191221 0.6223212372513 0.0 0.0823294991396
0.0 0.0 0.0 0.0 0.0 0.0 0.0 0.0 0.0 0.0 0.0 0.0 0.0 0.0
0.6308270722358 0.1982677461871 0.8149640733476 0.0176991150442 0.18816090767170002 0.2981213670951 0.0499571795603 0.42377354365029996 0.5512448296592 0.3951445873144 0.3294956906243 1.0862148553521 0.0161290322581 0.0
0.1674347158218 0.1290322580647 0.5075268817204 0.0 0.10368663594470001 0.2081413210444 0.0483870967742 0.9576036866356001 0.2110599078341 0.2655913978494 0.095238095238 0.2179723502305 0.0 0.0883256528418
0.46594982078860003 0.18351254480329998 0.8129032258075 0.0444444444444 0.195698924731 0.1956989247316 0.0322580645161 0.5627240143375001 0.6172043010759001 0.5060931899647 0.4559139784948 0.9275985663089 0.0 0.0
0.0860215053763 0.0 0.1827956989246 0.0 0.0537634408601 0.0430107526882 0.010752688172 0.09677419354830001 0.0645161290322 0.0967741935483 0.1182795698925 0.2365591397852 0.010752688172 0.0
1.2037534305144 0.3640946981462 2.3145471255472003 0.11244377811100001 0.6016126912862001 0.30684165597949997 0.250457187957 1.1252914415391 1.5165870518191 1.1998360515974 0.9119163275832001 1.9477215726293 0.07257257257250001 0.0723244147157
0.0 0.0 0.333333333333 0.0 0.0 0.333333333333 0.0 0.333333333333 0.0 0.0 0.0 0.0 0.0 0.0
0.0434782608695 0.0 0.086956521739 0.0434782608695 0.0 0.304347826088 0.0434782608695 0.0 0.086956521739 0.086956521739 0.086956521739 0.0434782608695 0.0 0.17391304347849998
