0.44005437104826006 0.08011018703718 0.77409613808678 0.0 0.21099558467478 0.43713146275607995 0.08340692209087999 0.7447159556520802 0.6015458799587999 0.64339135801798 0.30697761787100003 0.6196035083151601 0.0434782608695 0.0144927536232
0.48356926188090005 0.228597910347 0.642399730368 0.0289855072464 0.0232558139534 0.2146949780922 0.0289855072464 0.49519716885739995 0.7061004381536999 0.07549713515340001 0.4261880687563 0.6059150657229999 0.0 0.040613414223100004
1.3640347691650998 0.2116808762686 1.6943053782667001 0.0204081632653 1.0009846799413 0.9411940954263 0.3253221705346 1.1191592478263002 1.1623100467515999 0.4732123264115 0.3086742090978 0.9226473340416002 0.1351962230015 0.3208704800019
0.0 0.0 0.0 0.0 0.0 0.0 0.0 0.0 0.0 0.0 0.0 0.0 0.0 0.0
0.7430326365968499 0.0 0.40891089108949996 0.0 0.24145581224790003 0.12486248624865001 0.009900990099 0.13412174550815 0.10619728639525002 0.21076274294100003 0.2779244591126 0.7051521818850499 0.0284195086175 0.00925925925925
0.5634431783181 0.3221340287254 1.6846487702888002 0.0 0.3385263695564 1.9368551122334998 0.43207890526439996 1.4243193974243 1.0953059069433 0.6334416325047 0.5736340803188 1.5364628077745999 0.2128671751115 0.24628263553629998
0.030303030303 0.030303030303 0.33712121212150004 0.0 0.0 0.48106060606059997 0.6363636363636 0.0151515151515 0.1818181818181 0.030303030303 0.0 0.16666666666660002 0.060606060606 0.030303030303
0.5395639368235999 0.3281385281382 1.4333511237615 0.0904465397615 0.281092727668 0.6489434462039001 0.0181818181818 0.8732965664467001 0.44351934215020006 0.5633991579208 0.1934175413625 1.5684674533992997 0.0 0.0181818181818
1.0593776224258 0.6125226860256 2.2643826587109 0.1501261564338 0.20466785512570002 0.5740260923333 0.1820515812812 0.8142829040616001 0.4999311815679 0.4272858027745 0.27962798271730005 1.3910617045317002 0.11343012704149999 0.4272256449668
0.23643603782980002 0.0 0.44051767048220003 0.0 0.228471876556 0.1383773021404 0.0408163265306 0.4395221503243 0.2608262817324 0.2040816326531 0.5624688899947 0.44848183175760004 0.0 0.0
0.2032138221934 0.0834782608696 0.7841109669056 0.0108695652174 0.2149188838417 0.29938189487350003 0.0274253731343 0.48324789097999993 0.2175340687864 0.2888595068138 0.5667066839719 0.7670327709286999 0.0 0.053220311486
0.9404397351184 0.7264247380277001 1.5599751853996 0.0435493764056 0.35449725546060007 0.6643820395279 0.0523809523809 0.7101865743632001 0.4408376243966 0.5117196328660001 0.7040148613342999 2.1289950292639 0.1190476190477 0.0435493764056
0.0 0.0 0.0 0.0 0.0 0.0 0.0 0.0 0.0 0.0 0.0 0.0 0.0 0.0
0.0192307692308 0.076923076923 0.19230769230779998 0.0 0.0576923076924 0.0384615384616 0.0384615384616 0.0384615384616 0.0576923076923 0.0576923076924 0.0192307692308 0.3076923076921 0.0961538461538 0.0
1.1734678561202 0.0384615384615 1.9652596064239 0.0 0.3301065488563 0.3388291723419 0.09375 1.5330724872755 0.3590019893903 0.8491446519446999 0.7340501559246999 2.5151444547982 0.03125 0.0384615384616
0.21424250280877 0.042174401521 0.23118140177991003 0.04001382767257 0.00985221674875 0.1095843055914 0.00492610837437 0.20439028605985998 0.28718347593136995 0.02955665024623 0.11943652234015001 0.70253219255121 0.0 0.00492610837437
0.884790714233 0.1895690855168 2.7094786646018996 0.09090909090900001 0.5291374894157 1.8745264093219 0.5038557364494 1.0625563916942 1.1276227576917002 0.6401363800678 0.9242071165145 2.8223837023581 0.2438242651653 0.3970021960581
0.0 0.0 0.0 0.0 0.0 0.0 0.0 0.0 0.0 0.0 0.0 0.0 0.0 0.0
0.28528410578635 0.0 0.6942916993977 0.0223880597015 0.1518722178579 0.16548834773555 0.03115998952605 0.30282796543505 0.14702801780555 0.2589683163132 0.24927991620785 1.6514794448808998 0.03115998952605 0.00877192982455
0.22666666666660001 0.0666666666666 0.41333333333350003 0.0133333333333 0.1466666666667 0.1066666666666 0.0 0.3199999999996 0.1599999999999 0.0666666666666 0.1333333333333 0.30666666666660003 0.0133333333333 0.0266666666666
0.0535714285714 0.0714285714286 0.2142857142857 0.0 0.0178571428571 0.1607142857141 0.0357142857143 0.0357142857142 0.19642857142859999 0.0 0.0178571428571 0.0892857142856 0.0535714285714 0.0535714285714
1.1176784230085 0.336263551008 2.1228752164668 0.137822070977 0.34723765539240004 1.2357008719234002 0.1980996944227 1.3074278231687 1.4211565991381998 0.7345692409191 0.7894459236635 2.9262740020034 0.1349735308678 0.1904753970368
0.1392405063292 0.1139240506331 0.10126582278480001 0.037974683544299996 0.0126582278481 0.11392405063300001 0.0126582278481 0.126582278481 0.0379746835443 0.0253164556962 0.08860759493670001 0.17721518987340001 0.0 0.0126582278481
0.38838362959889994 0.0243902439024 0.5806118230664999 0.0 0.2877221992555 0.2277800744104 0.0254237288135 0.5196362133122 0.09859446052080001 0.6945018602744 0.40574617610499997 0.6852004960725999 0.0365853658536 0.0254237288135
0.5670912018740001 0.2439613526568 0.8710218123258999 0.111111111111 0.3246669594495 0.3317889035277 0.0958132045088 0.3272214902652 0.3569462743378 0.24261455131 0.2002781437566 1.2802517932947 0.047233201581 0.0
1.39442859008206 0.30594929807816 1.5135700367595397 0.18649698279274002 0.5227651936493 0.4128630526489401 0.11731634182916 0.95347131668534 1.17040024916506 0.85704980534166 0.8031887772984001 4.67629345911904 0.051724137931 0.0344827586206
0.0 0.0 0.0 0.0 0.0 0.0 0.0 0.0 0.0 0.0 0.0 0.0 0.0 0.0
0.0 0.0 0.0 0.0 0.0 0.0 0.0 0.0 0.0 0.0 0.0 0.0 0.0 0.0
0.5848048601756 0.11786634517639999 0.55387088386182 0.0 0.21687587168709999 0.2096376143534 0.050847457627099996 0.5780653854337099 0.57841760631562 0.20991655438143 0.19417062619632003 1.6301397064044303 0.0 0.0753870883861
0.8730158730161 0.1190476190476 0.6369047619041999 0.031746031746 0.063492063492 0.2738095238093 0.0277777777778 0.35515873015849997 0.46031746031809995 0.35119047619019994 0.27380952380940005 1.4880952380957 0.0 0.0456349206349
1.56209618190694 0.22595974954338 3.2813025159320004 0.4715581914029 1.29279567218166 1.8340091824822797 0.15461355269996 1.9790768232963 2.2288027265816996 1.3376930894128 1.25808615583474 4.998614663690299 0.04128707846362 0.33410441657472
0.2 0.0 0.0 0.3 0.1 0.0 0.0 0.0 0.0 0.0 0.1 0.30000000000000004 0.0 0.0
0.3667560700165 0.0151515151515 1.1298042537169 0.083408620365 0.2950639939773 0.23263222284950003 0.05685582533400001 0.3821710897797 0.4107378129122001 0.5590814982115 0.31801712779940006 2.1177771503873997 0.0238471673254 0.0086956521739
0.2695761381475 0.09416012558864001 0.51596546310806 0.05218210361060001 0.0839874411302 0.37075353218223994 0.08712715855574 0.3091993720566 0.14086342229188 0.17579277864972004 0.25224489795919997 0.45196232339108 0.11416012558873999 0.08202511773942
0.1714285714288 0.0 0.742857142858 0.0571428571428 0.0 0.6285714285714 0.0285714285714 0.1714285714288 0.257142857143 0.0857142857142 0.1142857142856 0.6000000000000001 0.0571428571428 0.0857142857142
0.2025099313833 0.1028027137181 0.5166705360368 0.0140845070422 0.1394520971986 0.6113411236661 0.0808246917401 0.4530967858431 0.6813380281687 0.1349636279212 0.168956043956 0.6329709023364001 0.0 0.2609890109892
0.42397754611093 0.154844961241 1.60054225379046 0.03333333333333 0.48650093557880003 0.38304884102799996 0.0689655172413 0.2927759957229 0.59671783709463 0.21683373429563 0.38608660785906 1.08153664031679 0.085632183908 0.1892036124793
0.3122219132367 0.0 1.0250278086765 0.0 0.5062569521689 0.415322580646 0.0797413793103 0.4092046718574 1.1194382647407002 0.7107202447172 0.7141268075637 1.7079393770848 0.0 0.0
1.3979964221827 0.2781599795552 1.5212675696405 0.0 0.2931868131866 0.8263327370297 0.2962228469215 0.8850702785596001 0.7106465627391001 0.4610580117559 0.7486429849221001 2.2817173524153 0.17398415537939999 0.1257142857142
1.07061164330823 0.2968140864523 2.07087575060514 0.0720022948938 0.50063307693172 0.73470332898164 0.060794535876610004 1.31625776607135 0.6401250511791801 0.94737318053564 0.9056335307794598 4.22587532108105 0.09570232650541 0.06259810679867
0.027027027027 0.08108108108100001 0.162162162162 0.0 0.0 0.1351351351351 0.054054054054 0.027027027027 0.08108108108100001 0.0810810810811 0.10810810810810001 0.10810810810810001 0.054054054054 0.0810810810811
0.148148148148 0.14814814814809998 0.3333333333327 0.0 0.0987654320987 0.20987654320979998 0.1481481481482 0.3209876543204 0.296296296297 0.17283950617260002 0.148148148148 0.6790123456795001 0.1234567901235 0.1728395061727
0.9833489248902 0.1814381757427 1.4106088988252998 0.08729500644919999 0.1462124450469 0.37079690018930006 0.1113865744003 0.8486216391432 0.7206983152919001 1.2189634747229001 0.874388180555 7.0219499667636995 0.0242914979757 0.0
1.9000857632922001 0.3705052713045 1.6350353512121 0.1363636363635 0.0690394511149 1.0390379868639 0.0967556373676 0.8401665062972 1.4076475756185 0.4128508973763 0.3722126929674 3.2377081328718 0.245340543028 1.237250554324
0.86101080508466 0.17822242248271 3.20830428295705 0.0461538461538 0.46289987671605 0.9931004251190001 0.99700755131832 1.0611531609236802 1.1427366137161599 0.9157113160555501 0.65188004143553 4.981983691727409 0.07078544061302 0.42905052570076996
0.0 0.0 0.0 0.0 0.0 0.0 0.0 0.0 0.0 0.0 0.0 0.0 0.0 0.0
0.76084341473245 0.02264513357086 0.8289430100704 0.0363964752886 0.21896014422305002 0.26938848130412996 0.02292565364433 0.49927451416535 0.35884693529271 0.6532134193705199 0.32758852994214005 3.81661117357242 0.00917431192659 0.17518880289693
0.41804120159833 0.10419250378953 1.0430687611958 0.0254237288136 0.22674658949940002 0.5729020256305001 0.15254926278073 0.69521151991116 0.39286206421366 0.40453355380956 0.48165908777806005 1.3198601350424801 0.04604519774013 0.11690436819623001
0.05797101449277001 0.0579710144928 0.29710144927566 0.0652173913046 0.17391304347859 0.22463768115977997 0.05072463768119 0.02173913043479 0.1594202898553 0.02898550724639 0.0144927536232 0.31884057971067 0.34057971014559 0.18840579710178998
0.9043110051322502 0.20893160444817 1.5232256588281898 0.167943537892 0.28829928631487 0.6149154337057 0.11596914496892 0.61020806780251 0.9391397744172201 0.5118011888899 0.47241876023116 2.44848283369644 0.0926374532674 0.1017162504048
0.69600925292599 0.38943132729699 0.8130495903214701 0.11224791709678002 0.3339251161046 0.5831821063155 0.1443904198882 0.49373741853779 0.6953491105214 0.57002441815059 0.43724169290609005 1.6906731971585902 0.0254712572051 0.0152671755725
0.7130195818072699 0.023607727413080003 1.0001008176658701 0.1156258521955 0.5767182464718801 0.6194783831173 0.1113311575145 0.78712746814668 0.60165240752029 0.8185654759284 0.58982591772408 2.0259978119550897 0.0169491525424 0.0
0.72096084980887 0.11601867733921999 0.74049832987319 0.043987541753119995 0.21955403087477 0.3208048709538 0.06844261883975 0.37941229574790003 0.34114481458098 0.41116728356114 0.4771097268615899 2.00661280129951 0.1031265986579 0.051159559848720004
2.1449218528997203 0.7160459741314 2.7754945256010197 0.40076754417514004 0.30493618686396 0.99964549732736 0.13073339955436 0.85783085229072 1.23436214897472 1.5762802570298797 0.57376126222192 5.11496223633682 0.088811630847 0.08144663174994
0.082191780822 0.2191780821918 0.2465753424657 0.0 0.0 0.1369863013698 0.027397260274 0.054794520548 0.13698630137 0.1369863013699 0.0821917808219 0.7123287671238 0.0 0.164383561644
0.206896551724 0.051724137931 0.4913793103445 0.0258620689655 0.0 0.362068965517 0.103448275862 0.0775862068965 0.103448275862 0.051724137931 0.258620689655 1.060344827586 0.1293103448275 0.0775862068965
1.42524539258344 0.30918862999349 2.3668901176452097 0.02727183091015 0.7406939523651399 0.7074363062341 0.11011717551604999 1.1492840516343998 1.4182972846531998 1.46570815279812 1.2873547614957999 6.92541502397894 0.0185950413223 0.0485022788758
1.0844562782081002 0.25353118810249997 0.8809191371459002 0.1700165600544 0.0996850342565 0.5239796084036 0.051282051282 0.7172127155243 0.6708553863486 0.3660421469624 0.5086426167055 1.3691160394413 0.051282051282 0.2529791862841
2.66171651109747 0.6882361987858602 4.6026116299496005 0.06821772459827001 1.04330559833097 1.82922858095378 0.54103145378396 2.77726018969374 2.53710744765425 2.51001058531115 1.61724988112522 7.77362986393548 0.05003590641647 0.30035842835979
0.0 0.0 0.0 0.0 0.0 0.0 0.0 0.0 0.0 0.0 0.0 0.0 0.0 0.0
1.5919530657066499 0.07796671537069999 1.2634577226160497 0.0677506775068 0.43175772813935 0.5033080180239 0.04553357602595 1.0446528021466501 0.74031814208635 1.09387718272765 0.34659776699504996 4.60200564595145 0.049424244959399996 0.14139671174135
0.5334619224269 0.189276866816 1.1867854897990002 0.047191786730999996 0.2440774774235 0.9421560359105 0.2332809234469 0.5443280236782 0.5039008097423 0.4408425608183 0.5358775897551 1.3302060536067 0.0408163265306 0.2277981333163
0.3887468030697 0.1364023870418 0.5745950554134001 0.0551292980961 0.25518613242370003 0.3046319977272 0.1335606706451 0.2205171923842 0.3324808184152 0.2784882068771001 0.1625461778916 1.0531400966195 0.0522875816994 0.0522875816993
1.5655972876427 0.34785907366560004 2.7805957491928197 0.124455604818 0.69566276994311 1.0771791122957 0.14116174809430002 0.9996687337678101 1.40013377993221 1.33505185650182 0.81444960933 4.2843773812441 0.18011015591691 0.25369713765292
1.6652382380781001 0.5953631796592 2.3341478815133 0.05944185357909999 0.8116659098475999 1.1342307173889 0.2555905239515 1.4305432641370999 0.8793446712688001 1.0499700034143 0.5520229465594 2.9986884089455996 0.0233918128655 0.21036058879470004
0.7198716447334299 0.15507089335206 1.2792457484551 0.0 0.53598355597407 0.28731029833955 0.06988130816259999 0.891369320597 0.9248299891676599 0.44788779922049005 0.40439729686045 1.26834113323034 0.0 0.01581101190479
3.5216514319758003 0.99229627800218 3.2767352035682595 0.2539006297384 0.8559761866087 1.4600120585045797 0.5120470322512001 2.1217058381707 1.6738446747648599 1.46440196965596 1.6869308305929 8.82090477804496 0.2058084061582 0.15378468196240003
3.5684289655427 0.9338312855675 7.0048574739694 0.4581523523557 1.9706062589889002 2.363147311775 0.15985294181589998 2.5299764292380997 3.2276025362138996 3.4006648845942 2.1794350496291 11.423620700184301 0.3299325028938 0.4498913072457001
0.079207920792 0.1980198019802 0.7075082508245 0.0 0.019801980198 0.158415841584 0.16047854785459997 0.079207920792 0.23968646864690002 0.184405940594 0.1604785478547 0.6720297029724001 0.061468646864600004 0.2792904290426
0.24138642459230003 0.3073323705383 0.9322302455128999 0.0229007633588 0.1145038167938 0.6662677945125 0.408557870848 0.41956674231459995 0.49023313389730006 0.6211347225103001 0.6177099236651 0.5606106870233 0.2902331338973 0.30733237053879997
1.6882732001185201 0.4430841300352 2.4086446858194597 0.053430622104699996 0.6138333299917 0.82091649693892 0.1594584735024 1.41951042185034 1.6449347111858 1.17641511357816 1.1130741856122202 4.29782102157254 0.061278800486600005 0.0993248072068
0.4497354497354 0.232804232804 1.2190476190484 0.1185185185184 0.1185185185184 0.3333333333336 0.19365079365100002 0.3259259259264 0.6846560846554001 0.4656084656084 0.39894179894220005 1.8169312169326002 0.38730158730139996 0.2550264550266
2.79168173538586 0.67713396540944 4.80906512113682 0.16444544509712 1.0081883988040001 2.5110634922708197 0.57986935680534 2.84863138388806 2.45283897862572 2.7829522258237205 2.31587741530252 6.46953177506054 0.22427229935610002 0.36444840703192
0.0 0.0 0.0 0.0 0.0 0.0 0.0 0.0 0.0 0.0 0.0 0.0 0.0 0.0
1.5457017509396 0.38604344413950004 2.1561134506139004 0.2300058256845 0.6565122627803999 0.7280890233062 0.1735542127813 1.3748277334301 1.2832073531702 1.8653122636712 0.8319465900741001 4.4748465448742 0.1901263520633 0.1037131924814
1.6612087912102 0.7930769230774001 2.2430769230778 0.0865384615383 0.39697802197840004 0.8488461538467 0.1308241758241 1.8498901098895002 1.384230769231 1.428571428572 1.7436263736252 2.8521428571457 0.13478021978010002 0.4462087912091
0.2642857142858 0.2409090909091 0.7534632034633999 0.047619047619 0.1214285714285 0.3621212121212 0.5010822510822 0.262121212121 0.1883116883116 0.16666666666660002 0.274891774892 0.5261904761902 0.0 0.2909090909091
0.8886650059693602 0.37279106799602 1.68667076974864 0.09916141193985999 0.34979671945260005 0.72773901871766 0.0684167684167 0.9408438757249601 1.1364716997064601 0.83272495154894 0.5912954655427 2.97321430344276 0.017094017094 0.31511492469985997
1.5099024918741901 0.54320693391119 2.20747562296846 0.13145539906099002 0.30422535211238 0.81973997833149 0.1676995305162 0.9317876489721902 1.2314192849405 0.77786926688299 0.77746478873198 1.50996027446757 0.0211267605634 0.0666666666666
0.6590659051705001 0.4025056796667 1.3178464596755 0.0831654676259 0.39503923177210004 0.4277057301521 0.07301358912870001 1.0036264672478001 1.0019088939372 0.7783202911354999 0.6053245824397001 2.0620022929017 0.025 0.1654754091463
2.02316203397732 0.21983404498565 2.1207033633110797 0.07877920839281 0.49707699599201005 0.47398388970257 0.1077182860761 1.53910266928591 1.01101993567646 1.03372155761727 1.14115814106591 3.5771799104270796 0.11960063308520999 0.05695933039901001
4.4114724638698295 0.9352826193641001 6.17183626173542 0.2843146659043 0.840932362328 2.4319974626458 0.62079675810526 2.7747722294981902 2.6051155675095 3.7723022971931597 2.59023003372626 9.11804439371199 0.19679233602463 0.24611054839263
0.0533333333333 0.0266666666667 0.1066666666668 0.0266666666667 0.0266666666667 0.4000000000004 0.0266666666667 0.18666666666639997 0.1333333333334 0.1599999999997 0.1066666666667 0.42666666666639996 0.0533333333333 0.266666666666
0.5813960909454999 0.40952532907859995 0.7386677303550999 0.0275229357798 0.2086158755484 0.686573593937 0.5621858795372001 0.5416194654964 0.6856641404065 0.2805265257279 0.5416194654968 0.9350299162356 0.19009174311920002 0.6109613083364
1.7155873506815902 0.36084400527099997 1.5355364807457699 0.1139094150474 0.43508217617178996 0.31742782924759 0.0779599091536 1.0285370885812999 1.4486116130083 0.97854794428579 0.80596071052249 3.10507240035877 0.0384615384615 0.0384615384615
0.3383458646624 0.0676691729322 0.4060150375938 0.0225563909774 0.0676691729322 0.0902255639096 0.0225563909774 0.406015037595 0.31578947368480004 0.2030075187966 0.1804511278194 0.8571428571428 0.0 0.0225563909774
2.61677406634537 0.4534894940264 3.9104798085914 0.1603366174054 1.4164329862773 1.4538285567813503 0.34896285639724 2.1764218832873703 1.7409317773875999 1.4620988338264 1.16643306294151 3.47526620555732 0.14278969555221 0.47575415562664997
0.0 0.0 0.0 0.0 0.0 0.0 0.0 0.0 0.0 0.0 0.0 0.0 0.0 0.0
1.0183290221986 0.1316967775946 1.6228220953449999 0.0437161307904 0.37647539079410003 0.27040305755530003 0.0992325957495 0.8462315548239999 0.953230893635 1.2312169684454002 0.6234475448875001 2.7073962758957 0.027673350041699997 0.048128342246
1.2624472573825 0.5550632911389 1.897679324893 0.1839662447254 0.3031645569628 0.8050632911387999 0.2691983122362 1.6985232067522003 1.2255274261597 0.8075949367096 1.0107594936702 1.747468354432 0.1168776371307 0.1166666666666
0.040540540540500006 0.0810810810811 0.108108108108 0.0405405405405 0.0405405405405 0.20270270270309998 0.0135135135135 0.1081081081081 0.054054054054 0.054054054054 0.0 0.1486486486486 0.0675675675676 0.040540540540500006
1.3279830260327001 0.36573768615460006 2.0358158629318 0.1682175735865 0.49979351328009997 0.9043874416819 0.07818083108759999 1.2182925117843 1.3476725691609999 1.0195335492935 0.9984542272673 2.5817221651379 0.046738924922099995 0.40747011768029995
1.6453155988549502 0.37927190803325 2.146829571609 0.1672339459946 0.43831463521725 0.6228292356621 0.2164178004882 1.14219703600225 0.7910621826552 1.4463140104738001 0.79629146664655 2.0556412613933 0.0 0.1522813469717
0.7721876845898 0.11694034044492 0.8034718130192501 0.03960224569411 0.31136474217120996 0.24444276873121 0.02884955752211 0.72316397266021 0.8631038624569002 1.32151144481771 0.40886898381791004 1.30030493180291 0.06618765227279999 0.0
1.8590275659898 0.24877479785574003 2.3434927140253796 0.06616722160550001 0.60362854800132 0.5821516922353001 0.1617873631531 1.30022159032034 0.90493503594026 1.1374699536108799 1.10530520892932 3.4403112525157997 0.12134965661380001 0.1253773992037
1.54827899564772 0.35145884003331 2.86610028192401 0.10750425922286 0.5044684352109 0.9010554068852001 0.25109775573696 1.50820325711632 1.3645823267721497 1.61997726813726 1.56820877095966 4.00207788321688 0.0546300604932 0.35235645864400006
0.3204072922379 0.2435827083711 0.1754161331624 0.0281690140845 0.0563380281689 0.28583622949779997 0.0422535211267 0.8539723187613001 0.0845070422534 0.14511310285940002 0.333333333334 0.3021766965427 0.058472044387500005 0.0704225352112
0.2810457516339 0.26633986928090003 0.6285403050105001 0.0 0.16285403050109998 0.4351851851849 0.19880174291940003 0.3028322440087 0.2881263616557 0.0517429193899 0.2592592592591 0.7848583877988999 0.2886710239648 0.0517429193899
0.7499327551766599 0.055921810889290005 0.6032714044025699 0.00917431192659 0.37079462680379005 0.31608271722352005 0.05964887510948 0.65576063309885 0.68758767986939 0.61191080341335 0.61079105894827 1.13483835613401 0.01834862385318 0.11593634315138002
0.45555555555550004 0.0111111111111 0.6666666666665 0.0555555555555 0.0 0.1666666666668 0.0 0.0888888888888 0.1000000000002 0.06666666666660001 0.0222222222222 0.32222222222210006 0.0 0.0444444444444
2.05038630184652 0.5764237606665201 3.6809575506511405 0.10622551119142001 0.79415290076404 1.3992385025033198 0.33768662981112 2.15660198149852 1.7248343372435202 1.41094500905562 1.4702760205118401 3.0057101066785403 0.11473425034531999 0.17182713723532003
0.285714285714 0.0 0.392857142857 0.535714285714 0.0 0.142857142857 0.0 0.0 1.0 0.392857142857 0.0 0.25 0.0 0.0
0.72515176791431 0.14219862826330998 0.95611591207683 0.02678297047491 0.18490301824830999 0.33796319747672 0.14560376782901 0.80812685805261 0.9192739904748999 0.71528643133502 0.62650853311083 1.2865382732070298 0.03096707089332 0.09457958064451
1.5325552410064 0.6508494129456 2.1246566687911 0.0179104477612 0.3082568350535 1.1640003338724 0.23569397368449999 1.342632267276 0.7632565668489 0.8776057463486999 0.9081224443947 1.6489072430233 0.11755146329930001 0.3080013556929
0.0526315789474 0.0526315789474 0.2105263157898 0.0 0.0 0.1052631578948 0.1578947368424 0.0526315789474 0.0 0.0 0.105263157895 0.1578947368424 0.0 0.105263157895
2.2653821828138 0.470301848141 2.7764581479205 0.05064434047435 1.0637707805213998 0.7527486956530001 0.5077447432459999 1.9848684128965999 1.3143187330261499 1.7306167724397499 1.2579740428520498 2.6031911185935 0.0957446808509 0.12623550057299998
1.21000507699941 0.41192410796018003 1.5044103931603197 0.09593483074968001 0.33077649700780004 0.29514323909430007 0.0809079405251 0.69273976917382 0.80923324039861 0.53220770702242 0.41842868597061006 1.5134599032618 0.03244101633391 0.07238759234161
0.90852829562226 0.11726037445519 1.59240513999927 0.0918733516694 0.51765272752779 0.2895331167865 0.00781249999999 0.8357016758777001 0.5384332127911899 0.67938535139719 0.70359112102269 1.6264405570944598 0.0913825757575 0.0
1.0966311634778099 0.26202656790723 1.1960291133261198 0.03464864206552 0.57413569555171 0.37608343088854 0.17515925232770002 0.99282276981029 1.12399117068806 0.46311340382279 0.81879849497533 1.7572193125895799 0.0620351200061 0.06730586256241
1.4464487801636599 0.30903084141565 2.27377862458814 0.0723540669455 0.5953924022203 0.33375458031387994 0.10387303535449 1.13966785567049 1.17205904531205 1.1923518570741898 1.2448390525928 1.93533216218523 0.03172767672315 0.14939001944340002
0.47368421052640003 0.5864661654134 0.3157894736848 0.0 0.0 0.315789473685 0.1578947368424 0.4060150375938 0.2631578947374 0.390977443609 0.4736842105262 0.4060150375942 0.0526315789474 0.1578947368424
0.43315508021480004 0.352941176472 0.7522281639934001 0.0588235294118 0.030303030303 0.3217468805709 0.27629233511580004 0.5552584670235 0.5659536541898 0.21746880570410002 0.29144385026780006 0.5133689839573 0.18716577540110002 0.4438502673795
1.0703413482389 0.2713178629381 1.9460973347392003 0.0081300813008 0.7913600661431 0.47666442487790006 0.1116163704009 1.3396924019842 1.0542613513655 0.7559377564434 1.0102402415362 3.1331552242910004 0.0 0.0311855357359
0.4953216374271 0.3773600668337 1.0134502923975002 0.1052631578947 0.1111111111112 0.5588137009192 0.0707602339181 0.35380116959069996 0.7570593149546001 0.1011695906432 0.35513784461130005 0.4871345029237 0.0222222222222 0.1913951545529
2.06002447113459 0.56615320483861 3.3542737139973497 0.09705181251041 0.89663070079581 1.4262327650233702 0.28458905797756 1.81375117013692 1.63710050211369 1.02606158941038 1.27020107385269 3.2513263063763103 0.07341738197412 0.2431862498561
0.0 0.0 0.0 0.0 0.0 0.0 0.0 0.0 0.0 0.0 0.0 0.0 0.0 0.0
0.27999609171436 0.04658769448367 0.32792842254163 0.00892857142857 0.11620170475697 0.19584698131447 0.04138595250497 0.29631318395014 0.34068153055903 0.41355244547013004 0.27852117918587 0.6272705278047701 0.0 0.0267857142857
0.9603378032752 0.4277924948844 1.4311417531428996 0.0192926045016 0.2756732315113 1.5152326622332 0.0703125 1.6288091932193 0.9884116486410001 0.7904002850056 0.7940537306345999 1.7721472157264 0.13011363636360002 0.19628124086530002
0.1264418811003 0.0408163265306 0.46362023070110003 0.0 0.0652173913044 0.1712511091394 0.1237799467613 0.1672582076309 0.24755989352309998 0.0856255545697 0.2963620230702 0.19165927240470002 0.0 0.0204081632653
1.4312723119715 0.2984007994717 1.8545429878233 0.1544670019246 0.7822274739183 0.5004939200011 0.0425531914894 1.4653515876663 0.44435829756379996 1.039265649393 0.9570317960466 1.9531669196273 0.06587905211180001 0.010989010989
0.74784668227477 0.19470721228814 0.99135873951677 0.0685941043084 0.32975108490953997 0.27755093685684 0.08218701383756999 0.71400122318631 0.42677550017817 0.5632412016645001 0.7493136286684001 0.7839181484431701 0.00847457627117 0.0622799475968
1.3777990430598 0.0634928229665 1.8884370015953 0.0 0.30143540669799995 0.4479425837323 0.12333333333319998 1.278118022328 1.0577990430622999 1.3530303030295001 0.9822328548634 2.0930462519928996 0.0 0.0333333333333
0.8187323814733201 0.10072702417181001 1.09283205347411 0.0 0.3145059396019 0.17245660138080002 0.0655671436655 0.46111813791980993 0.3954160260684 0.62567776412622 0.6587356153646 1.2265621398206399 0.0676691729322 0.0
1.5469894506417 0.3813944706321 2.5422050167178996 0.0890945494245 1.0493746476472 0.9411041258863002 0.031055900621 1.6053648809557002 1.3994065611073 1.6237986370092 1.2180457731327 3.4079884732001995 0.0373258128733 0.1268517001477
0.37777777777739996 0.17777777777769999 0.6444444444444 0.0 0.0666666666667 0.1333333333334 0.0 0.6222222222217 0.4666666666664 0.0666666666667 0.488888888889 0.5777777777777999 0.2444444444444 0.1333333333334
0.2631578947373 0.0526315789473 0.42105263158030004 0.0 0.0526315789473 0.1052631578946 0.0 0.1578947368419 0.21052631578960002 0.0526315789473 0.2105263157896 0.3157894736839 0.1052631578946 0.0526315789473
0.9513590006346 0.1348204264869 1.3784743570981 0.0446969696969 0.3999804811396 0.3471563460694 0.047418630752 1.0949848728832001 0.6765456497339001 0.4055348167664 0.6473173766655 1.7729456399756 0.0 0.0987654320987
0.2532467532466 0.23333333333299996 0.745454545454 0.0142857142857 0.11212121212109999 0.15974025974009998 0.0 0.5926406926405999 0.4298701298701 0.5017316017311 0.4588744588745 1.1225108225119 0.28095238095270003 0.095238095238
1.44875212213836 0.34805700333741 2.2157415428397202 0.1176078707123 0.47217295925948005 0.91653652279027 0.13735599514878 1.14846059013179 1.4791210196143698 1.05825246430339 0.9935114764376001 2.43738064878821 0.03600031561922 0.19104946887531998
0.0 0.0 0.0 0.0 0.0 0.0 0.0 0.0 0.0 0.0 0.0 0.0 0.0 0.0
0.2153846153845 0.07692307692309999 0.27692307692310003 0.0 0.0923076923076 0.0153846153846 0.0307692307692 0.2153846153845 0.1538461538461 0.2615384615384 0.2307692307692 0.4153846153851001 0.0 0.0153846153846
0.7975883765357 0.4015151515156 2.4759976865252 0.0151515151515 0.5233363128103 1.2435284014247001 0.4071936835094 1.1593187514237 1.2523748181656003 0.47858282068790003 0.5409678041257 1.2374117110959002 0.1071428571428 0.35989010988979997
0.0 0.0 0.0 0.0 0.0 0.0 0.0 0.0 0.0 0.0 0.0 0.0 0.0 0.0
0.49330959388929996 0.10850940817825999 0.74419653807081 0.00662251655629 0.32418795332705 0.43584656084685997 0.0446428571428 0.50912129016434 0.40023739444247997 0.45177213637491 0.33014033427956 1.00260389291889 0.0208333333333 0.1279761904762
0.5395256916998 0.0629587803501 0.5395256916997 0.0 0.35064935064950004 0.1648785996611 0.116883116883 0.3881987577642 0.4361942405423 0.448051948052 0.42264257481670003 0.4915302089216 0.0194805194805 0.0194805194805
0.9842563928026 0.0989090619525 1.1824010018175 0.0 0.706794664537 0.5093269148953 0.1263063222265 0.9809726703706001 1.1950137117194 0.607171873193 1.0664720627800999 1.3679460999593998 0.013698630137 0.1607305936072
0.8400260933596001 0.1835494439818 1.3004698405589998 0.0 0.2880034577701 0.4364325201174 0.0320484087853 0.6154529785912 0.8290490064242999 0.8506731446492999 0.8993039102697999 1.6419425412478001 0.0 0.0830486542443
1.0696843023537799 0.40993222210488 2.46022809557046 0.22663411254530003 0.55468238812448 0.6731918001968801 0.1260885056221 1.54781684333384 0.7943064922488601 1.24390541225416 0.9710824219361799 1.7615854886295 0.0466321243523 0.11422979072987999
0.0 0.0 0.0 0.0 0.0 0.0 0.0 0.0 0.0 0.0 0.0 0.0 0.0 0.0
0.0 0.061224489795900006 0.1836734693878 0.0 0.0 0.24489795918420004 0.1020408163265 0.0816326530612 0.0816326530612 0.0 0.061224489795900006 0.0408163265306 0.061224489795900006 0.0816326530612
1.0238813817766 0.24428334823050002 0.5005179031493999 0.0357142857143 0.39171749303299996 0.33021320784459995 0.031843156843100004 0.8878923707874999 0.7181029496826 0.5693398706556 0.6628555654875 1.5500670382264001 0.0178571428571 0.0357142857143
0.1159420289853 0.1449275362317 0.2898550724633 0.0579710144926 0.0289855072463 0.0579710144927 0.0579710144926 0.318840579711 0.46376811594330003 0.20289855072500002 0.0 0.2318840579706 0.0 0.0289855072463
1.92851209938047 0.7538563631788701 3.9067288312956405 0.0697674418604 0.9690854977091999 0.70604671769504 0.188862374556 1.8669880596916801 1.88615043868344 1.2065189511010699 1.37680009228021 3.768615721913511 0.06788160469657 0.3041858059597
0.0 0.0 0.0 0.0 0.0 0.0 0.0 0.0 0.0 0.0 0.0 0.0 0.0 0.0
0.38676786008879993 0.1416597921134 1.9317686850354001 0.0833333333333 0.8311059781115 0.1981191222567 0.103448275862 0.8204724192936999 0.7264477808947 1.886058406204 1.0786806357594 1.7575922565045 0.0 0.0545454545454
0.48556095067712995 0.1655955763343 0.5630151881863301 0.0584464555053 0.2873566242237 0.47971567875776 0.07692307692309999 0.4451965043622 0.5305780630677299 0.3385447202135 0.4642731869136 0.91959055536333 0.10757755696193 0.0776258625096
0.09836065573769999 0.0655737704918 0.3934426229508 0.0 0.1311475409836 0.0655737704918 0.0655737704918 0.2295081967213 0.09836065573769999 0.19672131147539998 0.2622950819672 0.3934426229516 0.0 0.0
0.9022613226977999 0.34818763326279994 1.6996032001321002 0.015625 0.1606166366444 0.3464485607674 0.0223880597015 0.7257641901331999 0.7324495901040999 0.7316702356447 0.5756863006396999 1.6435636625988 0.0 0.0957356076758
1.0468938213794 0.2375015287028 1.3307496749595997 0.0388349514563 0.4197926907859 0.39892142668299996 0.2151815124454 1.1195222346663 1.2347177254155999 0.8599514626059 0.5823919368127 1.3878748789606 0.0 0.1276661551266
0.5387631975863 0.0384615384615 0.7825037707384 0.0 0.6095022624436 0.2244343891401 0.0 0.6030165912515 0.5034690799399 0.6383107088980999 0.2309200603315 0.7921568627446 0.0 0.0384615384615
0.8426335227107 0.1678551580558 1.3064031650283 0.0 0.1490287390696 0.43227644207 0.1094338594688 0.6546870311519 0.2604418167473 0.40028876846690004 0.6079987109910999 0.9753870338697 0.09356575237109999 0.0
1.5678402277122 0.22462943247380002 2.0751015215633997 0.2531328320803 0.4855463008332 0.6724071324814 0.1636126081984 1.2887353120674 1.1819819023311 1.2526652250429 1.4515630084514999 2.2054951194741 0.0952380952381 0.0820512820512
0.0 0.0 0.0 0.0 0.0 0.0 0.0 0.0 0.0 0.0 0.0 0.0 0.0 0.0
0.15000000000000002 0.1294117647059 0.43529411764750003 0.0 0.0 0.2558823529416 0.19705882352940002 0.1088235294118 0.0794117647059 0.3 0.0294117647059 0.19705882352940002 0.0588235294117 0.0588235294118
0.9380744503780901 0.2081339712917 0.8311481592651699 0.04 0.1076774505069 0.6336776972748901 0.134054054054 0.96427384365998 0.6073877353932801 0.6600781708797899 0.836775454177 0.84772651937258 0.10008340283569 0.0909090909091
0.115384615384 0.3076923076925 0.307692307692 0.0 0.0384615384615 0.11538461538450001 0.0 0.2692307692305 0.5 0.076923076923 0.0 0.26923076923050004 0.0 0.0
0.6567408906881 0.17048767022440003 0.7068633705479 0.0 0.1870520999467 0.20227927043710003 0.0242690058479 0.2999574694311 0.6076912853231 0.5308943687889001 0.5002948513474 1.0669784893469 0.0 0.0464912280701
0.0 0.0 0.0 0.0 0.0 0.0 0.0 0.0 0.0 0.0 0.0 0.0 0.0 0.0
0.142857142857 0.0 0.23809523809499997 0.0 0.07142857142850001 0.0238095238095 0.0 0.0238095238095 0.1428571428575 0.190476190476 0.047619047619 0.11904761904750001 0.0 0.0
0.6009419436645 0.2373325685074 1.0933389688938 0.0555555555556 0.22597590797940004 0.4418229025150999 0.1325413358292 0.8553095029641999 0.5132133764054 0.4362275961318 0.35356348559399997 0.8553648522176001 0.0 0.1988120037436
0.1578947368427 0.07894736842109999 0.1052631578948 0.0 0.0526315789474 0.07894736842109999 0.07894736842109999 0.1315789473684 0.0263157894737 0.0263157894737 0.0 0.15789473684219998 0.0263157894737 0.078947368421
0.9008244149705 0.2671633895508 1.1551761003866001 0.0176991150442 0.36368003358789996 0.6768694256581 0.0415086388537 0.9685118740633001 1.1131189690691001 0.5830459302988 0.38865359328879995 1.5118437533272002 0.0 0.0119047619048
0.31850414078659994 0.0869565217391 0.35416666666650004 0.1304347826087 0.1839285714285 0.1387163561076 0.025 0.2321946169771 0.1345755693582 0.4096014492754 0.2387163561079 0.6858954451354999 0.0125 0.0488095238095
0.5597169066279 0.1028673835126 0.6759431383268 0.0444444444444 0.19897940586829999 0.1311827956989 0.0500273373428 0.4047141728935001 0.5447603426277 0.7387339772803 0.4980134864227 0.9489216937011999 0.101694915254 0.0
0.3429130009777 0.0 1.2392961876836 0.0 0.36735092864069996 0.26842619745889995 0.0322580645161 0.3569892473116 0.5268817204295999 0.4782013685233 0.8093841642226001 1.527859237537 0.0322580645161 0.0181818181818
0.6462762208643 0.21200510855670002 1.5320683675251 0.0907046476762 0.2902886163756 0.20471067884879998 0.0954415954416 0.9935470299033001 0.6684019101558001 0.7424300670176001 0.5793086362799 0.8668101846512 0.037037037037 0.040969899665599996
0.0 0.0 0.0 0.0 0.0 0.0 0.0 0.0 0.0 0.0 0.0 0.0 0.0 0.0
0.1583850931676 0.0714285714286 0.35248447204949995 0.086956521739 0.0 0.7515527950331999 0.1583850931676 0.0 0.3167701863352 0.2453416149066 0.20962732919229998 0.1583850931676 0.0357142857143 0.4549689440989
