1.0 1.0 1.0 0.0 0.0
1.0 11.0 4.0 9.0 3.0
1.0 2.0 5.0 7.0 0.0
0.0 6.0 6.0 3.0 2.0
0.0 2.0 3.0 1.0 1.0
1.0 1.0 1.0 0.0 2.0
1.0 11.0 8.0 4.0 1.0
0.0 5.0 5.0 4.0 3.0
0.0 4.0 7.0 5.0 3.0
0.0 3.0 3.0 2.0 0.0
0.0 1.0 0.0 0.0 2.0
2.0 10.0 8.0 6.0 2.0
1.0 9.0 11.0 5.0 3.0
0.0 8.0 12.0 3.0 4.0
1.0 2.0 1.0 3.0 0.0
0.0 0.0 5.0 1.0 1.0
1.0 8.0 13.0 11.0 3.0
1.0 2.0 13.0 5.0 1.0
2.0 12.0 8.0 11.0 4.0
0.0 3.0 1.0 5.0 2.0
0.0 0.0 4.0 1.0 1.0
2.0 17.0 19.0 15.0 6.0
0.0 6.0 13.0 11.0 4.0
3.0 14.0 18.0 9.0 7.0
0.0 3.0 9.0 3.0 3.0
0.0 2.0 2.0 1.0 0.0
2.0 10.0 17.0 15.0 6.0
2.0 15.0 10.0 13.0 7.0
1.0 6.0 15.0 17.0 9.0
1.0 4.0 9.0 5.0 3.0
0.0 0.0 0.0 3.0 1.0
2.0 17.0 13.0 13.0 5.0
1.0 10.0 7.0 15.0 1.0
0.0 10.0 12.0 16.0 9.0
0.0 4.0 4.0 3.0 3.0
0.0 1.0 1.0 2.0 0.0
2.0 10.0 17.0 6.0 6.0
0.0 9.0 6.0 11.0 8.0
2.0 12.0 5.0 10.0 9.0
0.0 2.0 6.0 2.0 2.0
1.0 3.0 0.0 0.0 1.0
1.0 9.0 10.0 12.0 0.0
0.0 7.0 8.0 5.0 2.0
2.0 10.0 2.0 10.0 1.0
2.0 6.0 1.0 4.0 0.0
0.0 2.0 0.0 0.0 1.0
0.0 13.0 9.0 5.0 6.0
1.0 5.0 3.0 9.0 3.0
0.0 7.0 10.0 5.0 5.0
0.0 1.0 0.0 2.0 1.0
0.0 0.0 0.0 0.0 2.0
2.0 8.0 6.0 9.0 1.0
0.0 3.0 5.0 5.0 1.0
0.0 4.0 0.0 6.0 4.0
1.0 3.0 1.0 5.0 1.0
0.0 2.0 0.0 0.0 0.0
1.0 8.0 5.0 1.0 2.0
0.0 2.0 6.0 1.0 3.0
0.0 4.0 0.0 2.0 5.0
0.0 1.0 0.0 1.0 2.0
