0.0 1.0 0.0 0.0 1.0
1.0 12.0 6.0 2.0 2.0
0.0 6.0 2.0 0.0 2.0
0.0 3.0 4.0 6.0 1.0
0.0 1.0 2.0 4.0 0.0
1.0 0.0 0.0 0.0 0.0
1.0 3.0 3.0 7.0 1.0
0.0 4.0 5.0 5.0 3.0
0.0 3.0 4.0 5.0 1.0
0.0 3.0 3.0 2.0 0.0
0.0 0.0 0.0 0.0 1.0
0.0 6.0 3.0 7.0 4.0
0.0 5.0 9.0 5.0 1.0
1.0 3.0 10.0 10.0 2.0
0.0 2.0 2.0 4.0 2.0
0.0 1.0 2.0 0.0 2.0
1.0 14.0 24.0 7.0 2.0
0.0 8.0 6.0 3.0 3.0
4.0 9.0 13.0 11.0 4.0
0.0 3.0 2.0 3.0 2.0
0.0 0.0 3.0 1.0 0.0
1.0 10.0 12.0 15.0 7.0
1.0 9.0 18.0 11.0 5.0
1.0 12.0 19.0 11.0 3.0
1.0 9.0 3.0 9.0 1.0
0.0 1.0 1.0 3.0 1.0
3.0 12.0 16.0 16.0 8.0
1.0 13.0 13.0 11.0 1.0
1.0 14.0 16.0 17.0 4.0
0.0 0.0 3.0 5.0 2.0
1.0 0.0 1.0 0.0 0.0
0.0 19.0 12.0 13.0 6.0
1.0 9.0 9.0 10.0 4.0
2.0 16.0 13.0 13.0 8.0
2.0 5.0 5.0 2.0 1.0
1.0 1.0 0.0 2.0 0.0
1.0 11.0 5.0 7.0 3.0
2.0 12.0 7.0 8.0 2.0
1.0 19.0 10.0 14.0 3.0
2.0 5.0 1.0 5.0 3.0
0.0 1.0 1.0 1.0 0.0
2.0 14.0 10.0 8.0 11.0
0.0 5.0 9.0 5.0 5.0
0.0 11.0 8.0 8.0 1.0
0.0 0.0 5.0 3.0 2.0
0.0 1.0 0.0 2.0 1.0
0.0 9.0 10.0 13.0 7.0
0.0 9.0 2.0 6.0 2.0
2.0 7.0 6.0 9.0 3.0
1.0 3.0 3.0 4.0 1.0
0.0 1.0 3.0 0.0 0.0
2.0 5.0 4.0 3.0 2.0
0.0 7.0 2.0 3.0 0.0
0.0 13.0 6.0 5.0 4.0
0.0 3.0 2.0 1.0 1.0
0.0 1.0 1.0 2.0 0.0
1.0 9.0 5.0 6.0 6.0
0.0 3.0 2.0 3.0 0.0
0.0 8.0 4.0 7.0 6.0
1.0 1.0 1.0 2.0 0.0
