0.23863636363590002 0.0 0.0340909090909 0.7023281596464 0.0 0.1169623059866 0.0 0.3461751662975 0.29739467849269996 0.6335920177393 0.3896895787137 0.33148558758240004 0.2486141906871 0.0 1.6610310421321999
0.1507863089732 0.1729879740984 0.0 0.30157261794619994 0.0 0.2349676225718 0.0425531914893 0.24653098982420002 0.14986123959300002 0.5393154486595 0.0 0.0 0.0869565217391 0.0531914893617 0.0212765957446
0.0 0.0 0.0 0.0 0.0 0.0 0.0 0.0 0.0 0.0 0.0 0.0 0.0 0.0 0.0
0.5553681612508 0.19867300455530001 0.0181818181818 0.9269680210856001 0.0 0.39781373310760004 0.037037037037 0.8804652863474001 0.4337614455266 0.6713484772303001 0.0181818181818 0.21402714932130001 0.0363636363636 0.1286713286712 0.4831390831391
0.0 0.0 0.0 0.0 0.0 0.0 0.0 0.0 0.0 0.0 0.0 0.0 0.0 0.0 0.0
0.1051620648259 0.047058823529300006 0.0235294117647 0.4182472989195 0.0235294117647 0.1639855942375 0.0321728691476 0.1286914765905 0.2283313325329 0.26602641056410004 0.15294117647060002 0.0117647058823 0.2141656662665 0.052581032412900006 0.13181272508990002
0.07549713515340001 0.0812268284462 0.333333333333 0.7017189079880999 0.0 0.6665222206173 0.4785979103467001 0.7547546824587001 0.48146275699400004 0.31900910010089994 0.0232558139534 0.05224132119990001 0.11038085608360002 0.48654244306379996 0.4354566902597
0.2389678384443 0.3271431195786 0.0595238095239 0.387985670984 0.0 0.1933334645517 0.0447519321865 0.8523665183903999 0.1361256544502 0.8903968035277999 0.456215801283 0.2366518390222 0.43902295004479996 0.0328471702817 0.7046674277314
0.1888141295204 0.0943185339293 0.177404718693 0.7270926475149 0.0 0.4988712319065 0.5993647912887999 0.6116263113632 0.17729405515479998 0.8038931432866 0.1309038997829 0.1328294453542 0.316719047408 0.0983466867334 0.4425213580631
0.9656197898191601 0.55104114368501 0.05245418158831 1.41830655036459 0.0 1.36754738558263 0.0766408859731 1.3215843207048 1.40916185420763 3.3018667938737596 0.54126807297934 0.54408651395172 0.7689393412757299 0.5477533521704301 1.1337298138240497
0.4126145947927 0.0555555555555 0.06360469380270001 0.3872570590393001 0.037037037037 0.1543454345435 0.0 0.41098276494290004 0.2024935826915 0.6416024935831 0.3396039603961 0.1612577924459 0.3361936193617 0.0265676567657 0.7708837550421
0.5188595068137 0.125 0.0 0.8232478909798999 0.025 0.15564568462019998 0.1684782608696 0.7316920830628001 0.2100340687863 1.0916855937718999 0.1999188838416 0.6092066839719 0.36321382219340004 0.1132949383517 0.8647225827391001
1.0385960729573 0.0316550348953 0.086956521739 0.9159246136494001 0.18730650154790002 0.1765821908795 0.098566238736 0.7193621271963999 0.3829236926902 1.1710927476922 0.0316550348953 0.418292224775 0.7773002502789 0.06555333998 0.8982334080903
0.077922077922 0.1233766233766 0.060606060606 0.37878787878770004 0.0 0.09307359307350001 0.030303030303 0.030303030303 0.27705627705610003 0.3874458874461 0.1428571428571 0.0 0.0952380952381 0.1363636363636 0.16666666666660002
0.19205231388324 0.0281690140845 0.0149253731343 0.48430733655650005 0.0 0.19822517192698 0.5015676146433 0.6908826090878999 0.2984624162886 0.39364095017842 0.1145229586472 0.23474428661534 0.3978813177573 0.0142857142857 0.43633292291020004
0.8606977171475999 0.4166666666673 0.0365853658536 0.6477906389243001 0.0169491525424 0.1786252354048 0.2743902439024 0.5178540259984 0.2456754398053 0.964604290111 0.2558954572595 0.2774975885351 0.5422442699003001 0.10028248587569999 0.6642414220751001
0.0 0.4105263157898 0.0315789473684 0.2210526315787 0.0 0.2210526315787 0.1263157894736 0.6000000000004999 0.2842105263168 0.6631578947361001 0.0631578947368 0.0631578947368 0.0947368421052 0.1894736842108 0.0315789473684
0.0 0.333333333333 0.285714285715 0.166666666667 0.0 0.0 0.0 0.333333333334 0.166666666667 0.0714285714285 0.0714285714285 0.0714285714285 0.142857142857 0.142857142857 0.21428571428549997
0.29349894757627004 0.11559162762361999 0.13073824571142 0.9309397153636298 0.0 0.51576431589693 0.1692084653314 1.11322100359449 1.1055001148598 1.1648531949326597 0.19380018377332 0.15280140982003002 0.38359601628289003 0.16253298840146999 0.56795377082783
0.0 0.0 0.0 0.0 0.0 0.0 0.0 0.0 0.0 0.0 0.0 0.0 0.0 0.0 0.0
0.1818181818186 0.5846320346323001 0.2571428571433 0.5950216450217999 0.0681818181818 0.9474025974042 0.26666666666710004 0.5415584415596 0.0909090909091 1.1409090909098 0.1612554112554 0.34220779220779995 0.3129870129868 0.15389610389609998 0.35541125541120006
0.12955665024613 0.0372482931466 0.00492610837437 0.32719730360385996 0.0 0.07726212081914001 0.242174401521 0.9747212859744699 0.38718347593127 0.23610751015434003 0.00985221674875 0.042174401520950006 0.09143548526477 0.14001382767247 0.30014691902154
0.28510084580323997 0.51061994609124 0.18050128574514002 0.71759952907628 0.0800000000001 0.27564085881574 0.3553366174052 0.94844192459034 0.8253691483098999 1.26858382129684 0.1876190476191 0.24507482107998002 0.6874300585552 0.2465854943148 1.18609660129514
0.39614489596550007 0.27695403875470004 0.033710859427 0.8570804723827999 0.0147058823529 0.24796187261229996 0.149682564565 0.3137339812673 0.1931631110024 0.9691284917568 0.370563640467 0.4312190115313 0.1934279108047 0.146878281281 0.40564498583110004
0.9187784854146899 0.34527536922947 0.16611944965597 1.6018306326731802 0.0 0.8249736844614202 0.18319179078736 3.7964627352761897 1.02587719115009 3.615142576959771 0.88306224048162 0.93551594189556 1.1808257801993398 0.5341720764723601 1.98877204534467
0.21942916993960002 0.0175438596491 0.0473946059177 0.3220738413196 0.0 0.1377323906781 0.0 0.7153705158423 0.1448023042679 0.6116784498564 0.124639958104 0.25975386226749997 0.2571353757527 0.0324692327834 1.1099764336209998
0.2184599619382 0.0217391304348 0.0581027667984 0.5409896062071 0.0 0.1928268189139 0.18599033816399999 0.7239642804855 0.33037622602819994 0.7591128678082 0.3560679256332 0.43940857853939996 0.33279168496550005 0.1610305958131 0.6791392182695
0.7348855257381801 0.00781249999999 0.015625 0.9972632051418799 0.0235294117647 0.1721507352941 0.0705882352942 1.0375807761354001 0.18724011156189 1.18106900320828 0.21308127980898 0.46763463831429 0.72751082725868 0.058639705882290005 1.1053890445971999
0.0 0.07142857142850001 0.0535714285714 0.053571428571300005 0.0 0.08928571428570001 0.0714285714286 0.1249999999999 0.19642857142859999 0.17857142857140001 0.0178571428571 0.0178571428571 0.0357142857143 0.0357142857143 0.053571428571300005
1.3975904782556001 0.0968910705938 0.0108695652174 1.1228817618834 0.10894660894649999 0.5214939643009 0.1923810821861 2.4554312583221 1.6197409115591999 1.5242794326895 0.9958894924136 0.6831946929753 0.9587153305762 0.1908356497634 2.1208587003107997
0.31575235109727 0.1764705882347 0.0 0.50383397873252 0.01695402298849 0.43556149732536 0.0588235294117 0.541159567275 0.4364420062692901 0.67504609994425 0.15256008359456 0.28089771958926 0.48004179728373 0.01695402298849 0.9095027352623398
0.343736263736 0.85934065934 0.383736263737 0.965274725275 0.0 0.793406593407 0.343736263736 1.031208791211 0.40967032967000006 1.414945054944 0.197802197802 0.04 0.171868131868 0.633406593407 0.411868131868
0.0810810810811 0.054054054054 0.054054054054 0.027027027027 0.0 0.0810810810811 0.08108108108100001 0.1621621621622 0.08108108108100001 0.2432432432431 0.0 0.027027027027 0.027027027027 0.054054054054 0.027027027027
0.81706859535692 0.6148859798566602 0.0510204081632 1.35554990542516 0.00925925925926 0.7989868456949201 0.3773767665803 2.3283297273705 1.12787808818564 1.5765736494074805 0.42748973583946004 0.48126606601126 0.6715344328527 0.28511016749306 1.07767037249846
0.0 0.0 0.0 0.0 0.0 0.0 0.0 0.0 0.0 0.0 0.0 0.0 0.0 0.0 0.0
0.2542696023521 0.2614707481963 0.0727174060507 0.777848612657 0.0176991150442 0.2288590902157 0.1861864782215 0.6705986027517 0.519246076768 0.5739822288493001 0.30144923360250003 0.15342834811859998 0.3507587135904 0.107041107041 0.5244446365388
0.16071428571430002 0.10714285714280002 0.0 0.18452380952390002 0.0079365079365 0.0515873015873 0.0714285714286 0.39484126984180007 0.184523809524 0.281746031746 0.0079365079365 0.0515873015873 0.25793650793660006 0.0357142857143 0.2023809523811
0.66420655172271 0.9483212639921 0.19270235420201 0.77844955630912 0.0306122448979 0.54549535089972 0.304805793285 0.8990541297836101 0.5442494246430201 1.34571869270281 0.19602935815732003 0.24816647533452002 0.6282338315225 0.65053400725891 1.0234209652936201
0.19837164750932998 0.09243295019163 0.07614942528740001 0.3800766283526 0.0229885057471 0.20862068965510003 0.108333333334 0.43247126436703 0.3454980842912 0.61321839080509 0.1685823754789 0.13323754789273 0.38840996168572994 0.13170498084283 0.6999042145600601
1.2352390221789 0.5570378408312 0.06326510044162001 2.10672163792504 0.3682546850301 0.94881642148652 0.1585084258363 3.6300535873819397 1.5578971065407 2.81310440099612 0.5737271616610999 0.7348108502334 0.97629364505078 0.5485999545786 2.7276701598269195
1.08513081121615 0.00757575757575 0.08583662714075001 0.9847190852618001 0.0 0.19369000564625 0.00757575757575 4.05975437606725 0.9771080368921999 2.0376835121396004 0.30451957462825 0.550766986636 0.5770115753811 0.18892104272510002 1.9397068511193
0.4345679012347 0.053262786596099995 0.0285714285714 0.2994708994706 0.0 0.30264550264519996 0.3881834215169 1.0245149911819 0.34973544973509996 1.2388007054685 0.1389770723103 0.4245149911814 0.8700176366850001 0.200000000001 1.2467372134039998
0.47993735219201 0.0669456066945 0.0 0.480850350191 0.0 0.22293466891080999 0.050864107695 1.3877683281782 0.49876068764792 0.77243723849403 0.15598906221551 0.20750807258491 0.51458124886281 0.0417119565217 1.1197113198108999
0.1482142857142 0.742857142857 0.0571428571428 0.47321428571479995 0.0 0.29107142857159995 0.4 0.6446428571428 0.644642857143 1.1625000000006 0.0 0.30178571428559997 0.18214285714279999 0.0857142857142 0.8660714285716
1.03630345438233 0.08134871176003 0.047619047619 1.41796248453416 0.1230802230802 0.47874564136216 0.3391896695255 2.78734992322166 1.2035223929308299 2.10398489101693 0.4804295371621 0.5548222460388299 1.2412697581821 0.1494897338271 1.9548822853589
1.0442017667812 0.0310880829015 0.0 0.9732040888844 0.0155440414508 0.1925279520044 0.0418598309245 0.28086041764790004 0.3512812884777 0.4948095627668 0.7760740759104001 0.4493178306099 0.5236647908045 0.19241804464059997 1.6331482261946
0.1 0.450000000001 0.2 0.8499999999998 0.0 0.5499999999999 0.25 0.55 0.49999999999989997 1.0999999999998 0.0 0.1999999999999 0.3999999999999 0.4 0.44999999999990004
0.0684931506849 0.0 0.411764705883 0.041095890411 0.0 0.095890410959 0.22723609991889998 0.4738114423849 0.068493150685 0.2997582594677 0.0588235294117 0.027397260274 0.027397260274 0.013698630137 0.18614020950790003
1.00166815615012 0.11100633571322999 0.079155667064 1.06143561637869 0.0 0.9614919351120901 0.35847391075330004 3.1491683108171507 2.21502062715149 1.9587710628151502 0.49362417872062997 0.50732280885683 1.0162282624594599 0.29484298445829 1.7917901435536998
0.0 0.0 0.0 0.0 0.0 0.0 0.0 0.0 0.0 0.0 0.0 0.0 0.0 0.0 0.0
0.01724137931034 0.025862068965469998 0.043103448275840006 0.04310344827581 0.0 0.06896551724134001 0.01724137931034 0.27586206896527 0.025862068965469998 0.12068965517224 0.0 0.08620689655166999 0.051724137930980005 0.04310344827581 0.18103448275810002
0.10538426138962001 0.11163522012574 0.12659150176398 0.20915784629554002 0.0 0.20758551925154 0.41041570793043997 0.8645114281330399 0.2036355269211 0.61562356189594 0.00943396226414 0.04716981132068 0.62264150943344 0.03382420616654 0.43238993710724
1.1168264448887002 0.4363284959689 0.04523218961 1.1951810315081002 0.0127118644068 0.23703998153 0.46107795342080005 2.4731529755704003 1.025380408321 2.5318274256362 0.23508582846080003 0.2270885702987 0.6620179414843 0.5023564213297 3.8386924675672
0.6270872275782 0.24232725222185 0.06905734067105 0.6347782500180501 0.0 0.32612963523775 0.24350727331565003 0.28812877893945 0.36700744561989995 0.30741638036365004 0.24019172732115002 0.0832019298044 0.49529557961915 0.038522989526 1.0373481897648502
1.4908253114447 0.1987229190989 0.0898431287501 1.7976717717858999 0.0 0.6580372396229 0.5505485285805 6.6427700667755 1.2164297034806 3.5318493206273 0.673992665184 0.8314399384519 2.9808069430915998 0.39641322223810005 2.9406492408701
1.06508534354658 0.15093553277106 0.0550458715595 0.6239104531720601 0.0366972477063 0.17232200825566002 0.053226173326099996 3.37214234820658 0.52867706833746 0.94570379992516 0.27098841649537997 0.29444063108936 0.77090581705818 0.04812258258556 2.6117967059666
0.44098883572594 0.13463583200387 0.09396597554497 0.5901116427427 0.0378787878788 0.09157363104727 0.17636895268456998 1.1830143540670701 0.33931419457761003 0.89832535885304 0.41188197767137 0.56127060074404 0.9641148325353699 0.0764221158957 2.00013290802714
0.8666856525584499 0.0671015144699 0.04164792322685 0.76701605930445 0.03395061728395 0.22400648578965 0.15922915785435 2.8044779476473 0.95421098884085 1.28138062125975 0.0883839909762 0.46015349851420007 0.6729241780299999 0.17171732430955 2.4071140399321997
0.1532091097307 0.0869565217392 0.1159420289862 0.24430641821940002 0.0 0.09627329192549999 0.1635610766046 0.7784679089022 0.2701863354039 0.2795031055896 0.062111801242200004 0.0527950310559 0.1055900621118 0.2494824016562 0.3416149068316
1.5645159833854998 0.17341550779589998 0.17317741255809999 0.9278258383003 0.0530973451327 0.3685097224729 0.36660496056780006 4.2383375474043 1.0291680211916001 1.7875672746973001 0.39069231232339996 0.8046499307681001 1.3494678225267 0.2690157124794 1.5039546083922999
1.21583800151176 0.38250978119727996 0.1063829787233 1.89620849348736 0.12085669116899998 0.36837682590626 0.32010121147376 1.5045598179244801 1.85307496919258 2.1539597408567803 1.0136126273524 0.8820465599153 1.3692550597420001 0.18367117610779998 2.62954606544264
0.2040816326524 0.7577353522060999 0.0680272108842 0.7917489576457 0.0 0.4421768707481 0.40114110160149996 1.0473996050030001 0.7647575159105 1.2714505156889002 0.0680272108842 0.268597761685 0.1020408163264 0.3061224489789 0.5066929997799
0.029702970296999996 0.529702970297 0.509900990099 0.04950495049499999 0.0 0.138613861386 0.0990099009901 0.1287128712873 0.0990099009902 0.2277227722773 0.009900990099 0.019801980198 0.029702970296999996 0.05940594059399999 0.0693069306931
1.32089141137502 0.404057902134 0.18466907004212002 1.56498585688392 0.0 0.91426056187914 0.2039087092214 2.4598953271911097 0.97194244643352 1.6780015630647203 0.61240619418351 0.45658194387712003 0.80341428615222 0.12645167746330999 2.2985330500914998
0.0 0.0 0.0 0.0 0.0 0.0 0.0 0.0 0.0 0.0 0.0 0.0 0.0 0.0 0.0
1.37836429784795 0.35492459504685 0.17330457452575002 1.05655740607 0.01982870973745 0.68176994753375 0.52658007764865 0.7385343026545 0.5831715368316499 0.7954341931850001 0.060911291278000004 0.31966182021305 0.54426549990675 0.3163708321646 0.45032091535350005
0.4444588758643 0.2744423158096 0.0522128778776 1.2099879858422 0.0133779264214 0.4323797772507 0.11910250998459998 0.6183719193426 0.5113485079722 1.3199987011725003 0.10572458356319998 0.306393479885 0.9217780952682001 0.2343085365452 1.4361139071991
1.3449665847738401 0.32199660462344 0.16095829636185002 1.2123223453741399 0.02621118012422 0.7032182221967199 0.22987582768676998 2.82414789891882 0.93026357766087 1.75997394484355 0.6020293274381401 0.92058316365019 0.96716701458111 0.22551917977545 1.7707668319896703
0.42397716061102 0.1979055146209 0.0 0.6050653903476599 0.164556962026 0.24826552889550002 0.052900056678599996 0.3523679072994 0.19120641518142 0.53488097487328 0.2316424208074 0.09456672334532 0.5665212964705 0.0956032075908 1.2405404412548202
2.65255321624128 0.27518801969803997 0.07422542866575 3.28027183687394 0.23949041708625002 1.3313975545740202 0.39995268225023994 6.62792829231726 2.49686816322557 3.86214117813193 0.73109839357091 1.18778782155685 2.78574649519829 0.9559235443808102 5.0994269562225
0.9976058630006 0.076419213974 0.0511315077794 1.0473617663914 0.0134048257372 0.2506819485583 0.037726682042099995 2.0431530023330002 0.596573281666 1.0224838146965 0.2213845019138 0.27348185958259996 1.1318004612666 0.024321856304899997 2.2124694147599997
0.66087735583124 0.09011227038717001 0.17339978637588999 1.08484562553337 0.0300751879699 0.13699999931935 0.34772080823866003 1.4696620115723404 0.37907320859604 1.3294120609588098 0.28084975559851 0.59593610964909 0.9117373052858799 0.42281440470454 2.0864841099796996
1.0606244332565 0.1063982359584 0.0103305785124 1.1453338436202 0.042353130994399996 0.2485918464249 0.2945801304627 2.5883388564645 1.7651690779435998 2.3241760451708 0.4624464290241 0.6944661596946999 1.3160906265401002 0.17063276080509998 2.7704678451315004
0.2784882068771001 0.1074168797955 0.0812730889458 0.33077578857640005 0.07104290991750001 0.0522875816993 0.1364023870418 0.7325944870712 0.30633702756549996 0.6297243535095001 0.18414322250620002 0.1074168797955 0.27848820687750003 0.1597044614948 0.5439045183297
2.9422154147969 0.094832920792 0.1923826528993 1.5633934243697 0.19540124744259998 0.48076297297790005 0.49016148227359996 6.9129098292632 2.0956553311159998 4.1368844032109 1.0136310167265998 1.7014830082266 3.3512077876157 0.30142146159050004 3.5276570467046
0.8433878668385599 0.12678615728086 0.07877697841709999 1.3908975179196799 0.0393884892086 0.50724244560726 0.17034332606482 0.72881234032842 1.25572308033896 1.4115085064432598 0.4702722758269 0.4470059886758 0.8470050094224 0.051786157280960005 1.63106386034762
0.3010127127773 0.0821374703726 0.056496444731599996 0.8006033182512999 0.0588235294118 0.3415212238741 0.1752639517346 0.4485240249946 0.43999138116750003 0.5555268261145001 0.1286360698125 0.035294117646900006 0.18780435251 0.1286360698125 0.2597285067873
0.08 0.0666666666667 0.0266666666667 0.0933333333333 0.0 0.1333333333334 0.0133333333333 0.2133333333333 0.0666666666666 0.0533333333332 0.0133333333333 0.053333333333299995 0.0266666666667 0.0266666666666 0.1333333333336
1.5727778190814 0.5094640502113 0.1775183150181 3.2554675080782998 0.0389972144846 1.9059818365278 0.719038389256 3.7677774926453997 2.7798728263513004 4.1562327070831 0.9114805079121999 1.1804317984429 1.8862693347766 0.26825355256149996 3.8704366475740004
0.0 0.0 0.0 0.0 0.0 0.0 0.0 0.0 0.0 0.0 0.0 0.0 0.0 0.0 0.0
0.1603508771928 0.2101754385965 0.0575438596491 0.5010526315799 0.0175438596491 0.21017543859640003 0.1550877192982 0.36070175438600005 0.4207017543861 0.2680701754384 0.0350877192982 0.11263157894730001 0.21298245614050001 0.1350877192982 0.14280701754379999
0.35799015798979994 0.2074074074072 0.1374255374254 1.0253820253821 0.0 0.6723646723642001 0.20984200984180001 1.3077959077962 0.8081844081837 1.1110075110077 0.148148148148 0.2032634032633 0.42128982128950004 0.1473193473192 1.2425796425786
1.5334586264807901 0.45038111888129 0.2734500499503 2.00736973664586 0.0328269230769 1.01831329308979 0.7535899100903001 1.4848313973288798 1.4424018375240002 2.1729882192278898 0.39165096605499 1.0656473420193802 1.0401316024417 0.26165546687338004 2.0713035103192903
1.0553990610329 0.09708920187770001 0.0563380281689 0.8360563380276 0.2957746478872 0.3149295774643 0.3098591549289 0.6011267605632999 0.5825352112682001 1.4719248826301998 0.2490140845069 0.3446009389668 1.6796244131492999 0.2661032863848 1.8396244131459
2.9063724507252 0.69348276539303 0.31216720103757 3.56208578681602 0.40763246663216995 1.3050394777683298 0.69639388165646 4.801856389864021 2.27360209109844 4.7455136986859205 0.88188864396533 1.4657392109217402 2.04684065941016 0.57747847083248 3.32390680519993
1.0636945743803 0.10906042927472001 0.11457834785103999 0.95150006624442 0.0264900662251 0.23399981109294 0.21737061940505997 1.24842899859754 0.7091322519166201 1.18398069853762 0.36684855819011997 0.28784460445844007 0.69904760516162 0.20338295413514 1.5846404145294
1.3781894034801998 0.14425199551164 0.1926430899845 1.5477954755767598 0.05624425856774 0.3474464764528 0.16544134004077998 1.34605167161882 1.04675528003308 1.9076074758428603 0.5311692366772001 0.75536948360054 1.86477488536014 0.154506437768 2.5617534894861396
1.0201774753096 0.3875157495714 0.0667582525414 1.6176610418362 0.1303352071503 0.28868798990169997 0.2938789436021 2.0043063173235 1.1639660075325 2.1949242587863003 0.5320732727262001 0.7353456058414 1.3412221148508 0.2105644335117 3.0125833295206
0.16666666666660002 0.0416666666666 0.0 0.0916666666666 0.0 0.2 0.44166666666660004 0.19166666666659998 0.29166666666700003 0.05 0.0916666666666 0.0 0.0916666666666 0.2916666666666 0.05
2.1372446689282 0.13494517595209 0.13736098434789998 1.7576085374455999 0.13038140947049 0.38272430518869005 0.34196127582368 3.01401599454259 2.21932665295878 3.2980376551926796 0.7357121509337999 1.04872223018109 1.76735187893858 0.4654210781606 2.42918600194138
1.6084493212705 0.07059425662589999 0.11991529722050001 1.9704770237403 0.0736070381231 0.3715000968294 0.2594460890093 1.1405222569572997 1.6693224469279 1.7014537800410001 0.6493369483027001 0.4411355797787 1.1654494042677 0.1561974584555 1.6025930024553998
0.08333333333363001 0.0750000000001 0.0166666666667 0.13333333333342 0.0 0.05833333333336 0.058333333333390004 0.14166666666683 0.09166666666669 0.18333333333339 0.02500000000003 0.03333333333336 0.04166666666673 0.0333333333334 0.024999999999990002
0.0845070422534 0.0281690140844 0.0281690140845 0.09859154929580001 0.0 0.0704225352112 0.0704225352111 0.15492957746469999 0.0845070422534 0.0845070422534 0.0563380281689 0.0 0.0281690140844 0.0704225352112 0.14084507042240002
1.5610384344227 0.639936806829 0.49095518527980003 2.4953188002549997 0.07379466817909999 1.0514517949565 0.33282612805890005 2.8433623142095006 1.9287344777922 3.1809208051473 0.9084042998037001 1.1456363598385 1.5834752789434 0.2131986564777 2.5509459898074995
0.0 0.0 0.0 0.0 0.0 0.0 0.0 0.0 0.0 0.0 0.0 0.0 0.0 0.0 0.0
0.3365710422098 0.7321452719024 0.0759663865546 1.394616053319 0.0 0.7456795131854 0.292635950932 0.8218970346758 0.6655211049935 0.8628088476763001 0.2342721916351 0.1869622331689 0.5988834154343999 0.44277407514719996 0.6092668791656
0.3739747095006 0.1701127819547 0.7786739576219001 0.649008885851 0.0 0.2717019822281 0.267840054682 0.3703007518792 0.35825358851690003 0.3468899521529 0.1246582365001 0.46015037593970004 0.2222317156529 0.0264012303485 0.5798017771706
1.1092851264437 0.16376794555261998 0.1332730560577 2.0831330000375 0.0 0.5540580789283001 0.6797563529084 1.2989517725821398 1.27784707487078 2.292969952804 0.4788540599455 1.09490703676496 1.4286817191897199 0.33371179251171995 2.07080303140764
0.23376623376599998 0.181818181818 0.0 0.545454545454 0.0 0.311688311688 0.051948051948 0.38961038961 0.38961038961 1.03896103896 0.103896103896 0.181818181818 0.181818181818 0.12987012987 0.25974025974
1.99032366018284 0.18651245923463 0.1835471430344 2.99522542584238 0.0468065768817 0.64712873470751 0.76467187094343 4.05205179544373 1.7539419436575998 4.763092426295379 1.44394859949693 1.34168861310535 1.9466057478293002 0.41891893273540004 2.46553607061401
0.73370117584474 0.0586537645361 0.02574143692562 0.72982059650034 0.0106951871658 0.2712689142642 0.12683642037352 0.80402460027056 0.66095888116042 0.9971729122270201 0.2504353017122 0.40383992512512 0.64032574752404 0.10330527745374 1.18321985891694
0.7639423294334401 0.17986531719188 0.11603463720519999 1.2913696499963803 0.03455752048208 0.5367674671948 0.2576512597305 0.8981173195479599 0.8603032845237599 1.4835546697286799 0.29174088839228 0.48609068364208 0.99663014655796 0.16749568198360001 1.6358791443854799
0.5919617729828001 0.09627110694169 0.02485928705437 0.94914773646382 0.124237804878 0.42214288024804 0.31404460762087 1.17658615433273 1.04827303163765 1.14118350504537 0.46647807223316995 0.52356941838709 1.06631400821614 0.12790220450269 1.92702840945994
0.215909090909 0.0 0.0 0.306818181818 0.0 0.181818181818 0.0 0.125 0.5795454545459999 0.0 0.0 0.25 0.125 0.0 0.215909090909
2.3852301445324002 0.25850019077499997 0.08069074535340001 2.2226223824308 0.2847301337702 0.6824286701290001 0.39573661628980006 2.4064889072325992 1.8475896707983 2.5194560749126005 0.5410687880338 1.4746866962854002 1.6086557170101 0.4640753769435 2.8280398855089004
0.776608618133 0.1637230165405 0.010101010101 1.0595935781027999 0.0473787496495 0.1902344600297 0.0776817799525 0.6156922810821 0.8971241179605 1.4230734038667 0.44702759787870006 0.5111396054607 0.7603325789152999 0.0672781392493 0.9530110630769
0.24418604651140002 0.174418604651 0.0348837209302 0.5232558139533999 0.0697674418604 0.2441860465118 0.1395348837208 0.2790697674424 0.2093023255816 0.45348837209340004 0.0348837209302 0.0697674418604 0.20930232558120002 0.104651162791 0.2093023255812
0.3558897243105 0.0 0.0350877192982 0.3533834586466 0.0 0.14035087719290001 0.5338345864656999 0.31578947368419996 0.1754385964912 0.2105263157894 0.0 0.2807017543864 0.2807017543865 0.1052631578947 0.2130325814534
1.4000948231230999 0.39965064735190003 0.16085874455110002 2.643838703662 0.0603239845261 0.9117766653324001 0.5283027851197 1.1898383963686 1.4205944106369 2.0494694605611006 0.46649087031610004 0.7844126510842999 1.4022761620123 0.12251876952610001 1.4595529258338
0.0 0.0 0.0 0.0 0.0 0.0 0.0 0.0 0.0 0.0 0.0 0.0 0.0 0.0 0.0
0.42404534936550003 0.4516767972019 0.0838044308632 1.3998826408034 0.0577639751552 0.6553492543266001 0.3359152356603 0.4326092492331 1.0969364821038 1.031510944299 0.07316017316010001 0.32492222185360004 0.5783738001126 0.37585389887160003 0.6781955469934999
0.2960748792269 0.2097826086956 0.2375 1.1041062801945 0.0347826086956 0.6353864734296 0.3097826086957 0.646195652174 0.49631642512109997 0.8620772946864 0.0695652173912 0.26829710144929997 0.67463768116 0.1513888888889 1.0041062801937
1.0240806234898998 0.2268863101212 0.1212998489638 1.7742497443646 0.0 0.8926801150343999 0.5541132593884 1.4399670409735 0.9264357033196 2.3939541763217003 0.3609690912714 0.8174740168838 1.5693149588336 0.2554013923676 1.6431737186685003
0.5860628074698799 0.1387337707664 0.1590464889012 1.07977315895829 0.0344827586207 0.2128852141548 0.41977696290928 0.45809889506056006 0.6427042254595 1.48648636533088 0.18823157228710002 0.16237302549899002 0.59402773170499 0.12909741318458 0.7082196096923
1.33364825891867 0.4543503403057 0.12896904170294 2.5532314914574203 0.2935419025635 0.9135373806445699 0.64036489235592 2.03998255382536 1.67257043180017 3.0521914421020897 0.8232453598055901 1.31121194144819 1.3514361211665702 0.44725519149492005 1.9844636504075004
0.37630338048752 0.015873015873 0.00836820083682 0.35943415022892 0.0 0.08441256558421 0.05180314803741 0.23490735206203 0.37690110911849994 0.40459586903113 0.09450753802230999 0.21644417878723002 0.2924885435343 0.03679351796502 0.44716743043081997
0.85868572116302 0.1265201363344 0.03097921938496 1.02935740135926 0.039252097073700004 0.37081121336545997 0.1866615707241 0.5683258470306 0.5898954585731 1.06480604489304 0.3432359590329 0.7409423007296 1.0000143036217999 0.03917541583752 1.0113373108754
0.39283717901389004 0.13280166601349 0.0091743119266 0.6193909196206699 0.01239965596329 0.4370599989627 0.08303628232898001 0.72532618655157 0.48304870107398 0.54687236353787 0.26344991874508 0.47639102911340003 0.39431709868139003 0.0494869704024 1.37440771806417
0.32703595011 0.2597945707996 0.0212765957447 0.20579603815119998 0.0 0.388829787234 0.0425531914894 0.4787967718266 0.264490095378 0.6004218635363999 0.0689655172413 0.0344827586206 0.07703595011 0.8730374174614001 0.3574834922963
1.3847199458030999 0.08095238095230001 0.08524072612460001 1.4686491549765002 0.1489561617142 0.7241885762968 0.37178996975080003 1.5374389138064002 1.1329846496553002 2.3233873731528 0.4530562277165 0.875827184214 1.3111461591907 0.18925878324690001 0.9124037933978001
0.5075343599932 0.0738097105654 0.111111111111 1.2545689858022 0.0191387559808 0.3808359697058 0.0191387559808 0.6350389137269999 0.7007041946645999 1.3336209375908 0.3234197017628 0.3207528259294 0.5585754002487 0.0491803278688 0.7125700490661
0.015625 0.09375 0.03125 0.1406250000002 0.0078125 0.078125 0.046875 0.1875 0.09375 0.09375 0.0390625 0.03125 0.0625 0.0234375 0.0546875
0.7111111111114 0.4222222222218 0.0888888888888 0.2666666666663 0.0 0.0888888888888 0.0444444444444 0.2222222222218 0.2666666666663 0.3555555555548 0.0444444444444 0.177777777778 0.17777777777769999 0.0 0.13333333333320002
0.82693594585753 0.32884192873776 0.20097084114583 1.73246410199119 0.0508474576271 0.5653847073331301 0.46987719718209003 1.12091892042596 0.49440848731703 1.92021450003336 0.40567992849422996 0.7570553608180999 0.8973241758632999 0.301962012023 0.9271144351470298
0.0 0.0 0.117647058824 0.0 0.176470588235 0.0 0.0 0.0588235294118 0.0 0.0588235294118 0.117647058824 0.117647058824 0.1176470588236 0.1764705882358 0.0588235294118
0.10357142857139999 0.491071428571 0.19821428571400002 0.7160714285714 0.0 0.5125000000002999 0.264285714286 0.357142857143 0.5660714285718 0.6589285714291 0.0875 0.05 0.3196428571427 0.44999999999980006 0.22500000000030002
0.1651441822948 0.1297640653357 0.10434563420040001 0.42366404517019995 0.088888888889 0.2435672514619 0.3674430328694 0.47448074208519997 0.3824158096395 0.6373664045162 0.0222222222222 0.1496874369831 0.3710123008674 0.1660415406331 0.273956442831
1.0223007121838 0.4305428262615 0.08997830871450001 1.8682497659961 0.0949743062775 0.3488734167931 0.40530571928010006 1.2480713385624 0.9355643463173999 1.2606062789732 0.2767724441256 0.6506913070892 0.8216702702698 0.1707831731317 1.3756157860287
0.37640052336358004 0.08210471611873 0.09010722933247 0.9524987592680401 0.02779824776877 0.19082042052868 0.35314160053641996 0.34943945645063 0.47772196572113 0.95788779771299 0.10509293375914999 0.15319657708318 0.40182425217707995 0.044747400311069996 0.43721811986923
1.54669527606843 0.35866585556112 0.09090445061416 2.14375401623032 0.20973488317123 1.1336922361672 0.43788721588891005 2.4527457545730194 2.23578600520353 3.90933386186157 0.98383163797202 0.90779551501321 1.5037733525190098 0.24169729466986004 1.84370264448595
0.7613340281396999 0.148514851485 0.0 0.5530410183876 0.0 0.044740564282 0.059405940594 0.53763120673 0.5819995533386999 0.7301421871517001 0.25415022705269996 0.20940966277079998 0.3868830492069 0.0748157522519 0.6579319586087
0.5847007789175 0.07068570421289999 0.0778996672006 0.4565763960397 0.0 0.1236221171647 0.061506224577599994 0.7137462906349 0.4194370113542 0.9636637866481 0.22678324579250003 0.6099754939974 0.6845537959126999 0.0908352319188 0.9160142556299999
0.4607964723711 0.1242248863164 0.0 0.9599696844432 0.040650406504 0.1648752928204 0.10389968306450001 1.0413393964445 0.37722199255859995 0.9103624087087 0.4720959073995 0.49696844426009995 0.6007992283317 0.12422488631659999 1.122571310459
0.106033717835 0.3006506950604 0.0 0.2910381543924 0.0434782608696 0.17272996154980003 0.1292517006802 0.4174800354924 0.4992605737946 0.9384797397224001 0.0217391304348 0.2746228926354 0.1659272404614 0.511535048802 0.1277728482698
1.1242542580417 0.1354663057561 0.0248771498771 1.5319166002954998 0.06195843877 0.5569321403809 0.2376179606368 1.5406674991155003 1.1996271483627 1.7812257040195 0.7226456591624 0.6158446230912 0.9391154658271 0.0786278938454 1.4492231528151
0.5677340646250999 0.30545628284759996 0.013698630137 1.6107927054081002 0.043956043956 0.3828535431216 0.2137171524128 0.6216901085811001 1.2453019741823 1.6154243651944 0.8484732757815 0.6674700403825999 0.7393447826741999 0.1211144126868 1.0029726180121001
0.19924812030060002 0.2532894736847 0.0803571428571 0.5737781954887 0.0267857142857 0.5333646616548999 0.1875000000004 0.6123120300755001 0.3336466165416 0.6146616541351 0.0662593984962 0.0131578947368 0.15977443609000003 0.1602443609022 0.1856203007517
0.0 0.0 0.0 0.0 0.0 0.0 0.0 0.0 0.0 0.0 0.0 0.0 0.0 0.0 0.0
0.41992603913122 0.11491090464581999 0.0 0.99009452651956 0.0502820701497 0.29311037258082007 0.3742227235610801 0.6456428045831 0.44227939095454 0.76978466713552 0.37556636397676 0.32336519257006 0.45524343206412 0.0764318462993 0.6691396658287199
0.0 0.0 0.0 0.0 0.0 0.0 0.0 0.0 0.0 0.0 0.0 0.0 0.0 0.0 0.0
0.1360212671686 0.1900753212227 0.108108108108 0.23438192290639998 0.0 0.19494904740779997 0.1949490474078 0.29818342933069997 0.1803278688523 0.5143996455466 0.0163934426229 0.2866637128929 0.15241470979149999 0.12450155073090001 0.36863092600869996
0.0666666666666 0.0 0.266666666667 0.0666666666666 0.0 0.0666666666666 0.133333333333 0.266666666667 0.0 0.0 0.0666666666666 0.0666666666666 0.0 0.0 0.0
0.5600639159962 0.42144609941190003 0.052188552188500006 0.9785282200535 0.1399589111457 0.7777777777772 0.2483164983164 0.8056268903733 0.6712178279977 1.8124750328147 0.2594875306739 0.4742481310277001 0.7266592478461 0.23676025794669997 0.8352451064316
0.38485383233864 0.13086143843962 0.056493506493500004 0.8228895708109201 0.0194805194805 0.37104217129191996 0.39278972754162 0.42851588679512 0.8647113674624399 0.9793300773454201 0.2290692640695 0.27808741035449996 0.3736240239511 0.14533175547182 0.5229194481531401
1.4575844824568 0.23232297673359 0.12187916062403 1.96834180575256 0.3776890604558001 0.7539828594543599 0.48241849980783 2.1376972235752603 2.3546265438253 3.4969062023606603 0.6860967922982301 1.3088122870183998 1.65965655030269 0.41191524284413 2.5500703124873896
0.4802197802192 0.0230769230769 0.021978021978 0.44615384615360004 0.0340659340659 0.16043956043990004 0.1263736263737 0.2978021978021 0.3846153846157 0.524175824176 0.1703296703295 0.3197802197806 0.4087912087914 0.0461538461538 0.5560439560446
0.8515015688022001 0.053951890034299996 0.0 0.5623786045117 0.020618556701 0.0963095771701 0.0974301509038 0.5119826684596 0.6095472882111 0.7446585985362 0.26574032571319994 0.5494695950999999 0.6318093530552 0.0423576871358 0.9622441356649999
0.5300651441952 0.1796845264236 0.0 1.2103205972775002 0.0454545454546 0.37427902210510006 0.10395622895610002 0.6876226028406001 0.6303835456010999 1.2758600497727 0.31421460986649996 0.6786048894744 0.6664580588491 0.0526094276094 1.2504867515740998
0.10906862745100002 0.15073529411750003 0.0 0.3174019607844 0.0 0.19730392156860005 0.1176470588235 0.1384803921569 0.1593137254902 0.20465686274490003 0.050245098039200006 0.1544117647059 0.19607843137269998 0.0710784313726 0.1335784313725
1.4390693503396599 0.0384615384615 0.062176165803 0.7672877640493401 0.0606815464328 0.33439617377448005 0.11538461538448 0.54827620566048 0.70660621761566 1.4969609406152402 0.42028696691867995 0.5031885213223999 0.38182542845708 0.1243523316061 1.0010462335605999
1.2157904979948 0.076923076923 0.0322580645161 1.0838194961938001 0.051282051282 0.39460624265350003 0.1032388663967 0.7419552018268001 0.7946741031535001 1.376101324688 0.7372520851113 0.3534666472045 1.1609405209138 0.0 0.8776918211462001
0.0 0.1538461538465 0.11538461538460001 0.1538461538461 0.0 0.1538461538461 0.192307692308 0.2692307692311 0.3076923076921 0.23076923076960001 0.0384615384615 0.076923076923 0.0384615384615 0.1538461538465 0.11538461538460001
0.0 0.0 0.0 0.0 0.0 0.0 0.0 0.0 0.0 0.0 0.0 0.0 0.0 0.0 0.0
0.15135261194010002 0.0298507462686 0.0 0.41277985074650003 0.0461753731343 0.1343283582087 0.1940298507464 0.3311567164177 0.2409048507462 0.5506063432832999 0.0305503731343 0.25443097014960003 0.3502798507466 0.0305503731343 0.2430037313432
0.0 0.0 0.0 0.0 0.0 0.0 0.0 0.0 0.0 0.0 0.0 0.0 0.0 0.0 0.0
0.0 0.129032258064 0.0 0.1290322580644 0.0 0.1935483870966 0.3870967741942 0.0 0.451612903226 0.1290322580644 0.0 0.0 0.129032258064 0.1935483870966 0.2580645161284
0.4764492753623 0.0289855072463 0.0144927536232 0.8173913043477 0.075 0.0144927536232 0.07246376811579999 0.2224637681158 0.38188405797100006 0.6699275362318 0.0144927536232 0.22499999999999998 0.45 0.0434782608696 0.4934782608696
0.6530252693042999 0.3695796318094 0.09010369475480001 1.059663538814 0.0701701399375 0.43894437559230004 0.17960507816149998 0.6679806427202 0.607976893462 1.004644914028 0.43934360213480006 0.5928253783110999 0.7728296830143 0.060606060606 0.9927010973527
0.9885550762099101 0.15792231146289998 0.0 0.73898173204041 0.0260869565217 0.35377765481949996 0.05412433969921 0.48311272878162 1.04202408638551 1.47461246509321 0.49260203861161 0.20075043011382002 1.14247105916021 0.2603197108944 0.58465941020441
2.3021952308984703 1.0019083847696 0.16685903089767 3.0317607342666504 0.41756757563790003 1.6149126441830999 0.6895897280735699 2.96386606748588 2.18743789308964 4.49238695396341 0.9075591979694999 1.0973123205308402 1.4702216061958 1.3358167236687002 2.32060590838107
1.0471869328501 0.0114942528736 0.0 0.38959467634660006 0.0114942528736 0.1512401693889 0.0641258318209 0.0641258318209 0.36176648517890003 0.6823956442834 0.09860859044159999 0.3617664851783 0.1397459165154 0.0344827586207 0.5819721718096
0.3672816265058 0.0481927710843 0.12763554216849998 0.39853162650560003 0.0481927710843 0.03125 0.1276355421686 0.4935993975897999 0.2070783132528 1.2660015060253 0.0625 0.655120481927 0.3842243975905 0.11201054216860001 0.6707454819283
0.3437983069562 0.0570850202429 0.0 0.6510857563493001 0.0263157894737 0.0573426573426 0.1237026131762 0.46908354803189994 0.3238866396759 0.3579683474421 0.12377622377620001 0.28575634891429996 0.4926757453071 0.027972027972 0.6595509753409999
0.0983606557375 0.0327868852458 0.0 0.1311475409834 0.0163934426229 0.0819672131147 0.0327868852458 0.6639344262296 0.2827868852458 0.1639344262293 0.0491803278688 0.0819672131147 0.0327868852458 0.2827868852458 0.0491803278688
0.8356690085401 0.088141025641 0.0394345238095 0.7686598831098999 0.0 0.2419383297169 0.1374282564568 1.2107444704976 0.5253005354525 0.9632514844494999 0.2932386085255 0.6191901583017001 0.5000517661749001 0.11306315764899999 0.6638887916751
1.21141702899546 0.298412698413 0.101694915254 0.66508283648766 0.00806451612903 0.270023952719 0.08476702508963001 0.26247146936032 0.6285545054539001 1.00863295928913 0.26818063474693 0.61380969738059 0.56281470488706 0.13085171010263 0.88522134569226
0.2487804878049 0.0487804878049 0.0243902439024 2.3707317073182 0.0 0.1707317073172 0.0 0.41951219512210003 0.2487804878049 0.2975609756097 0.0487804878049 0.0 0.0731707317073 0.0 0.0487804878048
0.0 0.0 0.0 0.0 0.0 0.0 0.0 0.0 0.0 0.0 0.0 0.0 0.0 0.0 0.0
0.4997495460447 0.10334346504559999 0.1070381231672 1.00917126518562 0.0331813576495 0.20257983715904 0.3285711025306401 0.9309895983411199 0.58555028499642 1.1080769259649599 0.39969893589822003 0.45865301418922 0.26753433592111997 0.17376670336984 0.79209550453832
0.0 0.0 0.0 0.0 0.0 0.0 0.0 0.0 0.0 0.0 0.0 0.0 0.0 0.0 0.0
0.20584926884136 0.1428571428572 0.2714285714286 0.14173228346469 0.00787401574803 1.31518560179953 0.15073115860523 0.29302587176612 0.3008998875142 0.34814398200224994 0.04724409448823 0.08661417322829 0.21372328458943002 0.16647919010113 0.30821147356582995
0.0384615384614 0.0384615384614 0.0 0.19230769230789999 0.0 0.0384615384615 0.1538461538461 0.0961538461538 0.2500000000004 0.11538461538460001 0.0192307692307 0.0 0.0 0.0 0.057692307692200004
0.1152927120668 0.26243386243419997 0.0894009216589 0.4729134664614001 0.0555555555555 0.27298173749759996 0.15500938726730001 0.1312169312168 0.2931046253624 0.9585594811406999 0.12485065710860001 0.2972862263182 0.2137566137566 0.0756613756613 0.4819764464931
0.3410049627789 0.0192307692308 0.0634615384615 0.7854838709682999 0.125 0.6124069478906999 0.5601736972704 0.3771712158810999 0.5018610421842 1.1960297766754 0.19677419354829997 0.025 0.3217741935483 0.2143920595532 0.6602357320108001
0.43513585331439997 0.08921694480100001 0.0224719101124 0.6586996825706 0.0121951219512 0.293970229768 0.2393143593219 0.3744378971332 0.5634514697051001 0.6148281987298 0.20638314750959996 0.2730330421623 0.4166029625998 0.0892205506916 0.7110386296279001
0.0 0.0 0.0 0.0 0.0 0.0 0.0 0.0 0.0 0.0 0.0 0.0 0.0 0.0 0.0
0.1506238859179 0.0294117647058 0.0 0.32745098039279996 0.0666666666667 0.1354723707663 0.0588235294116 0.3812834224596 0.3843137254901 0.6167557932261 0.0727272727272 0.3055258467027 0.0515151515151 0.0294117647058 0.3900178253119
0.3961593172115 0.1073968705548 0.0 0.4516358463732 0.0 0.0263157894737 0.0526315789474 0.2382645803704 0.13157894736849998 0.3193456614509 0.1052631578947 0.23826458036970002 0.5334281650071999 0.027027027027 0.372688477952
0.0263157894737 0.0 0.0263157894737 0.1315789473684 0.0 0.078947368421 0.07894736842109999 0.13157894736849998 0.0263157894737 0.1052631578948 0.0526315789474 0.0 0.1578947368427 0.07894736842109999 0.1052631578948
0.3888888888885 0.0 0.0555555555555 0.6111111111115 0.0 0.0555555555555 0.0555555555555 0.0555555555555 0.2222222222225 0.7222222222225001 0.111111111111 0.388888888889 0.16666666666649999 0.0 0.16666666666649999
