0.35433884297493 0.00826446280991 0.0340909090909 0.19214876033050998 0.00826446280991 0.14256198347100998 0.00826446280991 0.19318181818161 0.1435950413222 0.49793388429821 0.4235537190081 0.16942148760321002 0.17665289256201 0.02479338842971 1.62293388430152
0.1654921913261 0.1876938564513 0.0294117647059 0.5074549708871 0.0 0.3526146813953999 0.0425531914893 0.305354519236 0.2969200631219 0.7010801545418002 0.0 0.0 0.101662404092 0.11201501877350001 0.1977471839794
0.0 0.0 0.0 0.0 0.0 0.0 0.0 0.0 0.0 0.0 0.0 0.0 0.0 0.0 0.0
0.5163653036434 0.373466342139 0.0441558441558 1.2068765707618 0.0 0.43044329131860004 0.668680157053 0.7153244839973001 0.9236211121316 0.7891669206301 0.0441558441558 0.2926647907495 0.2961038961036 0.1290291104243 0.5699463327368
0.0 0.0 0.0 0.0 0.0 0.0 0.0 0.0 0.0 0.0 0.0 0.0 0.0 0.0 0.0
0.374803767661 0.0961538461538 0.3269230769235 0.6459968602835999 0.0 0.31711145996850004 0.3100470957621 0.5478806907382 0.6102825745688001 1.0211930926232 0.1730769230769 0.0961538461538 0.2955259026691 0.2739403453689 0.9109105180535999
0.107516009437 0.0754971351533 0.0 0.49039433771429997 0.0 0.2585102797434 0.2470508931582 0.2962588473205 0.3977081226836 0.2467138523762 0.046511627907 0.0610043815301 0.1772834512971 0.0289855072464 0.5665655544329
0.851035719674 1.0044108731759 0.2799834953235 0.9090113956789999 0.0 0.2870889553087 0.2568858296935 1.5550789895964998 0.6705025005326 1.981366751482 0.39204943973429995 0.3192176264951 0.8636809119754999 0.2661009406417 1.3635865706882
0.5110609883524999 0.1187087778317 0.177404718693 0.8549566534276 0.0 0.5964322075162001 0.5993647912887999 0.8976573534914 0.2563775732627 1.2902198247349999 0.2890709359987 0.18160993315899998 0.8281750710586 0.14712717453819998 1.2518339966437
0.64444078997044 0.6549910024346 0.0425531914893 0.7839041872698799 0.0 0.6245342436753201 0.40445795339409996 0.6348795535997 0.8543970875106199 2.21516127568872 0.26257617686622003 0.46545086119571993 0.27750759878382003 0.60046991486302 0.5346761632563399
0.5267326732668 0.0 0.0630363036303 0.5673267326739001 0.0 0.09636963696359999 0.0 0.7607260726064999 0.22970297029689998 0.5303630363028999 0.3854785478546 0.3448844884486 0.608580858086 0.0630363036303 0.8237623762366
0.2364130434783 0.0 0.0 0.34239130434779996 0.0125 0.0717391304348 0.0869565217391 0.2891304347829 0.1152173913043 0.6695652173919 0.1679347826088 0.3081521739132 0.1646739130438 0.0342391304348 0.5010869565223001
0.6904097014843 0.0254237288135 0.0434782608695 0.5369752679409 0.078947368421 0.1170797295375 0.0662322719104 0.6353540446558 0.192458855318 0.9357457756421 0.0254237288135 0.28653893392280005 0.5744676724966999 0.0762711864406 0.7151934737354999
0.030303030303 0.0757575757576 0.060606060606 0.045454545454500006 0.0 0.045454545454500006 0.030303030303 0.030303030303 0.1818181818181 0.19696969697 0.0 0.0 0.0 0.1363636363636 0.16666666666660002
1.1231758259796 0.0 0.0 0.5457740836196 0.0 0.2517679410956 0.1297159461541 1.3119188977104 0.7677645705676 1.2724115960509 0.6249281142554 0.8126564419991 0.8191255383675 0.14592454375810002 1.194836500443
0.6708762601094 0.0 0.0 0.5010745541166001 0.0169491525424 0.19855987592780003 0.0 0.38914368007100003 0.3868837930652 1.0644289354163998 0.19058380414300002 0.31977401129940003 0.3891436800705 0.0757726819542 0.7968095712869001
0.062499999999900004 0.3153508771934 0.0210526315789 0.2932017543857 0.0 0.37653508771980004 0.0842105263156 0.4416666666663 0.3144736842106 0.5671052631578001 0.0421052631578 0.12543859649119998 0.08399122807 0.1263157894736 0.1460526315787
0.0 0.0 0.0 0.0 0.0 0.0 0.0 0.0 0.0 0.0 0.0 0.0 0.0 0.0 0.0
0.87206554471421 0.20289379414792 0.27983217296982 1.5951330432134099 0.0 0.48553512588930997 0.27166391887420005 2.6156992516924102 0.8851693491643999 1.8622281365450402 0.44092328505012 0.42759716268923 0.70903338970371 0.11812886311541002 1.23409696222833
0.0 0.0 0.0 0.0 0.0 0.0 0.0 0.0 0.0 0.0 0.0 0.0 0.0 0.0 0.0
0.2521994134895 0.0436217008797 0.0 0.6506598240482 0.0340909090909 0.26356304985379997 0.0967741935483 0.403958944282 0.206744868035 0.2994868035189 0.1213343108503 0.0568181818182 0.24266862170129996 0.066348973607 0.261730205279
0.0591133004925 0.0569527266441 0.00985221674875 0.39123671247095004 0.0 0.101892662691 0.0668049433929 0.8441794140544501 0.34629677642445 0.3494080027652 0.0197044334975 0.06680494339279999 0.16532711088035 0.04493993604695 0.4774868204992
0.27725770854834 0.1315723270439 0.1195489047928 0.46762754028069997 0.0266666666667 0.44975850587466004 0.2270453008783 0.30463240078007997 0.4406072435482 0.75172107619886 0.10549019607836 0.15174148774656 0.51958692130026 0.10159949991695999 0.9251442203428
0.0253164556962 0.0506329113925 0.0126582278481 0.240506329114 0.0 0.037974683544299996 0.1139240506331 0.126582278481 0.0379746835443 0.11392405063290001 0.0126582278481 0.0506329113924 0.0253164556962 0.037974683544299996 0.11392405063290001
0.8838048739822 0.36453666832549997 0.1514227642274 1.9430123811738 0.0 0.8906666074340001 0.2562319561968 3.331121446062 1.2144040752659 3.1690486441077 0.9836387489922 0.9961935390332 1.3188267766650998 0.4898050439696999 2.0072864745579997
0.41291287921279995 0.00877192982455 0.03862267609315 0.50979313956535 0.0 0.15251935809665 0.0 0.7522126211055 0.30019077544615 0.8625556428383999 0.24042943178829998 0.30386413795684997 0.34811281936165 0.08084016010164999 0.9891744286088999
0.0 0.0 0.0 0.0 0.0 0.0 0.0 0.0 0.0 0.0 0.0 0.0 0.0 0.0 0.0
0.58590056792978 0.00781249999999 0.015625 0.99588739494338 0.0470588235294 0.4350466628955001 0.141176470588 0.7819063234029999 0.29312246450279 0.77390867545938 0.20367685275768 0.17430578910359001 0.5058586320759799 0.07040441176469 0.9683094310481
0.0 0.0 0.0 0.0 0.0 0.0 0.0 0.0 0.0 0.0 0.0 0.0 0.0 0.0 0.0
0.6409507036038 0.3108678955452 0.0535714285714 0.9161581651566 0.031746031746 0.3835085721349 0.4630541871926 1.6017033917757 0.607192736198 0.8729094937945999 0.3641281317865 0.3526007733462 0.5214488761764 0.1240642159717 0.7560953970018
0.5177419354841 0.215053763441 0.0 0.4220430107523 0.0166666666667 0.0333333333334 0.0 0.5994623655913001 0.9908602150558 0.9091397849456001 0.295698924731 0.9672043010750999 0.40537634408580003 0.0166666666667 0.6107526881717
0.08395604395600001 0.20989010989009999 0.1039560439561 0.24087912087910002 0.0 0.1989010989011 0.08395604395600001 0.2518681318685 0.09494505494500001 0.355824175824 0.032967032967 0.02 0.041978021978000005 0.1189010989011 0.16197802197800001
0.0810810810811 0.054054054054 0.054054054054 0.027027027027 0.0 0.0810810810811 0.08108108108100001 0.1621621621622 0.08108108108100001 0.2432432432431 0.0 0.027027027027 0.027027027027 0.054054054054 0.027027027027
0.7321851093038201 0.28695856873876 0.0 1.13172879380576 0.00925925925926 0.62036206103952 0.33140302102200003 1.6513818102784 0.92051161330804 1.11151658291358 0.18312243312216 0.64599646273376 0.4488798238805 0.25006753290606 0.67662692768626
0.0 0.0 0.0 0.0 0.0 0.0 0.0 0.0 0.0 0.0 0.0 0.0 0.0 0.0 0.0
0.4578337373322 0.5533647768165 0.0837064170397 1.1650446679963 0.0353982300885 0.3646846707318 0.258616342687 0.9558356534764 0.8533069683515 0.9601337698681001 0.5892300368696001 0.3042111935917 0.6274433531070001 0.21143671143659998 0.5797534706083
0.2916666666666 0.2499999999999 0.0 0.2916666666669 0.0 0.0833333333332 0.166666666667 0.7083333333342 0.29166666666700003 0.41666666666690005 0.0 0.0833333333333 0.2499999999999 0.0833333333333 0.0833333333333
0.40614203559341 0.1579986833442 0.06367009613761 0.76232052405082 0.0306122448979 0.07775341541572 0.0951283739302 0.62486058139661 0.18941071496572 0.9102348217357099 0.16377129364122 0.23203744307642 0.4669435089418 0.34408239435571 1.4750338685195201
0.08611111111113 0.047222222222230006 0.041666666666700006 0.2555555555557 0.0 0.08333333333330001 0.108333333334 0.30833333333263 0.15277777777790003 0.28333333333359 0.05555555555550001 0.030555555555530002 0.16388888888883 0.05277777777773 0.33055555555566
1.2388010013859598 0.28019898625548 0.022546129490119998 1.3020468773065401 0.0349213516971 0.5565317900594001 0.06286216972028 3.05592671608338 0.9441972159609 1.74182395770558 0.40784517313394 0.7785461097687 0.4664375105152 0.13624505987896002 0.9710699510386401
0.39534161490674996 0.0 0.0086956521739 0.22088509316744998 0.0 0.06661490683225 0.0 0.67655279503155 0.44021739130545 0.9969720496885999 0.0441770186335 0.19984472049670002 0.17305900621095 0.089052795031 0.6885869565221001
0.16172839506169998 0.026631393298 0.0142857142857 0.1312169312168 0.0 0.1513227513227 0.055202821869399996 0.4844797178127 0.16560846560839998 0.5268077601416 0.0694885361551 0.1844797178129 0.4072310405647 0.1 0.5215167548495
0.33931235219201 0.0669456066945 0.0 0.4667134454289 0.0 0.27129776414881 0.09848315531400001 1.3966968996067002 0.38268925907641993 0.84684200039873 0.10911406221551 0.16063307258491 0.60312291552971 0.0260869565217 1.2320625102873999
0.0 0.0 0.0 0.0 0.0 0.0 0.0 0.0 0.0 0.0 0.0 0.0 0.0 0.0 0.0
0.5667972486698001 0.1187597681366 0.0357142857142 0.657116170239 0.0119047619047 0.332886235158 0.35591107072960004 2.0601328046226004 0.9255981632831001 1.3597150053668998 0.34085498724269997 0.5099399252937 1.1917786414501 0.1415532258905 1.3913377062960999
1.12926052179334 0.11055828157690001 0.00847457627118 0.91108482297478 0.042034107675900004 0.1663864392821 0.068524173901 1.6478299056749002 0.49624793575147996 1.03805551579198 0.70232027360438 0.834336777788 0.60701033591398 0.1018575072344 2.1360188247635796
0.0333333333334 0.15 0.0666666666667 0.28333333333340005 0.0 0.18333333333340002 0.0833333333334 0.1833333333335 0.1666666666667 0.3666666666666 0.0 0.0666666666667 0.1333333333334 0.1333333333334 0.1500000000001
0.0 0.0 0.0 0.0 0.0 0.0 0.0 0.0 0.0 0.0 0.0 0.0 0.0 0.0 0.0
0.43434408197004 0.29255663996201 0.16098083663900997 1.29829081040583 0.0 0.61189476072803 0.35191447397725995 1.09331264318368 1.35056852433816 1.20020553731252 0.21181061245151 0.41080123970452 0.5636912790405499 0.32072856876447 1.69889999152227
0.0 0.0 0.0 0.0 0.0 0.0 0.0 0.0 0.0 0.0 0.0 0.0 0.0 0.0 0.0
0.1701451905625 0.31442831216 0.1293103448275 0.9977313974590001 0.0394736842105 0.3253176043555 0.17014519056250002 1.10390199637 0.19600725952800002 0.7173321234115001 0.1184210526315 0.45598911070750003 0.234119782214 0.1293103448275 0.8983666061705
0.05660377358482 0.19875643224744 0.052958833619179996 0.5694682675826401 0.0 0.89365351629444 0.09648370497424 0.46355060034354 0.6565180102925999 0.56518010291654 0.04352487135504 0.14944253859338 0.69082332761524 0.07761578044594 0.48542024013784
1.6182739265558002 0.37887734402990003 0.2819078896996 1.3890866713519001 0.0127118644068 0.318340794538 0.41044810329070003 3.0480414803603004 1.3510388880029 2.9801199663073 0.31638664146879997 0.5116414158268 1.1690206230603 0.3776524971256 3.8364518939747003
0.5485805897011999 0.3234086107373 0.1275150926693 0.7782343897972 0.0 0.40756604434770005 0.4265950299874 0.48644023560079996 0.5699864891811 0.5818614326607001 0.2009181801603 0.1059843429649 0.4320561173162 0.1174667985425 0.8933866463328
2.01161496866661 0.25467501100370005 0.19577640425052 1.9448199753000899 0.0 1.04663184321627 0.5630856295006699 6.99436736057266 1.76459517504616 3.8781225204380294 0.71826925932224 0.7989445645028499 2.2147141884245896 0.41092993656671994 4.203453163186939
0.51414057168852 0.09181894002558999 0.00917431192659 0.35686304243434996 0.00611620795106 0.08876083605006 0.02264513357086 0.81317764804013 0.22033512775795 0.50744307124633 0.09363863825898999 0.09975484621008 0.48603634341665003 0.01958702959533 1.67050825182879
0.2745135566186 0.0695746943115 0.10944710260495 0.49346092504000005 0.00757575757575 0.14951089845815002 0.16752259436455 0.7797607655501 0.39405103668290004 0.61427432216945 0.16148325358854998 0.23471026049965 0.4473684210523 0.11435938330675001 0.9823870281761
0.73972366116849 0.1226570700254 0.0694257010046 0.9353620398392599 0.037037037037 0.32967762504269 0.12853666074389 2.7870775757678 0.53825625074609 1.03527947714919 0.0684834934638 0.37161471097037996 0.9401235347810899 0.19642962140978001 3.70031554084499
0.21118012422350002 0.1739130434784 0.2318840579714 0.3457556935817 0.0 0.1687370600414 0.27950310559040004 1.2712215320908 0.5165631469984 0.5113871635614999 0.07660455486539999 0.0817805383022 0.1635610766045 0.3799171842649 0.5879917184264001
0.89781921618293 0.0875410872313 0.0925410872313 0.42627686472841003 0.0265486725663 0.17893173198512 0.15464601769901998 2.65666877370092 0.54278128950671 0.96051833122633 0.22599241466571002 0.47769911504432006 0.50599241466531 0.16369152970923 0.60235145385661
1.0016579719032 0.3147887684132 0.2127659574463 1.7894247817798 0.0901442307691 0.2780150368246 0.2556643821601 1.2345412234044 1.7513425736514001 1.4765326650308999 0.6688701923067 0.6439153709768001 0.8816105769231 0.14171184533529999 1.2590144230788
0.2448979591837 0.36734693877560004 0.0816326530612 0.4081632653063 0.0 0.5306122448985999 0.3265306122445 1.102040816328 0.5306122448991 1.0612244897975 0.0816326530612 0.24489795918340002 0.12244897959170001 0.3673469387753 0.5306122448978
0.05940594059399999 0.059405940594 0.019801980198 0.09900990098999998 0.0 0.277227722772 0.1980198019802 0.257425742575 0.1980198019803 0.4554455445544 0.019801980198 0.039603960396 0.05940594059399999 0.11881188118799998 0.1386138613862
1.26029295198475 0.8691093492180499 0.33285207935595 2.5302141584391 0.037037037037 1.30627409859715 0.515691981984 3.0404325246659503 1.6876532292927 2.5580366310868006 0.8358632536647501 0.7008116116080501 1.4451965673445502 0.17108537100770002 2.7094491547122495
0.0 0.0 0.0 0.0555555555556 0.0555555555556 0.0 0.0 0.0 0.0555555555556 0.0 0.0 0.0 0.444444444444 0.0555555555556 0.3333333333336
0.14336250232710002 0.10984919009479999 0.1221374045801 0.29286911189700005 0.0396574194749 0.1983801899086 0.1068702290075 0.6681251163662 0.3782349655554 0.6409420964435 0.08545894619239999 0.25023273133519996 0.5885309998134001 0.1037981753863 0.2715509216159
0.7976588628762 0.5602006688962 0.1560758082496 0.4849498327764 0.010033444816 0.31772575250839996 0.6287625418059 0.7123745819395001 0.7146042363447 0.6265328874021001 0.050167224080199996 0.2519509476033 0.7056856187287 0.1761426978817 0.807134894091
1.2404700870031 0.4572111694497 0.1291925465837 1.5374167079881598 0.019089026915060002 0.67238276369196 0.20958798816026003 2.49865938389972 1.57820973883816 2.28722154891016 0.7493014516682001 0.8595885541952601 1.02326154395506 0.29494789731020005 2.44345959142608
1.2664171922985 0.5080333398522 0.0350877192982 1.9150428183307002 0.23695314235009998 0.7607725308606 0.4612115969115999 1.2513548181810998 0.6851010326992 2.0784535019777 0.7604582019945001 0.38226422849069996 1.4113216948782998 0.3162347268766 2.931293455001
3.47414460976304 0.3849985683534001 0.1386203020574 3.3681462008327303 0.190743811845 1.0195241842317 0.57129579943702 6.633774275317631 3.37274306737161 4.72206942415004 0.80082928295541 1.4430360117692103 2.40988541317362 0.73832925748612 6.731859791256119
2.2134342652398997 0.2412930024503 0.1127508746901 2.2596003194642003 0.0702282089845 0.5688938655899001 0.1644738852179 5.2289979403792 1.3545065999027002 2.5535904630849 0.7236901205188 0.5536642760032 2.4464116784873 0.11863592013579999 4.389828579848699
0.34718156640773 0.1011374950969 0.09981067525816 0.95831813098299 0.0 0.24234378300089998 0.38395853770423 1.26923261233263 0.7615801351782299 1.4243792559728898 0.4129703294891 0.35158748047989996 1.4073598060041301 0.23701951588983 2.0031206762043
1.08855389586622 0.08388160843287001 0.0144628099173 0.82500744110577 0.03760240942255 0.15298007770810002 0.19069473388064 2.31149771279012 1.0911957958612202 1.8484577922779097 0.37147761694202 0.7597346484813501 0.8613278789209 0.10984699953348998 2.2532785788566003
0.19153168513790003 0.0929241261723 0.0667803353226 0.24381926683729999 0.042057402671200006 0.0522875816993 0.1074168797954 0.5296959363456001 0.2773515203191 0.4847968172778 0.1116794543903 0.0929241261723 0.19153168513790003 0.14521170787159998 0.36999147485100004
2.6150965070574 0.178093878467 0.15133902900649998 1.7222888216216 0.1527091733562 0.7036579679435 0.6843037748362 5.510823124925401 2.2706153025011 3.8438815083033004 1.1505118746447 1.298892512454 2.8829110641035 0.2953458331422 3.53952962764
0.44095490716060004 0.0431034482758 0.04 1.0304774535799 0.0 0.2524137931028 0.1693103448274 0.3454641909808 0.5718302387261 2.0131830238725 0.4887267904513 0.2223607427055 0.594164456235 0.0831034482758 0.7049071618043
0.830424477484 0.1527257056668 0.1270846800258 1.8947209653118 0.235294117647 1.047403576816 0.31644042232290004 1.1897004955842 0.7929325576382 1.3319974143499 0.4815772462828 0.14117647058820001 0.3995690583922 0.4815772462828 0.5773755656106
0.6 0.0 0.0 0.0 0.0 0.0 0.6454545454539 0.7454545454548 0.0 0.363636363636 0.0 0.0 0.28181818181789997 0.0 0.363636363636
1.0125206822224 0.5961063617840999 0.1328296703295 2.6011113141337003 0.0278551532033 1.2711884381909002 0.41967867670040004 2.6477374197506998 2.0355385665233 2.5522720747076 0.7674152880810999 0.9686995350385001 1.1211125169726 0.17173255576209998 2.6742017466017
0.0 0.0 0.0 0.0 0.0 0.0 0.0 0.0 0.0 0.0 0.0 0.0 0.0 0.0 0.0
0.16356993400925002 0.21178496700475002 0.12216642523735 0.47401255432195005 0.00877192982455 0.28517946241745 0.1925897312087 0.624020601964 0.4638371157251 0.3925671978109001 0.12763560276830002 0.21475615644614998 0.1715370996298 0.3193787220344001 0.22819249959755
0.2673548673546 0.2649572649571 0.6216228216232 0.7163947163948 0.0 0.4554334554335 0.2751692751692 1.0936618936615 0.5677877677875001 0.9686091686092001 0.0888888888888 0.5126207126204 0.2281052281052 0.1593739593738 0.7800199800191
1.54097285138589 0.32642854971099 0.24731126120240002 2.05104461249516 0.0328269230769 0.82651176128829 0.7006263519089001 1.4861668734465798 1.3732278231319 2.32058091638669 0.41032070211609006 1.1082731220366802 1.1868834013674 0.24032520293447998 2.1484996475162905
0.7317437961101001 0.1567471495638 0.0563380281689 1.0713413816239 0.2018779342722 0.5159423205902 0.39618376928160004 0.9594768611674 0.9400670690813 1.6216029510402001 0.1420657276995 0.46513749161600004 1.1928638497649 0.3251374916163 1.2234741784041998
2.6287510932176 0.6539864873769599 0.20059607934036 3.6137377747614603 0.22123885226306 1.20837335853782 0.5178515482498001 5.133439141908479 2.09557469006368 4.638443953896941 1.0300884325095199 1.8110688524079799 2.39410805738964 0.54200459389606 3.3107370841761
1.04979502338269 0.0897197427316 0.1022542356657 0.95618700067249 0.0132450331126 0.1931222373164 0.18419741844189 1.3798141929912602 0.7122046824816799 1.2657244356101802 0.3547294384709 0.34467371411799 0.63959511491929 0.21935683554347998 1.4953808945428901
0.76036805840504 0.23390564075400003 0.07019543749432 1.37462227025499 0.0276928325184 0.25273842115544 0.21247745761870002 0.86495332915227 0.98454555548775 1.3232123631324 0.27029209089611 0.7509568702721201 1.1756123316495 0.2716527123062 1.4267746289021601
1.0492335470007 0.1872083719553 0.0563017623739 1.1737150552083 0.0808379201752 0.1945525526792 0.27316825734190003 1.7885260008276997 0.9056941253197 1.6546942793043997 0.5308812473395 0.6427444361586 0.9600925117982001 0.2011817597173 2.3011681728011
0.32666666666660005 0.0949999999999 0.0266666666667 0.2283333333334 0.0 0.1066666666668 0.3716666666666 0.3883333333333 0.42500000000029997 0.3200000000001 0.0949999999999 0.1599999999997 0.1750000000003 0.1749999999999 0.1066666666667
2.4501864363390995 0.23576378707579998 0.15945011684080002 1.9465582811042 0.1252490435219 0.6013714258449 0.486358791774 3.664335046416 1.4900231426963002 3.3495348674431003 0.5490025507606999 1.2673854630731 2.1570855263435 0.556910714316 2.9607848064563997
0.9137951640568799 0.05506741179289 0.03408399269628 1.49407587746019 0.0702834799608 0.35678193991048 0.17740755085838 0.60221066415838 1.4941828510308897 1.07608734945258 0.5931924233197 0.29600767258699 0.6329415887422001 0.1433235581622 1.0605584758123898
0.33333333333390003 0.3000000000002 0.0666666666666 1.0000000000001 0.0 0.2333333333331 0.23333333333309997 0.6333333333335 0.3666666666668 1.0666666666659 0.0999999999999 0.1999999999998 0.16666666666649999 0.1333333333332 0.16666666666649999
0.521955260978 0.056338028169 0.173985086992 0.9702923422892 0.0 0.1408450704225 0.40134927210250004 0.6291868860212 0.2278376139187 0.169014084507 0.112676056338 0.0 0.1151615575807 0.1408450704225 0.34051367025720003
0.9174504590849499 0.49188782918215 0.15073147184809998 1.4613022427932 0.0471624324566 0.78546769764005 0.3827466720339 1.1624788872998497 1.03481884180195 1.6458335790412 0.2756559378663 0.5919128488084999 0.7684194380977001 0.13978594877395 1.1443457132747998
0.0 0.0909090909091 0.0 0.0 0.181818181818 0.0 0.0 0.181818181818 0.181818181818 0.0 0.0909090909091 0.0909090909091 0.0909090909091 0.0 0.0909090909091
0.33533897850300004 0.6324382626613 0.3058138811076 1.3869194114421999 0.0 0.7755345203212001 0.45579799736010007 1.2417002049852999 0.629118881269 1.3606527361890999 0.34300181375219996 0.3683798576898 0.7863674511946 0.3019544522789 1.0769815512403
0.39516404647979997 0.1853344024395 0.1529786003469 1.0928019349079001 0.0 0.49918502550020005 0.2508938429991 0.5227798517271001 0.7125046006632001 0.7011409642988 0.23078894789409998 0.15037593984949998 0.6241981702516001 0.1643422367106 1.3175114359328
1.0770218824528002 0.19325014554870001 0.2377270579801 2.2185507388049 0.0 0.5214220549671 0.7173473797387 1.2112314227234 1.1760717222402 2.0163117767031 0.391886361474 1.0126171998589 1.1908346816408 0.36214647120710003 1.6735811046622
0.5871458924555 0.1498339418691 0.0512820512821 0.7864657466418 0.0128205128205 0.2349449960071 0.4635202555553001 0.5126510657487999 0.33225623933579995 0.9683855967039999 0.1587173888059 0.2533056913589 0.6007075520349 0.1510289120908 0.7369341572881001
1.2653367332195 0.14224868084863 0.12157652950099998 2.08429381265142 0.044699661241 0.6159526999832301 0.54591494503893 2.7218728087477904 1.26011339925716 2.89611070454916 0.9037760141056301 0.98113740395513 1.38907807405206 0.3006999215207 1.72718861132769
1.1255883134743998 0.0800441388677 0.032320384294 1.0518372021862 0.0160427807487 0.3707974816722 0.1601533356564 1.1881014367465 0.938963384398 1.4269153833783002 0.3573519918329 0.5494211241115999 0.8710462653965 0.1456638476761 1.6857529295623999
0.73510180513144 0.11629577627706 0.10104508808590001 1.03661763865582 0.0388274518048 0.31028808849903994 0.16685082550963998 1.07441098232378 0.5381856486272001 1.4023430931108398 0.35958259312791996 0.5646542386715 0.90051915792392 0.14396627021890002 1.51131134202742
0.7507328799245 0.0875938086303 0.0410412757973 0.8949489915577 0.1181402439024 0.4037288930578 0.2140009380861 1.2940167682933 1.0432106003756998 1.2124618902429 0.5011872654787001 0.6255863039408001 0.9612159943709 0.12227368667909999 1.7298604596627
0.24621212121199998 0.030303030303 0.0 0.306818181818 0.0 0.181818181818 0.060606060606 0.33712121212100005 0.306818181818 0.212121212121 0.18181818181800002 0.31060606060600005 0.276515151515 0.030303030303 0.5189393939390001
3.7272245204442997 0.39508055011169996 0.1206169764321 3.32762497383 0.466403780427 1.1457355123977 0.647572817378 3.7153844027067 2.6459684188588 3.851410554558 0.8006626538735 2.2283889418244995 2.8280385161386006 0.7232392662318998 4.3766481147900995
0.4169332267086 0.0365853658536 0.0 0.5903638544575 0.0182926829268 0.0895641743301 0.0182926829268 0.35825669732129994 0.4169332267091999 0.6426429428222 0.2138144742104 0.23020791683319997 0.4238304678128 0.0510795681727 0.49320271891230005
0.16279069767499998 0.116279069768 0.0232558139535 0.34883720930289996 0.046511627907 0.16279069767440002 0.093023255814 0.1860465116278 0.1395348837209 0.3023255813958 0.0232558139535 0.046511627907 0.1395348837215 0.0697674418604 0.139534883721
0.0350877192982 0.0 0.0175438596491 0.1052631578947 0.0 0.0701754385964 0.0526315789473 0.1578947368421 0.08771929824550001 0.1052631578946 0.0 0.140350877193 0.140350877193 0.0526315789473 0.0350877192982
1.1463583658318 1.2040668381211 0.2930494458906 2.7885997750118 0.032640232108199996 0.9097982939156999 0.5906880180399 1.329419388809 1.0523812564187 2.3482622174666004 0.6009961164454001 1.0386045936501 1.6449667334405 0.5819711635189999 1.4381975613279
0.0 0.0 0.0 0.0 0.0 0.0 0.0 0.0 0.0 0.0 0.0 0.0 0.0 0.0 0.0
0.28993091307678004 0.28663821259795 0.10696460402335 0.87674128940075 0.02163561076605 0.61776220369538 0.6116916331756501 0.6766239302039401 0.73201082804719 0.91996379579502 0.08203463203455 0.32817838597929 0.30664408055720005 0.67610799260363 0.46707188804368993
0.12922705314002 0.20155279503091 0.05 0.8159075224290999 0.00869565217391 0.42342995169071007 0.44440993788801 0.30217391304362 0.2251207729471 0.7875431331952101 0.01739130434782 0.10144927536230999 0.63115942029001 0.2317460317459 0.63019323671503
0.6500361738511299 0.14649197275040998 0.12744417447628 1.27143994234508 0.0453815261044 0.63841230942529 0.628804841023 1.28915397793959 0.77474577239868 1.49985251662631 0.20108354277920001 0.61389159553812 0.76886846239539 0.16507376259623 1.1793194297495102
0.94607061362599 0.2539124176861 0.21464470194037 1.51681759505653 0.0172413793103 0.3088837237096 0.44078771259511995 0.7194714020554299 0.96291735120621 2.38552937390626 0.21008684183547 0.2294572985535 0.7323652958301899 0.15893826199105002 0.90287603069821
1.7864520965622002 0.41344881268032 0.1748195420413 3.07195199771622 0.18575547319699998 0.99323337945076 0.64875811668964 2.40208906209834 1.7221177271682002 3.4435281100401793 0.88815948285432 1.8190430775516402 1.8495110286018002 0.46806914190172005 2.1330629514476
1.5062142389989002 0.120930858219 0.06443987424049999 1.2681150610721 0.0225988700565 0.2945406326019 0.13512550612739999 0.8254649281882 1.0245378296934 1.3772973435398002 0.3974771574236 0.6128907890124999 0.7299971970912 0.2481322387355 1.3722374749978998
0.34306072116301 0.07964513633437999 0.03097921938496 0.70123240135945 0.039252097073700004 0.25362371336565004 0.11634907072419001 0.47457584703069 0.44927045857317 0.5726185448925399 0.27292345903299 0.38937980072959 0.5547018036201901 0.03917541583752 0.68321231087538
0.8024771218473901 0.24430762652628 0.01834862385318 1.02791922022517 0.01698681192658 0.24777999197447 0.09612281591429 1.0243657591134798 0.7162188977847901 0.9142230231629599 0.48563884502858995 0.87628848840378 0.89919018453619 0.09339919206107002 1.53673339764578
0.07703595011 0.0597945707996 0.0212765957447 0.20579603815119998 0.0 0.063829787234 0.0425531914894 0.2787967718266 0.264490095378 0.4754218635363999 0.0689655172413 0.0344827586206 0.07703595011 0.2230374174614 0.1074834922963
1.2446858046482001 0.09954264191540001 0.08704221458214001 1.23903661828542 0.17714846023550002 0.6501340519489001 0.45820932083054 1.27832892856324 1.0757369611744398 2.12063911624246 0.4516397249962 0.7362566728912999 1.14853501555704 0.2232525901904 1.0098118779438399
1.2070674389492 0.12656874209579 0.0243902439024 1.2135303971030802 0.0443316082413 0.350232724669 0.07050881082959001 0.8451228562378901 0.87778856390278 1.2234868530196898 0.2727713328297 1.07425681720988 1.4201584972874701 0.09666666666659 1.1531184470505
0.078125 0.46875 0.15625 0.703125000001 0.0390625 0.390625 0.234375 0.9375 0.46875 0.46875 0.1953125 0.15625 0.3125 0.1171875 0.2734375
0.0 0.0 0.0 0.0 0.0 0.0 0.0 0.0 0.0 0.0 0.0 0.0 0.0 0.0 0.0
0.57772530913875 0.49524041358466 0.10171902912833 1.8369983936316299 0.0169491525424 0.58942590844603 0.43920540725321 1.00403404705148 0.81106650876857 1.5710899459264 0.30196131269483006 0.75999344825102 0.6414861365604001 0.13611499691551998 0.7169899901025898
0.0 0.0 0.0 0.0 0.0 0.0 0.0 0.0 0.0 0.0 0.0 0.0 0.0 0.0 0.0
0.1779964617423 0.4977426666764999 0.1624530075187 1.0847183482901 0.0294117647059 1.6863134175582 0.43697585995340005 0.7536185102223 0.4427603936311 1.0734198220881999 0.15756578947369998 0.2538175372014 0.49223518354679996 0.3314278937381 0.4195433436531
0.12953216374260001 0.078947368421 0.0505847953216 0.5564327485378 0.0444444444445 0.2862573099409 0.1961988304093 0.3985380116962 0.5514619883048 0.9906432748520998 0.0111111111111 0.1233918128654 0.18391812865519996 0.1801169590637 0.2184210526314
0.8853914848769 0.344521320885 0.0792256205424 1.5566718715214 0.0493378971752 0.29423475712819996 0.36054452898250006 0.9867560097301 0.8361644963547001 1.00104138775 0.1773725941632 0.5245347679545 0.6327480397122 0.1492777967876 1.1221774264388
0.9967333654181 0.186174150328 0.1070563818748 1.7854022227893 0.14740440514189998 0.484186096447 0.39670174136990005 0.8089907542479 0.9721336581802 2.8792830322997007 0.5519937771234 0.3743338897827 0.9896712185252999 0.2815851961021 1.0383501103705999
0.87153663408225 0.21307558110946 0.02734778121772 1.6005386227276799 0.32394957983191003 1.36964403493718 0.7346166116147002 1.9772218028867197 0.8859348074447901 2.2921950344601303 0.63424662165821 0.5918869091784 0.9301915662593199 0.31654995331452 1.2310644592758
0.7293419191538701 0.0673620933521 0.0 0.62482319660634 0.0 0.08602880964779999 0.04658769448367 0.57598358519937 0.52858631727817 0.5875223330607799 0.25154005062167 0.29051124097394 0.297350740713 0.09542730588843999 0.8189347130199701
0.57795053783754 0.13433083439607002 0.06150622457774001 0.72272875862401 0.0588235294117 0.23789405544824 0.11213303267786999 0.7296575731803 0.6952325754822399 0.9877717905053399 0.22340812525257 0.58345668975454 0.9097225519408401 0.07444178929594 0.8909419316178699
0.4962659320882 0.1182705966137 0.0 0.90594579001454 0.0430818326874 0.1219177358888 0.0564971751412 1.00700322859351 0.67386950916811 1.19413032083844 0.46843975330303 0.50826337187811 0.5243367988882199 0.0564971751412 0.8254807797566099
0.0856255545697 0.0421472937001 0.0 0.18899733806570002 0.0434782608696 0.0842945874002 0.0408163265306 0.2133984028395 0.24755989352309998 0.4826974267969 0.0217391304348 0.2133984028395 0.1047027506655 0.1237799467613 0.1073646850045
0.9078135758156001 0.1432393611858 0.052989203536600006 1.4139931341626 0.1562315818109 0.3351804248739 0.269781114354 1.0926843383989 0.6219473078398 1.1759541450511 0.3139175008815 0.6164997567733 0.6608613527451 0.07459289361850001 1.1643143089513
0.44621033701910007 0.0776556776557 0.027397260274 0.4266839214694 0.0864941510102 0.2136329939026 0.0276556776557 0.42033889663130003 0.5480372256991 1.0146997648115001 0.210364293241 0.5131107366636 0.8256281573783999 0.1469663272358 1.015124579354
0.12781954887204 0.1282894736843 0.026785714285670004 0.27020676691708 0.00892857142857 0.26550751879727 0.06250000000004 0.34445488721807 0.15507518796984 0.25751879699224 0.04840225563907 0.0131578947368 0.0883458646614 0.0709586466165 0.13204887218027
0.0 0.0666666666666 0.0 0.1333333333332 0.0 0.0333333333333 0.0 0.0666666666666 0.0666666666666 0.19999999999959997 0.0333333333333 0.16666666666660002 0.133333333333 0.1 0.0
0.74232292113032 1.0447208543225202 0.0 2.33170263633776 0.056904586706 0.7386073578134199 0.7683446673516799 1.2594694978802 1.2368317848443398 1.75123784726472 0.6182437258590601 1.03465096345886 0.81117202640322 0.1325049123061 1.4732862183190198
0.0 0.0 0.0 0.0 0.0 0.0 0.0 0.0 0.0 0.0 0.0 0.0 0.0 0.0 0.0
0.16188333613406997 0.312524300815 0.17795328755907 0.42808354148481 0.0 0.37774285458587004 0.273414916514 0.5703509170154101 0.3481674184652 0.7951878228864 0.0508762012436 0.40823303027504 0.3334491925503 0.24378374636774003 0.51834943410157
0.0740740740741 0.0 0.222222222222 0.37037037037029996 0.0 0.1481481481482 0.2222222222221 0.1481481481482 0.0740740740741 0.148148148148 0.0 0.0 0.2962962962962 0.1481481481482 0.1481481481482
0.4976448535769 0.2833989613651 0.03367003367 0.8933818849069001 0.1399589111457 0.47047397047370004 0.188552188552 0.5114025961485 0.4936084003882 1.5174737378127001 0.2737325449189 0.32227972905920005 0.5122717834581 0.1571824283687 0.7049679761545
1.0454545454545 0.025 0.0704545454545 0.7579545454534999 0.136363636363 0.3352272727265 0.1329545454546 0.31477272727210004 0.58409090909 1.2488636363641 0.6943181818190001 0.2977272727265 0.971590909091 0.285227272727 1.1
0.70865616465934 0.19695427814264 0.045389986980730004 1.06157822498351 0.10107249833839001 0.6148766856044602 0.40028057073968 1.03604347006789 1.04390395958149 1.7512407396468699 0.36060889426938 0.6411137145831399 0.7040107052429699 0.15117014008392002 1.18309996707422
0.40499084249069994 0.0 0.0543727106227 0.2371794871795 0.021978021978 0.0647893772894 0.0323946886447 0.1399954212453 0.4118589743589 0.3991529304029 0.1828067765567 0.18395146520140002 0.3262362637371 0.0104166666667 0.529876373627
0.4971793558301 0.25509692313800003 0.0 0.5212150422816 0.0103092783505 0.4677172081473 0.1925374692743 0.5133915916299 0.44216103149319996 0.7790217059605 0.3609911409774 0.5018905247058 0.4651968258199 0.23739505978390002 0.7558968426071001
0.18223905723880002 0.1098194589574 0.0 0.9308603274122 0.0454545454546 0.33919656333450005 0.10395622895610002 0.478027400441 0.42078834320209996 0.7514222686639002 0.17508417508399998 0.2264309764308 0.4919453152209 0.0526094276094 0.692165911994
0.10906862745100002 0.15073529411750003 0.0 0.3174019607844 0.0 0.19730392156860005 0.1176470588235 0.1384803921569 0.1593137254902 0.20465686274490003 0.050245098039200006 0.1544117647059 0.19607843137269998 0.0710784313726 0.1335784313725
0.30864554271301003 0.04 0.028877374784099998 0.31313604357654 0.029593463531299997 0.15770160754613002 0.11846153846148 0.24722930782523 0.27020924671186 0.5921569018203899 0.13391789557588 0.23156636109970002 0.21391789557607999 0.0444214162348 0.27016540454369997
0.5537508930701 0.0576923076922 0.0 0.909105342542 0.0384615384615 0.3046558704455 0.2173414304993 0.4807573231716 0.5862665714063 1.0198102722872002 0.4309002143376 0.1506787330312 0.6695086131618 0.0666666666667 0.5144042232279
0.0392156862745 0.078431372549 0.078431372549 0.3137254901965 0.0392156862745 0.2352941176475 0.0392156862745 0.274509803921 0.1568627450975 0.11764705882349999 0.078431372549 0.0 0.0 0.078431372549 0.4705882352935
0.0192307692308 0.0384615384615 0.0384615384615 0.153846153846 0.0192307692308 0.0384615384616 0.0384615384616 0.09615384615389999 0.096153846154 0.09615384615389999 0.0192307692308 0.1153846153846 0.0384615384616 0.0 0.19230769230769998
0.37011593816599997 0.3355635615026 0.0 1.4156766965664 0.0611007462686 0.7395926770090999 0.5141680758781 1.4234587530321 0.6467573615907001 1.227983006763 0.0454757462686 0.8548132949784 0.5443097014932 0.1144412635099 0.7065431769724
0.0 0.0 0.0 0.0 0.0 0.0 0.0 0.0 0.0 0.0 0.0 0.0 0.0 0.0 0.0
0.0 0.0 0.0 0.0 0.0 0.0 0.0 0.0 0.0 0.0 0.0 0.0 0.0 0.0 0.0
0.2264492753623 0.0289855072463 0.15734989648019998 0.5602484472047 0.025 0.30020703933719994 0.21532091097279998 0.4081780538298 0.281884057971 0.31992753623180004 0.0144927536232 0.07500000000000001 0.15 0.0434782608696 0.1934782608696
0.9352441015817999 0.2392026578077 0.1475308294385 0.9375527901346999 0.0531561461793 0.40599132834209994 0.1328903654483 0.7468889014027 0.6887212117791 1.0708373219215002 0.504983388704 0.773466974492 0.937552790136 0.0 1.4259811926363002
0.606342344835 0.13212584401760002 0.0 0.4898043521486 0.0173913043478 0.34992348725270006 0.07346607070280001 0.4150691208386 0.5001443799873 0.9131472243586 0.26994043244849997 0.14821686392810002 0.49234267336310006 0.16300759940159998 0.4290783023686
1.162080284103 0.6220634235297 0.234129089606 2.5574199891766 0.1134255443674 1.098780851877 0.603876924895 2.0305315248352 2.0525275470707003 3.6393947587969 0.8310370046277 0.8272743294124001 1.1546213439267 0.2946631307967 1.778174252981
1.0471869328501 0.0114942528736 0.0 0.38959467634660006 0.0114942528736 0.1512401693889 0.0641258318209 0.0641258318209 0.36176648517890003 0.6823956442834 0.09860859044159999 0.3617664851783 0.1397459165154 0.0344827586207 0.5819721718096
0.24981575237099998 0.0546013842604 0.1078729812867 0.48252851832849997 0.0120481927711 0.0624999999999 0.10787298128690001 0.5670501153558001 0.2249743655472 0.5717364137402 0.21010638297860001 0.425083311971 0.3270235196103 0.055346385542200005 0.5414396949500999
0.6484686366264001 0.1186234817813 0.0178571428571 0.9656461959096999 0.0441729323308 0.1238261738261 0.2030982175717 0.7534242073729001 0.6508097165992 0.6035727430468 0.23146853146889998 0.6445475577055999 0.8152032178341 0.0458291708291 1.133452074243
0.19672131147539998 0.0655737704918 0.0 0.2622950819672 0.0327868852459 0.5485498108447 0.2194199243378 0.5586380832288 0.0655737704918 0.4047919293821 0.09836065573769999 0.31778058007550003 0.0655737704918 0.0655737704918 0.09836065573769999
0.6231889129985 0.025641025641 0.0238095238095 0.5678238958492 0.0 0.1418189029653 0.0685588297053 0.8940645341916 0.40487856092999996 0.7264879494183999 0.2295443410098 0.46403490352559995 0.3234992184036 0.0939548773943 0.4126945241598
0.8374794969938999 0.0 0.101694915254 0.45489338436349996 0.0241935483871 0.1887643521054 0.1209677419356 0.2613449972663 0.5323947512305 0.5129852378348 0.1403772553307 0.3727446692185 0.4889283761625 0.0580918534718 0.9051394204500999
0.0975609756097 0.0975609756097 0.0487804878049 0.3414634146346 0.0 0.341463414635 0.0 0.4390243902447 0.0975609756097 0.1951219512195 0.0975609756097 0.0 0.1463414634146 0.0 0.0975609756098
0.0 0.0 0.0 0.0 0.0 0.0 0.0 0.0 0.0 0.0 0.0 0.0 0.0 0.0 0.0
0.5225862075907001 0.3350894967916 0.0444444444444 1.44253718242302 0.056990881459 0.7672263018068399 0.24199101595083997 0.96081783462202 0.87894506226162 0.9957369362056601 0.21505991900101998 0.04076445113912 0.39241912854772 0.08912768647273998 1.0162634512873199
0.0 0.0 0.0 0.0 0.0 0.0 0.0 0.0 0.0 0.0 0.0 0.0 0.0 0.0 0.0
0.1983850931676 0.2749068322981 0.0791925465838 0.8034782608695 0.0 0.7881987577642999 0.2714285714286 0.5349689441004 0.3106211180124 0.7540993788819 0.08 0.086956521739 0.2714285714286 0.15490683229809998 0.3914285714286
0.076923076923 0.076923076923 0.0 0.3846153846145 0.0 0.076923076923 0.3076923076925 0.1923076923075 0.5 0.23076923076900002 0.0384615384615 0.0 0.0 0.0 0.11538461538450001
0.4430756054575 0.2332719459799 0.0322580645161 1.1541453791158 0.1998158379377 0.3524228202536 0.2721675181685 0.6004066912216001 0.6118314224042 1.0726190122587 0.2055622388561 0.3616903305014 0.7462400245556999 0.1401550030693 0.5743381057049
0.22850496277909998 0.0192307692308 0.050961538461500006 0.7354838709684001 0.0625 0.5624069478908 0.5601736972704 0.3771712158810999 0.5018610421842 0.9460297766751 0.1467741935484 0.0125 0.20927419354840002 0.1893920595533 0.39773573201019996
0.7765614751892 0.0 0.0224719101124 0.7847969941877999 0.0427272727273 0.27263680566750004 0.18374791677860003 0.554335011857 0.7637664343015 1.1660092050018 0.36579141503769996 0.468667634357 0.7501663889042 0.0618207503778 0.7865007855014999
0.49971613086339994 0.0491803278688 0.0227272727273 0.1840181676246 0.0454545454545 0.1475054999645 0.0163934426229 0.1988503299979 0.40776027251479996 0.5145837768785999 0.188790717479 0.1523135334611 0.21476474345309998 0.0227272727273 0.3352139663614
0.1261859582541 0.040164452877799996 0.010752688172 0.39089184060779997 0.010752688172 0.040164452877799996 0.0588235294116 0.19291587602760002 0.1714104996836 0.3191018342818 0.0430107526881 0.2359266287165 0.0860215053763 0.040164452877799996 0.23371283997490003
0.37288749396419996 0.0131578947368 0.0183486238532 0.34657170449030006 0.0550458715595 0.159946885563 0.0263157894737 0.3122887493968 0.3226702076288 0.5141236117825 0.1076774505068 0.202197006277 0.186624818928 0.0 0.36214389183929996
0.090909090909 0.181818181818 0.0 0.0 0.0 0.0 0.0 0.363636363637 0.0 0.0 0.0 0.0 0.363636363636 0.0 0.0
0.23719958202740005 0.0 0.0 0.8108672936261 0.0 0.19017763845350003 0.3213166144199 0.20532915360499998 0.1985370950888 0.39707419017780005 0.0 0.0151515151515 0.0757575757575 0.168234064786 0.3803552769072
