0.19524793388442999 0.00826446280991 0.0113636363636 0.14669421487591 0.00826446280991 0.09710743801651 0.00826446280991 0.12499999999981001 0.07541322314040001 0.27066115702491 0.19628099173549998 0.07851239669411 0.10847107438021 0.02479338842971 0.64566115702542
0.116368286445 0.1598465473149 0.0588235294117 0.5856777493599 0.0 0.2787723785172 0.0 0.2046035805632 0.3375959079283 0.6713554987216 0.0 0.0 0.116368286445 0.117647058824 0.35294117647080003
0.0 0.0 0.2 0.1 0.0 0.30000000000000004 0.3 0.0 0.0 0.30000000000000004 0.1 0.30000000000000004 0.2 0.1 0.1
0.8498638312591 0.4934561562464 0.09451659451649999 1.1519439217113 0.0 0.4952373208184 0.9301520185246 1.0750079377981 0.8505915273367001 1.3999437255246001 0.0611832611832 0.39452175731229994 0.4562770562767 0.1388193202145 0.6084855712756
0.0 0.0 0.0 0.0 0.0 0.0 0.0 0.0 0.05 0.25 0.1 0.0 0.5 0.0 0.1
0.1051620648259 0.047058823529300006 0.0235294117647 0.4182472989195 0.0235294117647 0.1639855942375 0.0321728691476 0.1286914765905 0.2283313325329 0.26602641056410004 0.15294117647060002 0.0117647058823 0.2141656662665 0.052581032412900006 0.13181272508990002
0.061004381530200005 0.05224132119990001 0.0 0.39737108190049997 0.0 0.16548702392989997 0.1307718233905 0.1916076845297 0.2930569598925 0.1885743174924 0.0232558139534 0.037748567576700004 0.09588810246040001 0.0289855072464 0.3340074148976
0.5099844355152 0.537393877364 0.1647869674189 0.6639623121436999 0.0 0.25797301348409996 0.2657494521647 1.1124614799176 0.48657714564300003 1.1397450028625 0.25047465623369997 0.3220589229822 0.3839537425923 0.1485815323652 0.756297459315
0.0344827586206 0.0361464004839 0.0854506957045 0.28750756200850003 0.0 0.2202056866302 0.20856019358779998 0.21521476104030002 0.1299153055053 0.4290683605568 0.0361464004839 0.0624621899576 0.0756200846943 0.050967937083899996 0.12825166364159998
0.8875821558588199 0.41361233030491 0.00990099009901 1.2773366968493098 0.02 0.53858528120951 0.1859924563884 0.9275641231271001 0.7938479223486099 2.97727122491344 0.43876278938572005 0.7184789318407 0.47465054900171 0.20348794820551003 1.13292660046511
0.41967363403 0.0277777777778 0.054987165383200004 0.4022918958571 0.0185185185185 0.10869086908695 0.0 0.54418775210805 0.16609827649425 0.52764943161025 0.2958745874588 0.21140447378065003 0.4390539053913 0.0364686468647 0.7473230656401499
0.5076654769630999 0.0 0.0 0.5023523685919 0.0125 0.1951979234264 0.0434782608696 0.3934458144062 0.1273848150551 0.8429915639206 0.28182186891640004 0.8819678780016 0.31246755353669997 0.0681456846204 0.8305807916941
0.4401866863191001 0.0169491525424 0.0434782608695 0.3554409236057 0.0 0.0653402112503 0.0314419061656 0.37754851387870003 0.1331368214197 0.5396708425455999 0.0169491525424 0.2441660525669 0.3242446573325 0.050847457627099996 0.3605993613364
0.030303030303 0.0757575757576 0.060606060606 0.045454545454500006 0.0 0.045454545454500006 0.030303030303 0.23030303030300003 0.1818181818181 0.9969696969699999 0.0 0.0 0.0 0.1363636363636 0.16666666666660002
0.4853852567461 0.0140845070422 0.0298507462686 0.7949700657427 0.0 0.5770045595594999 0.5996888661756 1.6387230611238 0.48693785592259997 1.3573909105828998 0.4333677386337 0.6703375024233 0.9363785915239999 0.0696673189823 0.9062130192721001
1.0450411514905 0.0 0.0365853658536 0.55738659852 0.0169491525424 0.050847457627099996 0.0243902439024 0.2622984704426 0.4537562478857 0.5444022699089001 0.2114510128151 0.39264910368670003 0.4685068961627 0.1987673343604 0.7369686948021
0.0 0.136842105263 0.0105263157895 0.0736842105263 0.0 0.0736842105263 0.0421052631578 0.20000000000020002 0.0947368421055 0.2210526315789 0.0210526315789 0.021052631579 0.0315789473684 0.0631578947369 0.0105263157895
0.0416666666667 0.0416666666667 0.0 0.0416666666667 0.0 0.125 0.0416666666667 0.1666666666667 0.125 0.1666666666667 0.0 0.0 0.0 0.208333333334 0.0416666666667
0.23666421923601 0.10266337940132 0.08717780372772 0.7029979709361099 0.0 0.25844757260471 0.1652158690861 0.86439493578791 0.585372122778 0.82161024927814 0.14351064614292 0.13870441675853 0.30739829799151 0.07023925272581 0.5156032635424299
0.0 0.0 0.0 0.0 0.0 0.0 0.0 0.0 0.0 0.0 0.0 0.0 0.0 0.0 0.0
0.2419354838706 0.0483870967741 0.0 0.8225806451622 0.0 0.2419354838711 0.1451612903224 0.43548387096749996 0.2419354838707 0.1935483870964 0.0967741935483 0.0 0.193548387097 0.0483870967741 0.29032258064530003
0.118226600985 0.1314493129373 0.0197044334975 1.0456313196797 0.0 0.25641690432979997 0.15115374643489998 1.7936219860022 0.9206637282868 0.8216230230748 0.039408866995 0.1511537464348 0.3481980814098 0.1249675913925 1.0777806585424
0.1575757575757 0.41800865800880005 0.17350649350640002 0.3892640692636 0.0533333333334 0.210909090909 0.3220779220776 0.4728138528134 0.3111688311686 0.6175757575757 0.16259740259730002 0.0933333333333 0.22666666666660001 0.15402597402579998 0.23714285714280003
0.2398812556335 0.2402888270562 0.0590273151232 1.0622310616464 0.0147058823529 0.2549457224595 0.37753066583019995 0.5668985382303 0.2001469608497 0.7142179723324 0.12001802719739998 0.1876572481091 0.2440608221971 0.15386213112820002 0.5645275698557
0.38061928046861 0.16172963940807 0.03044871794877 1.7601725936965 0.0 0.41186910207564 0.11379905808447 1.5234553166121998 1.0030680222029 2.10324866236607 0.29838893249604004 0.57319079729797 0.7796463530197699 0.31053220588917 1.5498313184314
0.5180563348674 0.0263157894737 0.0860172820109 0.6985336475508 0.0 0.2521565106798 0.0 1.4009164702787 0.34975498447590003 1.2742340926939 0.2984027232257 0.5064751430807 0.5290577189237999 0.0847379643137 1.9753413384219
0.1207729468598 0.0 0.0326086956521 0.246376811594 0.0 0.0326086956521 0.1485507246376 0.6328502415459001 0.2415458937196 0.8236714975848001 0.2886473429953 0.2934782608703 0.3345410628018 0.1207729468598 0.6835748792274
0.2582720588235 0.0234375 0.0468749999999 0.3520220588234 0.0235294117647 0.3752757352942 0.0705882352942 0.7269301470588 0.24650735294099999 0.6802389705889 0.082169117647 0.0820772058822 0.4220588235292 0.1523897058823 0.4576286764703
0.0 0.11398176291779999 0.0535714285714 0.1386778115501 0.0 0.08928571428570001 0.0714285714286 0.3164893617023 0.2602583586626 0.2424012158054 0.08168693009110001 0.0391337386018 0.20592705167160003 0.0782674772036 0.30889057750759996
1.2062325212201002 0.10799438990179999 0.0434782608695 1.2399883007808 0.031746031746 0.2982498765975 0.3118440779611 2.3010365017185 0.5103711585065001 1.2027446338271999 0.4641930186979 0.9304057648591999 1.0038279631314 0.2634043961121 2.0844831040699
0.2476826103082 0.23023402909489998 0.05 0.40700669589289995 0.0172413793103 0.2264705882347 0.0588235294117 0.8250768828102 0.7573414905462 0.5537808894413 0.0494994438264 0.41484874261180005 0.2137004078605 0.0672413793103 0.8810519313385001
0.233846153846 0.353846153846 0.12 0.3169230769231 0.0 0.2 0.1569230769231 0.24 0.5415384615381 0.4369230769231 0.0 0.04 0.04 0.04 0.27999999999999997
0.25 0.125 0.125 0.0 0.0 0.0 0.25 0.125 0.0 0.0 0.0 0.0 0.0 0.0 0.125
0.64687959958263 0.24046309062306 0.1530612244899 1.18130436317377 0.00925925925926 0.5757726408940199 0.44089713655839996 1.42164719168832 1.04587852421725 1.16714612229802 0.25118163749947997 0.3641744711663699 0.5012928283804 0.24814846915208003 0.75289344101557
0.0 0.0 0.0 0.0 0.0 0.0 0.0 0.0 0.0 0.0 0.0 0.0 0.0 0.0 0.0
0.32269849673946 0.24204998541262002 0.1454348121015 0.7185946359998401 0.00884955752212 0.18239861307694 0.14457879059646 0.6997681658463001 0.5396393184011201 0.54848887592166 0.2577657238423 0.2537593511043 0.25576193717724 0.2140822140822 0.46612952217651993
0.22698412698409998 0.047619047619 0.266666666667 0.3746031746031 0.015873015873 0.347619047619 0.798412698412 0.48412698412699995 0.174603174604 0.38571428571410005 0.015873015873 0.047619047619 0.34920634920699994 0.015873015873 0.449206349207
0.70314865378724 0.30743910467510005 0.158607569254 0.9485818113789699 0.0408163265306 0.25343150022926997 0.10533245556279999 1.1087718923867698 0.29504761348336994 1.4303912193650699 0.27503614781337005 0.409091727841 0.6863525515450399 0.2602516879856 1.0176997381633
0.37059386973220004 0.186877394636 0.15948275862060002 0.8911877394643001 0.0229885057471 0.3752873563215 0.325000000001 1.0491379310330002 0.6510536398473 1.1798850574722 0.2796934865899 0.19434865900380002 0.7161877394642 0.23726053639830003 1.3610153256717
1.38961324733979 0.5245303517595 0.0800185729762 2.08992091195279 0.046586889440789994 0.85422764860889 0.14083422955038 2.51166602267774 1.3612967234300002 2.2372086957165305 0.57557193754435 0.6034079193419399 0.89170669323338 0.30390463547475 2.38950552095354
0.59231131187635 0.0151515151515 0.0238471673254 0.35724872953095005 0.0 0.11206945228675 0.0151515151515 0.90382552230405 0.47052042160845 1.2696993224158002 0.2866012610581 0.2756022962542 0.35487718802895 0.14965885563700002 1.1734354413706
0.16172839506169998 0.026631393298 0.0142857142857 0.1312169312168 0.0 0.1513227513227 0.055202821869399996 0.4844797178127 0.16560846560839998 0.5268077601416 0.0694885361551 0.1844797178129 0.4072310405647 0.1 0.5215167548495
0.58283571341941 0.0502092050208 0.0 0.6690956430778 0.0666666666667 0.26130199805971 0.0591625735249 1.2783715359883001 0.75264841428732 0.9137029288699301 0.19442612637171 0.22509436965590998 0.65895450548741 0.0573369565217 1.2301933630461004
0.0285714285714 0.114285714286 0.0190476190476 0.09523809523820001 0.0 0.0761904761905 0.0 0.152380952381 0.08571428571430001 0.20000000000020002 0.0 0.0380952380952 0.0190476190476 0.0285714285714 0.1428571428572
0.58624855218473 0.06930051898893 0.047619047619 0.44814682970846004 0.015873015873 0.21135653749256 0.1954519278614 2.21495096219766 0.59230846115093 1.10229617512413 0.264944088138 0.46095841863603 0.7580466078822001 0.1133451555138 0.9191537016331001
0.49389015125269997 0.04059293826989 0.0169491525424 0.46833004058907 0.01698521085679 0.09988676526118999 0.023607727413080003 0.94726413355079 0.37488550031209994 0.5826127970956699 0.47856420444629 0.44297057699699005 0.32710067306928003 0.0236077274131 0.6627524009317
0.415853658536 0.46890243902600004 0.0999999999999 0.9128048780478999 0.0 1.0067073170720002 0.185975609756 0.762804878049 0.737804878049 1.2817073170738 0.121951219512 0.22195121951199998 0.321951219512 0.3829268292679 1.0786585365859
0.1369863013699 0.0 0.0 0.082191780822 0.0 0.191780821918 0.2191780821918 0.7123287671237001 0.13698630137 0.2465753424657 0.0 0.0547945205479 0.054794520548 0.027397260274 0.1369863013699
0.7704579471619 0.39263073230370005 0.199848963843 1.18736317951626 0.0 0.6784446546259001 0.20618452665352 2.7788421705411 1.90578112901212 1.6135707968710398 0.46986685882042 0.50737501276696 0.8782981649463 0.30798888366272004 2.10334697927794
0.0 0.0 0.0 0.0 0.0 0.0 0.0 0.0 0.0 0.0 0.0 0.0 0.0 0.0 0.0
0.0911978221415 0.2928972116809 0.174764890282 0.4642385744927 0.0131578947368 0.3145520541164 0.1366523675961 1.0787823791452 0.2761508001989 0.6850354726939 0.0394736842105 0.32441016333910005 0.24967002144840003 0.1974921630093 0.6615245009072
0.05660377358482 0.08512006861064 0.030231560891879998 0.29674099485474 0.0 0.34819897084044 0.05102915951974 0.23627787307024 0.33833619211029997 0.38336192109774 0.02079759862774 0.08126072041158 0.64536878216064 0.03216123499144 0.39451114922844
0.55474317821222 0.6550691996471 0.1252474769423 0.66409744678118 0.0127118644068 0.44874207406435995 0.26376033048493003 1.58415219053713 1.00323421503432 1.3559812168886898 0.18311138014491998 0.18130636558226 0.54320467791349 0.26606187354729 1.15857650981299
0.24282352555300002 0.2592659402052 0.1324193799657 0.5700620143601001 0.0 0.1959205538382 0.3816793893125 0.49372613649749997 0.6001645334712999 0.7586004269131 0.14666710396479998 0.1663318601847 0.2558140170489 0.19093535365119998 0.6055897650343001
1.1233464918551002 0.2918600626407 0.1755747126436 1.6282888270794698 0.0 0.87167655719947 0.5008269493975 4.8205853852833 1.7382487807331 2.8937307153223095 0.63560835654917 0.7612592356649999 0.75251609285717 0.32337188857129995 2.48310594420607
0.8110790197937199 0.14814447520216 0.0183486238532 0.58414915968672 0.0122324159021 0.22149846592661998 0.0328935729269 1.97614457964416 0.38292847893016 0.9450760609437601 0.2171606983341 0.20290304801102 0.80954737349622 0.05326743120106 2.58462659615406
0.6399362041472001 0.2527857522595 0.24162147793730002 1.3278309409877 0.0378787878788 0.3672036150982 0.4032270069112 1.7640669856443 0.9244657097297 1.5240031897942998 0.5047846889948 0.4921477937272001 1.3947368421045 0.2514460393408 2.8738649654497
0.8327350352744 0.08562003298839999 0.0509071824861 0.8194851951068 0.0308641975308 0.19622870801179998 0.13145138007649998 2.8878112809806002 0.6733467913101 1.1455781521242998 0.0883839909762 0.46632633802030005 0.6729241780298 0.1439395465317 2.7743979905484997
0.0579710144927 0.0869565217392 0.1159420289862 0.1014492753623 0.0 0.072463768116 0.1159420289856 0.49275362318820004 0.2463768115944 0.23188405797060002 0.0144927536232 0.0289855072464 0.0579710144928 0.1304347826086 0.24637681159359998
1.5804693796697 0.188415507796 0.1696059839865 1.2604667155470999 0.068022718267 0.4328974775751999 0.48599271567009994 3.5437213427148997 1.2169581521688 2.2080805247741995 0.3832707466824 0.7969770705800001 2.1256527143943 0.23577782030769998 2.3036911298675
1.6177446223982999 0.4559148741336 0.1540020263423 2.4168907333808 0.19230769230789999 0.4430797482654 0.3782757579295 1.6155965045597003 3.5870523536749 2.7666832281193 1.108173076922 1.0597381342063998 1.3572573260073 0.2968031525209 1.5504807692328
0.28571428571400004 0.428571428571 0.095238095238 0.47619047619 0.0 0.619047619047 0.380952380952 1.2857142857150001 0.619047619049 1.2380952380959998 0.095238095238 0.28571428571400004 0.14285714285700002 0.42857142857099995 0.619047619047
0.0 0.0 0.0 0.0 0.0 0.0 0.0 0.0 0.0 0.0 0.0 0.0 0.0 0.0 0.0
1.7707880124805002 1.2361028438999 0.2965418252826 1.8229853460610999 0.037037037037 0.9792634471585 0.43498168351060007 3.8967713168216003 1.7166258775448 3.051265754495 0.8692462449424 1.6055379556933 1.2794430956701 0.2525136204852 2.7508959389228
0.0 0.0 0.0 0.0 0.0 0.0 0.0 0.0 0.0 0.0 0.0 0.0 0.0 0.0 0.0
0.5406130566508001 0.383019921802 0.171228313671 0.79078485469 0.0762427853285 0.3880254227245 0.221415683553 1.4133801052802 1.0023813070183 1.0407868858 0.13113522113690002 0.5638469220223 1.3568236827445 0.2602726764949 0.6600431610834
0.9336786050591 0.7660324057537999 0.0491931032243 1.3489625612879 0.0200668896321 0.44468617073090005 0.1495275513848 0.6945481702767999 0.5340130532206 1.2809689255469 0.1294606617527 0.43046400623540004 1.3535409293107 0.2058317368573 1.6590252297286
0.9209989177882001 0.2640905570571 0.17107364684980003 1.0826640885053003 0.038633540372700004 0.6962930897415 0.2208370475608 2.0001699739967 0.8880470428942 1.9324195906065 0.43763000651360007 0.5875413266595999 0.7055537490193 0.2518959229833 1.8021514994532999
1.0497092596108002 1.1373673375148 0.0 2.0215453773909 0.493670886077 1.4630505549409 0.3015573128928 1.0332941980873 0.7482224201471 1.6403572103322999 0.5282605957554 0.2003668367025 1.5051194449688001 0.3741112100736 3.5033673555135003
3.7820270414494 0.36515907367718 0.10627344845522 3.7757090693123594 0.1820108694983 1.1973248639805802 0.72965497441128 9.30162320315224 2.9912681357401603 5.76048721726266 1.12478419563158 1.8292559308364402 3.2134061627387 0.6777971946606401 6.96321861919308
1.0676670292111 0.1190222600917 0.0791978348971 1.3559394557028999 0.0648662786896 0.3769180293976 0.1362827757198 2.3942694905354 0.6573620033937 1.5288764131881 0.5303328263036999 0.2608654186332 1.6006783935445998 0.0958067409326 2.7319150497615
0.6469474890032 0.080795137226 0.13110607255179998 0.7217312557493 0.0225563909774 0.15876031841049998 0.3417310787989 1.6616933619764 0.499005248763 1.4330562029320002 0.4143129093745 0.6669425386670002 1.2295029341106 0.19257802387759998 2.7992810375802004
1.9314232408638001 0.21754719348860002 0.0185950413223 2.4517088713231003 0.4074930705387 0.3979581757642 0.3421911804786 4.9155768994443 2.6993237342964997 4.424540346666601 0.6660424918581 1.2768996059876998 2.7612408803898 0.2372984590451 7.252160808541699
0.2961068485365 0.6525585062399 0.1190679170222 0.8743662224615 0.0551292980961 0.1045751633987 0.5768256959533999 0.9091249009146 0.6836122702331 0.8246660983233001 0.2035267196124 0.3142126415781 0.3487384274843 0.4714193839239 0.5660699062240999
2.12802948323718 0.1156730393436 0.12391214364417999 1.41897250900118 0.1179026439231 0.5574902670848999 0.49344154212928 4.01810231937246 1.79564305679428 3.33165221284106 0.95518410492266 1.01828219320024 2.69603051275316 0.22820006650838 3.00148390525034
1.10588786683876 0.18303615728086 0.1162769784171 1.80339751791988 0.0581384892086 0.6759924456073599 0.22659332606492 0.9725623403284199 1.57447308033796 1.7677585064433599 0.5827722758269 0.578255988676 1.1470050094224 0.051786157280960005 2.15606386034772
0.29336349924557 0.06304675716434 0.01176470588234 0.7464555052804001 0.0294117647059 0.22021116138750002 0.12609351432864 0.32865761689267003 0.41779788838567 0.43710407239771 0.05882352941170001 0.01764705882351 0.13785822021097 0.05882352941170001 0.05294117647051
0.7599999999997 0.1333333333337 0.0533333333333 0.18666666666639997 0.0 0.266666666666 0.1266666666666 0.6266666666665001 0.1333333333334 0.1066666666668 0.0266666666667 0.1066666666667 0.1533333333332 0.0533333333334 0.2666666666664
1.2114679031954698 0.49386254080197 0.0399267399267 2.15871027634847 0.0612813370473 1.2793856200080003 0.6370875615400401 2.5869480884972704 2.2644568974343695 2.7581755132888395 0.42406404077687 1.13540557044347 1.7104720425399 0.19485951305794 3.04389635508717
0.0 0.0 0.0 0.0 0.0 0.0 0.0 0.0 0.0 0.0 0.0 0.0 0.0 0.0 0.0
0.46994667562400005 0.5431617436092 0.1342411073555 1.1119261856287002 0.0175438596491 0.908119860881 0.573625147832 0.7947105298157 0.8879521200289999 0.8331333319338001 0.12926402564040002 0.38467784939009997 0.4481865513404999 0.3968747157083 0.36663629556520005
0.1883597883596 0.0740740740741 0.1862433862438 0.3703703703703 0.0 0.2867724867719 0.0719576719576 0.44232804232809997 0.3089947089942 0.9925925925910999 0.12592592592590002 0.3015873015869 0.1396825396825 0.13015873015860002 0.3809523809523
1.4305854996073 0.1725629370629 0.15922693972680002 1.9720037692803998 0.0488269230769 0.7747541855308 0.6187607392606 1.4051497456464999 1.1987561498778 2.2700618123025 0.3605394109435 1.0984918308640998 1.0678425581524 0.21454391176190002 2.2078935869103002
0.8589671361503101 0.12384976525815002 0.02816901408452 0.81971830985953 0.10093896713601999 0.52535211267621 0.19023474178373 0.63164319248853 0.84431924882722 1.6138967136164901 0.23436619718328 0.50018779342782 0.99643192488315 0.19352112676041 1.33840375586992
2.5670729586362997 0.6350190848941499 0.21647539634767 3.20226862808742 0.18178092829127002 1.24343809492541 0.42036729329178 4.90870765655902 2.01838684782286 4.30510489626044 0.96677104334721 1.7050232319131 2.14689882398802 0.53565587936326 2.94702923628179
1.04697124622099 0.08484992364480001 0.12051306595200001 0.96926491777719 0.0132450331126 0.2024789904513 0.21965018000019002 1.3609331745169602 0.68260288292168 1.21839027269268 0.3524440933961 0.31842215864719 0.67595722844429 0.21684415247657998 1.51743267974479
0.9217526379212 0.18207357256197 0.10389730256814 1.28069398769508 0.04585262573777 0.35214197389130003 0.15341937313084003 0.9334738809616101 0.93407380642392 1.37739084724146 0.32243583014273997 0.56832457226441 1.47403957615201 0.15922043199879998 2.19120958130405
0.5959414373751899 0.165152586758 0.0338815402127 0.6902339587095 0.0467675987443 0.09110562912468999 0.14698747890248998 1.0444120890391901 0.484899661626 1.07558115681189 0.16242100718309 0.39014012638888995 0.482387591916 0.12699682510557 1.4630913121041902
0.08 0.0266666666667 0.0133333333333 0.0933333333332 0.0 0.0533333333332 0.04 0.1733333333334 0.23333333333370002 0.49333333333389995 0.0266666666667 0.08 0.0666666666667 0.39999999999970004 0.2200000000003
3.1504287953538 0.44885537252089996 0.23276011115099998 2.8135860948326 0.1581804452094 0.9189569577496001 0.8172883581497 5.136704049732001 2.5566545993534997 4.50097687631 0.8147796937080001 1.6688196050517 2.8798812550312 0.7432456403971999 4.1588821454491
2.5773539796289 0.1124544124656 0.24062294739009998 1.7849628771411001 0.0487781036168 0.5077496799562 0.3868780279064 1.2578466731292999 1.9326205574724 1.9644317098886 0.6720590551558 0.6014125097703 1.5201249364818001 0.2509515562189 2.1417529737794
0.2166666666669 0.19999999999989998 0.1333333333332 0.8166666666663 0.0 0.5166666666666001 0.16666666666660002 0.5833333333332 0.6333333333332001 0.6166666666667 0.05 0.1166666666666 0.1333333333332 0.2666666666666 0.5500000000009
0.0845070422534 0.0281690140844 0.0281690140845 0.09859154929580001 0.0 0.0704225352112 0.0704225352111 0.15492957746469999 0.0845070422534 0.0845070422534 0.0563380281689 0.0 0.0281690140844 0.0704225352112 0.14084507042240002
0.7639324165352501 0.27053421050965 0.22953844083230002 1.2651204683499 0.053259993432200003 0.50966610738665 0.1424769382333 1.15551018034695 0.99169074451535 1.4204584482129998 0.36934508957 0.6252037366745 0.7614549480395001 0.10486164779925 1.3369466295627
0.0 0.0 0.0 0.0 0.0 0.0 0.0 0.0 0.0 0.0 0.0 0.0 0.0 0.0 0.0
0.1940987940513 0.8421514966144801 0.18036933291818003 1.07944642991156 0.0 0.583900282974 0.321303862541 0.6436160926696 0.53594023560906 0.82677606419296 0.16217031384716 0.14865535486212 0.33108800097288 0.5492654124224 0.60121832641106
0.3030287635547 0.14032162716360003 0.096118675066 0.8123995492414 0.0 0.33435554488169994 0.2527294895712 0.337745469324 0.6681430234060999 0.6183887236518001 0.2042036910453 0.1412314570207 0.279049897471 0.06479189373920001 0.7474921948613
0.6921433330169899 0.08012436153669 0.09415310427969 1.4893911995177 0.0 0.2681434599158 0.4337346530887 0.8077646648275901 0.7489990799771999 1.2971875892269902 0.2653040829924 0.6024221947268 0.76045493480619 0.20853716569907998 1.2516401763914
1.775457580766 0.3771066691417 0.0512820512821 1.6046475648233 0.0128205128205 0.5920878531499 0.5154683075033 0.9931705462683 0.9945939016735 2.5982557265729995 0.5807953108834 0.48057841863129996 1.1461620974892999 0.4172626783252001 1.8603107806642
1.61672271063574 0.2313225290114 0.1435280719782 2.82253340673486 0.0612244897958 0.78425544774048 0.6364092664053 3.4237213671242395 1.64996536931914 4.305274528389421 1.0329609731511 1.10040081626482 1.62401623804474 0.4139712826964999 2.15369350270532
1.2090701910735 0.1148883795941 0.0243838763575 1.2533056683604 0.0267379679144 0.43013030571109995 0.1818832397391 1.2425959618288998 1.057629032475 1.5514379196658001 0.36045020081330004 0.5770079164047 0.9765975768298001 0.16187639330030001 1.8320053699325003
1.070143890944 0.18206900851109997 0.10104508808590001 1.6344177198343999 0.0506617713314 0.5077663830299 0.2679506805802 1.4428201730680998 0.8507517093179 2.0959373059605 0.4658358342102 0.7271585818523 1.3130717586678 0.24087371690870002 2.0494963776965
0.5798257782930699 0.08009905555367 0.0253283302063 0.81266189321764 0.0746951219512 0.3277678206239 0.20041890405631 1.13519831328137 0.93019241186344 1.1091874581251 0.33347030320849996 0.41640299551537 1.261516948879 0.13914979966277002 1.5740848655588002
0.17526617526600002 0.12489762489789999 0.0675675675676 0.30343980343960003 0.0 0.24938574938549998 0.1416871416871 0.42833742833730004 0.23587223587199999 0.293202293202 0.22235872235850002 0.060606060606 0.17854217854200002 0.08435708435700001 0.4344799344795
1.9563004150776502 0.15724888733394 0.06598486300046 1.6320279921459102 0.2662572273664 0.42782522291089004 0.18692228763896 1.9330885176286 1.49444427974559 1.9553612499709099 0.3893334399808 1.19782354226475 0.97279390185724 0.38710096774886005 1.97748720533921
0.57480398645099 0.2018327726381 0.015625 0.9742123265632799 0.050808627698299996 0.11115094192189999 0.07424612769829 0.63434873895238 0.72791102668139 1.3454854049751699 0.36717995991318997 0.36058489678819 0.69076302668578 0.05279450719709 0.8182526558340798
0.3474060822902 0.1470483005372 0.0232558139535 0.6565295169953 0.0772808586762 0.1935599284436 0.1853309481216 0.5552772808586 0.3549194991054 0.6100178890879 0.0232558139535 0.046511627907 0.2010733452599 0.1005366726296 0.47799642218259997
0.1120107962212 0.0 0.3252361673421 0.1052631578947 0.0 0.1470985155194 0.0526315789473 0.3886639676111 0.1646423751685 0.25910931174060003 0.0 0.140350877193 0.140350877193 0.0526315789473 0.11201079622120001
1.2489678451014001 0.42522471786230004 0.12288406100680002 2.3268271831304 0.0489603481624 0.8698494793523001 0.5298104850419001 1.1085328590836998 1.311096409595 1.9974878404865 0.5019209989310001 0.6128663033493 1.3926090456682 0.2225855540919 1.2803768691357
0.0 0.0 0.0 0.0 0.0 0.0 0.0 0.0 0.0 0.0 0.0 0.0 0.0 0.0 0.0
0.4509787314145 0.48651421042845 0.03744588744585 1.1878317334833501 0.07960662525875 0.45392433653310005 0.10103519668734999 0.44504987765845 1.0381799360075001 0.89217955957105 0.05173160173155 0.13969508752100002 0.6669866365523001 0.24124788255195 0.7275926971578999
0.12916666666659998 0.1472222222222 0.2097222222222 0.1444444444443 0.0 0.2249999999999 0.1361111111111 0.35416666666679997 0.1625000000002 0.22222222222209997 0.0 0.0736111111111 0.0 0.09583333333329999 0.0999999999999
0.6591456651551599 0.10726948056028 0.09775540900150001 1.3739853548181 0.0453815261044 0.5684867434567 0.42382585995988 1.0337449764354 0.8277019218844 1.59690215217036 0.2522386201058 0.56744553128608 0.9470357654150001 0.13099223226346002 1.36808876138648
0.7492234748493999 0.1613359832313 0.08870235934649999 1.2641940530782 0.0344827586207 0.18354495426900003 0.3358988661147001 0.6418406876426 0.8156459821544 2.2613636496889 0.3042026279788 0.1881741756754 0.8411200523715 0.1273331224295 1.0029372525466
1.6469099126349702 0.42810640945100004 0.18090363057604 2.93298122061962 0.1451853994889 1.09411892361657 0.66371132298892 3.0774236784237603 1.96165032797067 3.38810448362759 0.9843810644583901 1.70407392063149 1.6339536908595702 0.49810832005082 2.6603876946026004
1.6757057644235 0.17742803336000001 0.0757393092687 1.5393015017509002 0.0338983050847 0.3736366777994 0.1803232462402 0.9723575835549001 1.2731254003144 1.6258849141603 0.43137546250819997 0.7710828794077 0.8994887225148 0.3159288489047 1.6547233507049002
0.6511215964794 0.3948392530483 0.0929376581551 1.7999813398539999 0.076519177819 0.39191173288109993 0.32955794643459996 1.1555834853790001 1.1465165468106 1.3528718800161 0.6729376149803001 1.0549001364511 1.1857710036431 0.3316082830467 1.3629423449981
0.7363004817669 0.1439167674138 0.0275229357798 1.0551100770320998 0.0371989678899 0.4100268627963 0.08890784196200001 0.8521118577258999 0.7256338048885 0.8437696957445 0.5491437260845999 0.8329763139999001 1.0786878736696 0.1082599061821 1.5104328870641996
0.0425531914894 0.0425531914893 0.0212765957447 0.08510638297869999 0.0 0.063829787234 0.0425531914894 0.10638297872329999 0.212765957447 0.2340425531915 0.0 0.0 0.0425531914893 0.08510638297869999 0.0212765957447
2.1655971160972 0.11756793112720001 0.0967564289504 1.6170289301465999 0.20055899593690002 0.5982340623941002 0.2213471038385 1.9401885619068 1.5694482921402 2.5364700142073 0.683228483902 1.2606931947941 1.5188500491872 0.2231095242801 1.2509213110888
0.7085892915559 0.24461485188749998 0.0487804878049 1.3109818273646 0.0287081339712 0.9299130550215001 0.2557250195245 1.0378114488465 1.3867092103181 1.4198174981014 0.5811244880037 0.4791633585791 1.1895096212532001 0.0983606557376 1.2801910520297
0.1039772727272 0.22386363636360002 0.08068181818180001 0.4994318181821 0.015625 0.3017045454546 0.11193181818180001 0.46590909090910004 0.24204545454550003 0.3147727272726 0.078125 0.1170454545454 0.1250000000001 0.046875 0.2730113636364
0.0444444444444 0.0888888888888 0.0888888888888 0.2666666666663 0.0 0.0888888888888 0.0444444444444 0.2222222222218 0.2666666666663 0.3555555555548 0.0444444444444 0.177777777778 0.17777777777769999 0.0 0.13333333333320002
1.1767860293069 0.49090226786659996 0.1544291475456 2.3371825473882004 0.0847457627118 0.6226400475396 0.507495964811 1.2530302786599 0.6128694657978 2.2203977110842996 0.6114216776057 1.1326343625188 1.3511699645061999 0.2253493591392 1.2189454135192002
0.0 0.0 0.0 0.0 0.0 0.0 0.0 0.0 0.0 0.0 0.0 0.0 0.0 0.0 0.0
0.0714285714285 0.571428571428 0.214285714286 0.5714285714295 0.0 0.5 0.285714285714 0.142857142857 0.5714285714289999 0.42857142857099995 0.0 0.0 0.142857142857 0.5 0.0
0.3238895305138 0.2733047351922 0.3013684943812 0.6818245980676001 0.0444444444445 0.2862573099409 0.5504308053309 0.5364690461789999 0.7113365964552999 1.2759097325322002 0.0111111111111 0.2487836623952 0.25288364589659995 0.2490824763051 0.25290381125210004
1.0482252260993001 0.6405845319191 0.24627632509630001 1.9317267008037002 0.060090585347299996 0.6875788084911001 0.556820870795 1.3443178293953 1.2317842656796 1.5081830763018 0.2699100727951 0.664987914028 0.8685515882147 0.36005291977849996 1.5809092852604003
0.7483221305876 0.13645339212087 0.13092355586317 1.67295230800418 0.06523786129527 0.2837548206753 0.59020334177474 0.58512093543897 0.75330611242357 1.7592065261039702 0.26451322361427 0.27934353761639996 0.6425198057613 0.14444755023607 0.94369489848747
1.6770467009991201 0.4088959495658 0.08452534159260001 2.17770217689493 0.1558248392365 0.8466297891405 0.54403805591411 2.4858030718068096 2.0237353531753 3.5285979930364104 1.2406831577488 1.5273972173992 1.6998876222337003 0.27196913522 2.32726359603053
1.63919079877837 0.2653818953321 0.0 1.2669731258844399 0.0 0.1406703640288 0.12579561527567001 1.21262469291937 1.22939775180527 1.4958823419954799 0.54529423807037 0.52962387404194 0.7931446810088 0.18014404823914001 1.5758765726190702
0.71461573023054 0.22109554027847 0.13161900653264 0.7544625047542101 0.0 0.13087282590384 0.22342228522117 0.7829746895 0.55818038618514 1.3719159744950402 0.26918433047147 0.68563492947074 0.90198261385924 0.21447938328094002 1.0395597998175699
0.46355243213459996 0.11519911809279999 0.0 0.9419870469896 0.0325203252032 0.147719443296 0.0989389554911 1.0782692572681 0.3808736392447 0.9813972715992001 0.48050158467660004 0.5320380322444 0.5597354278632 0.1151991180929 1.0720683478017001
0.0652173913044 0.0217391304348 0.0 0.0869565217392 0.0434782608696 0.0434782608696 0.0 0.1521739130436 0.0434782608696 0.217391304348 0.0217391304348 0.1521739130436 0.0434782608696 0.0217391304348 0.0869565217392
0.40052615057236 0.12963957746564 0.0135135135135 1.12088655326427 0.10991488382792 0.36055205463141005 0.15789300599653 0.58749328157343 0.73295252435041 1.35812204433768 0.38738103770456 0.21349050914283002 0.55431998669732 0.00931677018633 0.8639981067362499
0.5306150966363 0.2095397356266 0.013698630137 0.9934428089278999 0.021978021978 0.3036036625671 0.0769310399745 0.6525931186144 0.8221119757746 1.2114922103913 0.6415931993356 0.6450572357958999 0.7549364373962 0.1043283002485 1.0180785265963999
0.12781954887204 0.3022025171623 0.026785714285670004 0.70498937561228 0.00892857142857 0.26550751879727 0.14945652173913998 0.51836793069607 0.5029012749259401 0.60534488394834 0.04840225563907 0.18707093821479998 0.2622589081394 0.0709586466165 0.21900539391937002
0.166666666667 0.0666666666666 0.166666666667 0.1333333333332 0.0 0.0333333333333 0.166666666667 0.39999999999960006 0.0666666666666 0.36666666666659997 0.0333333333333 0.16666666666660002 0.133333333333 0.1 0.0
0.46947665407931 1.02130872867552 0.0208333333333 1.50275483346684 0.04365955359339 0.25173935397452 0.42841172808126 0.5390912435612899 0.5675224793599201 0.9805883042634901 0.30800092720616 0.8570427916458601 0.3171363680472 0.07873790117158999 0.6136957995403
0.0 0.0 0.0 0.0 0.0 0.0 0.0 0.0 0.0 0.0 0.0 0.0 0.0 0.0 0.0
0.13369135104559998 0.0819672131147 0.0172413793103 0.4044657998868 0.0 0.1534765404181 0.0672696438665 0.34058790276979994 0.35274166195580003 0.3578292820801 0.0853589598643 0.13708309779529998 0.46042962125520004 0.050876201243499994 0.3569813453928
0.3354978354976 0.1714285714284 0.0857142857142 0.595238095238 0.0 0.3025974025977 0.3000000000003 0.45887445887430006 0.5623376623371 0.7264069264068 0.0151515151515 0.045454545454500006 0.045454545454500006 0.0 0.3558441558444
0.4350807510129 0.3233989613651 0.11367003367 0.9508177823429 0.1399589111457 0.4191919191917 0.34855218855200004 0.5657615705075 0.5736084003882 1.3297814301207003 0.2624504936369 0.33663870341820007 0.4240666552531 0.2115414027277 0.5654807966675001
0.51022179770654 0.08086143843962 0.0194805194805 0.51373372665502 0.0584415584415 0.29729758254731997 0.23077674052862 0.31845095173011995 0.55159448434554 0.7856720686872201 0.29220779220800003 0.2660094882766 0.4550309503582 0.14492050006052 0.4753004005341401
0.95210113405877 0.15493078937524002 0.09399700827219 1.34841906814074 0.07752396733335 0.5796293517290899 0.20024020789903 1.41211796197185 1.13207548116684 2.07328259862053 0.35321778499754997 1.1846499863951898 0.8765191338844 0.14742540189504 1.4138701242593499
1.5705128205130001 0.0384615384615 0.0416666666666 0.9487179487179 0.0384615384615 0.31410256410270004 0.23397435897410002 0.6314102564103 0.8012820512815 1.1955128205123002 0.48397435897409996 0.6314102564103 0.7115384615386999 0.1185897435896 1.240384615385
0.7881731446493001 0.1755602436013 0.0 0.6253222550842 0.0103092783505 0.4283293731072 0.21260349803579998 0.6804471565119 0.7310760334512999 1.1512448607928 0.3358022875276 0.7900724954971 0.7152919520018001 0.1401565168933 1.2156109044949
0.4771995315472 0.21041575172 0.0 1.2877909530088 0.0909090909092 0.4023422632117 0.11531986531980001 0.6320890060019 0.6657590396724 1.2489825794165001 0.3248865466255 0.5882886839418999 0.6396794027226 0.0867003367003 1.2296369492022
0.22083333333330002 0.062499999999900004 0.0 0.3291666666666 0.0 0.12083333333320001 0.0999999999999 0.12083333333320001 0.4416666666667 0.14583333333310003 0.0208333333333 0.125 0.16666666666680002 0.0416666666667 0.1041666666666
0.7051757712998 0.058275058275 0.0263157894737 0.9704837609606999 0.2395104895103 0.2588400300263 0.2895537409364 0.6544697125649 0.4779524296694 1.1600294962253 0.312495711247 0.5684713740024999 0.45079838389400007 0.0263157894737 0.8013124624413
0.3891645988419 0.0384615384615 0.016129032258 0.3114143920595 0.025641025641 0.1315136476426 0.0384615384615 0.237386269644 0.28866832092670003 0.45616211745199997 0.1381306865177 0.1414392059552 0.4309346567417 0.0 0.3564929693964
0.0588235294117 0.42790346908009996 0.1753393665153 1.0141779788837 0.0588235294117 0.4965309200603001 0.15497737556559998 0.5797134238301 0.5558069381592999 0.29185520361929995 0.13687782805419998 0.0384615384616 0.0192307692308 0.1945701357461 0.7969079939661
0.0 0.0 0.0 0.0 0.0 0.0 0.0 0.0 0.0 0.0 0.0 0.0 0.0 0.0 0.0
0.6067920234769 0.1900040029735 0.0 1.6201556634213001 0.0705656170367 0.684391770173 0.3142268950813 1.7593169684625 0.9227356542758 1.4519373270367 0.0549406170367 0.6916651405207 0.5876782247301 0.13820386346230001 0.9073862323116
0.0 0.0 0.0 0.0 0.0 0.0 0.0 0.0 0.0 0.0 0.0 0.0 0.0 0.0 0.0
0.1553703032496 0.0322580645161 0.0 0.5325601063186 0.0215053763441 0.0879545729129 0.088921106681 0.28730216261909997 0.4407393983326 0.5110547299746 0.08892110668110001 0.1524707019451 0.1768756795939 0.0224719101123 0.4015947807172999
0.20289855072500002 0.0579710144927 0.0289855072463 0.4347826086963 0.0 0.0289855072463 0.1449275362317 0.1449275362317 0.46376811594330003 0.2898550724633 0.0289855072463 0.0 0.0 0.08695652173889999 0.08695652173889999
0.5472519319118 0.14852452608963002 0.16549355256463 0.5243141008868301 0.0199335548173 0.2955667880082 0.1674809458668 0.55924585048756 0.39972110247313003 0.9949089608252301 0.21878053546989998 0.5398008631911 0.4066670420631 0.0294117647059 0.9828984806386999
0.45345004041980996 0.1974536470655 0.0388349514563 0.78777813145541 0.0086956521739 0.32576994441109997 0.19207284117751 0.60170673558942 0.7663265795822101 0.68824062312691 0.17566428769721 0.18183410847702 0.58342087190151 0.0921420975732 0.9066094878915099
0.84303612430527 0.6175413415427 0.22319705906647003 1.72040634789845 0.0667083726503 0.7376356006822 0.24119227263397003 1.51591581062458 1.26366830193634 2.00005414892811 0.4378734710531 0.46151835729853996 0.5722244789961001 0.2905853571117 1.00844295527327
0.8095693779908 0.0 0.0 0.3177033492827 0.0181818181818 0.21435406698540002 0.07081339712910001 0.1435406698563 0.4066985645938 0.7971291866029999 0.1253588516745 0.3703349282294 0.14162679425820002 0.0 0.5846889952158
0.18156647595619999 0.12657682492900002 0.0240963855421 0.5966702519001 0.0335535691152 0.010752688172 0.0813607016211 0.32789823961990006 0.134669209471 0.6507470241051 0.021505376344 0.29732131828130004 0.1596061666018 0.047352199495700006 0.3063235688442
0.5402268783848 0.0927993059572 0.0178571428571 0.9546571849209998 0.1870300751878 0.1287712287712 0.1415597560333 0.5226549766033 0.6096009253905 0.5365397760135999 0.1594905094905 0.3571849203429 0.7783900310215 0.0815434565434 0.8916938324839001
0.1500847936685 0.0672696438665 0.0172413793103 0.320802713397 0.0336348219332 0.570030873592 0.2038744184021 0.9636691742399 0.4207179197286 0.3787885376351 0.0491803278688 0.2875375048916 0.11899378179739999 0.3172696438664 0.10090446579969999
0.7833585679049 0.0175438596491 0.0714285714285 1.4335266141841 0.0153846153846 0.42232786768459996 0.0905368516833 1.1025087215825 0.6562570070450999 1.2148627325295998 0.28770898338500006 0.4972140051257 0.5327916803276 0.17706650261110002 0.6974834194755
0.66697258455116 0.0 0.101694915254 0.19682886823406 0.15092165898603 0.2509763336716 0.040322580645230005 0.48945559634432 0.2904592673591 0.31022026087642995 0.16341872998513 0.25984144341199 0.48662422869646 0.04196282121373 0.55030071077186
0.262588298014 0.22870851659330002 0.0487804878049 1.4682393709184 0.0327868852459 0.5381847261104 0.09836065573769999 0.7024123683867001 0.2953751832599 0.5240836998533 0.16313474610150003 0.0 0.3102758896441 0.0655737704918 0.2614954018393
0.0 0.0 0.0 0.0 0.0 0.0 0.0 0.0 0.0 0.0 0.0 0.0 0.0 0.0 0.0
0.4092470939415 0.26366092536280006 0.060573476702500004 1.0192023183099 0.0450861195542 0.6661938534287999 0.1058763931103 0.8142170801062001 0.5958656077392002 0.6807965922585 0.1011537078799 0.1770761839401 0.2638690067651 0.0798771121351 0.7173045287655999
0.125 0.0 0.0 0.0 0.437500000001 0.0 0.0 0.0 0.0 0.0624999999999 0.0 0.0 0.1249999999998 0.1874999999999 0.0624999999999
0.21294077370759995 0.0434782608695 0.0434782608695 0.3269428277988 0.0157480314961 0.3471413899347 0.0157480314961 0.5053064019183 0.21670660732679997 0.3546730571723 0.0944881889764 0.2601848681953 0.1417322834647 0.09072235535769999 0.3307086614175
0.0 0.0 0.0 0.0 0.0 0.0 0.0 0.0 0.0 0.0 0.0 0.0 0.0 0.0 0.0
0.3092643748722 0.1994095121171 0.0571428571428 0.647369478792 0.08870472682620001 0.38526118857579994 0.2515496652926 0.5834754742904001 0.4515310298459 0.6823134993712999 0.136267137303 0.2157268555058 0.4785151568303 0.1602608231751 0.35320822005909996
0.1317307692308 0.0192307692308 0.050961538461500006 0.30000000000050003 0.0625 0.1269230769231 0.1730769230768 0.0384615384615 0.21153846153859998 0.3653846153849001 0.05 0.0125 0.1125 0.0442307692308 0.30096153846179996
1.4157100159938998 0.14184852374860002 0.0224719101124 1.5426231275468 0.11764966740569999 0.6589941532132 0.4727593353985 1.1431460311042 1.6062744362118 1.6475076245685 0.432459702534 0.8818368699142 1.2251675559019999 0.1681679191129 1.5233831272354
0.3092399403874 0.0491803278688 0.0227272727273 0.16020864381510003 0.0454545454545 0.12369597615500001 0.0163934426229 0.1274217585694 0.2649031296573 0.3002980625931 0.1173621460505 0.1046944858421 0.0719076005961 0.0227272727273 0.2637853949329
0.3448680351903 0.0322580645161 0.0322580645161 0.2903225806449 0.0322580645161 0.1049853372433 0.0 0.38944281524959995 0.3612903225805 0.7524926686222999 0.20175953079159997 0.4093841642229 0.276246334311 0.0322580645161 0.7401759530802
0.4269415480182 0.0942389758179 0.0183486238532 0.5087338666524 0.0550458715595 0.159946885563 0.0263157894737 0.3663428034508 0.3226702076288 0.6492587469176 0.1076774505068 0.256251060331 0.45689508919810007 0.027027027027 0.5243060540014999
0.4 0.1 0.0 0.30000000000000004 0.0 0.0 0.0 0.1 0.1 0.8 0.1 0.0 0.2 0.2 0.7000000000000001
0.7318879043013 0.0192307692308 0.064064064064 1.0891435805223 0.0462577962578 0.2504242245621 0.27447667102820006 0.42721815135600005 0.7169089151845001 1.3991485456994 0.1587934087934 0.4552839552837 0.42959217959229995 0.20321865149450002 0.7343511826271001
