0.7014462809917 0.0330578512396 0.0340909090909 0.8811227575091 0.0330578512396 0.39009272324069993 0.0330578512396 0.5878603104207 0.36512295908060005 1.1153497278779998 0.6958778472083 0.36615601693169997 0.4729641201375 0.09917355371879999 2.1915692400766
0.319148936169 0.212765957447 0.0 0.6382978723401 0.0 0.957446808511 0.21276595744639998 0.797872340425 0.5319148936167 0.9574468085114001 0.0 0.0 0.0 0.265957446808 0.1063829787234
0.0 0.0 0.0 0.0 0.0 0.0 0.0 0.0 0.0 0.0 0.0 0.0 0.0 0.0 0.0
0.30081022301509996 0.2163528977483 0.031168831168800003 0.7155057147726 0.0 0.3084337205392 0.4010067451926 0.5253252039808001 0.5455723668215 0.7100862536987 0.12188420407589999 0.1265685572788 0.28769495344830004 0.0733180804541 0.6362722478046
0.0 0.0 0.0 0.0 0.0 0.0 0.0 0.0 0.05 0.25 0.1 0.0 0.5 0.0 0.1
0.15222088835529998 0.141176470588 0.0705882352941 0.7241296518602 0.0705882352941 0.32869147659030007 0.055702280912300006 0.2228091236492 0.44009603841480005 0.43073229291670007 0.4588235294111 0.035294117647 0.5200480192089 0.0761104441776 0.2729891956781
0.1395348837208 0.0697674418604 0.0 0.279069767442 0.0 0.2790697674416 0.3488372093024 0.31395348837259995 0.3139534883734 0.1744186046514 0.0697674418604 0.0697674418604 0.24418604651140002 0.0 0.6976744186052
0.5690428906716001 0.2962306244035 0.17857142857129998 0.5275320454957 0.0 0.18567688855649997 0.1028421839939 1.0706161504132 0.30763675753729997 1.4093247878686002 0.2986936785906 0.26851159311899997 0.5878188430095 0.0671278982797 1.1303742294906
0.47376201034740006 0.050706033376 0.0789473684209 0.34237756253080004 0.0 0.30808729139909996 0.0263157894736 0.5085190804058001 0.3462286536741 1.3340140817665 0.24508888629529998 0.1277278562257 0.7379313027576 0.1277278562257 1.2925662270979001
0.5650902605592001 0.3091408934705 0.0 1.0145669668094 0.04 0.35951890034429995 0.08 1.0135560485442001 0.6589003436433001 2.2490495454366 0.2398869024313 0.5791552481627 0.6557797207357 0.0792683457305 1.1560868241337001
0.6215254858813 0.0555555555555 0.0901723505683 0.6263659699309 0.037037037037 0.1975797579757 0.0 0.6923359002559999 0.3123945727904 0.8572790612391998 0.5125412541252999 0.3039970663732 0.5612761276129999 0.053135313531299994 1.0788045471206
0.5757624918882 0.0 0.0 0.7878001297859001 0.0499999999999 0.30042180402339996 0.0434782608696 0.4688189487346 0.2624594419207 1.6235885788463 0.3346203763789 0.9955872809863 0.27534068786489996 0.090720311486 1.1914016872170001
0.32154261852218 0.00847457627118 0.0434782608695 0.27916973716528 0.0 0.03991648243678 0.022967329894380002 0.2250061409977 0.07381478752149999 0.3278064357654 0.00847457627118 0.201793171211 0.20560058953576 0.025423728813579998 0.21653156472586
0.0952380952381 0.0952380952381 0.0 0.6666666666663 0.0 0.0952380952381 0.0 0.0 0.1904761904762 0.3809523809522 0.2857142857141 0.0 0.190476190476 0.0 0.0
1.2549407304747002 0.0140845070422 0.0447761194029 1.3401103321471002 0.0 0.6507428835741 0.8226898548279 2.5040724580013 1.05950424908 1.9386759476478999 0.7659805215225 1.037058260804 1.6243799075595002 0.159623173895 1.7833610540206002
0.8889463047188 0.0 0.0365853658536 0.6783932754591 0.0254237288135 0.1484934086628 0.0521680216802 0.5107918791049 0.42081668274309997 0.8925703918044 0.3900762482198 0.3707179275176 0.5074043452298 0.10875706214679999 0.9688553580447999
0.12499999999980001 0.8412280701758 0.0421052631578 1.5337719298261001 0.0 0.9635964912293001 0.1684210526314 1.093859649123 0.7342105263163 1.2394736842111997 0.0842105263157 0.3561403508776 0.1679824561401 0.2526315789476 0.3973684210526
0.0416666666667 0.0416666666667 0.0 0.0416666666667 0.0 0.425 0.3416666666667 0.3666666666667 0.225 0.26666666666669997 0.0 0.0 0.0 0.208333333334 0.0416666666667
0.66355714135291 0.18879783318272 0.22503782121152 1.4493387284211101 0.0 0.45132716117891003 0.3076831652831 2.05217501501751 1.1139884427833 1.87301881645434 0.38429608871712 0.29653029312593004 0.68578090689201 0.14520105562871 1.16326753074783
0.0 0.0 0.0 0.0 0.0 0.0 0.0 0.0 0.0 0.0 0.0 0.0 0.0 0.0 0.0
0.0 0.342857142857 0.1714285714288 0.2285714285712 0.0 0.4000000000008 0.114285714286 0.1142857142856 0.0 0.3428571428578 0.0 0.0571428571428 0.0571428571428 0.0571428571428 0.1142857142856
0.0591133004925 0.1095843055914 0.00985221674875 1.18071039668195 0.0 0.2597873995331 0.1194365223402 1.15996888773865 1.03050730273915 0.7178290553965 0.0197044334975 0.1194365223401 0.21795868982765 0.15020309394175 0.8459078731305
0.29433962264139996 0.5926684636118 0.0826774483378 1.191356693621 0.16 0.37886792452819995 0.31904761904740003 0.6973764600176001 0.8798023360289999 1.4164779874233 0.3038095238094 0.31773584905659996 1.3403773584899 0.1729739442946 0.8524887690924
0.2208272916095 0.2127072147979 0.0547634910059 0.7601657718384001 0.0147058823529 0.30531214484479996 0.1707351961438 0.397944507583 0.1663028569187 0.7705803973829 0.14733315044849998 0.1074440569031 0.2144805423835 0.088439079829 0.36825841595810005
0.39966398811971005 0.16351139423867 0.06703408380237 1.7731994190654001 0.0 0.51778284978344 0.21176073055847003 1.984557112722 0.8686008577608999 2.35665480944757 0.51653678409144 0.8072428453035699 0.94911932827597 0.29193702058707 1.0923987762440999
0.63703288070968 0.0263157894737 0.04124116260802 0.8522649908353599 0.0 0.34405416526436 0.0 0.8173343807267001 0.52352897168286 1.40408483896206 0.36407436501726 0.49879923689746 0.5561366101824199 0.14806419032646 1.7870684173130997
0.12399355877620001 0.0217391304348 0.0108695652174 0.39573268921130006 0.0 0.0728663446055 0.1642512077293 0.5136876006439 0.2141706924315 0.34903381642520004 0.10547504025759999 0.2870370370373 0.19484702093400003 0.1392914653783 0.4070048309177
0.5655443095222001 0.015625 0.03125 0.7780909078449001 0.0235294117647 0.2737132352942 0.0705882352942 0.9512209788385 0.23411511156179998 0.982378124829 0.147625198728 0.2748559220983 0.6092675840145 0.1055147058823 0.9366812743271
0.0 0.0 0.0 0.0 0.0 0.0 0.0 0.0 0.0 0.0 0.0 0.0 0.0 0.0 0.0
0.804272786802 0.2539571228217 0.0465838509317 0.9318388041008001 0.031746031746 0.3050500479406 0.398158063825 2.0543562704058997 0.34855920733949997 1.0496069169716 0.3607447428359 0.5629287890622001 0.6795615249214 0.1668098362494 1.0058260040484
1.07767426770609 0.161290322581 0.0 0.7669632925473 0.051436781609130004 0.01666666666666 0.0 1.4115220615515 1.84846125324723 1.4822858731935902 0.5982109751575 0.8172135706338 0.60992306266113 0.11393678160913001 2.04441509083866
0.08395604395600001 0.20989010989009999 0.1039560439561 0.24087912087910002 0.0 0.1989010989011 0.08395604395600001 0.2518681318685 0.09494505494500001 0.355824175824 0.032967032967 0.02 0.041978021978000005 0.1189010989011 0.16197802197800001
0.0 0.0 0.0 0.0 0.0 0.0 0.0 0.0 0.0 0.0 0.0 0.0 0.0 0.0 0.0
0.725419468377 0.20826546581040004 0.0510204081632 0.8826791082822 0.037037037037 0.4608132291732 0.2623329982482 2.3707959545462 0.5131596457047001 1.7006470409371999 0.3713709719743 0.20449457949459998 0.8579133903580001 0.16713128886130002 1.1869194130260001
0.285714285714 0.142857142857 0.0 0.0 0.0 0.0 0.142857142857 0.142857142857 0.142857142857 0.142857142857 0.0 0.0 0.42857142857099995 0.0 0.571428571428
0.1678498492657 0.1873966741223 0.010989010989 0.43216960031170004 0.0176991150442 0.0683652630554 0.0750753671106 0.36195662744330004 0.37109792862 0.38879704366430007 0.25206651755320003 0.07935427404459999 0.3137216765534 0.032967032967 0.2404940192551
0.3242063492063 0.1309523809523 0.1 0.47182539682540003 0.015873015873 0.3753968253968 0.18730158730160001 0.5535714285718 0.2718253968262 0.524603174603 0.015873015873 0.07539682539680001 0.4325396825403 0.043650793650800004 0.47698412698479997
0.38884335288765 0.4117840684657 0.13739961926511002 0.65515529654459 0.0204081632653 0.22834431259489002 0.1494404213297 1.38730169940368 0.32979753051259 0.9992544884805801 0.21659730973498997 0.27563887989302 0.51417533621774 0.29141616657361 0.9944433548319199
0.2331774035463 0.11819923371640001 0.15229885057460002 0.6399982179454 0.0459770114942 0.3404971932636 0.23992248062049998 0.8277332264096 0.5041744631562 1.1357391071922 0.3332887819662 0.24632005702600002 0.3799206985655 0.1300766283524 0.6726766461731001
1.59841566702179 0.3758511980168 0.0436728900535 2.04088836558275 0.02716941371259 0.78706313492109 0.1365304038583 3.8083121068929997 1.6917286587642002 2.65295134391397 0.63225483335609 0.9830726632110801 0.6626534856692 0.31874789449409 2.2406879405331592
0.53450969320525 0.00757575757575 0.03366271409735 0.4183370976843 0.0 0.09757199322405001 0.00757575757575 1.5182947487315501 0.4608036890649 1.0647797854308 0.19124317711285002 0.2624129493693 0.29758610954209996 0.10996141539589999 0.9956851119899001
0.35844099913800004 0.081721422419 0.0679401993355 0.5172388335181 0.0 0.30579549649310006 0.14783437922960002 0.8981235388212 0.350479881875 1.5417189614873 0.1227513227512 0.5644026085887 0.8610618924579 0.17325581395349998 1.0092346499315998
0.26385907464684 0.03347280334721 0.0 0.52921593596471 0.133333333333 0.15904432720890999 0.06746103935469999 0.9814747437993101 0.44403614092493 0.49246861924695 0.09223819052801 0.10205566672722999 0.5689527621128101 0.0260869565217 1.1063004062824202
0.1169642857142 0.342857142857 0.0571428571428 0.37946428571479995 0.0 0.25982142857159995 0.0 0.5508928571428 0.350892857143 0.8812500000006 0.0 0.20803571428559997 0.1196428571428 0.0857142857142 0.6473214285716
0.4360614767586 0.0119047619047 0.0357142857142 0.39689772829299996 0.0254182754182 0.0859971266947 0.035160575858200004 1.312599143994 0.3883750860502 0.9011553081321001 0.2055460776389 0.30786267995579997 0.324541318727 0.0238095238094 0.5089566310497999
0.91406532730095 0.0103626943005 0.0254237288135 0.7734966873025501 0.00518134715025 0.0992637032998 0.03149713662395 1.0640960851159 0.56013388753485 0.80735896120365 0.42816936798934996 0.47357396000765006 0.44222223669524996 0.13660080488545 1.22855407177525
0.2705838876569 0.3384700665189 0.0666666666667 0.6148189209161999 0.0 0.5669253510710001 0.1077235772358 0.4239098300072 0.49815225424959997 0.9775314116786 0.0487804878048 0.1154471544715 0.18211382113820002 0.25195861049510004 0.5369179600894001
0.1369863013699 0.0 0.0 0.082191780822 0.0 0.191780821918 0.2191780821918 0.7123287671237001 0.13698630137 0.2465753424657 0.0 0.0547945205479 0.054794520548 0.027397260274 0.1369863013699
0.54515049026034 0.22594369341371 0.12767436336491 1.05873807371223 0.0 0.5974813064379301 0.18969271386316 1.7226784858534798 1.42587199968336 1.0807952455775198 0.24649907908871 0.43179107620452 0.60567095204115 0.28206308047446993 1.4599494400233701
0.02 0.0 0.0 0.04 0.04 0.0 0.02 0.04 0.04 0.04 0.02 0.0 0.06 0.0 0.68
0.21119609368226 0.27132486388413 0.06691297208534 1.6557773744699702 0.0394736842105 0.3277806585429 0.17876588021773998 0.8025883674698501 0.25635208711439 0.6660184945115799 0.15290381125212 0.38497104831012996 0.27722323048998004 0.07758620689640999 0.63112522685988
0.10538426138962001 0.16845340194393998 0.13795513812758 0.34552148265954 0.0 0.48031279197854 0.43314298065774 0.9781477917693401 0.36272643601269994 0.7065326528049399 0.02079759862774 0.08126072041158 0.64536878216064 0.056551478893840004 0.47784448256174
0.9205928989040001 0.5602594545133 0.19452541548430002 0.9231246635300001 0.0169491525424 0.38094262876550006 0.2086287400107 2.1820697286357 0.8973360319328001 1.7123665296427997 0.28857359396779997 0.3132061611961 0.7545949487867001 0.20536610087850002 1.4414639512109
0.3247298919569 0.22749099639790002 0.0204081632652 0.35774309723840003 0.0 0.5804321728689 0.0588235294117 0.2989195678267 0.2605042016803 0.3343337334931 0.0306122448979 0.0588235294117 0.0306122448978 0.07142857142850001 0.3451380552217
1.05253134140114 0.2709440891907 0.191854623003 1.7710120283890198 0.0 1.0105849160477 0.32941678544243996 5.1603817419963995 1.5757646128812 3.3715392999260803 0.59733385513064 0.68078565736054 2.071105489253 0.8091589419591 2.10758661802114
1.5034849932647 0.2584830123834 0.0550458715595 1.0458359088125 0.0366972477063 0.4785449845563 0.061490636136000004 5.1102519207513 0.7768846103439 1.8310959514223002 0.5027217644234 0.45994881345460004 1.4245098890849999 0.12261221095830001 4.3323921851382
0.5187240829351 0.1012706007443 0.21131844763425 0.8732854864432 0.00757575757575 0.27629452418915 0.31231791600215 1.4913397129176 0.7426475279118 1.1300637958540498 0.26236044657115 0.46184476342415004 0.7280701754386001 0.22114300903775003 1.6617437533230999
0.53056504850129 0.09836557204969999 0.0532313690208 0.7399895111335599 0.0493827160493 0.14441065030219 0.11202198633449001 1.9531648997497 0.7039573462724901 0.7703199402595899 0.0441919954881 0.29489156407177997 0.59572134827389 0.11826606956208 2.79151998292999
0.1449275362319 0.21739130434790002 0.2898550724649 0.25362318840570003 0.0 0.1811594202896 0.2898550724638 1.2318840579718997 0.6159420289869 0.5797101449277 0.0362318840579 0.0724637681159 0.14492753623170002 0.3260869565218 0.6159420289857
1.9984965905532999 0.2136536030341 0.19103455541520004 1.3011469876565 0.068022718267 0.4834416952622999 0.456060742881 5.1270546760501 1.5276384242786998 2.6401213411014 0.4807537398796 1.0839158460906 1.9900744831023 0.317002310104 2.1215822863295
0.8564630015122601 0.21063478119678 0.1063829787233 1.55245849348756 0.0896066911691 0.25900182590646 0.27322621147386 1.14518481792468 1.33744996919218 1.62270974085638 0.6542376273534 0.6007965599153 1.041130059742 0.13679617610789999 2.11392106544214
0.0 0.225806451614 0.0 0.22580645161329999 0.0 0.0 0.0645161290322 0.0645161290322 0.1612903225811 0.1935483870965 0.0 0.0322580645161 0.0 0.0 0.0322580645161
0.722867479057 0.1363290175169 0.061468646864600004 0.09900990098999998 0.0 0.47915079969470004 0.1980198019802 0.6260154861659 0.23968646864690002 0.7407019548103 0.019801980198 0.0812706270626 0.05940594059399999 0.3143247017004 0.2219471947194
1.46690498714695 0.6038816792357 0.205263333805 1.5632154710069999 0.037037037037 0.85540751540045 0.46155870007000005 3.1130912743703 1.7395380024416498 2.66816076628375 0.45218907991985 0.54619567931665 1.0275057474925502 0.27085428484665 1.9891964416213996
0.0 0.0 0.0 0.0 0.0 0.0 0.0 0.0 0.0 0.0 0.0 0.0 0.0 0.0 0.0
0.2854911054315 0.1854589461923 0.13122831367100002 0.3893214400566 0.0274622975237 0.1860742032124 0.16141568355299998 0.5972825443038 0.35018618506779997 0.594933227264 0.0823547333321 0.22872497080309998 0.33243343883800003 0.1158824325925 0.331750478157
0.25567425398559995 0.15728804753689998 0.0294509205441 0.7521511835581 0.010033444816 0.2563236678897 0.0796181446243 0.3861090365944 0.3058414780668 0.7569893171412001 0.06958469980830001 0.22008637204939996 0.6816248335872 0.1271877130888 0.9120368867091
1.1975267774868 0.3645388288516 0.0894409937887 1.4280221161100601 0.02530020703936 0.75041443770276 0.18656470278466003 2.42234133965012 1.05484819109956 2.1018183558934598 0.7151794540372999 0.93098122284846 1.04899364520856 0.3324668796901 2.35156284780778
0.6849529832522401 0.36147363891187 0.01169590643274 1.14355714211498 0.17040491524237 0.44006966610387 0.2146352404085 0.7593679945828 0.41124656530750003 1.2097085911777101 0.4341387112845 0.17443056204641 0.88780959183597 0.19685135282983998 1.8996571384697098
3.7173919061723506 0.25687924221725 0.10867177273882002 3.91555103712198 0.21450269988820003 1.1899833199766001 0.77474072294942 8.52653242736848 3.19897671706254 4.837656820912301 1.10952520314078 1.74767426489039 3.07014994047268 0.9238532185097601 6.4079107065794005
1.4294409892123001 0.1618649483444 0.07379100293320001 1.4650313797690997 0.049990191590799996 0.3727130487818 0.1152642259763 3.4290567194482997 0.8774604901009 1.6850410625405001 0.49412387777940003 0.35290991368860003 1.5920731207614 0.0835667173123 2.8176723117655
1.0333063179512 0.11125666654319999 0.2163826212826 1.0474082708871 0.0676691729323 0.20503212440770002 0.4158107210572 3.1034388556848005 0.6239700672268 2.2010660904745003 0.5917746991677 0.9648729028247 1.8409729017532 0.19108335486369998 4.3859552329481994
1.7698350060201702 0.1559850128179 0.0227272727273 1.4818121526009 0.1961787774891 0.28447999314739 0.34286497140019 4.06593082889579 1.5073419414353 2.85981342162837 0.64709490632569 1.2862194699237 1.51428556755349 0.15433025882399998 4.711100419212601
0.2091503267973 0.1568627450983 0.104575163399 0.31372549019589996 0.0261437908497 0.1045751633987 0.156862745098 0.6535947712429999 0.4967320261443 0.6797385620912999 0.0784313725491 0.1568627450979 0.20915032679770001 0.2614379084963 0.39215686274569994
2.31508177987088 0.1254622995196 0.10932897801058 1.26214939528728 0.130413041304 0.4606951050405 0.41888896492018 5.01555339362666 1.8259944057197801 3.28661636896716 1.1273945333425601 1.16970150345984 2.39802215627946 0.26538034703637997 3.08931772762004
0.41195301472055995 0.04612068965516 0.025 0.6828039927404801 0.0125 0.18674884049196 0.08967785843912 0.27198779995961997 0.46112875579756 0.82724591651566 0.26705484976800004 0.2901214962694 0.3958459366807 0.03084291187736 1.00096793708412
0.4408532643824 0.1789269553974 0.1789269553974 1.344796380092 0.117647058824 0.690368455074 0.40180995475180004 0.8897220426624001 0.8067226890751 1.0890756302512 0.2792501616034 0.07058823529410001 0.4049127343242 0.2792501616035 0.8271493212673
0.6 0.0 0.0 0.0 0.0 0.0 0.0999999999999 0.1999999999998 0.0 0.0 0.0 0.0 0.0999999999999 0.0 0.0
1.4655840868877001 0.34149159057219997 0.1538003663002 2.6590406324855 0.0389972144846 1.2127126057583 0.7968755212597999 3.0699023739356996 2.3994715917828997 3.3197061163885997 0.5687810777126 0.8013838402283 1.1973092208151 0.214787265762 2.7601564956259996
0.0 0.0 0.0 0.0 0.0 0.0 0.0 0.0 0.0 0.0 0.0 0.0 0.0 0.0 0.0
0.553570003989 0.3072197846039 0.1100917431192 1.3534902273633 0.0 0.521659353809 0.352134024731 0.9968089349839 0.6665337056233 0.9664938173116999 0.2607897885918 0.5491822895889 0.35213402473050004 0.4418827283604 0.5680095731946
0.4549746549742 0.0814814814814 0.3516409516412 0.8232582232585001 0.0 0.5916157916151 0.36820216820179996 0.9114293114295999 0.48423428423410003 0.8294742294736 0.0296296296296 0.2287046287044 0.5382839382844 0.1733599733598 1.1337107337096999
1.6164134958479 0.432610367893 0.17612111801240005 2.3550763538032 0.0648269230769 1.1040206920739 0.8088301481136 1.6273793064028999 1.2925346723114 2.8392228985174 0.4505554177551 1.2018723455077 1.1834847007773 0.3660067270842 2.481044832827
0.36554661301135 0.14266264252155 0.0563380281689 0.9164118041589501 0.0610328638497 0.45960429242115 0.38209926223935003 0.83271629778695 0.79922199865869 1.25540576794145 0.07164319248820002 0.40879946344699003 0.50272300469424 0.22654594232044 0.519248826291
3.30074589691478 0.5949176664499599 0.43982019789814 3.0092794829501797 0.24482212107940002 1.1573595961606098 0.7985379027466599 4.813675808487241 2.02202507650932 4.405345633718329 0.88248764030617 1.7350035545964497 2.46023640571107 0.49755812241812003 3.63818489406134
0.80726524361101 0.057444720972410004 0.059801856992320004 0.7400808844643499 0.0 0.11321431990016 0.09776730161743001 1.18586675600573 0.57277208768153 1.07432755815144 0.26774432851451 0.32686417153193004 0.43102086723443006 0.18443093711073003 1.08139896620965
0.94931373127352 0.15498834566145 0.10680618011342 1.16376537227948 0.03198467801195 0.22049148120062 0.13885994143098002 0.9428706860755399 0.7362778577547899 1.3565471889100802 0.3344618970274 0.70220668638115 1.36683398318865 0.1334693590374 1.6611226116486602
1.8277835667715001 0.3320898019928 0.08942968167359999 2.2442613989919002 0.1094145247144 0.6065271423647001 0.47159202121809995 2.7996160023903003 2.004232972442 2.9618987960099 0.7117724554573 1.0383992636186001 1.5384554169501998 0.3674627296693 3.8970642257293
0.08 0.0266666666667 0.0133333333333 0.0933333333332 0.0 0.0533333333332 0.04 0.1733333333334 0.0666666666667 0.1599999999999 0.0266666666667 0.08 0.0666666666667 0.0666666666667 0.053333333333299995
2.3491983584686 0.17738222549596 0.14518470918519 1.87865665069555 0.0980381591682 0.51752267817578 0.45077356003785995 3.4748784625255698 1.6142040640833597 3.3245881723476 0.53667054804586 1.19671839027373 1.9253051158293901 0.5147744568279801 2.7961044488459197
1.6540213173081 0.07370663420569999 0.1571394554891 1.4937374097131 0.0430107526881 0.2393731361436 0.17864483183309998 1.2538417542379 1.3480237626494 1.6329668684704999 0.5709137002064 0.4637959915755 1.1925948356044 0.0902369397658 1.6079926101086999
0.2000000000003 0.18333333333329999 0.0999999999999 0.6333333333329 0.0 0.3833333333329 0.15 0.48333333333330003 0.483333333333 0.5333333333331001 0.05 0.09999999999999999 0.1166666666666 0.1999999999996 0.383333333334
0.0 0.0 0.0 0.0 0.0 0.0 0.0 0.0 0.0 0.0 0.0 0.0 0.0 0.0 0.0
0.8423912482995 0.1385379230665 0.0490365565941 0.9222005624336 0.0340045377198 0.4886129912407 0.1682392496317 0.9150098235061999 0.8407684081447 1.3564730139455 0.3442229640606 0.6409678675336 0.7871094605346 0.1056119158488 1.3668134774462999
0.0 0.0 0.0 0.0 0.0 0.0 0.0 0.0 0.0 0.0 0.0 0.0 0.0 0.0 0.0
0.19770351052277002 0.4890885089666 0.3000995953934 0.91095882030987 0.0 0.43691383066647 0.34092115006907003 0.9032765596656699 0.45138489112094 0.9590763815098502 0.27433186301377 0.293798576902 0.51700784528357 0.25032883651540005 0.6751096300585
0.4416438824328 0.1926691729321 0.3861927546144 0.8144224196864 0.0 0.3393711551607 0.0903964456595 0.43045112781899997 0.4635167464121 0.45215311004750003 0.1472146274776 0.0902255639096 0.30493848257080003 0.033920027341 0.8128844839374
0.9487929115386999 0.31095925450859996 0.168011365796 2.0410152520372997 0.0 0.6746507304038999 0.6449644181166999 1.3476994698586 1.0390168580997 2.1582833754704 0.3556047602258 1.1344615072022002 1.2712354073307 0.5364157569803001 1.3688889324355
0.8325059895860001 0.23862862800900003 0.0769230769232 1.2036326505342 0.0192307692308 0.3758918073084 0.6929243323045999 0.7933416141391001 0.5271741532802999 1.5028025072286002 0.228939202391 0.3894114734827 0.8419301937004 0.22729040870620001 1.0493731931777
0.97267089703165 0.16677634616569997 0.13161753438001 2.16718854949397 0.060893993224800005 0.73874155080882 0.39388546305011 2.1662566974635604 1.2339014196048401 2.8871674885218304 1.02070220532321 0.94623654233313 1.3387251206630502 0.34142191882159995 1.43381427311532
0.84481228695574 0.07452678040909999 0.04161445279862 0.90442377110324 0.0106951871658 0.3665070095021 0.19032848386551998 0.99450079074636 0.85143507163622 1.28288719794082 0.3298003810772 0.56257008385492 0.87842098561894 0.13505130919974 1.53242620812294
0.8807865542670799 0.15908466848374 0.1866228724998 1.1601069430667 0.05223938612778 0.46085020984294 0.21723891274224003 1.1299294537916402 0.77422113391706 1.7191233383850197 0.3732233337174 0.50457147970948 1.04267534337838 0.24414030432960002 2.0951860657394
0.82490032832969 0.152087242026 0.0694183864915 1.0512869371478901 0.0739329268292 0.43609287054359996 0.37089587241960004 2.03601371951737 1.1411233583504 1.5261051829250702 0.63383853189469 0.80992026266329 1.4612746247668 0.1463707786116 2.26673897748719
0.151515151515 0.0151515151515 0.0 0.27272727272700004 0.0 0.272727272727 0.030303030303 0.1060606060606 0.5454545454551 0.1060606060605 0.0909090909091 0.030303030303 0.0757575757575 0.0151515151515 0.28787878787869997
2.7137791422939 0.27365197868305 0.0912052117263 2.1330871587030504 0.3592609232843 0.5486766888691 0.23958962409989998 2.6275692766567498 1.7346238810441998 2.49804921001915 0.4813349227814 1.9893133115726 1.0124922976475 0.5509703586692 2.7463960139508
0.8298534121697 0.0365853658536 0.0569760101009 0.9314178369049 0.0651676829267 0.1034737620102 0.1657832132296 0.5476545177387 0.7660118717674 0.7871916574273999 0.4159756867455 0.4866827574525 0.6983805278402 0.051831193027799996 1.0570145048047
0.0 0.0 0.0 0.0 0.0 0.0 0.0 0.0 0.0 0.0 0.0 0.0 0.0 0.0 0.0
0.0 0.0 0.0 0.0 0.0 0.0 0.0 0.0 0.0 0.0 0.0 0.0 0.0 0.0 0.0
1.4843324103487001 0.6882640312125 0.1758785448522 2.5529923165482 0.0652804642166 0.7378830139589999 0.43975038724430004 1.2684108187134 1.2789745587818 2.2758783633013002 0.6932255622981 0.8520027879861001 1.55528479486 0.4476254191429 1.4842165265345
0.0 0.0 0.0 0.0 0.0 0.0 0.0 0.0 0.0 0.0 0.0 0.0 0.0 0.0 0.0
0.2599378881993 0.28229813664634995 0.00714285714285 0.76490683229725 0.050621118012349996 0.21677018633570003 0.40538302277395 0.5715320910967501 0.6145962732927 0.44751552795015 0.02142857142855 0.0645962732919 0.41863354037260003 0.45600414078635 0.4186335403728
0.0695652173912 0.1602484472048 0.0 0.6683229813666 0.0173913043478 0.19130434782599998 0.3031055900618 0.10434782608680002 0.1391304347826 0.4211180124224 0.0347826086956 0.0695652173912 0.2956521739136 0.142857142857 0.3826086956522
0.7781210359787 0.4123879138983 0.19021110662879998 1.9749631847269 0.0694779116465 1.0076605737184998 1.1936073458829002 1.7363425464665 0.9527498456910999 2.112313068327 0.2940049022233 0.6908584722105999 1.0983836110885998 0.31149082007719997 1.1774276614316
0.26873990575909 0.0830308529945 0.04764065335747 0.6669108709773299 0.0172413793103 0.08771791072099999 0.16535406849922998 0.31508183619427005 0.42104846900501 0.9750245591838599 0.09411578614356 0.07511363825561 0.3238357282006 0.04531793736157 0.41382640403639
2.3283435361782 0.6538435535538001 0.21416003195129998 4.0795632956861 0.3109294333027 1.5313968770402002 0.8624130949226001 3.4441740135794006 2.3800532179236997 5.4111612470392005 1.4861209827534 2.3415344965598 2.1984559914218 0.6691903484279 3.0886598796583002
0.9069569534073001 0.0847457627118 0.0420537550528 0.7707963974193 0.0169491525424 0.18140557407279997 0.08034891142469999 0.49648961066600006 0.5988227785272999 0.8247642011211 0.2391319764559 0.36281114814540005 0.41741720445279995 0.1644564215304 0.8128501524713999
0.1136581929947 0.0724210795927 0.0372670807452 0.38035474162750005 0.047576359095800005 0.15700838829459998 0.09303963629350001 0.2561311391431 0.3348914644301 0.3412307101241 0.1530383556381 0.179996158033 0.2688096305307 0.0227316385989 0.5418454248572
0.5309633027531899 0.11305589087399 0.01834862385318 0.89529152583289 0.040424311926590004 0.6725392322544701 0.06587155963299 0.7976080395952801 0.8567298406568 0.78278549010188 0.48881880733930005 0.7397760743601801 1.1843378802514 0.09002293577967001 1.72342648479099
0.0 0.2 0.0 0.0 0.0 0.2 0.0 0.2 0.0 0.0 0.0 0.0 0.0 0.4 0.0
1.5377448021524 0.0492063492063 0.040384109444800004 1.6000259106602 0.1763788338117 0.5497846337915 0.23772005217900002 1.6553474326619002 1.2880122716827 2.4390167409527 0.5445503433397 1.1101433597703 1.5482461177543998 0.2144598832542 1.0089791593442
1.24427986381162 0.14827230830142 0.23983739837430001 1.6829169066033 0.00956937799042 0.33668392292210003 0.14932547555132 1.42994159911712 1.00211716908182 2.6023629144845994 0.45756928488542 0.8472181207264 1.2614366183351 0.17251366120199996 1.4159553786148198
0.1196022727272 0.31761363636359996 0.11193181818180001 0.640056818183 0.0234375 0.3798295454546 0.1588068181818 0.653409090909 0.3357954545455 0.4085227272726001 0.1171875 0.1482954545454 0.1875 0.0703125 0.3276988636364
0.0222222222222 0.0444444444444 0.0444444444444 0.4666666666663 0.0 0.3777777777774 0.0222222222222 0.44444444444410003 0.1333333333333 0.17777777777780002 0.0222222222222 0.088888888889 0.0888888888888 0.0 0.06666666666660001
0.56158021661512 0.1406293938696 0.09724915607269999 1.19207228741154 0.0794491525424 0.5018706852581 0.40317159023512006 0.57292111759912 0.49185905348664 1.75007364962524 0.4017288792961 0.39953894421721997 0.6259317286242001 0.15606180542612 0.6258623397209601
0.0 0.0 0.235294117647 0.0 0.352941176471 0.0 0.0 0.117647058824 0.0 0.117647058824 0.235294117647 0.235294117647 0.235294117648 0.352941176471 0.117647058824
0.10168067226869 0.24763655462179002 0.0723214285714 0.53660714285767 0.0294117647059 0.2966911764707 0.19936974789918 0.24894957983178 0.2263130252101 0.40824579831938 0.04374999999999 0.05441176470579 0.20078781512580002 0.19191176470588 0.14191176470599998
0.11313131313130001 0.0909090909091 0.20404040404040003 0.33535353535330004 0.088888888889 0.1777777777778 0.3373737373738 0.2444444444444 0.2464646464647 0.42626262626219996 0.0222222222222 0.17979797979790002 0.2888888888892 0.0444444444444 0.1999999999998
1.4855643962131002 0.6364405660496 0.1936634466981 2.7269021409058003 0.1512596798716 0.6641791700893 0.5278240782058 1.9096463800212 1.5750088884843 1.9061993504303998 0.36031277336 1.1564837337643001 1.2175528332053 0.3165873435576 2.1723752191541
0.5556374355206 0.08102022435107001 0.00847457627117 0.68275607958678 0.04712191926627 0.19831327274189997 0.036272824039940005 0.20441333005787 0.20916236796877 1.15634979120537 0.20171129124707 0.1993367722917 0.5810611643342 0.06407107180857 0.7742978793091699
1.5072462776908 0.4679825417183 0.10539908415980001 3.2460433118456997 0.433804950624 1.2960544664625002 0.9079658218708 2.8040813707662005 3.0805793116907 3.7953346754331 1.1960891184795 1.5494747100433002 1.7392965123361002 0.4454934065951 2.4251544402881
0.58082706766867 0.0178571428571 0.0 0.5357142857152399 0.0 0.07612781954879999 0.026785714285670004 0.47697368420937 0.40977443609006997 0.40930451127837997 0.21193609022567 0.26080827067694 0.18843984962389998 0.08552631578943999 0.7199248120299699
0.5512975988368001 0.1965053763441 0.0926691729322 0.6444538766265 0.0 0.0905671436655 0.1926691729322 0.5766391785921 0.3914726331955 1.0083636510631 0.1988034602632 0.4881740641926 0.6457272212791 0.1905671436655 0.7320903064111
0.45353477596235997 0.16738179959004 0.0 0.93559991706336 0.0674720765898 0.22875251610084 0.1600799228329 0.85440573651751 0.70641739396893 0.9002347717125601 0.40310972712113 0.30700941018573 0.62436435848626 0.07227504478434 1.11936254908335
0.0204081632653 0.0204081632653 0.0 0.1020408163265 0.0 0.5408163265306001 0.0408163265306 0.061224489795900006 0.7040816326535 0.2653061224489 0.0 0.061224489795900006 0.061224489795900006 0.1020408163265 0.0204081632653
1.4828673845649 0.2144882404058 0.0508393263868 1.7683341587917 0.19342198132 0.48458870290489997 0.320008124726 1.9571307064677002 1.1211015062703 1.8755036616292 0.6321714550045 1.0004250899744 1.0617072155479002 0.1345872470912 1.7028251989113
0.3603602789903 0.1396336996337 0.013698630137 0.915968688845 0.065934065934 0.1836976265744 0.1696336996337 0.40296101159090003 0.79153545085 1.161530433038 0.262599729038 0.38365096091129997 0.4759270409952 0.0770309599077 0.59583772392
0.035714285714240006 0.0625 0.026785714285670004 0.15178571428568 0.00892857142857 0.13392857142847 0.06250000000004 0.13392857142847 0.08928571428574 0.17857142857134 0.00892857142857 0.0 0.0357142857142 0.0446428571428 0.026785714285670004
0.0 0.0 0.0 0.0 0.0 0.0 0.0 0.0 0.0 0.0 0.0 0.0 0.0 0.0 0.0
0.8420178102093999 0.6532383832177 0.0208333333333 1.8271026257459 0.1076402538801 0.49708014453910004 0.49066863967580004 1.0310049766070999 0.7637366721947 1.3168088186578 0.6668579731037001 0.8069739600969 0.8001617594000001 0.1038876961889 1.0719869531496
0.0526315789474 0.0 0.0 0.1578947368424 0.263157894737 0.0 0.0 0.0 0.105263157895 0.1052631578948 0.0 0.0 0.105263157895 0.0 0.2105263157898
0.1909614532565 0.3404374598758 0.1152785438499 0.4693154177936 0.0 0.2691038311647 0.20787934136869998 0.4148996771947 0.4422883907661 0.5230077853028 0.0327868852459 0.22914651017680002 0.2237483385024 0.1888817556264 0.3522646098761
0.1380952380951 0.2336134453778 0.29523809523840006 0.38599439775870004 0.0 0.1523809523809 0.29215686274479996 0.5271708683477 0.1571428571431 0.4067226890753 0.0666666666666 0.1254901960784 0.0588235294118 0.1176470588236 0.0428571428571
0.22771043771020003 0.32752266252309997 0.10988215488210001 0.6318013468009 0.0795454545457 0.40841103341030005 0.3106734006732 0.4811590261589 0.5320849520844001 1.2191970991968 0.30605801605780003 0.2674346024343 0.4026974876975 0.2778761978761 0.4179461279459
0.0 0.025 0.025 0.21250000000000002 0.0 0.0625 0.0875000000001 0.0875000000001 0.17500000000000002 0.1125000000001 0.0125 0.025 0.0625 0.0125 0.1
1.1382547831760301 0.23363332478372 0.10395873944346 1.73547604773202 0.1446169854725 0.71704348846952 0.37781281137816003 1.26756060503985 1.5812410003028001 2.2253132935299895 0.57607068268926 0.9485358322777001 1.1402830429530202 0.27692990648466004 1.5332694562696803
0.7972985347977999 0.0230769230769 0.0543727106227 0.6064102564100999 0.0450549450549 0.2032509157513 0.14777930402939998 0.3938415750914 0.6426282051284 0.7914606227108001 0.2981913919412 0.4377976190479 0.6031593406601 0.0565705128205 0.8991071428581001
0.7229301402313 0.0325233186058 0.0 0.2528547949883 0.020618556701 0.158214339075 0.0998111032848 0.5405540970311 0.2928806215448 0.7684681223463 0.24431175428469998 0.6351838808144 0.49371411496010004 0.0423576871358 0.6955774689984
0.34434319035745 0.14125189088957002 0.0 0.6985653637828699 0.0454545454546 0.18404821158457002 0.042227833894400005 0.3747938320402 0.41632020689977 0.8943248914258101 0.19301224808457002 0.42975894207877 0.34632923437267 0.040263748597070007 0.84930586053834
0.0 0.0769230769231 0.0769230769231 0.1538461538462 0.0 0.1538461538462 0.230769230769 0.0769230769231 0.0 0.0 0.0 0.0769230769231 0.0 0.1538461538462 0.0
1.7513163139026 0.0384615384615 0.1148077447504 1.5532189381383 0.11837385412500001 0.4497807891594999 0.4939271255069001 0.9131547481705001 0.9611608734864 2.4660904952703 0.7036877766355001 1.0173585618099 0.7178578171213 0.1769839105535 1.5238195129135
0.9591098238955 0.0384615384615 0.016129032258 1.0469704768411 0.025641025641 0.3946715423792 0.0910931174088 0.489398653545 0.6301305738437 1.3095081522221 0.6429175405311001 0.5613487082180999 1.1250046734122 0.2307692307691 0.4388459105726
0.0196078431372 0.1161387631976 0.0969079939668 0.23378582202120002 0.0196078431372 0.1945701357467 0.1157616892911 0.271870286576 0.2322775263952 0.1742081447963 0.0584464555052 0.0384615384616 0.0192307692308 0.1161387631976 0.29298642533909997
0.0769230769231 0.153846153846 0.153846153846 0.615384615384 0.0769230769231 0.1538461538462 0.1538461538462 0.38461538461530004 0.3846153846161 0.3846153846152 0.0769230769231 0.46153846153809996 0.1538461538462 0.0 0.7692307692303
0.5867129170516 0.2122262251957 0.0 1.0450904992839 0.0271204950855 0.671100622483 0.2285126093671 0.7040833120626999 1.0151587172065 1.0016053737477 0.0616032537062 0.4621028582911 0.5506600722209 0.0859934976086 0.34802954668740005
0.0 0.0 0.0 0.0 0.0 0.0 0.0 0.0 0.0 0.0 0.0 0.0 0.0 0.0 0.0
0.1720430107524 0.3757115749514 0.117647058823 0.8488298545221 0.0860215053763 0.600885515496 0.5319418089822 0.7830487033515999 1.2846299810242 0.9981024667934 0.0860215053763 0.4889310562935 0.38709677419300004 0.487666034155 0.7514231499031999
0.1602728047741 0.0878090366581 0.073316283035 0.2173913043477 0.0 0.0144927536232 0.07246376811579999 0.07246376811579999 0.231884057971 0.5566922421136 0.0144927536232 0.0 0.0588235294118 0.1023017902814 0.33759590792899996
0.5496923288537001 0.11862419386362001 0.14036174393412001 0.54154567247742 0.0427008012507 0.3204200129114 0.2035012291331 0.65219423038824 0.42703416241931996 1.00881496095742 0.2438929059996 0.38329695299480004 0.3480472204649 0.1640866873066 0.8557868970469
0.46797014630431 0.06779411368467 0.0194174757281 0.44171434216781 0.0173913043478 0.16445937328787 0.09506120726067 0.20338234105397002 0.42973334650517003 0.6072766137069501 0.26095758152757 0.12199419810841 0.47582874540734 0.1256244218316 0.5013947890759001
1.1391009099623 0.6310697163953001 0.13730671701420002 2.2650534412014003 0.1134073291049 1.1544704455365997 0.4867065197324 2.2856898452833 1.4956941331498999 2.7055194856717004 0.6711542893188 0.5670325680558 1.1596696581442 0.7145436305641 1.4735813108720999
0.9470274432165 0.0114942528736 0.0 0.4109662871914 0.0478578892372 0.3343342682726 0.08294560853539999 0.2284001539901 0.4383215091021 0.9257768245058 0.22651927624710003 0.3655942363752 0.1773854699444 0.0344827586207 0.7688940218884
0.2656087631233 0.0976121369486 0.0453729812868 0.5218430344576 0.0550589454592 0.0215053763441 0.066878357631 0.555625384172 0.2505119999557 0.6110509298694 0.1281171356668 0.4116424517561 0.383811154019 0.0240963855422 0.561264963767
0.5295204795204 0.0664835164835 0.0 0.7652347652343 0.142857142857 0.1140359640359 0.0517482517482 0.4090909090917 0.3049450549448 0.4553446553446 0.1944555444555 0.3441058941058999 0.7058441558438 0.0776723276723 0.8386613386616
0.3001695873375 0.1345392877332 0.0344827586207 0.6416054267947999 0.0672696438666 0.37083097795389997 0.1000565291125 0.4657998869426 0.3414358394575 0.6037309214248 0.09836065573769999 0.2673827020916 0.2379875635953 0.1345392877332 0.20180893159979998
1.3860708314766 0.18572874493920002 0.0550595238095 1.3030991092377 0.0153846153846 0.566079348911 0.2062976832084 1.9047523420255001 1.0144134681392 1.58409059303 0.4886467761773 0.9454655210413 0.9948229374266 0.1980283879712 1.1520601172209
0.8133640552997001 0.166666666667 0.0 0.2580645161291 0.1589861751151 0.2235023041474 0.0806451612904 0.48617511520729995 0.241935483871 0.5122887864828001 0.1198156682028 0.2795698924736 0.2880184331797 0.0161290322581 0.3548387096776001
0.2138078102092 0.1799280287885 0.0243902439024 1.297507663601 0.0327868852459 0.36745301879259995 0.09836065573769999 0.48290017326409995 0.2465946954551 0.4265227242434999 0.1143542582967 0.0 0.23710515793679998 0.0655737704918 0.21271491403429998
0.0 0.0 0.0 0.0 0.0 0.0 0.0 0.0 0.0 0.0 0.0 0.0 0.0 0.0 0.0
0.4417498274017 0.260992907801 0.0666666666666 1.74257829661682 0.0851063829787 0.79358563986854 0.13104876671054 0.93172660515902 1.2781961965730202 1.39006464570456 0.32050461306722 0.13650913199012 0.5598192430796199 0.11769911504424 0.74375196133852
0.0 0.0 0.0 0.0 0.0 0.0 0.0 0.0 0.0 0.0 0.0 0.0 0.0 0.0 0.0
0.16667876192906 0.0714285714286 0.10023041474649999 0.20624841249689 0.00787401574803 0.36541601654633 0.11156065169273 0.41168946623602004 0.32278928843599997 0.33777531840784997 0.07950215900433 0.15113030226048998 0.14229471316103 0.12730868318882999 0.3980732247185299
0.076923076923 0.076923076923 0.0227272727273 0.5437062937054 0.113636363636 0.1905594405595 0.353146853147 0.7832167832166 0.5227272727273 0.34440559440530005 0.0384615384615 0.5454545454545 0.1136363636364 0.0 0.27447552447510004
0.2634284837323 0.06108041743405 0.0 0.3726596071207 0.0165745856353 0.227286678944 0.15120472682625 0.5120089011662999 0.26895334561075 0.35071362799255 0.0901243093922 0.08855125844075001 0.21339779005530002 0.18466083486809998 0.19935543278090004
0.3876928471246 0.0434782608696 0.0684782608696 0.41907433380080006 0.125 0.24516129032259998 0.21598877980380002 0.19985974754559999 0.1402524544181 0.6935483870975 0.1322580645161 0.0684782608696 0.2572580645161 0.1853436185132 0.818127629735
1.8954560697632998 0.1615853658536 0.0449438202246 1.6993754032948 0.1576496674057 0.5918821550524 0.377993266163 1.1039670569472 1.2453905208634 2.1327540397268 0.38258126111160007 0.9797058292615 1.4565779639438001 0.058936037911399994 1.7112015424759
0.2459016393437 0.1475409836065 0.0 0.3442622950813 0.0 0.0983606557376 0.0491803278688 0.2459016393448 0.5901639344265 0.49180327868810003 0.1475409836064 0.2459016393448 0.1475409836065 0.0 0.2459016393441
0.3571847507328 0.0215053763441 0.0215053763441 0.1935483870966 0.0215053763441 0.2396871945255 0.0 0.6414467253174001 0.7075268817200999 1.0531769305957 0.3042033235583 0.40019550342169996 0.2265884652986 0.0215053763441 0.7904203323567
0.78968936101669 0.0663157894737 0.042507645259889995 0.66372444873698 0.0275229357798 0.21971028488669 0.11929824561399999 0.7676356027687801 0.86001931434048 0.94855303396118 0.1327860936745 0.2792563978753 0.41068083051688997 0.12 0.55230001609539
0.0263157894737 0.0 0.0263157894737 0.1315789473684 0.0 0.078947368421 0.07894736842109999 0.13157894736849998 0.0263157894737 0.1052631578948 0.0526315789474 0.0 0.1578947368427 0.07894736842109999 0.1052631578948
0.958696763044 0.0192307692308 0.07257257257250001 1.0722862570693001 0.11676308415440001 0.7349723545381 0.3084448084445 0.8103348103352002 1.1622679992241 2.0351119590242 0.2357399205226 0.44161415900530004 0.9702870246344001 0.2956675130587 1.7660100051421
