0.5367965367959999 1.2229437229440001 0.8787878787872001 0.8419913419909 0.5194805194800001
0.517129646368 7.906024889561699 5.0715575586592 5.9938467127376 1.5114411926676001
0.5940652286309 6.387719205060299 5.332588623001401 5.4045633590722995 2.2810635842345
0.31773431246181 4.42312595866214 5.73650982544304 4.9679195782765495 1.55471032515691
0.0533757511488 1.0136871439495 1.0138762156082002 1.2679433113839 0.6511175779104001
0.47112462006129996 0.3419452887535 0.9036474164135001 0.6194528875377999 0.663829787234
0.6060321859471399 6.94874972659529 5.87515746276832 4.98836778245981 1.5816928422316199
0.31455314712712 2.4451324681675795 3.3088264612443803 2.44565191454818 1.4858360089132798
0.8166763762765801 6.599153018371 7.551280093036301 7.2436373487634995 2.78925316355536
0.27576240907789995 1.5235436911779 3.8570602630558 2.106615184843 1.2370184518469
0.1 0.9125 0.825 0.575 0.5875
1.19665727758064 8.178718933956569 10.46734618456587 7.959896373371119 3.1973812305234195
1.1217569362839 6.00793683753911 8.87851354869837 5.22902874745085 1.76276393002237
0.4930834775474 6.27488187236514 8.752334511669881 6.35473160426134 3.12496853415887
0.19586754241913001 1.87507157593382 1.4075533661725899 1.04073723211656 2.4807702833565304
0.8255693581779799 1.2738095238100502 1.7220496894416502 1.06832298136604 1.1102484472055
0.78972853102182 8.796990656242789 14.09251865548993 9.635703003105839 2.68505915413078
0.8635907738474801 5.258306535044801 8.081126171495 5.61060262370604 2.1863738959120598
0.84781234046412 8.8535651458713 14.457228662834378 8.695348553238821 5.14604529759029
0.7744913919859999 3.5905383722154003 5.528822632743299 5.0045971127854 3.1015504902695996
0.36970523004620004 1.9256997041732704 2.02220344527352 1.6728104900931597 1.00958113041112
1.51457287429257 10.54221188255778 18.59819375727898 13.367426314549592 3.97759517132068
1.5056474689400001 15.873027555507798 19.736426532139 13.213444033407901 4.6714544100077
1.47761342194609 18.07841693973669 24.928685325526807 18.0750703110615 8.44021400173337
0.39285801173556 5.07134072031952 6.0493765400559205 7.400000919245859 2.0864238086443
0.7022727272726 1.8704545454543 1.1954545454545 1.5754545454541 1.6563636363637
1.2937465202325802 11.91508714302962 14.414409185526031 13.087771881114472 4.288985270093109
1.77829617648164 13.15285573593216 11.98089176475284 12.18296693545896 4.904989387387391
0.9678120634593201 14.951401086707461 15.6509978749041 15.04974122333484 7.380047751604901
0.70676161605739 3.93297797663783 3.20486360796226 3.3934391325935604 1.76195766674649
1.4937594444637001 1.1106919980153 1.7870886251168001 1.4723673737748997 1.1360925586281
1.3735736617191598 11.944582415023362 10.6962673097369 12.65028148315563 4.33529513036551
1.34165634512066 10.94848491172643 9.46915346579225 11.596310048453079 4.644395228907101
0.8514167020114001 9.20429846594884 8.24783274059467 9.3869706035541 4.30948148789818
0.23190406085154 2.43599383072986 1.61815377604892 1.8232250205933895 0.8907233117758601
0.5644894518025 1.1912480210060001 0.5965040995735 1.1578110720673997 0.4899473555494999
1.4287532516085601 12.542773153489359 9.121141581507562 12.390654981512142 6.516677031880379
0.6210160066161 8.92347954484774 6.084417144242869 8.40541251189258 2.96567479239958
0.47848188763824007 5.240205548118489 3.91156957114853 6.30305216334563 2.06669082974703
0.5015406146918 3.8664230173643 2.5646875942370997 4.323131975779799 1.7442167979254
0.2464852607709 1.5006802721088 0.3020408163264 0.5281179138320001 0.4226757369618
1.30899580688983 13.55239803211249 9.96673035977907 11.93553786546204 6.23633793576513
0.54042344451464 6.40737824678559 6.57404823991374 7.583306244684479 2.8948438240982295
0.36810899755824 7.60630492211046 6.47439865537396 8.92494503751794 2.6262423874347998
0.51205049286474 3.33296858317269 2.1342084406496897 3.8295118241592805 2.1912606591547497
0.2377450980396 0.7941176470589 0.7352941176466 0.7683823529418001 0.46446078431400006
1.1277616028066 8.856960266089601 5.7540364259638 6.681857007577001 3.5793846975608
0.61542284446338 6.941035578211791 3.94048131850019 5.43127129180209 2.07178896702038
0.40987858089240004 8.15759026844513 5.54589941736604 7.416457817177171 3.4701739161132292
0.41512358790360004 2.6556490584521 1.9251381752549002 2.8242942891300995 1.1797948892568
0.0517241379309 0.310344827586 0.15517241379289998 0.3275862068962 0.1551724137931
0.9882259229133 8.831212812883297 6.1228120338445 7.902478739448799 3.1552704909153
0.6288073628943001 3.9100725530753 3.7141196925820004 2.619715307153 1.1272850842937998
0.3126326343025 6.6308571985502 4.841986155568 6.1120602731516005 2.1024637384313003
0.34290025260461 2.39501037509037 2.0294722309275 2.2451225039005602 0.9874946374763199
0.0 0.0 0.0 0.0 0.0
0.3265724572918 5.0071267137203 2.8367843735739 4.462436566502899 1.3670798889086
0.45094150000950006 4.568433230137 2.5065486435277 3.5898028555305004 1.8842737707932
0.59014786012163 6.9195073532535805 5.19743587845488 6.367182919122181 2.9257259890500302
0.1288066771938 1.3858909907294001 0.7056008507619 1.0534787792857 0.7262227020294001
