0.3469696969696 1.1233766233767002 0.8703463203471999 0.8686147186148001 0.7906926406931001
1.1922133574507 11.251967926280399 8.5117433199889 8.320313768992701 2.7237616272853007
0.6136131756547001 5.265922181628779 4.7077178915764195 4.30294773798616 2.10979901315106
0.56174057532501 5.946596577581239 7.00514660414804 6.99295782145645 2.4935584214932094
0.2745700320568 2.2021162110105 2.632860515032 2.7134755341858003 1.1769777077123
0.4425531914893 0.127659574468 0.7893617021279999 0.37659574468080004 0.263829787234
0.7689618923308 8.288094122754998 6.753898550255349 6.30344534892 1.88560008574215
0.5823844992139999 4.9886592726791 5.7194561511201 4.4692000443682005 2.2403000326208002
0.6529807597831001 6.5317449037506 6.649513730101201 6.6714796921453 2.4942809142158
0.19597242650859997 1.9015106449183 3.8359838571231997 2.096740718846 0.9697923526041
0.269841269841 0.42539682539690005 0.7428571428572001 0.4761904761902 0.0857142857143
1.1752513836679102 7.26968602754427 7.829213421724239 6.67967506893209 3.0461740981325303
0.4554338403155 4.30923926187916 6.02871346476693 4.16969026628261 1.03692316675123
0.56087691709812 6.111347273317271 9.29821174704993 6.09143408090162 2.93812998163281
0.07777777777783002 0.90122739018252 0.9356589147288901 0.6572351421191599 0.4281007751946301
0.4130434782614 0.4166666666663 1.1702898550720002 0.3152173913043 0.6847826086963
1.0856160210983699 9.29710307567126 16.64347434092647 9.486813825296842 3.48699273701175
1.21246660452934 6.75232046987768 10.79871290752433 6.45465453079045 2.78184548727352
0.9440447279503601 9.00339598307673 16.98233973774187 8.531401096976209 3.53881845424373
0.3823388101042 4.1979786524208 5.019264711254801 6.0975666577394 2.3028511684847
0.7989840863879001 2.1536658141508 2.3079354930422 1.6259235578297002 1.1134910485938
1.9400864179317001 13.62996038316959 22.83914304442816 17.94057071425384 4.65023944021192
1.10556937826768 11.39405557515843 14.00834973445648 10.41439905125429 4.07762626086409
0.97823866999334 15.177764732579359 18.242831934699836 14.674583692081908 6.9265809706647685
0.49861154786305006 4.414815455893581 5.173442546011461 6.0194751228204 1.89365532740914
0.16 0.5866666666666001 0.5066666666667 0.5333333333338 0.2133333333333
1.23544898843743 12.68867412481391 12.193811321409019 12.73987579665324 4.14218976868711
1.12415546821257 11.860844775979672 10.38512641484666 11.81386572899764 4.81600761196973
0.82062978952456 11.94242809259732 13.816342594682599 11.169448777832342 5.25115074536148
0.57112513985686 3.1865014484718404 3.4704075944936803 3.4207466607447894 2.35121915642906
1.460606060606 1.696969696969 1.070129870129 1.532467532467 1.239826839827
1.6124960471300902 15.181363687727629 14.510890742955102 16.14890348201409 5.546346040180359
1.30343185767127 8.850107245587811 7.38685164880195 9.023738945679868 3.4358703022617294
0.9615439467972099 13.64603964401063 14.870515663794421 15.09823036264617 6.423670382744409
0.6122281218922 4.264280226322 3.4738552387614 5.068808164869699 2.5808282481538005
0.796320334105 1.4816863254136 1.114735594559 0.8311417122862002 0.7761160336374001
1.4313418783579 12.37216545260668 8.372344531897781 11.429881881552662 5.394266255587629
0.9289302997908 13.5108146643796 9.6058646634137 12.160843077027298 4.793547295385199
0.6325465098513501 10.230574301496842 7.670632147378459 11.343435397060633 4.12281164421035
0.8900219627329 7.3821200531987 5.0999954653587 6.729157055308399 2.8987054634037
0.3464852607706 1.0340136054419 0.5020408163261 0.628117913832 0.4893424036285
1.0136232330430799 13.581755419503361 9.20889600215965 10.968002603478428 5.22772274180474
0.47610220435116 6.242035484413139 6.28711738219428 6.98742799622934 3.0073169328116403
0.3383906040413 7.70802123705495 6.33145443479932 8.16259236406629 3.45954136003867
0.5675593138511801 4.2577170238252595 2.35662447370752 3.1861229969587903 1.6319761916569697
0.9166666666673 1.166666666667 0.6666666666665 0.958333333334 0.29166666666700003
0.64095391225046 10.583448047415018 6.94486755281151 9.067613359540779 4.76311712798896
0.4349882197753 6.0816385642193 2.8557700666573 4.1492759575747 1.4783271917707999
0.3206680001466 8.2749810050787 6.2775978082042005 8.474450916303603 3.6523022702691
0.2648410001213 2.2906177934206005 1.7994467370629001 2.2639347412706994 1.3811597281221004
0.36169003410409994 1.4860742705581 1.8625426297851 1.4326449412671 0.8570481242903001
1.3111531371875702 9.668602213300447 6.06274330388075 8.725845308124619 3.23165603750721
0.9724977497703 7.094281336647201 5.9708784030378 6.3214806987162 2.6408618118237
0.3148625357183 7.919209306086201 5.648011172927 9.799904653014 3.3180123322549
0.3864698201129 1.9547939721424 2.374920954207 2.4887057195625997 1.7951095339744998
1.1333333333337001 0.7999999999996 0.4999999999998 0.4333333333332 0.1333333333333
0.6023515096001999 7.9813042792284 5.658268662533599 6.9730889659657 2.7849865826691
0.41877868041618 4.13078183116596 2.186078350782 4.4090883008713 1.8552728367589801
0.2962641262549 6.3380325264971 6.1756349344284 6.2161149581832005 2.9739534546397994
0.1086143695015 1.6727499650886 0.9386136712747999 1.871748010054 0.4082739840806
