0.0 0.0 0.0 0.0 0.0
0.52312376000262 6.624743892160811 4.05704800924012 4.47194893878915 1.3231353998126598
0.4663738984696 5.44999539614628 4.91081131137282 4.05981579138066 2.11300360263336
0.45926875882088003 6.022176382559059 6.06581936680384 7.171025429534421 2.28171006228348
0.3006413994539 2.3800045517135 2.6288545117537003 2.5907184173977003 2.0997811196807
1.3464285714287003 0.7321428571423 0.9785714285706999 0.47499999999959996 0.46785714285720004
0.58350533189594 5.596280865693091 5.624724513845271 4.7299907365871094 1.4654985519809698
0.9218868475467199 4.870289770512481 8.125958170981999 5.17894252349688 2.9029226874642604
0.9687972225988299 7.591172336398201 8.277474853170261 7.8304705554479295 2.3320850323814
0.26200564445490004 1.7687253798344 2.78196444329685 2.351736744228 0.83556778818965
0.047619047619 0.7205357142859 0.7220238095242 0.33035714285719997 0.1794642857143
1.5198352401192001 11.638174078257922 13.010127018221631 10.97553056674383 4.856333096659469
1.1651558878722001 7.1413603467271995 11.341036955578499 7.1917099238545 2.1607368859681997
0.67031807397342 7.932937596039279 9.808298785270349 7.89234965253762 3.69609589218735
0.0357142857143 0.4007936507936001 0.6904761904768001 0.6031746031748001 0.26984126984150003
1.2356951416659 1.9622472276575003 3.9005573045175996 1.0665220227456 1.8349783034123
1.37323664931709 9.379668341471769 16.87539796372769 8.23886032918265 3.1328367163043
1.0029117987922698 6.4302118023917005 9.74971569277799 6.58656177347103 2.23059893255651
1.3905870735399 11.080488999150202 18.1009865952619 10.8964339577956 4.5315033742545
0.27193084543137996 1.43129846755596 1.7606974087346898 2.3504984015314703 1.1855748767453902
0.8558087778087 2.3459117267226004 2.2569356168341 1.403000120983 1.1383437576500997
1.95719704802225 12.705592575380072 18.58613365011336 14.58387239839075 5.16720432808676
1.26660248294464 11.5780218290973 14.68347090578683 10.10283841874781 4.369066363435071
0.99702939672765 13.67423251947951 17.94050716913199 13.892917858678958 5.4953130559974905
0.713505488784 6.2370159808817 7.2366553410522005 7.053050497753599 2.7597726915285
0.1333333333333 0.5333333333329999 0.666666666667 0.47999999999989995 0.1866666666666
1.15226857552026 8.51083455687361 9.346925188472468 10.19990567139177 3.790066007741261
1.6242457331292801 14.74636780762675 13.390425993106561 13.70720635994245 5.531754106199
1.2178240749813 16.213853585300154 18.145713175695718 16.7058133680792 7.7167957959430895
0.71537968552046 4.249331544821899 4.238585587601721 4.416314181388521 1.38038900066906
0.4634564141607 1.0349344222578 1.559815897844 1.4723673737747998 1.4694258919620002
1.1688589921763 12.197893515772689 10.997311751080868 12.990589317236411 3.6453464237212096
1.50839265735474 10.86942556929728 9.82378020534688 11.007902369383523 4.790499198622641
1.03102256070248 9.06847704059191 9.095126791603409 10.36091380218412 4.44445980492146
0.7062292851769401 4.17144869118336 2.51287504576972 2.6412358386033894 1.96821113926271
0.5974308478456001 1.8527821755412 1.0448057046498 1.2789383583687 1.2260429135948998
1.5709348428352201 13.38051453479386 9.164192465795 11.620244048348422 5.2641141082344
1.0603844940881602 10.345059836937601 8.01783572090196 10.33588953995414 4.24083040811338
0.6729324619502 9.21637030160446 7.72955116684898 11.47960130405257 3.90154476554299
0.42954606033364007 3.87168498626052 2.4892060197664403 3.83749082547438 1.37207210816356
0.2464852607709 1.5006802721088 0.3020408163264 0.5281179138320001 0.4226757369618
0.8340679803023 11.799377379293702 8.749633118457599 9.565664968905997 5.0512565530435
0.7522639530599899 7.67387929549213 7.551937472924589 7.03917408555556 3.9827451929696895
0.8687600569966201 8.545359150700959 7.14748656469113 8.1546058255251 3.2837884020788897
0.59585083222244 3.08975599684321 2.03230552082431 2.8820645309781803 1.40002311913431
0.1004901960785 1.0215686274505 0.7372549019604001 1.1075980392168 1.0330882352935
1.12506714394766 13.626351844037922 8.29421955504851 9.947410619636981 5.00695083732996
0.58731910438564 6.22505774260205 3.91436996924709 4.895490742652471 2.3777624411139096
0.3004605378598 6.519943635715891 5.457568895615919 7.00810837695677 2.7139185538528103
0.31201044715032 1.87501548641694 1.2336399149488801 1.90817107433846 0.67116307714416
0.1368221941991 1.4196090794468998 1.015447667088 1.0476040353093 0.3805170239596001
1.4251319518403 10.7173028714951 8.2891570478139 9.796629049139398 3.7717790797068997
0.6293428771033001 5.5787219368304 4.775822260017 5.7554144247863 2.2606985012674
0.199862009079 6.6083585116679995 4.953484779577799 7.942109768665301 3.2961849310127005
0.2282274892297 1.7096389085962 1.4734277562718998 3.4399120285977 2.1487938173051
0.2719298245618 0.6035087719303001 0.7701754385964 0.9491228070182 0.4052631578948
0.3004744660587 5.5662051849885 3.8835811018923003 5.096257714681601 2.1534815323765
0.5319563488128001 4.661209197263701 2.5960390590903 3.7292887429563 1.481506651879
0.28058422453352 4.63295668530515 3.7961768717185507 5.26823909158574 2.02204312685871
0.0483870967742 0.6707727756115001 0.48032612548699993 0.5994328252394 1.2010811768877
