0.5367965367959999 0.8419913419918 0.8311688311682001 0.3658008658006 0.42424242424200004
0.8216483238027199 8.16480174786896 4.75191592178162 5.830881016427649 2.4307529901208103
0.7081076735431999 7.094722962035 6.6453081015874 5.7928219689113 2.7590392939239003
0.3656937486324 4.4327672353172 4.0670540749431 4.7857074362872005 1.3487775048203998
0.33983252276279996 1.9271304223099002 1.4940611231536 2.0729907876465 1.1659851441276
0.9425531914893001 1.252659574468 0.989361702128 0.9515957446807999 0.863829787234
0.97139882810544 7.433896590855889 6.50181028011852 5.09459002607801 1.9983042748425197
0.7243082545691599 5.49642919901294 6.94127635420678 4.157891279456201 2.6800949127492
0.7184182635949701 5.31100759632326 5.28295113512509 5.412946657661831 2.27467634729355
0.3383153431371 2.8507064256015004 4.0306839775142 2.5649333941592003 1.21536085959
0.942857142857 1.7428571428578001 1.8285714285714 1.2285714285718001 0.257142857143
1.1528274998942498 8.69105267252704 8.89196446608938 7.53485873017196 2.72929663131703
0.7078007948214 4.888355876183599 6.2159497280656995 3.8380385577594 1.3498550431702
0.5054881999584 8.8688792529923 10.7682284819189 8.295186379526601 3.5622176856065
0.7060207991248 4.0643678160928 3.2722495894897 2.4372742200323994 2.5200875752607996
0.3559658526906 1.4840182648406 2.4522533253908003 0.6154457018063001 1.0923168552717
1.36368544066062 11.46012559973664 20.330938396463 13.680936594141322 5.164313968995639
1.4390471925013597 8.36198221167964 12.20163754617006 8.436771697994981 3.56056135166186
0.65969029300554 8.08648970176468 13.5518655918937 7.46878499869285 4.23316941464401
0.9765197127679 3.9389886323921997 4.6821167518828 5.052461258822099 2.3499136441312003
1.2143923720154 3.6773143035924996 4.2414984814683 3.8263893452416 2.0404054976765003
1.9713195859118802 15.005363562021259 22.93149900735499 18.19535782617429 5.896460018534079
1.41211504669828 13.461460932791029 15.435786997480982 11.056194930936089 4.63444209209089
1.0811840470023002 14.925295443271242 22.31127066495219 16.310254725410367 6.37199511937869
0.4049132374538901 3.00293661563976 2.72952866817368 2.7126278348791004 2.1499936438516802
0.4646536796536 1.4714069264072 0.9568831168831 1.1025974025979002 1.0044588744592
1.9727999656476598 15.381796012335819 16.87249793266165 18.20650206820704 6.56640402115099
1.38367456254859 11.59086692418701 10.31442592493769 11.21088312315388 4.5001494651793
1.09268188999259 14.144016125646068 17.52164430382985 14.858612047864357 7.383045632665639
0.87548313970834 4.64914397027034 4.1255391244114 4.25544671290949 3.0943870526967396
0.7721378228417001 1.2468918342158004 1.2478584858865 1.0776089790163002 0.6555028780375001
2.06549434710691 14.776947533680671 14.302578537078642 15.273681605925871 4.58129797622102
1.45495312630934 10.044511631362182 9.07637531131758 10.30423029986132 4.11992963114674
1.19872048782307 11.34535959565502 11.299674911437851 12.628768551917261 5.527476453167961
0.98796736156972 3.5126501461499604 2.87790252333914 3.3184884687557403 2.30299150018482
0.5157987807721 0.8741449113495 0.7765368327975 0.564521383033 0.2689980920468
1.44932913703434 13.117245329953331 9.77561649618906 12.808851418535369 5.84895761828859
0.52793017150663 7.122535999844599 4.59300061217656 6.1898619198423 2.5666712966246994
0.75157421402904 9.77778235839435 8.303640995377009 10.84967558263314 3.31732684956371
0.5666175945509 4.51921853228847 2.72967735468438 3.35398388807157 1.83050263040309
0.1550724637682 1.4565217391313 0.8608695652178 0.9507246376808 0.5768115942027
1.2871888546328 12.05330519092318 8.75949222626249 10.458521813129492 5.441491915053039
0.5842492241065 6.9825735987041 5.9253062958731 6.752581184133099 2.7552896971814
0.43357409398904 7.861074777022581 6.17034977185642 8.26886032875187 3.26614102837965
0.46291598385713995 4.9407074947783105 2.2099140849637102 3.90565361362958 1.48080882277451
1.2960784313726001 1.5357843137259002 1.1019607843136 0.7683823529418 0.29779411764700003
0.70774466562576 9.185465490832822 6.5689107655014105 7.86755835976008 3.6703207182803603
0.56234305537634 8.29455299083925 4.43651485347094 6.134159739012021 2.5724293613021096
0.30298503228247003 6.70018212753339 4.87473533220221 6.985486151104619 3.1366113568771694
0.7897694734454 3.9199281328701003 2.703683544125 3.5631211979749002 2.0234976515859997
0.0712484237073 0.6655107187892 0.5564312736443999 0.4902269861279999 0.2165825977301
0.48446282243819994 5.9630788495211995 4.8637469045495 6.3756982519667 2.3130131715235
0.5577242301304 6.7273788486265005 5.8023278539575 6.3617556869022005 2.5508133803892
0.12586943226046 3.82117049668981 2.79308791297356 4.16054389528057 1.0993282628014602
0.21957045365941003 2.33555201835724 1.7326097182839297 3.2929063283238293 1.41936148137421
0.5271929824565 1.3403508771932 1.023684210527 0.8649122807018002 0.2438596491229
0.5708175603746 8.446071495231898 5.4298781984947 5.792433993408499 2.7607987524906004
0.43911907741668 4.50063284771916 2.1231772416507 3.5299664617663 1.4071043714462803
0.34790074524564 2.84837568150964 2.48605689591684 2.9668474310609407 1.3508192462639599
0.2506118881117 2.1815559440556997 1.4221153846155001 1.9044580419572001 1.2412587412587999
