0.15000000000000002 0.5 0.05 0.15000000000000002 0.15
0.7054181736988 8.0484080259917 5.1723427354897 5.867119806214301 2.2067112586101003
0.6307070635969001 5.7590801013811 5.3750664509459 3.8013120572887007 1.4338343267897
0.40392204898419004 4.848807867301299 4.34687571534738 5.621533218839071 1.77886114953099
0.36372301654030004 2.4673043228797003 2.1417454347136 2.7749670825377 1.252260143326
0.0 0.4 0.2 0.0 0.4
1.11062595829699 9.58534760789885 7.590534887831311 8.15391611645803 2.55957542951103
0.3334706067945 4.7679545429601 5.4832996603885 4.676901189058801 1.7383740007933999
0.5979362063612 6.2052697757561 6.3838897591601 6.8135487874203005 1.9993554713027
0.2528038971795 2.2101598258361 3.2152224026822003 2.4596641358183007 0.8621497384813
0.269841269841 0.42539682539690005 0.7428571428572001 0.4761904761902 0.0857142857143
1.5833328179526802 8.46224595130095 8.46417115674356 6.60042953722283 2.88982053677509
0.8178083196169499 4.964415372694511 6.43904366919367 5.91964082562435 1.8590918128729197
0.7126320925040002 7.615820744063551 11.0222916439342 7.12042470178463 3.52883081770862
0.51078270388653 3.71119321291892 3.8567733990141897 3.1852900930495593 1.73596059113503
0.30298292634538 1.70034246575315 1.51779332936405 0.9327228509045401 0.5461584276359
1.08884835432349 9.32086848736313 17.04740667044911 9.44541190428346 4.09746458357989
1.21302785841424 7.3691731913961895 11.03403441852908 7.1796757527393895 3.2040887789219497
0.90673900692998 8.429605494040558 19.004846603435592 9.330115031509042 4.32869386408958
0.41861494468579996 3.6933474620721998 3.6848694699023 4.110270686990001 2.0928974363462
0.2257519331152 0.6355274375196699 0.8894123629622199 1.48855087420216 0.7607573922010199
1.48046098449446 13.67709325125586 21.47043487158797 14.56901460026032 4.8029962924078
0.86479075624706 9.661071928219512 12.431659872762289 8.0053411660724 3.0371362766933694
1.0532449700845001 15.687098864154 23.446541685859195 16.260919789579297 7.5521946903089985
0.34932145832318 3.54536535080845 3.5600590933141603 4.14485040489871 1.40040369265435
0.4157142857146 1.5409523809527 1.3247619047623 1.1038095238102 0.6147619047622
1.42546260476066 12.634830681566921 14.288391254606461 13.758722206639131 4.89259325242774
1.610762551418 13.91329307695475 11.79182569887967 12.77800139716198 5.906117275596351
1.2080887846464 17.17182872233367 17.16029126938126 16.010540287192377 8.449250936447791
0.64549922690776 3.9585588120801 3.78672870165746 4.16474204981638 1.44447120954156
0.1288945795987 0.4829278702513 0.6421254801533001 0.4699103713184 0.2761416986766
1.09389621166752 13.529673258817839 11.84371089244793 14.376609278840142 4.15611035822335
1.30447262132224 9.471285117142589 8.32041832695675 10.399885550858432 4.503938383724821
1.1683706451684999 12.9615285027131 13.0258738322808 14.63900400659 6.205223013246401
0.44723169583402 4.44716420566326 3.3638237592592404 4.59045711572494 2.15132322351552
0.2642777155658 0.9689249720052999 0.6408174692052 0.5254759238522 0.6005039193730999
1.27654845608749 8.594310958657278 6.45262330129199 8.74536177605313 3.9311555079024303
0.54424795117867 8.542394667984281 6.34035325689943 8.45243279380044 3.12057133013884
0.81133240581579 9.62435777626802 8.22402169177715 11.4616566123874 3.878631513751859
0.7228772989623999 5.337546946862999 3.7464122579623003 5.3760008929094 2.8171626033013
0.111111111111 0.33333333333299997 0.1825396825396 0.47619047619 0.8968253968256
0.81911168481718 10.44952554555122 8.14610660866535 8.62171796390014 3.96353819706541
0.6591416593406301 7.95872841673917 6.75497969571761 7.73204750997848 2.8951027182300493
0.9392736776406301 9.094987726519049 6.0944920827272995 8.96641850223673 2.9048280108748097
0.26208154426179997 2.0297079351474 1.5638524275291998 2.3479382757609004 0.7964198173024
0.0833333333333 0.7666666666669001 0.43333333333339996 1.0916666666669 0.6249999999999001
1.0137141059611 11.3611820192041 8.6118681644123 10.581962212680798 5.4312734977378
0.5656111373694399 6.363051374685769 3.8822397611012196 4.93091990854688 2.2581778182992496
0.2556256857891 6.7304288376939 4.8410941471382 7.825059455072701 3.3477918743049004
0.6363707165115201 1.7760260056868398 1.39392861980308 1.4231376134351599 1.7705370445620598
0.0384615384615 1.2884615384617 0.32692307692309996 0.2115384615384 0.1346153846156
0.88607764025437 8.663047000187648 5.33330996637915 7.15249693975072 2.9650684534287106
0.74900553577169 5.181506165107721 4.23117937919856 4.851962850739629 1.98634606918406
0.14765071179779998 4.06307907192335 2.8368652070481 5.27400050089235 1.6784045083391
0.307039596597 1.6773906694950997 1.1105113275657001 1.9640315793298997 0.9410268270126
0.7771929824567999 0.9403508771937 1.0403508771943 1.464912280702 0.7771929824566001
0.6137254060914 7.2981273452551 4.9514872313302 5.349639286127199 2.7870207311964004
0.71380406073398 3.8092458042118595 2.8091574483852 3.9323318621296997 1.73546082454353
0.30141655255813 4.59655523490808 3.9349556262027803 5.144747087078579 2.0223254992566297
0.0483870967742 1.3262672811055 0.6403993855601999 1.597235023041 0.3877112135178
