1.1796536796530002 1.7050865800862 1.539502164501 1.0562770562763002 0.5194805194800001
0.65796009887002 6.673672004417651 4.52581001518634 4.591505388173621 1.55105249335347
0.5056790063337999 4.0454804912584 4.1912378234376 3.7778971782569992 1.4797055007092001
0.37369471370098 4.12429167936886 5.10678202908954 4.91344766788022 1.4817839099600798
0.43859821168830004 3.5365611942926 3.298632218601 2.7636495169196 1.9625588584963
0.631838905775 0.4312310030393 0.7393617021277001 0.3658814589664 0.8316869300912
1.17696484906253 9.245097743681741 7.342563788666331 6.707689776073142 2.52768384252505
0.9355097487334 5.867998896033099 7.834991770403899 5.8496179710767 2.5118816137457
0.65912016300136 5.279391422757241 6.80223478847008 5.86011176703646 1.3991418587324997
0.19582754096830002 1.5313280891389 2.4452999973709497 2.0501600176003003 0.77738435492355
0.108108108108 1.1638513513512 0.8682432432432 0.5101351351351 0.34966216216199997
1.21452354071727 9.80471368064442 11.45969969335207 8.919319350125772 3.6017437351616595
1.5594830102702801 6.537194395954449 7.43874069713193 4.9643055002499406 2.50027639639467
0.65721760868153 9.137915905464011 12.433944753066662 7.99079391287319 4.78012781991433
0.45831964969802996 3.7158141444252197 2.43073280635539 2.12247871081126 1.27265468871563
0.24818840579738 0.7916666666666501 0.50181159420345 0.24094202898553999 0.21739130434809997
1.30856951367745 9.56646298463174 14.576031042048161 9.744262955309859 3.80467350434267
1.2962137070486 9.22066570432557 13.045001690729912 8.6641267546775 3.77399214321741
1.13393468779454 7.892204333624891 16.56733000616527 8.076614154508169 4.32991681790537
0.6279823549805 2.8775865300040597 3.20078242956051 3.4960858634699705 2.79756282198933
0.1830065359478 0.5098039215686001 0.5751633986933999 0.37908496732029995 0.3529411764714
1.79633057946624 13.693802071436942 23.5406308634608 16.639841182218785 5.32939530340858
1.1882288568584 12.761134816340341 13.90036269799046 11.428163502215881 4.72211012660018
0.8841050665989101 15.55945560816586 21.44344390902786 14.992152144963939 7.120843271249051
0.60851770165186 5.866143204646621 6.31116178859192 6.945290965845359 2.2688863392642005
0.9229870129872999 2.7797402597408007 1.8235497835500998 1.4159307359309 1.0577922077925002
1.7530192843903198 13.67705144756469 14.94842608861779 14.986999728940761 5.6345034504803495
1.28403194229384 11.227212609199622 10.18466154245935 10.50755594095584 4.7965379650851805
1.10644179176589 12.450641191868552 14.853415310698608 12.38740815632008 5.20209354935794
0.54587244784376 3.6384197336285005 3.8095278534716597 4.837060821290881 2.16911914376616
0.5691075198113 1.2878009251241 1.9725338105615 1.9434098448172998 1.2271478996828
1.26943343660892 10.47432350697322 9.60736303992178 10.65480681814702 3.9940731983456996
1.1431295353886402 8.46211211876459 7.3769317558438 8.539635378330429 3.47819121167402
0.66275744010186 8.235746968173009 8.455604242682949 9.403919577942451 3.24197177109901
0.43119964551010004 3.0714125489412 2.6124968375775 3.3350618658601 1.5498291021104
0.315789473684 0.8421052631570001 0.526315789474 0.21052631579 0.105263157895
1.8192744619937602 12.39778521938938 8.547215582109999 11.201317588622583 5.03440714788391
0.58764590196838 6.022947957668499 4.29528729986525 5.816340713007079 2.27777812749282
0.67068571260799 9.13449906321205 6.762927277102359 10.069458243996149 3.3624297030791803
0.8969144906366999 4.83810751896923 3.28221554240554 3.756780246302 2.2259822016832995
0.3464852607706 1.0340136054419 0.5734693877546999 0.770975056689 1.2750566893431001
1.3807734059146701 11.30671290996819 8.63840602548462 10.4336201636173 5.2404874950137295
0.80182990890429 9.619438252056161 9.92048492954212 10.221387802745708 4.436859106755059
0.5857956080265201 8.48197078291476 6.94332202424318 8.00118921239126 2.9877223724157593
0.46953757642068006 4.373810932652759 2.04578508047952 3.43172077629929 1.6791456341474698
0.2960784313729 0.8941176470587001 0.7019607843133001 0.6392156862745 0.4686274509806
0.9325267774554902 10.075679240105861 6.60892600559462 7.372623845571098 4.010244131271469
0.8580699976776 9.199627192417998 5.4551674695647 6.426412213135201 3.0607231272051
0.3070817131607 7.11671622493506 5.73411229670028 7.8314646510745005 3.01062511413118
0.72032213546242 2.8383921097936398 1.79424597555468 2.5456602518275595 1.10137952736076
0.0327868852458 0.3770491803275 0.2295081967213 0.2786885245896 0.0819672131145
0.97411092919447 7.044401108787451 4.31846536076995 5.95221443106422 2.71080817018311
0.9190208965609 7.013534932621301 5.6596767928113 5.982503097319599 2.425264280683
0.2583112522205 6.584557291530901 4.726926739512301 8.2122720400111 3.2179326767171
0.28103945357081 1.29817534490354 0.9989202995292299 1.99294518294983 1.42891971904601
0.3824561403507001 1.2771929824557 1.2105263157889001 1.6473684210526 0.48245614035030004
0.32688510119772995 4.79914348028313 2.43819760017615 3.61586513080448 1.81990868753883
0.7714601187236001 5.2094805358391 4.1443843909182 5.6324017928269 2.2422731616939
0.22425313450134 4.125272572116641 4.4085851834183405 4.23136220125884 2.0105269087092603
0.41614906832269993 1.0975075648981 0.8972766364072999 0.8208313425702 0.7682353878008
