0.3469696969696 0.7424242424245 0.32272727272720003 0.22575757575750002 0.36212121212110004
0.586492222455 9.197699606497649 4.6313722358656 6.6976983260997 1.88673760908385
0.7044554426034 5.743933512998499 5.7720398064829 5.7122141375331 2.067357100385
0.5668565099114999 4.460787501447701 5.0610241363533 5.2260831415759 1.6852487107108
0.1897943839372 1.7786516212069001 1.6733401300286002 1.7028580032528002 0.6553558615727
0.34017223910899996 0.722897669706 0.9893617021278 0.44921479229979994 0.4983535967579
0.9100760310764999 9.651056823148501 8.9385065417334 6.4257706565774 2.0745899474664005
0.60500215265156 4.14334618736734 5.895075125511401 3.46259774945998 1.89397878501218
0.56798289730806 4.46037565407584 5.13587295660198 5.14722146671526 1.6885470253004997
0.7165431037211001 2.2829864381592 4.1387145843645 2.3521965651814005 2.5095593085715997
0.272619047619 0.4142857142859 0.9845238095241999 0.5928571428572 0.7357142857143
0.48907401804536005 8.79341068844162 9.49257118984125 7.739141374513729 3.4858027291610503
1.07078432203563 5.75732655038585 6.94470309272773 4.874572868361139 1.3526131664909198
0.81146537630298 7.17387626014361 7.72340765883979 6.525226768042001 3.7660239366688395
0.0689655172414 1.8781074579003 1.0678962844158002 0.6607858861265999 0.3242448543173
1.010834113276 1.1365325165211 2.8345954224455996 1.5648345103368 1.4532034374207998
2.6966759918343604 15.29388406400676 25.77092460430454 13.263451227922321 5.97506411193116
1.19990884179749 8.37564014982986 12.5456435425566 6.820629560538971 4.0581779052753495
0.8947934415893499 9.623149597507519 15.372871878987251 8.796345543619509 4.3128395382931
0.643420216332 3.2473871258841998 4.0358648569736 4.0810698086309 1.9922579921827
0.6406130997708 1.8291444529047998 1.3658606245252 1.528655750197 0.6357260726066
1.8603656162605 14.11599395500053 21.30851443929161 16.063418939152243 5.65170705029974
1.0244692909329198 10.59512821122005 11.83972812033333 9.16161591720812 3.3790584603011498
0.60082701053511 10.75527246131418 13.453437451497308 9.78743176297529 4.403031313683749
0.47097633804608 5.194724444830859 6.4815451841151805 6.476153622771689 1.3766004102322997
0.3533333333337 1.3718181818177 1.6178787878785 0.8675757575751 0.7893939393942
1.49626451244418 11.437569221749621 12.65835571579436 11.953545843263221 4.4542647067456205
1.42929057440949 10.47602523456136 9.61074271824461 9.222740459892659 4.261201012898531
0.9847330257588699 12.348775042272832 11.90480531930252 11.307705071596432 5.4539815410734995
0.43853894670759996 3.8402854109871 3.4401594857932998 4.336861719398 1.9441544371109
0.2505162012203 0.8315765188998001 1.393476831505 0.7131536145615001 0.8112768338117
1.58633004516848 13.17393490941683 10.83719137041971 13.890789566558349 4.511754108441529
1.57372479758717 11.78700270536465 11.04664891430401 11.7611230317254 4.831500551022291
1.06361808299877 10.869598364133061 11.90830513593285 12.897381090380351 5.26109732655582
1.1392644771771 5.4310434170702 4.8128033083195 6.1547248357942 2.4621639616389
1.4330438164376 1.2091651542652 1.2808746002928 2.1254429176397 0.9514735113638999
2.38319102776598 14.02268474783435 10.98334628008175 13.554404065189331 7.056373879119451
0.7748876505519999 9.776709012088622 6.38620174004936 8.43824656875788 3.62395502854338
0.76255800298733 11.38750578014947 8.463995595532001 12.61101720504633 3.77492341628341
0.77676828255664 4.37307490471882 2.70676017510874 4.22063883634738 1.92275780126986
0.1020408163265 0.36734693877540003 0.1734693877551 0.32653061224470004 1.0306122448986998
1.1013729267243302 13.784098508597832 9.958390703473 12.00220773335235 6.1539301278506295
0.37035524071579 6.338897750661061 6.37723799136102 6.869808681314511 3.0437003359439605
0.6676447064406 10.88655703647979 8.887168474436981 10.15759831300691 4.40103146962965
0.6230482736622 5.4882049014091 3.0479879744922997 4.2953139844007 1.5454448660306002
0.1666666666667 0.8083333333329001 0.7666666666664 0.6958333333334 0.5624999999999001
0.7296648290923701 12.748438063883631 8.79999492711839 11.185736888331661 4.53616529157526
0.3679900596167 7.1222376670473 4.045864648949 5.420982908370899 2.0429247160151998
0.3571125070621 6.922057516546389 5.26559206402602 7.32534033439377 3.12989757797701
0.45586041575140007 2.4775891419375 1.4079660476402003 2.6213523955919 1.0372319990801
0.10344827586210001 0.620689655173 0.3103448275863 0.6551724137932 0.31034482758640003
0.9942876756283 6.98801544084567 5.78139279133027 7.104210922266019 3.1320931699320598
0.40891705455759997 3.7631467702985 2.9015646543166005 3.5268393557041002 1.3995321651277
0.236597603343 7.837793569005101 6.828439895406801 8.589777220193602 2.5073917120473
0.22633124109230002 2.1084740704548 1.6998397839037 2.6966098479103997 1.2687450566374
1.333333333333 0.5333333333331 0.2000000000001 0.4666666666664 0.466666666666
0.6710707318382 6.230790482775 4.258699213940799 5.758902335297201 3.0805372361534
0.38713808722980003 3.6744896666818003 1.9702342920959 2.7525370151753004 1.21560093881755
0.43369878846729 4.18532569260627 3.88894748176507 4.29870652215326 2.1933215150128795
0.2896937739678 2.8720025941803 1.8085918114144 2.3176094067216995 1.7121024137156
