0.292857142857 1.2380952380949999 0.3833333333332 0.8404761904759 0.245238095238
0.8518531085505001 6.541339300536649 4.0179954533731 4.5053034203287 2.0835087172151496
0.6039011247353999 7.5964737154731 7.049448704245299 6.2832954702836 2.4668809852657994
0.38043381705629997 4.980842775793799 5.8770790147879 6.5029862734564015 2.2586581189026
0.32329887687680003 1.8863265735546 0.9364396748988 1.0204174228672 0.8335174518021001
0.740172239109 1.347897669706 1.2893617021277999 0.9242147922998001 0.6983535967579
0.65423898033444 8.16327479824669 7.73417808564417 6.237107912395911 2.21120022338057
0.4414517941124 3.3474916433204 4.567570536112301 2.0824779787299996 1.5610080477259998
1.19859402934136 7.194421703022639 8.21591536472998 6.748390137090159 2.6426787658136
0.38421119110754004 1.1572990832512802 1.12385738883081 0.8336145403294599 0.5010177964807699
0.047619047619 0.3142857142859 0.4095238095242 0.1428571428572 0.0857142857143
0.9518147559114499 7.82209461502973 7.517164157798081 6.645806060988729 3.06312041026618
1.3746892358861302 5.996058570628549 8.82172236106493 5.89383992518114 1.9136899072394202
0.6136422521906901 5.98757240471033 8.99224973397021 5.314572398249211 3.09196321087569
0.5417350848388001 4.2290503557762005 3.5405035577436004 2.8460043787643 1.8427066228815001
0.7137326640011 0.9263875889842 2.1969142630247998 1.1010663943962 1.0618990895953
1.15103100832675 7.89201028749385 14.210944121794169 8.59583054059333 3.1501840417894797
1.43195476514679 8.533307158858909 13.65006825375011 7.97303444010281 3.41163538214812
0.7096316286264701 7.58741318287716 14.68224768097396 7.80756159506622 3.2131459124553703
0.5344154818483999 4.0008526030030005 4.9082237975771 5.0850393669818 2.4714687505954003
0.8555768351104 2.9546359737586 2.4368703595355 2.1102969497377 1.6426198818559998
1.48866137357352 10.649985865934811 17.14082485976171 13.663398308748992 4.05712959197497
1.2890270756104 14.4214113449148 16.636738468858198 12.596747866061401 5.0560752445522015
1.42651893922406 16.21141676801036 17.11616267156939 13.75820922787865 8.487692393311521
0.5875120835276 4.9953849672285005 6.1768941108841995 6.496792159682601 1.7434166786767
0.4095238095238 2.5904761904744 2.9523809523808 2.3885714285702004 0.6590476190474
1.73445806905392 15.600363227109728 15.984147359207402 15.502640918597809 5.1783904260338
1.0511590765185401 10.217592019903421 9.40316768286825 9.680161228270242 3.64791999244898
0.8254086056179801 12.071706581895699 13.961499126127318 12.277955011128661 5.863430675223281
0.43641105894585996 4.291486697963499 3.94335941575332 3.53587897756932 1.7928638497643599
0.5088403911930001 0.7366912366905 1.5823818470868 1.9731175025280998 1.1989690224981
1.53142559775348 16.47967623772834 15.86117288691733 17.827205110944213 5.30052016665069
1.43349079949786 8.793830631711339 8.13051854679607 8.88360352200189 3.75855649999258
0.9988828242752 12.798144061650499 13.4880730147554 16.6545082361678 7.0603918631527005
1.0631706978354 4.9427961548353 4.1282610181659996 5.5138769849387 2.3518951442205
0.5151240169395 1.2749546279499 0.8548094373874 1.2156684815492997 1.1394434361777999
1.3951075614174702 11.57218957912178 8.944786503370722 11.446735726043112 4.641180630042612
0.92371022803522 10.469842676590268 6.90344462326735 8.72586576440991 3.97713670769874
0.99408111927988 10.064521175843419 7.97513263683094 11.487945429516767 3.47831963853147
1.0830647050345 6.621588580877001 3.9307710540947998 5.6636914054697 2.7008842545248006
0.0 0.0 0.0 0.0 0.0
1.17171994917214 10.29718488376565 7.60858206548707 9.036638851754919 4.88587424982538
0.51345313199409 6.697441452227331 6.61482192551919 6.57334271026226 2.60094077999549
0.60678427479276 7.9814111325128705 6.48042494379818 7.81116966095356 3.1202099879375993
0.66161580902268 4.55145464261426 2.15538848516882 2.9473484407740895 1.68419262242027
0.2601809954752 0.5248868778282 0.3891402714933001 0.3597285067875 0.466063348416
1.58713047631761 12.773878294398209 7.70656367855028 8.96180982839158 4.9706177223451
0.5995082673257399 7.230308077792169 4.249713589187619 5.74253921536128 2.1779308503288504
0.3575322668622701 9.43051473912459 7.03829015129231 9.32367248610402 4.849990356615369
0.2231414613423 2.6083626653722 2.2113874054302 2.4665468098877 1.4905616579681
0.0517241379309 0.310344827586 0.15517241379289998 0.3275862068962 0.1551724137931
0.5869914346019 6.4092537440361 5.5416081317324 6.1742795217726005 2.2878671678543
0.30364710696609 4.057489563739019 3.16562912645356 3.9209638331437304 1.55227036969356
0.29720263534746 5.001859489089961 3.3883098173442603 6.840886681486321 2.47174137673316
0.04745485890561 0.50113419834807 0.5435985845201 0.59177933036906 0.31603302785622
1.421052631579 0.947368421053 1.4928229665069999 1.7177033492830003 0.42105263158
0.2496929446813 5.8821665666482 3.7792161875072 4.6855894276116 2.403334873554
0.4520565580962 4.513402187101899 2.4380641170223 3.9386532051315 1.6578239326496003
0.52819966167374 4.91785249186554 4.1713193043621395 5.05069006282374 2.3319384792745605
0.0804195804196 0.578671328671 0.3461538461536 0.5419580419586001 0.45279720279720004
