3.13325039400614 2.49616491888362 0.39925289080360005 1.6500918666722602 0.38706225131607996 0.5149464728602999 0.21492632279378002 0.72586564472308 0.16109934697728 0.31733989096058
2.5972213984629997 3.7567486016923994 0.2117473968818 2.3040209850599 0.6291175172642001 0.6631773007892001 0.1718360206576 0.7760960062919999 0.37726034899259997 0.5127744239098
0.16666666666660002 0.15584415584410002 0.18181818181810003 0.5367965367963 0.22943722943710002 0.1428571428571 0.077922077922 0.24675324675350002 0.15367965367960001 0.108225108225
3.3027970919458998 2.3162579839293 0.3543538280518 3.2738512674090003 0.7416720422155 0.2706515384364 0.7460957390199001 1.0068118308826 0.41004001820510005 0.5774686599086
0.9730423620038001 1.0166880616166 0.340179717587 0.8960205391532001 0.4980744544304 0.1014120667521 0.0526315789473 0.5102695763816001 0.1418485237482 0.46983311938410005
0.9515951595156 0.5843417675103999 0.056839017235 0.7057205720569 0.1024935826915 0.2433076640997 0.0 0.1321965529885 0.1024935826915 0.1210121012101
1.8598084678584998 1.5413339841701 0.1444277861067 2.8831049591478 1.1628255639626002 0.0695001336541 1.2033227572271 0.7854096207702 0.5275385563025 0.8227281707981
1.3718814931940302 1.7376072664148199 0.39871459870440995 1.81828450931133 0.8460618815176 0.5689231024838101 0.32811520907881 0.5780840946217201 0.52358784589441 0.8287399987745101
0.3845954468252 0.8184215520844 0.35726542002920003 0.8196826515361 0.42097436077629996 0.0243902439024 0.22851173080589998 0.3651850037473 1.0424003695817001 0.538573220712
0.3781512605041001 0.3075630252105 0.11140456182470002 0.9382953181273 0.3106842737095 0.3529411764708 0.0674669867947 0.1930372148859 0.09411764705879999 0.24633853541409997
4.067636807772221 1.92960333516186 0.34375624102816 2.438039837788 0.6668549760559002 0.44531170666566 0.4320825301642 0.90895097498016 0.38211657488946005 0.38564701549126
4.86983666425486 3.7652630760428907 0.30101575960259 2.37651230068985 0.56493876021389 0.69375696552538 0.14986827436469002 0.5735294790589801 0.21145611634730002 0.49382260389898
0.4468085106387 0.08510638297869999 0.0425531914893 0.25531914893609997 0.0425531914893 0.063829787234 0.0212765957447 0.0 0.0425531914893 0.0
6.099476899622699 3.5510008024752002 0.6843774778564999 5.3744372858235 1.1845465454529998 0.7600737145852 1.4278561903476 1.7893044538875 0.6804859417352 1.4484406882085001
0.4952670723463 0.5706558485464 0.0638945233265 0.6872887085868 0.1619337390128 0.2653820148748 0.0980392156862 0.1080121703854 0.41700473292789997 0.1325219743069
2.0329742266111 1.11240788538402 0.10359106722028 0.84983727976628 0.2040362099278 0.16407436501696002 0.03377847604086 0.24321624957948001 0.0263157894737 0.22976845097836
1.81511504645805 0.5303984535759 0.17160316767470002 1.0831826401455498 0.22229843487 0.0576791170418 0.40088545239085 0.36434495229775 0.19130760117200002 0.1631851343766
0.6670828493997001 0.61610530391 0.1814750290363 0.9369241192407 0.3075590398759 0.1346012388694 0.2029616724737 0.3134630274872 0.39605110336840005 0.2437766163373
0.1578947368419 0.4105263157894 0.2210526315792 0.3157894736839 0.22105263158 0.0631578947368 0.1894736842104 0.3157894736835 0.8842105263167999 0.2210526315787
0.8267622461174 0.43010752688130005 0.1804062126641 0.9689366786156 0.2078853046593 0.0645161290322 0.1983273596175 0.2724014336915 0.2819593787333 0.5686977299881
8.35122500858292 2.9533158249773206 0.89122943682562 4.620568487344119 0.6949198445105201 0.58017558401892 0.48645767220380004 1.2586727002609202 0.5191911279640099 0.64424431331042
7.28105307683415 5.6052622402828005 0.34410162524865007 5.03622276210085 1.71841266606945 0.8268553771491001 1.1397405184936997 1.5025955447455 0.6396709513048501 0.9060852377711499
0.4571428571428999 0.3238095238093 0.09523809523799999 0.2285714285714 0.1523809523809 0.0 0.0190476190476 0.20952380952439997 0.3619047619043 0.1523809523809
11.07731325563816 4.18585485359087 0.43003950564246 7.1292957744013705 3.2576102458360503 0.84593539612133 1.21943860044471 2.0692073074975403 1.04916509363406 1.73613996719343
1.6307315334576 1.3949924262676998 0.2513409961684 1.1446582910093 0.5621402477068 0.7853069589245 0.0697674418604 0.6453176512528 0.1367816091954 0.378962844159
3.9012563523450003 1.7015951439855 0.2193817052509 1.7472190852607998 0.6078769057033 0.4336674195378 0.191671372106 0.8495906267642 0.20471485036679998 0.1430265386786
1.1753968253957 0.5940476190486002 0.15793650793640002 0.8948412698423001 0.1873015873018 0.015873015873 0.46587301587400004 0.2281746031746 0.106746031746 0.17380952380929998
0.9063312359679001 0.6712454212456 0.075206043956 0.9521778624602 0.3439604750096 0.44320128795909997 0.069597069597 0.3636380420653 0.16365355075029997 0.010989010989
0.3247075505146 0.1084721729883 0.1963842609004 0.2396313364056 0.1407302375045 0.0652250974831 0.1033321517192 0.2403403048563 0.3745125841903 0.20666430343859998
1.16814159291928 0.23500491642053994 0.0 1.1543756145510802 0.40845624385442003 0.12389380530972 0.6930186823990601 0.18190757128798 0.6841691248768601 0.35103244837724
8.433018400790171 3.86725116137144 0.65597191498228 4.73420352302252 1.12825439974542 0.6513627555301901 1.1163729461170002 1.2677471806660598 0.46445921714046 0.68135850064169
12.56832303548887 4.767304820276739 0.64387023068518 6.4076096185692 1.6345422677676398 1.0243665149674699 0.9824323746673999 1.55342433351281 0.69558186827124 0.72254493578773
1.445673445077 0.3122465186195 0.3219461697729 0.4660086786352 0.2815025950824 0.062111801242200004 0.330327008707 0.3448197623296 0.1860234266428 0.249340593891
12.53256303187789 3.6361319948386197 1.1100383016413802 6.0753092521133 4.0339182971398895 0.65126833396995 0.7342408213655399 2.9292478259759895 1.0276055095985 1.26967663146984
1.0638348362601 0.3991457047936 0.24529346622349998 1.1568580920742 0.5219901914258 0.24687549438370002 0.0461161208669 0.8137952855566001 0.2763012181615 0.22978959025460002
8.563702074969399 1.5689842545546002 0.1309171784565 3.1187605833112 0.71342280183 0.4013445548056 0.1395101978919 0.9104556827645 0.23868375161080002 0.2142189198065
1.6538659309429 0.7610938197091001 0.33837072257350004 1.7598377291743001 0.6981623885086 0.029418118968700002 0.6247832963883999 0.465423808152 0.4307202727438 0.23832391283760002
1.79647048414775 0.78643315734288 0.41293314517033 1.53109442101134 0.6951420735834 0.30729064170708 0.13043947286782 0.60862100126325 0.33557240936928 0.39600319353518
0.45162601626040005 0.25650406504049994 0.19552845528459997 0.5796747967479 0.2065040650407 0.0243902439024 0.1532520325203 0.4130081300815 0.348780487805 0.370731707317
1.6490147783245002 0.8838259441701 0.3169129720852001 1.4835796387522 0.275862068966 0.0689655172413 0.1637931034482 0.2955665024628 0.41174055829190004 0.4507389162565
14.237347356880989 7.99409687103285 1.08852468275018 9.52061114007749 3.41436784437209 2.0923496545193006 1.6938123529051 2.9458663674112002 1.14397993319279 1.86904379684738
15.62010711236743 7.40529932995031 0.9374027494642899 8.915375989377772 2.40901514624413 1.4809645206298998 1.38204001234393 2.95325681041861 0.7024253594730501 1.19411296972635
1.5434487182738001 1.0414524828438 0.42288960353829996 0.9015978324172 0.6448557899266 0.2095836182081 0.4973707089375 0.7230170587391 0.4329847306979 0.5827994564156
13.29587798144016 5.455567626585099 0.5642663391219799 7.72170403937892 2.78902297644942 1.3560421551766 0.9525322271382601 2.43446120286381 1.06431011783681 1.36621533401406
1.9012937122719 0.6842235477231999 0.17514596996929999 1.6849882594248 0.3055158205354 0.43226903457410004 0.1751459699691 0.5033062535421 0.5690984498839001 0.5690129821052
8.811826956827801 2.6780986506078 0.2324247443741 6.1633251449004 1.0997054764616 0.7505483857241 0.2308208481943 1.1173890243464 0.29917989136269996 0.6166808772010001
2.5523424758287 2.1732465397369998 0.3103674372472 3.2223029242418004 0.36043724924189996 0.2751236307477 1.0426249082135 1.0291763437880002 0.5273947280119 0.5069837629437
3.7765852092862198 1.8997596668708798 0.26406789307990003 3.0510026236871397 1.5587198244959801 0.5934036973612999 0.46161034352376 1.71883559422188 0.73479096646768 0.9412241810068599
0.8609387540879 1.0077201045286 0.2350684525522 1.0224424113618 0.7072970998972001 0.067265712255 0.4074663867292 0.30101423385 0.9437171737887999 0.44706967095030004
0.9062896701143 0.8788332966618 0.26237792183619996 0.9289255428984 0.38387129534029996 0.14798496978710002 0.24223439007449998 0.45062625886499996 0.4524771076999 0.3463795467243
10.44074319495644 7.976939367517119 1.12459431039618 9.61942856133872 2.67969521762506 1.33533810413456 1.45216392487686 3.1837948522933 0.8127888212830199 1.37451364558542
8.425554824342369 6.21899111831466 0.74736284906685 8.046279618500861 1.68199481250342 1.40636048304172 0.91663998871326 2.5510400977746897 0.93594929351398 1.06982691422343
0.548333333333 0.1600000000001 0.1216666666666 0.4833333333326 0.3983333333337 0.0683333333333 0.345 0.22 0.361666666667 0.29333333333269995
10.72618639679999 6.23714679689378 0.41587083301179006 8.40625304284328 3.3298596599025 1.5873800980221002 1.4704839871008801 2.76646008427545 1.30882339799268 1.7515357031654801
2.1606908115365 1.5065191146876997 0.3290811535881 2.6212340710941002 0.7547417840378 0.4121126760555 0.2906170355465 1.0595372233405 0.2929979879274 0.5724681421864001
4.4684012643337 2.2723527253266997 0.5683407684087001 3.5258352087457 1.1495175019139001 0.6910744747622999 0.36475663662109997 1.3655731425892004 0.2766077368132 0.31754054048880004
1.6499739175804 1.5652060511199 0.2960354720916 1.5553468961913002 0.32566510172109997 0.18930620761599998 0.8859154929573001 0.5942618675013001 0.378612415232 0.5596765779853999
2.148281989793 1.6089983290034 0.3983880965403 2.3112561394882 1.1950768561938 0.3402382008018 0.7479133885872999 1.0731886070094 0.4720465031483999 0.7046118894357999
1.8454988149118001 1.2018397288976 0.6406405359346001 3.1877118959498 1.1474255156608 0.8077804548388001 0.8692201915738 1.4974276703698002 1.0670302246783 1.7354249671900002
1.518303277141 1.6364290990016 0.5183584718767 2.6572111007845 0.9533990377178 0.2252975878067 0.735914864217 1.0880061378388 0.8756033918428 0.7914770317752
5.362806207203 4.54602521241808 0.6354294926316401 6.15201749239647 1.63813436922595 0.81946258361 0.97821366586808 1.57591843502489 0.50016529775205 0.79182724386939
8.32782992103532 7.044302742590121 0.90154600911871 8.307799758060519 1.9378538430654002 2.17680571601241 1.1901522944419103 2.04881959707131 0.7882083514849001 1.27668176711064
0.1486486486486 0.2405405405405 0.22162162162159998 0.1756756756756 0.054054054054 0.0405405405405 0.38108108108110006 0.0675675675675 0.3027027027031 0.3675675675675
6.32373822279958 3.86646864688891 0.3791962379189201 6.14694571951393 2.18593633025541 1.0561600572590801 0.8893302009609 1.63293962796682 0.7409409739681199 0.7783439824660999
1.9820199466197999 1.8972021095908 0.5409212223366 2.9810238925263 0.942458721219 0.44394641739799995 0.505522992248 1.6550715754254999 0.460406849787 1.5914262728431998
3.5392966596535 2.2420936476666 0.21875041882750001 3.4238537520271 1.2303703778171 0.45668929453720003 0.23164752344289996 0.9181303302813001 0.23253543841759997 0.5066325573287
1.3149043938523999 0.6087728061412 0.1297255376202 1.5409984752083 0.3882652435284 0.21702420386580001 0.7211034579448001 0.5788246840875 0.2100311968731 0.29035000087630003
1.4983566646386102 0.7776171637244299 0.7566646378575199 2.32170825725473 0.73760904848917 0.14155508216683002 0.26204098194333003 0.54407587745905 0.34295496043806 0.61741732602941
0.25000000000010003 0.6833333333325999 0.0666666666666 0.8333333333335999 0.1333333333335 0.05 0.1666666666667 0.3000000000004 0.3666666666667 0.15
0.3598402323891 0.24872912127809998 0.3340595497461 0.5181554103131 0.2552650689903 0.0787944807553 0.1623093681915 0.174655047204 0.54938271605 0.31880900508349996
3.6566600922566894 3.760866679892579 0.42698379216728 5.67132551526157 1.44819447584838 0.8293371831235998 0.7852617527434801 1.3646956638745802 0.21886337248198 0.83781147234748
4.24670069211928 5.26975990641299 0.495002389662 5.8934648681368795 1.36063965283217 1.4194828576500902 0.61248834447319 1.11641431606399 0.79794579001407 0.78810118263349
0.8218822919366999 0.820931639444 0.7588583527785 0.8945207847211 0.7271627344227 0.0689655172413 0.2828947368421 0.8844633134562 0.1745311554748 0.5657894736844
6.622923599883361 5.02259774760404 0.6648159457548497 8.20075491433429 1.85566136267759 1.8602960482979898 0.76200203851618 2.0185978014035397 1.31860182240794 1.6737487191167
2.00726158010477 2.92293645989718 0.11286817962328 2.88822335267227 0.9452448636769001 0.3446181677218 0.36360606905538007 1.69637210029938 0.51658721036959 0.2022820165803
0.8623895862386001 0.7005047486219 0.095802616723 1.0982931526867 0.3687985654516 0.20415753470179998 0.044298333001199994 0.49027030616979994 0.0409776183834 0.09450753802220001
1.4417874396135 0.9536231884058001 0.1388888888888 2.0079710144944 0.3782608695653 0.1043478260868 0.3514492753628 0.5630434782611 0.3946859903385 0.6659420289853
2.1803219888516003 1.7634404408171 0.26883377368 2.9718786014989003 0.9526612884258 0.5982809490579 0.23593974175030002 1.2538369619468 0.43061334289810005 0.3441929110708
1.1798188298187 0.9414760914764 0.3180873180875 1.5152509652505999 0.519973269973 0.0964656964657 0.7915948915946001 0.6879417879419999 1.1096822096839 0.8397089397093
0.6380343441724 0.5105468274266001 0.2274388016077 1.4902813299231 0.5597369382535 0.0861283643892 0.33444160272810003 0.4474363658513 0.3527584947029 0.35319693094640003
5.8868929617634 4.2643663010815 0.2936280785805 6.408048609507 1.9941225496676003 1.4138110975767 0.8562686226625 1.9657858004339002 0.9194268402611999 0.9976491384764001
3.67496613826317 3.4300093128622398 0.38406304733778 3.7645131508129204 1.6066568638905698 0.9665472223139701 0.7904106130841401 0.80485875203071 0.79788889039137 0.7800860090195401
0.30035492457870006 0.5097604259097 0.103371783496 0.33584738243129997 0.205412599823 0.0652173913044 0.0829636202307 0.2298136645963 0.0625554569654 0.1047027506655
5.077719666512699 3.7020107508177906 0.35770903337503 5.18114903808108 1.36244036083964 1.20539972994724 0.82731358526071 1.60533648563626 0.6449677386573499 1.03595361086736
0.52810529763331 0.8639564398603 0.15467125194452 0.8822566118067798 0.28039793662488 0.35269794481261 0.030254646687900004 0.6511504134945 0.10288217473172 0.15362728240384999
1.8011147919305 1.0685811062316999 0.1184861907243 1.7057060969266002 0.6088643638799 0.2413319809424 0.1885701258095 0.838853011242 0.2329384724185 0.19555385989719998
0.9598639455774 0.9325912183049001 0.6134508348794 1.6682127396427 0.7119975262828999 0.16666666666629998 1.0911719233147 0.45493197278939995 0.7007730364870001 0.7003401360538
0.57362258953134 0.6804014167655099 0.0869047619047 1.30763970877643 0.5360094451009 0.2764167650531 0.35448642266781005 0.62144824872102 0.1607142857142 0.4023563557653
0.48934659090899996 0.301846590909 0.214962121212 0.693418560607 0.2646780303031 0.140625 0.339015151515 0.3087121212121 0.760890151515 0.4865056818181
1.2779411764706 0.8682773109249 0.47394957983179997 2.1920168067219 0.2928571428569 0.2632352941176 0.6493697478985001 0.7065126050412001 0.5491596638651001 0.7266806722689
1.38611858429324 1.9723920235386698 0.12234861125507002 2.04968879266273 0.60588010128117 0.4257540599092 0.32063490182130006 0.59027741118114 0.20991545485035995 0.31699005920739
5.1004123526248 5.400086479843799 0.36492668632209996 5.428781412693601 2.0851295629503 1.0760945718168 0.9784081659739 1.9501480141221001 0.4517184514053 1.1642943022468
0.0 0.25 0.125 0.0 0.0 0.0 0.0 0.125 0.5 0.0
3.72967849855867 2.7169163711058304 0.22019892563467 5.016473374143949 1.1840500141319898 1.3541965362772899 1.08277058386401 1.12765853238377 0.64236217116888 0.92569499272837
0.6753246753250001 0.51948051948 0.181818181818 1.1428571428579999 0.23376623376599998 0.46753246753300004 0.025974025974 0.571428571429 0.025974025974 0.155844155844
0.6230769230772001 0.5538461538466001 0.0461538461538 0.8307692307685999 0.18461538461569998 0.1384615384614 0.1615384615385 0.2999999999999 0.0230769230769 0.1384615384619
0.7609371021146001 0.6993633817173001 0.20336134453820004 1.2727527374593002 0.21948051948010003 0.0151515151515 0.7605042016813 0.8347593582888001 0.8134453781515001 0.4202444614217
0.9783753501394999 1.5323335488043002 0.0721827192416 2.3214307261364 1.181564318034 0.6158155569916001 0.2973324714501 0.4887308769662 0.24318896789490002 0.2690454643397
0.75398298095684 0.48952375597137 0.20164460296026998 0.8526122999803499 0.28106189619337 0.24922616369974002 0.17324293640081 0.56219876614584 0.6853806524868001 0.75112594520577
0.46551724137920003 0.3275862068965 0.0517241379309 0.6034482758624 0.1206896551725 0.0689655172414 0.0862068965517 0.10344827586210001 0.051724137931 0.1206896551723
4.6696813276689 3.6354832510572 0.6046779901516001 5.5372864521193 1.8267161369936 1.2409842416506003 0.4360905539716 2.1171418726061004 0.4588861407931001 1.4730520329841
3.32750621978168 3.3338103379471096 0.26620622582427 3.51615606399945 0.92927140160427 0.8986472062855 0.36807949460684003 1.3605320609446099 0.5601357505679699 0.4396552384357
0.620276557812 0.6304083141278001 0.3738204983258 0.9916293429574 0.6548028003655 0.13851806757399998 0.1057311823281 0.3437187459235 0.7628929860416 0.37820150454429996
2.4354822480770997 2.41143586353106 0.17697865447016 4.60797385254262 1.1740533896891598 0.5778282684940199 0.6601636239716 1.43770895625948 0.74584846700956 0.7725266759575999
0.7532900481566001 0.6805432837357 0.16300759940159998 1.1225777447314003 0.4627612024173 0.2873317367963 0.11084924827280002 0.8467324301663001 0.22298321906820004 0.34992348725270006
0.6751361161531001 0.7114337568065 0.103448275862 1.1935874168178 0.2256503327282 0.18995765275249998 0.0695704779189 0.6237144585605999 0.0344827586207 0.1730187537809
0.0 0.0 0.0 0.0 0.0 0.0 0.0 0.0 0.0 0.0
1.1043868034751 0.8838017547209001 0.4046948356807 2.293185053002 1.2378242304528 0.2800904977379 0.3281328999639 0.7491045822445 0.8963524738170001 0.8224268689056
1.1334841628949 0.2126696832578 0.3891402714921 0.6628959276013 0.4660633484157001 0.2149321266966 0.3280542986428 0.33031674208120004 0.6402714932122 0.6221719457018
0.40548578982169997 0.32253800396610005 0.1877065432914 0.3397224058163 0.1192994051553 0.0337078651685 0.096827495043 0.1192994051555 0.2058823529416 0.16953073364170002
1.68635382042224 2.02923093689914 0.14143660096088 2.3063660978927203 0.78096836327058 0.46565969506132 0.2722484675402 0.55910936667 0.23367725992035998 0.52494939136168
2.0739377975316 2.38602888071 0.1660751340718 2.7839818236313 0.755746339283 0.6783582612449 0.2313820089438 1.0633071213769 0.30912730117480003 0.5520553320364999
0.5333333333335 0.5333333333331 0.0 0.4666666666665 0.0666666666667 0.0666666666667 0.0 0.133333333333 0.0666666666667 0.133333333333
2.9090548805938 2.2285276536147 0.1766935222954 3.5614331102071004 1.4173102888214002 0.5579198904581 0.7803541665588 1.3457834404056999 0.5591457617687 0.4637772852721001
0.6142665130569 0.5311635944697 0.10201612903219999 0.9312596006143999 0.24116743471559998 0.24844470046070002 0.25806451612930004 0.4767665130575 0.1528417818739 0.44400921659000003
0.0 0.0 0.0 0.0 0.0 0.0 0.0 0.0 0.0 0.0
0.5357142857137 0.51948051948 0.30844155844129995 0.4155844155843 0.0227272727273 0.113636363636 0.7597402597395 0.0681818181818 0.0 0.2564935064935
0.4838709677423001 0.3225806451615 0.0161290322581 0.46774193548410004 0.1774193548387 0.0645161290323 0.1451612903227 0.2419354838711 0.0 0.0806451612904
0.2978142076506 0.2877959927141 0.1830601092896 0.5892531876144 0.17668488160289997 0.049180327869 0.16029143898019999 0.3597449908925 0.44808743169439996 0.4480874316944
0.6276183219037199 0.45134196935058 0.12585555837770002 0.6820760308185501 0.26897976462640005 0.11404284141906 0.10679874693083 0.14070950808569 0.19023960714593 0.29233765134185996
