3.0844952100756 2.7967337294626 0.1048954416449 2.4483045686346 0.630230893887 0.6859171790335 0.6062539004249999 0.7544414265739 0.3394635210301 0.5492641292338
3.5688969168219 5.9200483247098 0.3318150767435 3.5941300771632 0.9172515618905999 0.8445872329776001 0.24630410576370002 1.0889453613500002 0.5869725905926 0.9010487519842
0.16666666666660002 0.15584415584410002 0.18181818181810003 0.5367965367963 0.22943722943710002 0.1428571428571 0.077922077922 0.24675324675350002 0.15367965367960001 0.108225108225
3.7542072410705 2.3597064870723 0.2830091892152 3.4349835058091003 1.0996126554869 0.3212408843926 0.4183011571354 1.3925289725807 0.3728169028268 0.5635930044115
0.9987163029523 0.6912708600761001 0.2066752246466 0.9236200256734 0.2856225930681 0.1238767650833 0.0263157894736 0.31001283697049997 0.1258023106544 0.30808729139909996
0.7388888888889 0.6259259259262999 0.0703703703704 0.6388888888886 0.19259259259250003 0.33703703703710003 0.0 0.1592592592592 0.09259259259250001 0.1444444444445
0.8521239380287999 0.6322338830570999 0.3154422788603 1.9167416291847001 0.4172913543222 0.0229885057471 0.6011994003007001 0.466366816591 0.3128435782101 0.4627686156919
0.39718761564063 0.24978413716532 0.23374861231000998 0.44862464536783 0.3995312692735 0.12075983717771 0.03811520907851 0.31318613543862 0.27692117922781 0.52214135931921
0.6204494748878 0.8384393535404 0.219023779725 1.0293301409362998 0.4865320781411 0.0 0.1489361702127 0.3879577733033 0.5437503400991 0.7255808891550999
0.11764705882330001 0.0823529411764 0.035294117647 0.30588235294099997 0.0941176470588 0.1764705882353 0.0235294117646 0.035294117647 0.047058823529300006 0.0823529411763
3.9555554912191804 2.09636677302072 0.27618642378664005 2.91854000559452 0.6258409924039999 0.6177651936496 0.6726081115280999 0.7911011919402 0.57869786565784 0.46733795119944
3.8843203963138 3.3342664128753006 0.5150214364653 2.8560224303856 0.8544265649231 0.8233565228213 0.26887683055350003 0.7114252486803 0.19281404413380002 0.5594701128477
0.1071428571427 0.07142857142850001 0.08928571428570001 0.0892857142856 0.19642857142859999 0.0178571428571 0.0714285714286 0.125 0.14285714285700002 0.08928571428570001
4.14486379134892 2.38434143536704 0.47439033208895 3.64141870042704 1.14698613534999 0.57032266490868 1.0575881379227 1.30950555069631 0.20567513202034998 1.06490811986822
0.294117647059 0.0735294117646 0.0294117647058 0.3970588235294 0.0441176470588 0.0441176470587 0.0147058823529 0.0735294117647 0.0147058823529 0.0147058823529
2.5521639920694996 1.3288257958323 0.1974076983502 1.7357647850976 0.3053155276249 0.2088504844198 0.11266973403649999 0.2954550555495 0.0263157894737 0.2372311375455
2.1871921182281 0.4532019704427 0.039408866995 0.5714285714277001 0.216748768473 0.039408866995 0.7848932676511 0.1970443349751 0.07881773399 0.43185550082050006
0.7320372716729999 0.7011139267233999 0.4360020061247 1.325110864745 0.4679680076017 0.1267421602786 0.3523519163761 0.7571930102422 0.7385307781649001 0.3629500580715
0.38596491228040003 0.42850877193000003 0.0736842105264 0.4802631578947 0.24035087719300002 0.0210526315789 0.1464912280699 0.3135964912277 0.37807017543849997 0.5320175438613
0.5283790283792 0.5865800865802 0.074074074074 0.4613395863393 0.10101010101 0.138528138528 0.11375661375660001 0.3142135642132 0.1991943241941 0.48292448292440004
7.158806005100981 3.10273753184761 0.57143114050128 4.39224512466331 0.89085923160143 0.66194729696897 0.35051112765066 1.18176407823396 0.30046906138401 0.38922940205161005
5.0248998851003 3.0810800609186 0.2506359862195 3.2249852615793 1.3584355453230001 0.5434433287622 0.4380488535481 0.8796850361335 0.48203411393810003 0.7167519284788
1.2482142857142 0.7982142857137999 0.267857142857 0.6241071428575999 0.2598214285716 0.0 0.3410714285714 0.5330357142866 0.6678571428572 0.25982142857159995
5.53021697950543 1.95763553490607 0.33473311161172004 3.76455856019082 1.38420936001771 0.44567817720793 0.7223518693420201 1.63672031719414 0.43179934107499995 0.79209674894361
0.8153256704985999 0.4176245210727 0.15785440613020002 0.7049808429114001 0.2704980842911 0.19157088122600002 0.0 0.1823754789275 0.10114942528740001 0.1586206896551
2.6405279503175 1.25201863354 0.12313664596250001 0.9113354037249 0.4760869565226 0.0874223602483 0.0347826086956 0.3346273291923 0.0521739130434 0.08788819875770001
0.8166666666671 0.4000000000007 0.12777777777780003 0.6111111111115 0.1222222222223 0.0 0.3972222222226 0.25000000000010003 0.1472222222222 0.1277777777778
1.12446310409974 1.2026556776556403 0.14956501831508 1.46389947418242 0.6811399621889 0.45528920004726003 0.10338827838828 0.37123877466638 0.26942278151958 0.17893772893788
0.4858064516132 0.14451612903230002 0.1445161290322 0.23677419354850002 0.11677419354850001 0.0322580645161 0.1083870967742 0.2245161290323 0.3096774193553 0.1967741935485
1.63425880903748 0.8902755716916398 0.173076923077 2.42401338419028 0.36922140461951997 0.29697072838672 0.56509845447926 0.44981558919608 1.14965549036406 1.04761364495954
9.977680375614689 4.91326257581889 0.7477193200997799 6.135906202703961 1.18332926466007 0.95197669198123 0.9156010147330201 1.87052361809379 0.8065669891115 0.49743394717989
10.97907441778087 4.46824066047874 0.5911583318110799 4.1140254225505 1.1859781777743401 0.83153778492087 0.61873531952265 1.20294520274081 0.46929114739234 0.53901353503148
1.4197722567275999 0.07142857142850001 0.6620082815732 0.8716356107662999 0.0238095238095 0.09109730848860001 1.0429606625258998 0.41666666666630003 0.2101449275366 0.19047619047609998
12.72003095095053 3.4585526345880995 0.8724649737233601 5.73224108631664 3.46299819592769 0.46649965875036 1.3203078653895601 2.7391684949940296 1.03283829623442 1.1948978431311699
0.81433038331719 0.30941678997197003 0.15836101882608 0.77260671710577 0.3273216263253 0.13874386964080002 0.11639539536739 0.6559972826354 0.2915119536186 0.41531496319449
9.437184087289399 1.6972263962694 0.1561485865953 2.9041845527502 0.7062498499901 0.5866260615523999 0.1281037227991 0.7961185394812 0.2039156652213 0.3842425380572
2.3058535443672 1.1194207153403 0.4817721864418 2.6774362260282 0.8926813939159999 0.0644959606144 1.2106513387598 0.6831807379571 0.7048256502987 0.8596822462801
3.26860845619645 1.42110458166538 0.31379547047473 2.06850149802554 1.0124777857455 0.40898555696118 0.13043947286782 0.74977473305005 0.23030925147447998 0.39600319353518
1.2565040650408998 0.4760162601623 0.23211382113819998 1.0186991869911 0.426016260163 0.0975609756097 0.2630081300812 0.8520325203259 0.4951219512201 0.8829268292676001
1.7097838640501402 1.1739399439034404 0.3942006269593 1.42076390034646 0.67645603036052 0.13974591651531998 0.3364543804651 0.5249958752682801 0.97966507177118 0.64399439036506
14.2336032675783 7.0336620019902005 0.6460106151246999 8.4340072842187 2.5262257450397003 2.1105463824828 1.3090937401134 2.6832969820631 0.8021476199322 1.2214063614593
16.915260924933023 7.32878134768421 0.82939685416749 8.06237771559957 2.05797493000137 1.51998996179544 1.23609625029269 2.56220638733161 0.72454160879743 0.7633740193978
0.1584158415844 0.1485148514851 0.559405940594 0.089108910891 0.0990099009902 0.009900990099 0.0990099009901 0.11881188118819999 0.5693069306929999 0.148514851485
16.060323148741638 7.80716836193217 0.6616615296567501 9.701892931544382 3.1899718350111 1.6891174132671898 1.2949809043648397 2.51500627750588 1.3443520579097998 1.7355255400717402
1.8751743092862 0.7389499158823 0.1730730014784 1.7036449758430001 0.31629525668799996 0.4559008753707 0.14529522370050002 0.4682730860468 0.5371747351244001 0.5862186205795
6.6308176215634 1.9949631606422003 0.1480581491602 4.2549238356318 0.8856046819940001 0.4996085202663 0.166906856092 0.7545220763441 0.2722334646924 0.39236163361520004
1.39520348966871 0.8829619426365599 0.16525628018363997 1.65668335204684 0.18360222297016 0.09914917284213 0.53324306100286 0.43447708034125004 0.33901665442803 0.31040674387867
4.94885731058152 3.14453452617016 0.4150895416614199 5.23232320177992 2.65965312049686 1.34136215843768 0.6011181056441199 1.17962944689352 0.7887905894354601 0.6886419989053201
0.7230189373043 0.6689648832509 0.2173193601763 0.5941349512773001 0.9816142673302 0.0374149659864 0.267972053686 0.26833976833980006 0.9014524728805999 0.3397683397683
1.9075411722905 1.8333917841615 0.7684199658099999 1.9109808567883002 0.9466738883907 0.2578020006429 0.5910336656451999 1.0249166398671001 1.005717574178 0.7535224522264
9.43288224694507 6.97841952621187 0.9437572896301899 9.02551707479965 2.3263091839146 1.01441970091259 1.5887388435796 2.647600901111 0.7863297989076901 1.25602543400148
8.46978393099405 5.86604113620134 0.62969101799978 7.67396994926642 1.5430657793034799 1.08885723913543 0.9235900451831999 2.0108497877221803 0.83104850676502 0.96310260743289
0.5271428571432001 0.2942857142858 0.0757142857143 0.42619047619070005 0.0890476190477 0.0490476190476 0.5623809523809 0.0861904761905 0.2076190476191 0.6823809523809999
8.38114477705998 4.115272820130979 0.32453039688814 6.0983840046303595 2.3173051148334998 1.2536952216681598 0.9703247272975999 1.83510582187614 0.68434453365792 1.01989258194918
1.1497048960434704 0.9736552649229502 0.20382293762569 1.43306505700887 0.46723004694869996 0.19417840375558 0.22319919517109 0.6667672702879001 0.24558014755189 0.44279678068419004
3.5269587449507 1.8345715441251003 0.4389256253049 2.8372164665218 0.9615927388236001 0.5799181619445 0.2561130068706 1.0859713430285998 0.224415719966 0.25431664846240004
1.6904993806399 1.6442112920979999 0.9538856552943 1.9710146921412999 0.43738733879569996 0.1141366718831 1.0818755579319 0.8484362794222 0.8046525201451 0.453900611647
2.8770838956370004 2.0618012445643 0.5042202729048 3.1682887239466 1.5434866546718 0.3284281751385 0.44108674463919995 1.1928947368428 0.9510282651084 0.9316812865493999
1.0099935358758 0.8671105365222 0.3698383968971 2.0464641241134003 0.7565740142213 0.4521654815767 0.4149709114417 0.8757466063341001 0.8768972204268 1.3302391725922
1.6636579682153 1.3419072211832999 0.6398438057648 2.9742279512114003 1.1894700452763 0.24314655805840002 0.9036175200666 0.927555406266 1.1515218440989 0.9650516798575
6.899520958254049 5.960452882635029 0.88388162324684 8.58365766258742 2.13290821163775 1.0913837794187 1.3734009082904801 2.3038814950705904 0.7002142853092 1.07069819355989
8.04661800879694 6.9098158754011 0.8562368208837201 8.0891037374023 1.76730977317104 2.11299154172452 1.10650116076452 2.26342578230914 0.9975017185904601 0.85049558095676
0.8413547237064 0.27272727272700004 0.147950089126 1.2258721670484 0.2406417112297 0.18181818181800002 0.321110262286 0.413547237077 0.17316017315999999 0.181818181818
4.98294099050643 3.22226218089407 0.5893743455578299 4.88490140910077 1.4670750059507798 0.85702088331255 0.7914351833257399 1.6262741383979 0.7033091394219699 0.8754067235347399
1.26139236869294 1.16703539822924 0.22590794161561997 1.58935754510904 0.45066659004672 0.2719371336628 0.1741179174806 1.1680841282611 0.306502126192 0.38499885070651996
2.1708580162533 1.2183109288368 0.10604636591460001 1.5132148553204998 0.6882404875833 0.5262256018828 0.064640768588 0.4508667502082 0.0988455988456 0.1627506265665
1.5940898835635502 1.0580482817318502 0.40782723677424 1.9090600011637102 0.67142897406 0.20728832570901 1.4715893400099098 0.7767493293802099 0.40091901933967 0.50299960826237
1.85008555701535 1.10776660153176 0.36296929557639995 2.71581803718118 0.98376659085286 0.31660073037183 0.37163865041493 0.76935624018963 0.20737011617606 0.31462818069233
0.7353603603597001 0.9308558558551999 0.4018018018016 1.1873873873860998 0.5644144144137 0.1249999999999 0.5144144144141001 0.9518018018026 0.9184684684678 0.6704954954951
1.7190309840413 0.8808700645004001 0.4941403994545 1.6926725479461 0.47443907831309995 0.28295255266889996 0.421315238739 0.7274163151848001 0.6674092318917 0.6397535872592
6.91486164448249 5.595565108054881 0.56613169129078 8.40965473355857 2.25774504744948 1.1785666866612 1.20669570724998 2.8171126404131797 0.64852014850908 1.40514659233688
7.0847817467676 7.670279059528002 0.8994022472362999 8.1724444103069 2.7984810796234 2.0260637138444 1.329661617141 1.9904360785636 1.4432723226746997 1.5851777243154002
0.3820326678764 0.4349667271625 0.5896854204479 1.0674531155479 0.3061101028435 0.0689655172413 0.5526315789473 0.15607985480940004 0.0868118572291 0.35526315789459995
5.61636204834056 4.318680819983359 0.39316366662290003 8.131362445258251 2.0529880591758 1.2592569913522 1.3143315497887997 2.23437230249263 1.0230605141362 1.65642160285263
1.26404010550777 1.74199046001238 0.20851595290258002 2.02809191627937 0.5523683739696 0.2319421113838 0.35399781222698007 1.1258854150042799 0.30134229960959 0.1918255531031
1.6285950061571999 1.4275454352052 0.3097588178787 1.9751726183188998 0.7141982193405 0.5915699080018 0.1353804694702 0.7385291823271001 0.2599751145953 0.2192752287072
0.3724137931032801 0.38965517241402 0.043103448275840006 0.62413793103461 0.09482758620694 0.05172413793097 0.12931034482751 0.04310344827581 0.0172413793103 0.23448275862060003
1.4861860565507 1.1309206897364001 0.2807336259201 2.1991690049617 0.8880315130577 0.45138738998030004 0.1543816101877 0.8063949444795 0.2507554500323 0.35203971508740006
0.6947876447876 0.37252252252250007 0.1684684684684 0.8792149292143999 0.2358429858429 0.054054054054 0.36692406692400004 0.3099099099098 0.5353925353928 0.3828828828829
1.5325594269331002 1.2952934533498999 0.545747943446 2.6679996899958 0.8612393574029 0.234180312441 0.3756180733162 0.9967870152013 0.6478947310153 0.8426799968998
6.96939868408239 5.00123880259228 0.34213211409909 7.084027961631589 2.7938604774830997 1.7678189509062898 0.8600262380393898 2.11110613406356 0.8917696122226 1.17862102487777
6.80455141218457 6.557211931016139 0.62450111857918 7.21449236108732 2.12013315230967 1.67052276973837 1.13604125453354 2.42394032378761 1.18261443088667 1.26599124587564
0.061224489795900006 0.18367346938770002 0.0816326530612 0.18367346938770002 0.8979591836741999 0.0 0.1326530612245 0.28571428571409996 0.1122448979592 0.061224489795900006
4.23077096976459 3.4904273229379 0.18629493485083 5.29007627397614 0.7247032915609201 1.10653722722373 0.66345537898407 1.26538892946366 0.51065725865404 0.53168841258242
1.08994372870154 0.76222905496433 0.07745844591807999 1.2859191872990001 0.19847703267037997 0.09186931957736999 0.19360940998429002 0.6009848183259 0.33403354819728004 0.36547545436275003
1.5003629122314 0.9407615573593999 0.09592979974679999 1.49517978113694 0.50360120598508 0.1736628080101 0.18105132881698 0.68847707139198 0.2329384724185 0.18803506290467997
0.1836734693879 0.18367346938780002 0.0816326530613 0.6530612244901 0.2448979591839 0.0 0.4081632653066 0.16326530612290002 0.0408163265306 0.0408163265306
2.5297347451893 2.6819917591365994 0.1487804878048 4.105147692277599 1.1313956703321 0.7229401144173 0.3115670652137 1.6469462451594001 0.147013082278 0.5744831381883
0.826331967213 0.41239754098360004 0.3217213114754 1.1388319672141 0.5092213114759 0.22028688524579998 0.2827868852458 0.4467213114752 1.0092213114758 0.8324795081966
0.7380417956658 0.5493255196817 0.5159719150826 1.4394128704116 0.4396616541356 0.1432275541796 0.39931999115419997 0.6379478107032001 0.5846196373283999 0.5524712516588
3.2273647925087996 3.4541059847081 0.4613176401354 3.9472258992862996 1.0550757731719 1.1857778394670002 0.9703840019630001 1.4987925158398998 0.5157131286789001 0.6842424242415
3.6628322647945 4.33598225978915 0.30161964801786 3.5960838450622203 1.3838919375271 0.77070883259118 0.66775049235488 1.22987231051188 0.34574874814816 0.70550966119956
0.121568627451 0.3921568627447 0.7008403361349 0.4137254901957 0.4072829131649 0.6341736694682001 0.1803921568627 0.6929971988800001 0.2470588235293 0.2098039215686
5.9610908636872395 4.66774495739241 0.25121608866577 6.22965189244931 2.0599895208703702 1.9495988364899701 1.2096495558493 2.1282246375294496 0.9541219733184699 1.5887116737513702
0.44235141805253997 0.54868632924712 0.1174794675728 0.68334668446814 0.22255370797423998 0.22354978355 0.11864303920382 0.34696929239002 0.12798883359634 0.16843144394534
0.0 0.0 0.0 0.0 0.0 0.0 0.0 0.0 0.0 0.0
0.7614750445639 0.46007130124770007 0.0963235294118 1.0860516934038 0.33181818181800005 0.042803030303000006 0.17132352941190002 0.577606951871 0.2602941176468 0.21223262032079998
1.0393406593404 1.3119413919416 0.032967032967 1.921098901098 0.6078388278383 0.2315018315016 0.49274725274699993 0.8395604395601001 0.2228571428571 0.30014652014650006
0.4885477582844 0.20659287106630003 0.151977165135 0.7926065162903 0.2318643831801 0.11222500696170001 0.1930520746309 0.5670426065156 0.5616819827347 0.6944096351994
0.5881852076228 0.6526909981237999 0.4534835939985 1.0451882126351002 0.36636184528429994 0.0719489981784 0.32465938672 0.6538870754327 1.0428357430698 0.8007589389317
2.12152718624852 1.58435072410642 0.14917625250222 2.6987609914021204 0.6394826396857 0.4413130126471 0.41788198535452 0.9702145215307001 0.43799694107934 0.5392957454435
2.8410155148567 2.6072761584279003 0.28556760080029997 2.6816969513946 1.052536896434 0.7137763310865001 0.3470868591380001 0.6371994588387 0.3763279487088 0.45751628031719993
0.0 0.0 0.0 0.0 0.0 0.0 0.0 0.0 0.0 0.0
3.4178324053438 3.1400209248833004 0.1700387714994 5.0557195543291 0.8077771100859 0.6282958143674 0.8417997728819999 1.3707138794345002 0.7530232988112001 0.8147784683684001
0.6260869565232 0.486956521739 0.20869565217359998 0.939130434783 0.24347826087 0.45217391304419996 0.0347826086956 0.695652173914 0.1043478260868 0.2086956521742
0.2545454545452 0.18181818181800005 0.0 0.1272727272726 0.09090909090919999 0.09090909090900001 0.0181818181818 0.1272727272728 0.0 0.10909090909080002
1.4419640122835702 1.05118938246459 0.2530065635373 1.65163012440242 0.33230617700896997 0.08869424511037 0.57056423244777 1.17043345831471 0.25474428690887 0.18546751752657
0.8303167420811001 0.7149321266963 0.0 1.0045248868777001 0.4669683257922 0.33778280543010003 0.057692307692200004 0.3377828054297 0.0769230769229 0.1730769230771
0.30303030303 0.21212121212100002 0.121212121212 0.36363636363600005 0.060606060606 0.18181818181800002 0.151515151515 0.060606060606 0.303030303031 0.242424242424
0.0 0.0 0.0 0.0 0.0 0.0 0.0 0.0 0.0 0.0
3.53688617095474 3.1137700214372392 0.40256136208537996 4.49742078894662 1.23278381508568 0.63082486022682 0.8347200300112 1.068163875724 0.45926648551015997 1.22360259001568
3.2408725262971996 3.6372936611449997 0.2367744902911 3.8072890166187996 1.2096543679457 0.9032279125545999 0.4450758291681 1.6522496651798 0.309041768428 0.5585207623712999
0.3684210526322 0.1578947368424 0.2105263157898 1.0861244019136 0.0526315789474 0.1052631578948 0.15789473684219998 0.0526315789474 0.65071770335 0.157894736842
1.2879641906029 0.9568451878789999 0.1877966101695 1.8523753814828001 0.7659026534708 0.3440500601139 0.20713325867819998 0.7397141609884998 0.36643742518449995 0.29178107142820003
0.757324016564 0.3488354037266 0.1679347826087 0.6858178053827 0.047619047619 0.1839285714285 0.1304347826087 0.4459109730852 0.11076604554870001 0.12142857142850001
0.4537071535022 0.3002980625931 0.23295454545449998 0.4744783904616 0.2649031296573 0.600316691506 0.0163934426229 0.4840722801788 0.0491803278688 0.12369597615500001
0.153846153846 0.0384615384615 0.076923076923 0.49999999999949996 0.269230769231 0.0 0.49999999999950007 0.23076923076900002 0.0384615384615 0.1923076923075
1.2608744520624002 0.6629987636283 0.0283241542093 1.0705293919298 0.3707991457794 0.143958637743 0.4305271439812 0.5091828706306 0.12822299651549998 0.3945824435207
0.25406504065040003 0.18428184281850002 0.1077235772358 0.4315718157184 0.10433604336050001 0.0487804878049 0.0555555555556 0.16327913279140002 0.3130081300815 0.3373983739839
1.0997587258126 0.9300761317884001 0.31834140297659996 1.4184313917282 0.5274615673044001 0.19202099737529998 0.2766241176375 0.4640292789486 0.7104957532494 1.0627606331819
