4.0547367379715 2.644383426667 0.2711484788738 3.1581754774013002 0.613880339809 0.6212654036164 0.8106268001811 0.8762850720457 0.34645093791799997 0.6030473255142
2.9077462912661 5.005681421647299 0.2370190744948 2.8807163447777 0.47305364743940004 0.6163533957943998 0.3746349279761 0.8808655610984 0.32558524148729995 0.2983440940202
0.2 0.49523809523810003 0.0 0.47619047619029997 0.047619047619 0.1428571428571 0.047619047619 0.495238095238 0.047619047619 0.047619047619
2.990710423067 2.0530518468546 0.1910250310376 4.2047151874114 1.0407172061789 0.3184699845574 1.043451122523 0.8222771217344 0.702771707696 0.6328103689401999
0.3157894736844 0.44736842105209995 0.1578947368418 0.2894736842098 0.2368421052633 0.0263157894736 0.0263157894736 0.2368421052633 0.0526315789472 0.2105263157895
1.5071507150710999 1.0102676934362 0.093876054272 1.0946094609454 0.19508617528400002 0.447011367803 0.0 0.22478914558100002 0.19508617528400002 0.232123212321
0.734682658671 0.5557721139431999 0.3439280359819 1.5204397801104998 0.2258870564722 0.0459770114942 0.5937031484254001 0.3849075462268 0.19090454772600002 0.4037981009499
0.7438016528929 0.5702479338842 0.0743801652891 0.7190082644627 0.12396694214859999 0.2727272727267 0.0247933884297 0.22314049586839999 0.0247933884297 0.2231404958679
0.1487414187644 0.5057208237994999 0.105263157895 0.3661327231121 0.3066361556066 0.0 0.2105263157898 0.24485125858149998 0.8581235697946 0.2540045766594
0.5910364145652999 0.43753501400510003 0.1943177270907 1.5298919567832998 0.4048019207678 0.5770308123242 0.0909963985593 0.2759503801519 0.33165266106400004 0.5667867146855
3.75846877274212 1.77753710637124 0.27944315947382 2.4384503468194803 1.04200549603492 0.64967678603056 0.24525987006506003 1.1225935584503202 0.30870387647666003 0.37786102753286
4.05143757438096 2.9625213185803303 0.31200334861803003 2.55267433100732 0.60193263857199 0.83204177948022 0.20073510939296002 0.7604942886190901 0.18347025645137002 0.54268935489682
0.43214285714270007 0.2964285714285 0.08928571428570001 0.0892857142856 0.19642857142859999 0.0178571428571 0.7214285714286001 0.125 0.267857142857 0.7642857142857
2.8463532098761997 1.7256067110032798 0.30055246424709003 2.41187401137924 0.67217382620699 0.44319999672588 0.22790245252019997 0.70937413187019 0.27309441921908995 0.3898687769501
0.3888544891642 0.2208978328176 0.060990712074199996 0.628637770898 0.0756965944272 0.096749226006 0.0462848297214 0.2314241486066 0.1094427244581 0.1410216718266
2.2062993304161003 1.3476227883138998 0.1370066958439 1.1382710507606 0.3028092619609 0.2579732914374 0.0324692327834 0.34608162196529996 0.0175438596491 0.21392286686849998
1.8333765448086001 0.39253305677930006 0.0646443695444 0.7092731829568 0.2502808746007 0.0295566502462 0.2465646875809 0.2355025494767 0.11174487943970002 0.1265232045629
1.2536319612589 1.4164648910421 0.0780871670702 2.3601694915278997 0.0780871670702 0.40375302663470003 0.1071428571429 0.9969733656186001 0.1071428571428 0.1985472154963
0.2885623148779 0.27753474595570005 0.326930963773 0.1745272271587 0.2381863750286 0.0903167008429 0.3185691501477 0.3130553656868 0.7601048074732999 0.2122123490544
0.0857142857142 0.0571428571428 0.1142857142856 0.14285714285700002 0.0 0.0 0.0571428571428 0.1428571428571 0.2000000000004 0.2000000000002
6.8303815355419 3.1143419125176703 0.6643141570345 4.396289589443009 0.8759012322345701 0.6413374172236701 0.3629570051948 1.35108886579174 0.41124146749697005 0.35214681752187
3.49007151649782 2.20451603434402 0.26151840003927 1.8030327162618502 0.5018692140479399 0.6638129724494499 0.08052764378114 0.5050999415058799 0.16213419186415 0.32741736920749
0.3125 0.3125 0.0 0.15625 0.03125 0.0 0.0625 0.09375 0.0 0.03125
6.534666452013889 2.87429752604868 0.35176144706558 4.509703963946469 1.30367337860074 0.6812742244391401 0.9052357703541101 1.42753593338624 0.38338562763786 1.0284656765038198
0.9417624521075 0.6130268199237 0.2268199233714 0.8544061302674999 0.3854406130265 0.2720306513409 0.0 0.3203065134099 0.1356321839079 0.25057471264340003
2.03238518727782 0.9290396197995799 0.13732589873878 0.8344555806506602 0.26834650856416 0.28613542254876 0.032542819499300005 0.34913184641418 0.0412384716732 0.08939864483330001
0.2500000000007 0.08333333333330001 0.0277777777778 0.1944444444445 0.0555555555556 0.0 0.0972222222222 0.1666666666667 0.0972222222222 0.0277777777778
1.27403846153806 1.13589743589736 0.34391025641043 1.61314102564096 0.82820512820503 0.52435897435893 0.1608974358974 0.33173076923069 0.3173076923074 0.47051282051346
0.395604395606 0.175824175824 0.527472527472 0.5714285714280001 0.175824175824 0.131868131868 0.21978021978 0.703296703296 0.65934065934 0.43956043956
0.6211330459116801 0.33526268334493997 0.1454348121014 0.6966358234790799 0.27439030978842 0.19525454333702 0.15178954116996 0.24784163722208002 0.19788503859286 0.13437256505084
9.91736188932025 4.94782702295274 0.6673649727725599 5.4818695560252095 1.33662170356356 0.65558641057458 1.10851324518707 1.7598363867818199 0.41910929341105996 0.70590951941938
13.490858792930002 6.0613008314218995 0.7895358981349 6.3509612791669 2.014312521101 1.3219863678703 1.1052139619072 2.0815482492766 0.8433837423710001 0.9408983558261002
0.380952380952 0.07142857142850001 0.1190476190476 0.23809523809510003 0.0238095238095 0.047619047619 0.047619047619 0.047619047619 0.0 0.0238095238095
11.64194134263009 3.49341711917657 0.64033521182418 4.89035346531145 3.0678756988366898 0.467796850855 0.9945296604222901 2.4187731155694903 0.33698898654950005 1.04798854882589
1.1436772995613 0.3529588089823 0.1199801830155 1.0261742395853 0.32685950757290005 0.2558264431842 0.025707957601600002 0.4758074588461 0.1685317946026 0.10447630704659999
9.2620434481444 1.488556896616 0.1693111039579 2.3657464068402003 0.7524707742774001 0.5425586309536 0.1374463568122 0.8985757045171999 0.1687298114671 0.2145608664118
1.6312653031839799 0.8103387322746199 0.8288050096238199 2.15181739620066 0.721359315465 0.06659912534524 1.5458686315835402 0.5164472392077399 0.75029264268884 0.97720660442794
2.8677577956324 2.2795640841653797 0.48479170222238 3.13855174139294 0.9160553825866999 1.9858478138714801 0.12156613549702 1.3242420187857 0.27089647081808 0.61072685502108
0.2682926829269 0.07317073170720001 0.0121951219512 0.1463414634144 0.0731707317073 0.0243902439024 0.036585365853600005 0.1463414634148 0.0487804878049 0.17073170731690002
1.73956442831274 1.0313067150632402 0.2758620689653 1.18330308529886 0.21642468239582 0.13974591651531998 0.22595281306710002 0.26950998185108 0.54627949183338 0.37205081669686
10.992234272530698 6.0126640353516 0.721644424939 7.4189555237259 2.8590293228826007 1.7117942893775002 1.2365447551257 2.2833327769122 0.6604444114461 1.103356187714
16.92281407351321 7.5127261473210805 1.4185206817649103 10.45337982699467 2.45572615253904 1.83628562763121 1.5179013951737 3.4911771222073296 0.89286394859941 1.4986050242482298
1.39917371630811 0.58510940608072 0.2357750234985 0.75248650184603 0.15458937198071002 0.33049161693684004 0.18272236430771 0.93081513541953 0.22923907578601002 0.19959778783261
13.610071842678199 6.419224272475799 0.6491369446669001 8.3102595932572 3.2618785685893004 1.4859085016103002 0.7528940674907 2.5600211946049005 0.831121561486 1.1194834531516
2.261099565465 0.6458215252851 0.1229926317777 1.8761886768673999 0.21613451728660002 0.5413439133456 0.1229926317777 0.5254109200832 0.37256754203700004 0.3154480760748
2.9922380790710106 0.8450425559313299 0.04963883067761 1.88355947879066 0.4001194141679 0.15834084549885002 0.05906318414357999 0.35896835524515996 0.08733624454163 0.16569301192976002
2.212071427176 1.3340961098392 0.14042911068049999 3.0548025582331997 0.3979541942927 0.1989477595883 0.40947407537779995 0.6319505564366 0.2691623149286 0.3511118934466
6.3220243276585 2.9493234555949 0.5331456224153 6.2761472467552 2.5802169894144003 1.2336938539753999 0.5829826759008 1.5248944517111997 1.0006364434536 0.9969349331162001
0.45844824416223007 0.41101305387049003 0.12906784335346003 0.40421033278139007 0.5418275418283001 0.02380952380946 0.15949623092466 0.18008825151682 0.48133848133803 0.21070049641483002
1.7202315465223 0.9634941859477001 0.44782367038890003 3.9040023385221 0.8510880847498 0.1920786716539 0.41542179609560004 1.8111364288256 0.7973945984365 0.8973286788584
8.064658482386411 6.1183624085786885 0.8299482332566701 7.8446361474742705 3.2014196015824603 1.35225114348165 1.1637243105703599 2.7671885480673 0.64508359160651 1.0127275329966
8.90144895316418 6.101949299029929 0.49669946939359 7.578354417536751 1.31429135288503 1.20371108730341 0.6103751259111502 2.2674613343742798 0.72140992227853 0.8042990381226299
1.6409523809521 1.2285714285720002 0.36476190476209996 1.5457142857141002 0.4447619047622 0.2047619047622 0.2847619047623 0.7590476190482001 0.8419047619055 0.6847619047615
10.092362405751958 5.698968546173259 0.6849697381975901 7.24357652538283 3.08281141122453 1.71403023288025 1.4942738054744802 2.6214650853450796 0.8046835525133299 1.5628586970565899
1.4679812206580998 0.8215962441315999 0.1847887323944 1.6908920187792003 0.4811267605638 0.2950234741783 0.1254460093897 0.6259154929576 0.08544600938960001 0.2217840375586
5.2114125256648 2.5554424192274 0.6069314236417 3.8618821462154997 1.2465511027937 0.7227374283433999 0.4813983798382 1.5380713877761998 0.36328793335239995 0.4122852531572
1.9701335701323999 1.0008510008500002 0.45626225626239997 1.5693935693945 0.26941946941920003 0.0592592592592 0.5031413031406 0.5416953416948 0.1020461020461 0.5277981277972
3.0635132784452996 2.1198261229079 0.3304188228362 3.2133216099175996 1.3990323935191 0.4585794926808 0.33345271151469996 0.8145388951992999 0.5458974925326 0.7214191804454001
1.2123464770534 0.6006934242226 0.4359346535819 1.6626138567328999 0.6618146559324001 0.4548392783694 0.6146500558273 0.8421637186339 0.5990362578598001 0.91590762179
3.0321079923600998 2.7042551986803995 1.0595704276820002 4.1772760353973 1.5996057927756002 0.5666596687161001 1.187459228992 1.7808715818995 1.2919318412439 1.6002622322565
8.073956794293888 5.971079352203691 0.8517615381986001 9.013008274850659 2.77298677930479 1.3064477056984 1.2740045256473 2.74333771289859 0.6721180768060799 1.32129924010859
10.0979271315523 9.3998016952348 0.7414345402745002 9.8890709008816 2.3158190822299 2.5515135233410002 1.3985258144303 2.5002733505851 0.9288111058362001 1.1768228556368001
1.0651941954752002 1.1548228766549 0.4643619291512 1.2068928723849 0.36208920187820004 0.0563380281689 0.8117797695253 0.1954225352112 0.08450704225330001 0.5985915492957
10.114522945693729 6.6538097999309205 0.64892472482393 8.86399189223279 3.07940142558328 1.9695461820303901 1.05950688779508 2.07593255996027 1.1248129927709698 1.4095505891671
0.73704171934254 0.6556717618661401 0.12688196758982 1.0179289736811399 0.22664061602092 0.1404436271693 0.10918285254559998 0.6031490633261 0.1652683599584 0.21779105849912
1.47539051505616 0.8954404728399299 0.08061849141564 1.50422178440728 0.69186251055352 0.42244230227943 0.11353081902601998 0.33892133408374 0.24064171122980002 0.23693005910500997
2.3826130010356 1.1823899784426 0.6351477469902 3.0457634470803 0.6465004293957 0.3383568186203 1.5303731356352999 1.0092626671573 0.6390561193187 0.5905366563261
3.0999122540062998 2.0306644349761998 0.4614206735643 4.317126191925301 1.6746804625677 0.6739703793879 0.4062190606612 1.2287834753498998 0.3499556198009 0.7572674477571999
0.9722222222228 1.0277777777773 0.4611111111105 1.6277777777773 0.5444444444441 0.05 0.3388888888889 0.5166666666668001 0.6277777777781 0.8333333333324999
1.764056401616 0.7481177042973 0.5652369862371001 2.1034205508505996 0.6815559991556001 0.24693221860929998 0.8614023847083 0.8761454364631002 1.1686437997936 0.9844885182682
6.136578910036699 6.472859145625598 0.7676829541911999 8.5674487452263 2.4639609752328 1.5325339129878999 1.3896706125232 2.7924008277816 0.41634114579880005 1.4605227705908999
3.46756214440066 3.31341455099472 0.51624882146942 3.56036763117977 1.1745809923716 1.00597556884601 0.6399554835597301 0.9560561847528901 0.6848269554578601 0.6810116669625501
0.7643577027674999 0.6502426278458 1.0600970511385999 0.8933237348697001 0.4245987308702 0.0 1.421572548392 1.5743481043028997 0.2680104516611 0.9434490481516
6.4875861447141006 4.9418290247775 0.75579622283426 8.182638956023201 1.5777993759221103 1.3308755552410099 1.1791005835319 2.45249593469321 1.1519790346209902 1.9398991676455801
1.06835933515132 1.21003155582445 0.15336793819381 1.8234259492248601 0.31830662876351 0.294870138261 0.14196380601310002 0.78850031623904 0.11230711162172 0.08886722070701
1.2333877029999 1.0783632366504 0.1895610240408 1.6081128997941998 0.5479753209002001 0.2560811289983 0.1311963690518 0.5962697681013001 0.1606978228493 0.19835472661519998
1.1464684324502 0.9860548892223001 0.40708812260530003 1.6736215225738 0.5416687489587 0.20734632683640003 0.6692112277193 0.3761098617357 0.4893449108778 0.5030859570214
0.9782168096452999 0.7969327273203399 0.16947100053337 1.3287327941457399 0.5195640298672101 0.28242000364965 0.14632264990475 0.4657498205818101 0.12735046533167999 0.18523969901858
0.294154619736 0.2573852922689 0.090823381521 0.8073538654950001 0.1800754242614 0.09679446888750001 0.1741043368951 0.35417976115690003 0.40446260213740004 0.3406662476428
0.32050685886998004 0.53669689219607 0.30082151437638 0.82562194838388 0.43125629698518997 0.044795783926200004 0.3819266837184 0.34030845539869004 0.3492211113702 0.46884445477798
5.07049060059596 3.4150983666098305 0.26942073280656 5.39213121847002 1.8171280555693299 0.9591208760288998 0.8394429719722 1.85611018365669 0.6731578495022901 0.70789914479316
2.9012805897671 2.92029626306156 0.2825359203406099 2.85145878165522 1.08628875380011 0.6586561249999501 0.45964792519678993 0.9128020791033399 0.56117911585252 0.36585444622244
0.0 0.0 0.0 0.0 0.0 0.0 0.0 0.0 0.0 0.0
4.23636935700673 4.0895754924857695 0.25275625469975 5.6173639785973695 1.43266558548845 0.95289453328623 0.8849843081790899 1.9003810455475 0.9172619945701 0.7157474501311901
1.2345853909211701 1.26275703956007 0.17399492344204 1.7130079028285798 0.33836895111770005 0.46863997379804 0.10888199967801 1.2376904767961001 0.19117136347073999 0.27090197838909996
0.9975433633587 0.5328668205167999 0.0649147621529 0.955706096926 0.44815007816569996 0.21454626665669999 0.054641554381 0.5977815826706999 0.09900990099 0.034839574183
0.3673469387757 0.36734693877580005 0.163265306123 1.3061224489809 0.4897959183681 0.0 0.8163265306135999 0.3265306122448 0.0816326530612 0.0816326530612
2.28908200697668 1.535608444037 0.07558072009280001 3.4115241661543996 1.07762848824526 0.7473598850835 0.37427915181980004 1.4623561428028602 0.30809870336232004 0.71848229142306
1.1738729508203 0.6052440387483999 0.43826378539480004 1.5227365871847 0.6439456035765 0.2366803278687 0.33554396423230004 0.6541728763036 1.1984910581225998 1.1910488077502999
0.9290441176469001 0.6961134453779 0.5490021008409 1.8086659663873998 0.3982142857146 0.1900735294117 0.5469012605039 0.5674369747896 0.6167016806724999 0.6978466386554
2.6439477879638 3.21467794726956 0.466143459304 3.2566954720574195 1.18912424363206 0.86736391415138 0.7547668997665801 1.36551952365484 0.47261863352517997 0.7691421186752799
3.37669766206125 4.397326550819199 0.46642412627886004 3.62569462166762 1.2448205322535 1.01141480637473 0.68807962315283 1.32943479541383 0.60772470021876 1.25238258175806
0.6598039215688001 1.1509803921567001 0.8421568627450999 1.3524509803926 0.29313725490160003 0.1338235294118 0.3274509803919 0.29313725490250003 0.5191176470586 0.42794117647040003
3.8734916892656392 3.16357985628001 0.15769626089697 4.24346970991531 1.1155349211536698 1.06406547741577 1.3535018031427999 1.46347786203335 0.5204543681600701 1.04472805173517
0.7513695027710001 0.7907059918277 0.18162560181249998 1.1933600356026999 0.3651074159485 0.3404329004329 0.2372860784071 0.5739385847793 0.2559776671921 0.31019622122409996
1.0852564102574 0.8320283882781999 0.0955586080586 1.2456959706966 0.5129578754578001 0.2970924908423 0.162065018315 0.5968635531134 0.0153846153846 0.15709706959710001
1.3284812409821 0.7662818662814 0.2427910052908 1.8518638768634001 0.5454785954782 0.0579545454545 0.6521825396824 0.7829545454543 0.2906084656082 0.4814033189033
1.8400063938624998 2.1226321398139 0.11104006820119999 3.3638938618925 1.1599872122764001 0.646888320546 0.4544714407507 1.1148124467182 0.482227195226 0.7040409207170001
0.9702517162474 0.8100686498851 0.0526315789473 1.3077803203662 0.49656750572069996 0.078947368421 0.2871853546917 0.28832951945109997 0.44508009153329997 0.263157894738
0.12244897959180001 0.2448979591836 0.24489795918360002 0.1632653061224 0.1632653061224 0.0 0.12244897959180001 0.163265306123 0.4489795918372 0.3265306122448
3.5302468881446996 2.5026295185439005 0.2388741072052 3.8668690686895997 1.2357389548529 0.8830920435438 0.23423337636010003 1.5630096942853 0.40613160809029997 0.5391747402885999
2.4609179114283 2.6010677184397006 0.2173537883434 2.2750185519894996 0.980320746004 0.6099427109051 0.3603307228113 0.8369150685596 0.32841267469609997 0.32972010681920005
0.7515762925601999 0.5813366960913 0.259983186213 0.7643968053804 0.22509457755329998 0.3091635140817 0.2763766288358 0.1752837326605 0.3148381672974 0.34195039932759996
2.775752839806 2.1342637844718597 0.21255595580765999 4.2534643627856195 1.11848294541116 0.66997471812262 0.5463952529459 1.46013662196978 0.24235697967026001 0.5866165390115999
0.17757009345802 0.11214953271003 0.018691588785 0.17757009345773 0.07476635514041 0.00934579439251 0.04672897196251 0.196261682243 0.07476635514001001 0.1121495327104
0.5936259143154 0.6645768025078 0.117816091954 0.532445141066 0.1368861024035 0.4817136886109 0.029676071055400002 0.2766980146293 0.0114942528736 0.15506792058510002
0.6596313493735 0.3051920641616 0.0968059659491 0.7804981004639999 0.24722104966939998 0.0339102293513 0.4454762909813 0.2518643590824 0.08723793443069999 0.0921626565357
2.0356577186382 2.6931973620943004 0.4664499819428001 3.4317567430885 1.3551454896947 0.7423672302941 0.42024360615910006 1.6639740149093 0.525099313832 0.6661085393477001
0.8751199780598001 0.22219936925810002 0.2943918826271 0.5916975181684 0.3025503907853 0.22778691896330003 0.2495886466474 0.22487316604960003 0.520670505965 0.49112162347490007
0.3083491461099 0.37001897533260003 0.1764705882352 0.2846299810246 0.1584440227703 0.0430107526882 0.1154332700823 0.1046805819101 0.24889310562970002 0.1900695762176
2.01246436454464 1.8101261359609402 0.40253011027178 2.85623271376432 0.9831278935627801 0.46563560479272004 0.7882507793558001 0.957454912303 0.37805043858566 0.34612704685558
3.0503188381498 3.4978261623220996 0.2078366751721 3.186520587588 1.5004093989541 0.9755075245090999 0.440120532559 1.2259811919423 0.26712879317460003 0.6483502956279
0.5999999999995 0.2666666666666 0.166666666667 0.8545454545452 0.0333333333333 0.0333333333333 0.166666666667 0.2333333333337 0.5787878787883001 0.0666666666667
3.0069585439000197 1.88767056383224 0.20256940513352 2.50535575252434 1.1307691903055201 0.83121773144812 0.48057646484214006 1.24593404280934 0.83771792150552 0.8712303836997599
1.0500000000008 0.6499999999995001 0.14999999999980002 0.9999999999993999 0.0 0.44999999999970003 0.0 0.5000000000008 0.0 0.1999999999997
0.3912071535023 0.3002980625931 0.0454545454546 0.3494783904618 0.2649031296573 0.162816691505 0.0163934426229 0.2965722801789 0.0491803278688 0.12369597615500001
0.142857142857 0.0 0.0 0.142857142857 0.0 0.0 0.571428571428 0.0 0.0 0.142857142857
0.6780671190164 0.44549789106879994 0.0770218228498 0.9348982211621999 0.4807445442871 0.3137722354665 0.1970474967907 0.6517880066018 0.3496790757378 0.8714835870173999
0.170731707317 0.0731707317073 0.0243902439024 0.2926829268294 0.0487804878049 0.0487804878049 0.0 0.0243902439024 0.1463414634148 0.1707317073172
0.3476190476188 0.2761904761904 0.42761904761889996 0.6190476190468999 0.2676190476189 0.0266666666667 0.20952380952389998 0.1247619047619 0.33904761904779995 1.3619047619045
