3.2254427800985 1.6052342435791 0.2611043337867 2.6240602616196 0.5845388028815 0.43895281337149994 0.7314312413065 0.8125657553642002 0.3423094915976 0.37436027639479996
3.6871508446168093 5.54445385311063 0.29512654114872 3.7956606110951294 0.82238996452591 0.75803696868802 0.6294408727577 1.05815261871572 0.68408862000471 0.72549910534241
0.8214285714280001 0.714285714285 0.285714285714 0.142857142857 0.5 0.0 0.0 0.535714285714 0.0 0.0
4.4068456481264 2.7866737413755 0.4610768055992 3.77716189022 0.9099271641712999 0.4722826447013 0.3147955249626 1.7667736856491 0.3906346616712 0.713828233526
1.020889251955 0.7511378223821 0.1822849807442 0.8186680670625002 0.2915353794687 0.1357023378844 0.0263157894736 0.42494262263189997 0.0892169448008 0.2593068035943
1.4182618261817 1.0343417675099 0.1235056839016 1.7057205720564 0.35249358269139996 0.6099743307663 0.0 0.4655298863217 0.1024935826915 0.1876787678767
0.4448275862074 0.3528735632186 0.3149425287355 0.9827586206898999 0.32298850574710003 0.0459770114942 0.690804597701 0.3689655172413 0.2459770114942 0.2298850574711
1.66820802380543 1.7081514841051202 0.29497310210591 1.72086954332763 1.0044292284574 0.54688228615761 0.15811520907851 0.55685960482652 0.51692117922781 0.8245903389112101
0.5237797246564 0.3629536921152 0.1977471839804 0.6195244055061999 0.3685857321651 0.0 0.0744680851063 0.19461827284110003 0.1996245306633 0.4586983729668
0.3076923076921 0.1538461538463 0.13461538461539999 0.0769230769232 0.0576923076923 0.0576923076924 0.076923076923 0.09615384615389999 0.0384615384616 0.0
5.2058361913978 2.8061367766974 0.38848413908549995 3.4317279228819 0.858056707307 0.6523982402045 0.5787491968308001 0.9836965526593999 0.6008266387483999 0.49408763418160007
5.2687630569590995 4.578783419131399 0.42599996621680003 3.3398726212299 0.9235043891718999 0.9396732228605 0.6575475757403 0.7355972490616001 0.3338780784429001 0.7963804211939999
0.21428571428549997 0.142857142857 0.42857142857200003 0.142857142857 0.0 0.0714285714285 0.0 0.0 0.0 0.0
5.510855477058801 2.9557539031124 0.7484032614573001 4.7117926845786 0.9157999877587 0.8985176570063 0.6828992899658001 1.6188617337288997 0.8439755709978001 1.1131404343325
0.1292196007259 0.5611615245015001 0.0660617059891 0.4384754990927 0.0660617059891 0.1905626134301 0.0315789473685 0.1923774954626 0.16370235934660002 0.1607985480944
2.2559570568211997 1.08496988740475 0.10709609845490001 0.8269180413709 0.1457187745481 0.1966483372608 0.03862267609315 0.24404294317910002 0.00877192982455 0.09125425504055
1.8809004177822 0.6411673006167999 0.0801895616386 0.8943942133809001 0.2005362598993 0.0422148780943 0.40259400137190005 0.23639084616790002 0.5097462118849 0.1118663091599
1.00770160658064 1.06536156321826 0.17606433944918 1.29192397554844 0.42252898591388 0.15733790691418 0.053571428571300005 0.60753277685036 0.0535714285714 0.16440598838398
0.2559808612441 0.5928229665079 0.47655502392349997 0.4665071770333 0.3401913875605 0.1296650717702 0.3889952153106 0.5574162679424 1.4062200956950999 0.3856459330144
0.8816257816267 0.8826839826844 0.3026455026456 1.0311447811446 0.1464646464646 0.2294372294372 0.2280423280426 0.6681096681102 0.6105579605576 1.0192881192892
5.61566440397892 2.81856170865702 0.27865898024102 5.37579010022752 0.82659059938062 0.64074641959712 0.2633258889191 1.15688477876442 0.42186337286721 0.60191374736402
9.865151855062681 6.040355766677441 0.43786659691877 4.9644433828284695 1.37561851666814 0.90488046198767 0.8788558920853399 1.35901295238014 0.37672024472247 0.7970943306786099
0.4285714285715 0.1619047619047 0.147619047619 0.3142857142858 1.2761904761905 0.0 0.2095238095238 0.10476190476210001 0.1809523809527 0.1761904761905
4.781843194722011 1.7891713276122998 0.18811261207258 2.4368367660048302 0.73300037139616 0.22413914233834 0.36557874685841 0.88056232904906 0.2121677737589 0.3885877361826
0.0 0.0 0.0 0.0 0.0 0.0 0.0 0.0 0.0 0.0
2.5066817240761496 1.7685958968565498 0.17980425371724998 1.04684735554285 0.6281949934133001 0.19170901562225 0.02496706192355 0.49929418407704995 0.03366271409745 0.12024280067745
1.25952380952269 0.51547619047636 0.07380952380953001 1.01785714285723 0.2952380952384 0.047619047619 0.19761904761969998 0.35119047619069 0.12023809523803 0.1214285714285
1.54690934065904 1.6193223443220401 0.31206501831507993 1.97236721611792 0.7625915750914 0.79803113553116 0.10338827838828 0.4407280219782801 0.21565934065938003 0.22893772893787998
0.197802197803 0.1648351648351 0.2637362637364 0.3626373626373 0.3186813186811 0.065934065934 0.4175824175821 0.5054945054940001 0.4835164835162 0.21978021978
0.6211330459116801 0.33526268334493997 0.1454348121014 0.6966358234790799 0.27439030978842 0.19525454333702 0.15178954116996 0.24784163722208002 0.19788503859286 0.13437256505084
8.5297516200822 3.2620295750050996 0.7395554655743999 5.179596525599701 0.8203141501229001 0.7429729229120999 1.1900261483267 1.2071870649285001 0.6607929762243001 0.6677735512185
10.780179245101401 4.3570917463161 0.5709789667259 5.2677970076953 1.3999363975798 0.9549932875969 0.9275839466159 1.3851646347420001 0.7125106630979 0.6437641045265999
1.5000000000001 0.144927536232 0.7246376811603 1.5362318840591 0.20289855072489998 0.14492753623219998 0.6811594202900999 0.6739130434777001 0.2753623188409 0.11594202898549999
11.649698515879699 4.051135844118351 0.6890882624069 5.04139808207285 3.0680207423273 0.64121230338955 0.8246876307860499 2.3233679015362 0.5501951177432001 1.1611955997371501
0.60844803037549 0.25059326056017 0.15836101882608 0.65495965828227 0.3273216263253 0.13874386964080002 0.02816010124979 0.5089384591054 0.17386489479510003 0.15060908084159
7.9840216904295 1.2933455014769002 0.11430649027350001 2.3101492698198998 0.5719716493959001 0.5230837491336 0.1214906361361 0.6316013294242 0.1516608512308 0.2983688326797
1.1553903211868 0.5288321789109001 0.1986811438596 1.7588676626559 0.4351357809698 0.0407817553323 0.6839573540388999 0.4370147172429 0.29906838804310004 0.4622706977598
3.7770666679101996 1.8242192090781 0.45481121003870006 2.947411134029 1.4004209119637 1.0327687783354 0.1990837103064 1.0877421832038998 0.46683449017469997 0.8096417049576999
1.2965117773713999 0.8079838683760999 0.3088515055111 1.1431087117191998 0.7046241845814001 0.0731707317072 0.3008628169284 0.7491693177813 0.6821780905567 0.9335389954686999
1.1644412756034 0.7254774868205001 0.0755336617405 2.0461930688783 0.3888384754994 0.2087114337567 0.2345735027227 0.4616282084524 0.2856062570224 0.408996629505
14.1865114111069 7.8521008109715 0.8601133273345001 8.9322297239738 2.5102894061955006 1.8886705353860003 1.3043906646786 2.9857420135016994 1.0348839497403 1.4450681571182002
13.83145164228581 5.602219495169501 0.5955671000703401 7.0498552031522 1.33631867300993 1.15648066422448 1.0067757697850799 2.3080349165056497 0.44309131582056005 0.67020521998245
1.2995923121744 0.8498220410273 0.5469876399403 0.7642723095838999 0.5434543454352 0.2144761534978 0.3081602277874 0.6109687439332 0.33074483919 0.5315213874327
13.210403670770951 6.397566045008259 0.47336475680043 7.04731175142712 2.5332059045561204 1.39664259463605 1.05052456177014 1.8317754746089001 0.97985968604715 1.0793455543811301
3.1289911203489003 1.0088166761135 0.1932793836723 2.6402323823899 0.3417826479414 0.7687669248692 0.1655016058944 0.7626241157081001 0.5106797237448 0.4793254193163
5.33729612572515 1.6888225111983002 0.13590999906595 3.3161401583089 0.7377751815559 0.48513283612624997 0.15843478921315 0.5383005524971 0.29917989136269996 0.303007954948
1.70624027896711 1.0568749861156597 0.14853387215684 2.26872348582554 0.28393667113116 0.13928295210633 0.31250727504936004 0.51808912047605 0.26209357750493 0.30371778066836996
3.5375785191695197 2.3635562653007596 0.33786225128861996 3.9381591231019204 2.07730645900646 0.83444736806608 0.5267165787282199 1.17120229886072 0.58381517535586 0.6293559611200199
1.520209478736 1.8874140763535 0.31218974076090006 1.8738086341767 1.9153900444243002 0.047619047619100005 1.2012941183434003 0.4142305570882 2.3523892556185997 0.4754550468835
2.1708745620438 1.4439788232616002 0.7969665446537 2.8674810944383 1.0820690879263 0.18587024593329998 0.8890350450741 1.4423433563721002 1.4635821353559 0.6577991049388
7.78835707353551 5.691591852898451 0.84995076990746 7.0224120140709 2.0907842261732603 0.99498948722838 0.93808483126639 2.18604783471783 0.5675979646994 0.8701839455074301
10.62437580097528 7.266237345011779 0.6844973960123101 9.12079952422614 1.7326560129162298 1.4136312695107 0.9485923871405201 2.32824240580563 0.8323184962915 1.04864936212338
1.2630952380963 0.8828571428579001 0.2421428571428 1.1352380952381 0.5188095238099 0.1888095238095 0.4654761904762 0.5185714285714 0.4511904761906 0.3338095238096
10.74127757377434 5.66472654324476 0.44224389801816 8.16513726261138 2.8402014038377597 1.0633331563226 1.4107473826869201 2.20293256541706 1.68689852934836 1.7825016847438602
1.8006908115365599 1.17318578135442 0.27574782025486 2.30123407109328 0.46140845070456 0.39877934272216 0.1839503688799 0.7528705566739 0.22633132126079997 0.42580147551982
2.6775870255217797 1.21331070677184 0.29856538554402 2.11233682219416 0.6738627712131999 0.42098812232258 0.27688990850662 0.8174817448145001 0.24345688137566 0.26552063173476
2.4305102305107003 1.0516964516964997 0.26785806785780003 1.6638176638192999 0.28142968142950003 0.1185185185184 0.7011655011644 0.5369593369589001 0.2580160580164 0.6900284900281001
3.6649167872181003 2.8646214445458003 0.5975533257606 4.128643247344801 2.0306113408873 0.4819713055463 0.5304117758421999 1.5020242753169 1.0235583112467 1.175688186294
0.8639301874595999 0.5194511370976 0.243243031478 1.4702787408675 0.5505984211863 0.3059979236447 0.3894340953163 0.646482928835 0.3722708663883 0.6383126677241
0.7074990027926 0.6196649381730001 0.2226166733146 0.9237800824358 0.41899348490890004 0.1492221779018 0.3260603643136 0.5687873952936 0.3369033373223 0.7264725435451
7.65012692821297 6.089939508038591 0.7733722469545201 9.0241261498788 2.06367909340199 1.2618053310516 1.24375309918546 2.13611170615927 0.72151446488338 1.03557147223059
6.3370524217383 5.457276840018209 0.57786594043201 6.073058780279119 1.12466677394985 1.6345405557827 0.76679586891755 1.50184699778803 0.6922897524081 0.83460606868384
1.3839427662944999 0.449631449631 0.2847232258991 1.0660500072255 0.8401503107387 0.3132678132675 0.2896372308131 0.6023269258565 0.24815724815759999 0.5221130221129999
10.58157013799763 6.57545461034012 0.75994351800223 9.60344759232299 3.28326426048158 1.9689983891292897 1.40628781504588 2.3961982934297703 0.97177052455877 1.4530648586876003
1.4740834386837998 1.3113435237328002 0.2537639351796 2.0358579473612997 0.453281232042 0.28088725433899997 0.21836570509099998 1.2062981266525 0.330536719917 0.4355821169982
2.5506580622687 1.6660501521192002 0.16930360660990001 2.2498894294568004 0.828565397452 0.3435761864556 0.1750298205405 0.5763372334572999 0.09867583396989998 0.3419142776731
1.0317663607143999 0.52974710211515 0.18800847090310002 1.10721941642985 0.4615579418213 0.13106849291035 0.54527028211245 0.4757565810196 0.208653070495 0.32095228147844995
1.7300466626092503 1.01356766078326 0.7633292757151001 2.52674984784048 0.9502180969768599 0.29144349766743 0.25741529722043 0.6214850882526299 0.29424325420966 0.55150131872573
0.5984984984987 0.8339339339336002 0.5341591591599 0.8719969969968 0.5010510510509001 0.05 0.4149399399398 0.6786036036038 0.7008258258255999 0.8159909909905
1.6448231144299 0.9603786699861999 0.5812802157896001 1.6772434899873 0.5061863263824 0.3665224608359 0.3918425147836 0.715510945119 0.6703880070542 0.48582425562820003
6.32744643125258 5.307355551356521 0.6599684343108 7.20916909268824 2.1989135089541003 1.11199616129316 1.2780835829242 2.05914458736552 0.43097655053722 1.4169460993183998
4.425270004744399 5.0131751243476 0.4201918843673 5.040934888820701 1.381692395997 1.2038025868121003 0.7771488315010999 1.1524541533547 0.73902439348 0.8463057365822999
0.3214285714285 0.125 0.392857142857 0.142857142857 0.5000000000004999 0.0 0.0 0.392857142857 0.0 0.125
5.717512740724449 5.09115160067775 0.6354193812585999 9.067178100212718 1.67129285356369 1.41999352330928 1.5077398322598998 2.01554054739802 1.28979786331469 1.58437355728983
0.7331696601632701 1.03450058147018 0.07339449541278001 0.98811215919427 0.1389068355084 0.2319421113838 0.12120428995988002 0.55756557694788 0.06551234009559 0.0556919498643
1.0757787075779 0.8678687653585001 0.1250913196518 1.3744437803023 0.4441123729828 0.2669190409783 0.0484824334196 0.6325297203956 0.0493458192203 0.11542804011419999
1.1849741795767799 0.8331334332837201 0.15421455938694 1.6864567716152101 0.36729135432274 0.10389805097437001 0.51336831584221 0.36629185407281 0.2979177078129 0.49245377311309996
1.2944805696275599 1.08176976595596 0.37291369425230997 1.9960002234570802 0.9215066156641899 0.36109472845011 0.31436711353533 0.8579039323886101 0.32528916595776003 0.47467419070886
0.1930232558138 0.4480620155035 0.0782945736433 0.5356589147285 0.2364341085269 0.0348837209302 0.3131782945732 0.2496124031006 0.46124031007809996 0.4496124031006
0.32882109365493 0.32390086469377 0.16273900864703 0.8431798806475299 0.32888807697009004 0.0430641821946 0.25545609548185 0.25312994763154 0.21559493362595 0.24522591645363
4.2679431966850006 3.2377706101431003 0.148997341043 4.7776927280576 1.5719578769116 0.8116971204971 0.6669860121959 1.4572068772145 0.5934758844478 0.46627235280170004
4.57137764898173 5.096587339583519 0.39359888568934 4.53210651150644 1.6505438825023102 1.02429307013371 0.7014620082030101 1.4631130198901001 0.81248829290462 0.7544293406054
0.47826086956540004 0.6521739130433001 0.0434782608696 0.3043478260872 0.0434782608696 0.1304347826087 0.0434782608696 0.1739130434784 0.0434782608696 0.0869565217392
6.210776866338101 4.752129259536099 0.8159560725426 8.1232139843721 2.5146476982478 1.3829306602253 1.4456766061006001 3.0490749233412 1.1316570748267 1.5739368544681
1.2345853909211701 1.26275703956007 0.17399492344204 1.7130079028285798 0.33836895111770005 0.46863997379804 0.10888199967801 1.2376904767961001 0.19117136347073999 0.27090197838909996
0.86191654879697 0.5944130127294799 0.04756011315414 1.05198019801884 0.41000707213537 0.12774045261657 0.10404879773677 0.52590169731311 0.19315770862777 0.08327439886839999
0.7899210258816001 0.5899210258816 0.9120806943462001 1.157948236766 0.4159355696302 0.1111111111112 0.7044647744158001 0.6640081319879001 0.31849245445320007 0.336116975526
2.28253962780868 1.3777594729270999 0.097802942315 3.5052875987416003 1.23169009839086 0.8930860166267 0.4360451370311 1.3042141822337603 0.16315571819402003 0.70841920572776
1.0893465909088 0.6836647727267999 0.2695075757574 1.4025094696998 0.3737689393939 0.140625 0.44810606060579994 0.6359848484848999 1.0336174242418 0.9228693181815
1.1271865325072001 0.7122014595306 0.4641392083147 1.7097606147723 0.4132518796995 0.21329334365320002 0.41045720919940004 0.9225342768699001 0.522495577178 0.5046798982749
1.9708112080537998 2.50796153876815 0.1862125439327 2.71444976615235 0.969461548083 0.44857516535760006 0.45469084587700004 0.8394422011935 0.30051934248815 0.60787584009275
3.38548478391885 3.7354842730869002 0.25169641860406 3.2404585772664203 0.8419159966598 0.6966433318711299 0.48132427988253 1.3265574211444298 0.32482358741406003 0.71561133015576
0.1583333333332 0.5833333333326999 0.42738095238069995 0.6624999999997 0.21785714285699997 0.3398809523806 0.0333333333333 0.3607142857139 0.1624999999998 0.0541666666666
4.59146568661343 3.3859631451969197 0.31416366696020004 4.61670765217484 1.34037751135982 1.34652133504622 0.90501044848941 1.6093559545095202 0.77401133229411 1.1164232673581
0.2803738317757 0.4416903697683 0.0373831775701 0.5790329134498 0.3856156034134 0.0 0.3982121088981 0.2551808208041 0.3299471759441 0.2925639983746
0.6692307692315 0.4703296703296 0.059340659340600004 0.76043956044 0.3472527472526 0.17802197802180003 0.09780219780220001 0.3197802197801 0.0076923076923 0.0901098901099
0.5736471861476 0.33549783549779993 0.0660714285714 0.7343073593073001 0.2837662337662 0.0276515151515 0.32678571428610004 0.319318181818 0.1392857142856 0.19366883116880002
1.3676481127573001 1.0473741837878 0.0218585762064 1.5108874820831 0.443458353241 0.31436534480019995 0.2226827520304 0.5353440038222 0.183140229336 0.3532409619367
0.35197368421044 0.10573308270657 0.07988721804507 0.41165413533785 0.13298872180447 0.057330827067640006 0.08458646616541 0.23966165413514 0.2528195488722 0.28336466165437
0.80209845232511 1.0565711273741398 0.28549875483151 0.7917551525520801 0.2078858111926 0.0508762012436 0.3519204620108 0.4252287901238 0.61070921118907 0.41745603715616997
3.3755397738169597 3.05594029121745 0.25677260311589 3.30507626579364 1.1360856555702799 0.85485901512029 0.50154689908338 1.1893961772778798 0.5153230862068 0.8094602327942901
3.1943839622349004 3.0114653116044003 0.250270511275 3.5347808316439 1.2144156102721 0.5564070409018 0.41250785207630003 0.9074559146222 0.4989194439328 0.4193935214369
0.9085750315269 0.7824716267347 0.0876418663303 0.8316519546033 0.1945145018916 0.2351828499369 0.1368221941992 0.333543505675 0.1560529634299 0.33354350567510005
2.8303780292298 1.77155436099126 0.14519081210016 2.56600831199892 0.48936399947826 0.23818811809142 0.5351819333885001 0.8583845809507802 0.16458796505915999 0.4011618887121
0.5757199546983199 0.5683937510256301 0.1443160106166 0.9450076512735299 0.38799484727670996 0.27798594240381 0.06412027631031 0.6504707479233 0.14821686392811 0.237773954542
0.6839080459776 0.7816091954027 0.1867816091953 1.0488505747124002 0.1379310344827 0.5057471264374 0.0344827586207 0.4482758620694 0.0344827586207 0.1379310344827
0.27184466019396997 0.08737864077659 0.0194174757281 0.28155339805811996 0.08737864077667 0.00970873786407 0.10679611650507 0.06796116504840999 0.02912621359217 0.03883495145627
1.4665216697766001 1.2925719887851002 0.08450704225330001 2.1303488683690004 0.6875480636468 0.5529835145944 0.10810160105910001 0.7838335269487 0.3458829902491 0.5477007343212
0.8203688468396001 0.35643767996729997 0.3698066639246 1.0938091320449002 0.5882215823395001 0.20742492801290002 0.5325449060746 0.319895790484 1.002118469767 0.7093720005487001
0.6306451612899 0.5016129032258 0.17903225806439999 0.9596774193548 0.7596774193553 0.0860215053762 0.6591397849473 0.6150537634407001 0.2650537634403 0.3440860215052
2.7114087096069 2.9495483735203 0.27963195654740003 3.4227850784413 1.1102724697484 0.6487240302993 0.5832927133671 1.0883250752340001 0.2750525512956 0.9309590419364001
2.4491541117563 2.0516840097013995 0.1828104603662 1.8676866630567002 0.504043705606 0.6693483890953 0.1276327161897 0.8811610430987 0.0787492925862 0.1877296085447
0.5175438596489 0.07894736842109999 0.2719298245618 0.48245614035180007 0.0263157894737 0.0526315789474 0.2456140350881 0.1929824561407 0.0526315789474 0.078947368421
3.3028270606155194 2.34829988774724 0.32190156133402 4.02688798431464 1.0921775518683199 0.72173141737562 0.68291164269114 1.1089064802941402 0.8697108802882201 0.52464553346776
0.715476190477 0.4678571428566 0.07499999999990001 0.7619047619042001 0.047619047619 0.2964285714284 0.0 0.4404761904771 0.0238095238095 0.1714285714284
0.3067915690864 0.42583918813390004 0.0 0.47501951600259995 0.339578454333 0.1206088992972 0.0163934426229 0.2099921935987 0.0491803278688 0.0565964090553
0.4615384615381001 0.2255244755244 0.0611888111888 0.7150349650357 0.2727272727271 0.13286713286670002 1.2505827505826002 0.2220279720278 0.2435897435899 0.4149184149189
0.7784380305614 0.5628183361633 0.0768251273345 0.8595076400689999 0.5029711375213 0.1230899830221 0.2440577249578 0.49448217317529997 0.07894736842109999 0.2788624787784
0.38114754098369996 0.3989071038255 0.2663934426233 0.7281420765035 0.23224043715889997 0.049180327869 0.21584699453559997 0.49863387978220003 0.6147540983611 0.6147540983611
1.139191095152 0.7944023652017 0.3756655681007 0.8838207986977 0.5384357197294001 0.17475234950469998 0.1951709928264 0.38437967869699996 0.76449577744 0.7496856546501001
