4.896059922661999 3.0458299891355 0.3408541589582 4.1663051575468 0.842019822484 0.7896898919836 1.0919735467365 1.0237132844716001 0.27390304787819997 0.5296511781475
1.96133106675414 2.5770298676626395 0.18028167726832 1.9780114425664 0.43778332236662 0.25967682971382 0.34893617021229995 0.44017328361424 0.4171510565178 0.39962528332292
0.383333333333 0.5616883116879999 0.513636363636 1.2235930735923999 0.45887445887410006 0.3357142857141 0.3058441558441 0.5435064935072 0.30735930735910005 0.3664502164501
3.170314689886 2.0289052627821 0.2125178567726 2.5430761470036 0.6182093395209001 0.40426829279130005 0.6245451955824 0.7088365928738001 0.3193503903869 0.3699762324016
1.2044579297459 0.6494048313685 0.1277278562256 0.9910043956897001 0.1975045707396 0.17132493095249998 0.0131578947368 0.343106935854 0.09948652118080001 0.2028241335043
1.8087458745874 1.1557205720575001 0.1284928492849 1.4669966996717 0.2586908690868 0.5180968096809 0.0 0.2847634763476 0.1586908690869 0.2198019801982
0.4979951884521 0.19620422346940003 0.05747126436759999 0.4390537289495 0.11614541566440001 0.0462443197005 0.3116813686183 0.0693664795508 0.0578722266773 0.2079657845494
0.49586776859420006 0.380165289256 0.049586776859399995 0.4793388429752 0.082644628099 0.1818181818182 0.0165289256198 0.1487603305786 0.0165289256198 0.1487603305784
0.1063829787234 0.40166061235080003 0.2376751427087 0.4198235599375 0.1733264141152 0.0243902439024 0.1977166580175 0.2615464452514 0.681888946549 0.4955889984427
0.3781512605041001 0.3075630252105 0.11140456182470002 0.9382953181273 0.3106842737095 0.3529411764708 0.0674669867947 0.1930372148859 0.09411764705879999 0.24633853541409997
7.5934962517593005 3.1511564052473 0.5891917277886 3.3993962989359 1.1303697646143 0.5035174425078 0.5566502463064 1.1058856512808 0.4617702325396 0.5085659790163
5.1609346887186005 3.6805704949294995 0.559889108476 3.0276555795471998 0.8534427491366 0.5318990584775 0.48676328502380006 0.9532090645372999 0.2072628458498 0.5383731252974999
1.0420466058762998 0.9124873353593 1.3163627152993 0.7493667679834 0.2925531914893 0.45668693009100003 0.10460992907799999 0.5000000000003 0.37588652482289997 0.2500000000003
6.4785229174865995 3.2029590295055996 0.5477769955267 5.8809947984582 1.5171424850538 0.7694450622683 1.4193269510295 2.1493588326716 0.5798068828920999 1.4546660451026
0.1666666666666 0.0833333333333 0.0 0.0833333333333 0.0833333333333 0.0833333333333 0.0833333333333 0.0 0.3333333333336 0.0833333333333
1.9682040923203 0.8714323121238999 0.2227209815581 2.0525567650461998 0.25519021434149997 0.124639958104 0.1753263756404 0.17465305053670002 0.0175438596491 0.1377323906781
2.5548955321515 0.6963305251338001 0.21654310372160002 1.5067415373884 0.36420492523369996 0.0675313337905 0.5883368394792 0.5013253342869 0.26364361361669997 0.2404472551958
0.8027298765726399 0.85733479005456 0.18399722435507998 1.5811802397695398 0.19619234630578 0.25662168546598 0.1851045296166 0.38746087521436007 0.29486062717770006 0.25451780546838004
0.052631578947400004 0.1368421052632 0.0736842105264 0.1052631578947 0.0736842105266 0.0210526315789 0.0631578947367 0.1052631578947 0.29473684210530005 0.0736842105263
0.2285714285713 0.4380952380949 0.5428571428572 0.190476190476 0.0 0.047619047619 0.1523809523809 0.3333333333331 0.5809523809526 0.48571428571450004
6.43148752061966 2.24305407863636 0.5540114032692 3.8296645959941604 1.04077946469953 0.5626264575919 0.2873422413242 1.12549241074643 0.33521476440763 0.5903270627042599
4.7576548778631 3.6446873307303003 0.4086505485847 3.4669125765365 1.148715761113 0.6906152198805001 0.3701749293076 1.031986712175 0.5780752400312 0.9025268037815
0.7696428571428999 0.6363095238093 0.09523809523799999 0.3848214285714 0.1836309523809 0.0 0.0815476190476 0.3032738095244 0.3619047619043 0.1836309523809
5.00365614265882 2.0918720061741096 0.52370974610846 3.30301576729097 1.05319789891146 0.40904630813065 1.04562991391442 1.40642017952048 0.47993095776420996 0.6835210795265001
1.1176512518941 0.6501826606082001 0.15785440613020002 0.8445157266323999 0.3170097121981 0.354361578901 0.0232558139535 0.25214292078800005 0.10114942528740001 0.1818765036086
1.32026397515682 0.6260093167693799 0.061568322981279996 0.45566770186316 0.23804347826116 0.043711180124160004 0.0173913043478 0.16731366459608 0.0260869565217 0.043944099378800006
0.9920634920632001 0.4357142857150001 0.20793650793649998 0.9865079365084 0.1539682539685 0.015873015873 0.4158730158734 0.286507936508 0.08174603174600001 0.4238095238095
1.8178010161879 1.0886446886446 0.2199633699634 2.3660285950617 0.8603982039477001 0.7009393831972 0.2686813186812 0.8679191775965001 0.48508212217849994 0.32454212454239995
0.5180645161293 0.14451612903230002 0.3058064516133 0.36580645161290004 0.1812903225807 0.0322580645161 0.20516129032250002 0.3858064516128 0.5354838709693001 0.3258064516129
0.7892746388319 0.4591564886549 0.1454348121014 0.9621225491435 0.5717354425317 0.31914834864670005 0.6225860013468 0.318638097399 0.6598319412477 0.152071680095
9.61288825056635 3.68644918352464 0.6809632225282599 3.9732372979226103 0.9211308213717601 0.55787359611608 0.78816239832427 1.01389887680622 0.38895345558966 0.37644289724258
10.423974910024079 4.98380069133552 0.39392583297567 4.99733441005268 1.5583025868680402 1.06307438703384 0.67451661642239 1.66696600272514 0.53079033103887 0.70731423152669
1.3859790491536 0.46414182111130003 0.411764705883 0.20547945205449997 0.164383561644 0.0588235294117 0.4875100725215 0.3698630136985 0.123287671233 0.3287671232878
8.43615605050589 2.927454866461741 0.71650105091884 4.179451395521459 2.65981618306114 0.6165217034228602 0.76190424482605 1.9190919025058901 0.57652092855627 1.20658167421985
1.6827034363336 0.6128943621513001 0.20895261409330002 1.3546740605669 0.5296880073939001 0.35661412667900005 0.0359120392343 0.7500645300965 0.2750480853295 0.1934487381243
5.37748181013482 1.10761030204998 0.09895446017696 1.7737298809282 0.38391861436450003 0.3590116353897 0.05487754947296 0.40006425181685995 0.12589610346545999 0.31845539220342
1.99362360053735 0.6802111779379001 0.21469481616695 2.4598421482754 0.5283003299273 0.04258212981025 0.55853360736325 0.5987603603369501 0.3750968848972 0.54835494474655
2.4320233323546 1.8343663440523799 0.28436797340878 3.17132010297444 1.0767898458634 1.8841528986173801 0.15489946883032 0.9554567080512002 0.43756313748468 0.76906018835478
0.9440173206077 0.6184605867795 0.5140067161544 1.2731530576173 0.6673736302573 0.0243902439024 0.3572375397669 0.856486390951 0.9437080240383999 0.8011664899262
1.9369328493644398 1.1892014519047398 0.2758620689653 1.4990925589832602 0.24274047186942 0.19237749546262 0.2785843920144 0.33529945553518004 0.63838475499098 0.41152450090736004
11.578174444564949 5.92662721699451 0.6494964573419401 7.83098069746001 2.06216391384559 1.61279260708392 1.1258976186882 2.47724347129182 0.61609089317501 1.1205326795469
15.89453511154932 7.018180047714861 1.01377238910305 9.25230455375834 1.9128717543486602 1.47573563768763 1.44396771558466 2.17397502142789 0.7005433425037999 1.1141144263214
1.76636771831981 1.04228403658722 0.7799492235271 0.84990722217973 0.36529033338131 0.34739504640994 0.29378564454901 1.2235113615642301 0.30988192267940995 1.02162749080241
14.7802930158317 7.013866942955009 0.60547824328146 8.257021282241961 2.32112719601071 1.6981499255292603 1.1477809035583002 2.0015144852385203 0.7818271513042501 1.3929408540593802
2.8087186130841997 1.0743929538563 0.2261672349523 2.5190458197243 0.4224837236357001 0.7080105800124 0.1706116793967 0.664299808972 0.6662183356875999 0.7400512506776
5.858699659092299 1.7751240185513 0.12661042798060002 3.6222160608323994 0.8051757275704 0.4406272870223 0.15082106520730001 0.6258357492657 0.2722334646924 0.3226565397816
2.1140910094729 1.5836601765168397 0.25661343561406 2.60733757958762 0.5859961676988601 0.20693536071996 0.84979531119266 0.88909187820558 0.40942679348806 0.4970522875035
1.3728924144693 0.7864362038059299 0.32633361056094 1.52510328232525 0.5692001448200301 0.18490520793853 0.24691780194899998 0.53524710913592 0.20924828641024 0.24371593858383
0.9092932310143 1.1035097717476 0.2692659153211 1.0502048676957 0.4443811226951 0.08087115443180001 0.40783410138269993 0.33521169661879996 0.8773446788442 0.5220834602503
1.886405443374 1.520580389634 0.5381816489222 2.0960618472926003 0.8753612836608 0.244024305614 0.4758912340682 0.915653932736 0.8430662988098001 0.6047736158826
7.4631247729007 4.9959924258111 0.8326374511456002 6.8905599272704 1.8833156062877001 0.9675525184259 1.3867694375431996 1.8883117002075003 0.6292614102071001 1.0624747502071001
10.02198649779831 7.73848411306117 0.7764346817135102 9.80578822321878 2.0102466901578797 1.52357687082735 1.04342120349997 2.9400328769887003 0.99539358170156 1.1446352610278099
0.4204761904763 0.37428571428580004 0.0890476190476 0.3995238095239 0.1023809523811 0.062380952381 0.0757142857143 0.20619047619060002 0.1542857142858 0.1157142857142
9.50587475489834 5.86303741147368 0.50320429192523 7.43573891304635 3.3040797794320698 2.04742791581435 1.4573237135788197 2.42234299532926 1.40972526863479 2.05124495586833
1.28798122065816 0.6549295774646201 0.15812206572776 1.5308920187791801 0.33446009389696 0.28835680751166 0.07211267605629999 0.4725821596248 0.0521126760563 0.14845070422531997
3.3841016020938004 1.7631429726967003 0.3674970538765 2.4443593236639 0.8544498816809001 0.4727753048015 0.2561130068706 0.9788284858860001 0.224415719966 0.25431664846240004
2.0955966308081 1.4932714651017 0.4397787918909 2.3705228522115998 0.4685796206921 0.1563901930098 1.2837190978026 0.8032867497667 0.3934330666721 0.495421532041
2.33281751926615 1.6237707216139798 0.24238447838197 2.43623300010402 1.0210613317718702 0.36910247780158006 0.48602500455752 0.51522865917738 0.41525719775043 0.55811960957508
0.41294117647 0.38470588235260006 0.1635294117645 0.9388235294116001 0.27882352941169997 0.2647058823527 0.14823529411750003 0.4152941176465 0.3717647058822 0.6211764705881
0.7141842840054 0.703310729956 0.2682648583964 1.0637016354208 0.4708735540487 0.11156761069 0.31274032708410004 0.44895891503830004 0.4367850019947 0.46961308336670005
8.742734076211448 6.891594728790851 0.9720610269957 9.29242184935605 2.93678662040495 1.4240426616933 1.08883386438735 2.699458222812 0.7441563266554 1.2079106226924
7.66214183946719 6.70946955627658 0.7130979762234 7.7075728879205805 1.72684143809652 2.0792162227235402 1.04873806529237 1.74408449017243 0.66322385954188 0.94561366429076
1.4903378938164 0.306433193757 0.642580442911 1.1450547482024 0.44862177836469996 0.306433193757 0.6178373899990001 0.769766452451 0.74343357442 0.529501332318
5.943576610657489 3.26098372276672 0.5166438490935901 5.68474640922935 1.9823873545246402 1.05524137937971 1.82614725986373 1.9379584781528802 0.84359593295537 0.9487190033755101
1.3013611675127401 1.02690995500784 0.27225531760956 1.4344094122858397 0.50689895158918 0.37186924023260004 0.16113303281430003 1.1892609193498203 0.18166015400514 0.55424184959556
2.8257260240629 1.7989916859888002 0.1779842319701 2.5427539436835 0.922516015977 0.37339477258160003 0.1766007040774 0.6830626588747 0.1281724811137 0.3707974816722
1.5913644203122 0.973094295462 0.5965323794266 1.6924585016686002 0.8563950866578001 0.17594028778210002 1.2093381961805 0.7084315636946 0.4349177967596001 0.7615274720536
2.3170825725309503 1.3564363968351603 0.19923919659150002 3.6239298032061797 1.4367265165338599 0.43315581253823 0.19870156218283003 0.8117873808075299 0.22477683100006002 0.39816392777413
0.7686936936932199 1.18085585585462 0.5601351351353 1.4623873873871802 0.46441441441419 0.02500000000003 0.38941441441419006 0.47680180180183 0.6768018018016 0.9954954954952601
0.9602748890108599 0.42433619169228004 0.15610533357638 0.91560542480034 0.20416104117268002 0.11805266678835999 0.21190658638917997 0.4018877333818 0.24435808550728 0.3633120476802
3.6103672515644893 3.76415853675828 0.34559572791537996 5.43711928254427 1.5239860826552802 0.9761939638462 0.60798632650738 1.5910046268945799 0.30660786230077997 0.83698033901028
6.89717915689208 6.136366683730691 0.6960589442011 6.927569610828829 1.81512689101067 1.59609112092634 1.0391986908217399 1.63716708038844 0.9232989614480699 1.3319428597482401
0.5824805962078 0.7694198813249001 0.25065966456850003 0.7740600584373001 0.3973755003799 0.0689655172413 0.19036954087340002 0.37892419971439995 0.24955915099529996 0.33818589025740003
4.036737873533901 3.2008098070228894 0.3822067032687 5.17425079871514 1.17134550261101 0.62071268867202 0.79150648819483 1.54448162341118 0.68391888342171 1.3940296311489802
0.51828826653849 0.52764365041043 0.07997344278119001 0.97615886045443 0.20756880733960997 0.11926605504580001 0.06301303717998001 0.38586431675532 0.07496378561070999 0.04725977788501
1.4467768243392 1.2457272533869999 0.2188497269696 1.8842635274097999 0.6232891284313999 0.3188426352748 0.1353804694702 0.7385291823271001 0.1690660236862 0.2192752287072
2.0450191570871 1.8536877394642 0.7404214559378001 2.3668582375491 0.6247605363985 0.155172413793 1.3740421455949 0.8306992337157999 1.0308908045986 0.9784482758618
2.3446957776633597 2.13135756855726 0.34915313311719 3.97893388472576 1.29410345928039 0.7084564373616901 0.27706780356749 1.2116774743250902 0.28734081588590005 0.41721364551539997
0.8329159212878 0.4595706618962 0.0656529516994 1.3069767441856 0.3631484794277 0.1354203935598 0.2933810375668 0.5949910554561 0.5683363148484 0.37960644007199995
1.07891797035025 1.2055175429857998 0.63468351767575 2.0101565527398497 0.84303207449 0.14846602672679998 0.57855924978845 0.83586264545425 0.6976146189710499 0.96718980082105
6.94801322846329 4.99377315137078 0.28257490492859005 7.22982118174519 2.1905727086135 1.7382510884706899 0.79918283431679 2.0190442057544598 0.7623861882986 1.0363805080375699
3.0211511840911003 3.5329185732356603 0.25123239927121005 3.37823834913302 1.12754596841491 0.84988810452745 0.5661424557851902 1.09246558438644 0.7326808736827201 0.44773650747294
0.8673765158237 1.441743074041 0.3622991225476 1.2494725426401 0.5441585329783 0.1526570048309 0.2992605737946 0.5262939958596999 0.19177758059740002 0.3649610568864
3.61208917954604 2.84141225559031 0.49316684781681003 4.31862019867784 0.93353861847191 0.96644561239661 0.90721687521571 1.42334560751801 0.58772403551841 0.9164407692471
1.7074626528539998 1.3240032526102 0.1500040939979 2.4775211264415002 0.39916482436740003 0.3407025300908 0.1693912930537 1.539991303782 0.3969357129342 0.4948232098631
1.3277934936342997 0.9115983026869999 0.0753182461102 1.5693069306921 0.5823903818948001 0.17627298444109998 0.1684936350777 0.7547736916551001 0.2873055162657 0.14674681753879998
0.5263157894743 1.1052631578938998 0.2631578947366 0.6315789473686 0.157894736842 0.0 0.6315789473699 0.31578947368419996 0.1052631578946 0.2631578947366
1.9335620901952402 1.6616483113618097 0.1489934185055 2.8843899357967304 1.0217182520543 0.48384752784289997 0.56480274306141 1.08032594925402 0.29365022368849997 0.9270615482348
0.26562500000010003 0.140625 0.0625 0.4218750000002 0.1562500000001 0.09375 0.125 0.125 0.40625 0.2031250000001
1.5453947368428 0.9706140350886999 0.5234649122803999 1.9480263157891 0.3039473684207 0.28881578947369996 0.43048245614029995 0.7798245614037 0.5039473684206 0.7054824561411
3.371035821285 4.6160763357162 0.6310003826726001 4.3559235492239 1.3956580774921001 0.922735568222 0.6953140718933 1.8315743451168 0.36569833448059996 0.8149835138946999
5.394918891541151 4.6945106880795 0.29511428592266 5.426422747521221 2.1577402229437 0.88575757757453 1.0297727639384298 1.75554867903753 0.44520434691275995 0.9150097965364601
0.3382352941178 0.5588235294120001 0.3984593837532 0.9387254901965001 0.3144257703079 0.3567927170866 0.1470588235294 0.4572829131651 0.2720588235295 0.218137254902
3.16055149600079 2.31589528355345 0.07611105271139 3.05787983630759 0.92588932338327 0.74365017626345 0.5658220558592099 0.88208602673296 0.51290669028842 0.7592080588998199
0.9133470890482399 1.1150932556545199 0.2617218918152 1.42810858923034 0.41943682485734 0.5639826839831 0.13163005219082 0.7526835781038199 0.14097584658334 0.27302018853413995
1.4592442645077 1.1301956815115999 0.11410256410240001 1.650337381917 0.6450067476379 0.6471322537112001 0.1493589743589 1.0135964912283 0.0153846153846 0.1756410256409
0.0 0.0 0.0 0.0 0.0 0.0 0.0 0.0 0.0 0.0
0.7687787723788501 1.53392796248973 0.04134697357206 1.78627237851705 0.735775788577 0.26099744245532996 0.32595481670933 0.97082267689713 0.25460571185019 0.32151747655596
0.2259615384614 0.31112637362670004 0.23763736263730004 0.7197802197803 0.3179945054948 0.168956043956 0.2527472527476 0.5590659340658 0.6744505494516 0.5322802197805
0.45791753671500995 0.36820929615464 0.16470449118021 0.71122564345108 0.2895184642538 0.0508762012436 0.1699017085634 0.18253711886090002 0.34871252062197 0.25639701895447
2.50398446494096 1.73474823905185 0.13958844141339 2.86765147041364 0.8945503037890801 0.62224179913589 0.21477373722398 1.05992626660998 0.4666590167279 0.49587626069709
3.01489710104627 3.9168241289982904 0.36864399744880005 3.87801669206255 1.1261285023326901 0.7594842658790901 0.48038336548807004 1.22802045396878 0.7635115477246001 0.46408994505308
0.48234552332919994 0.38902900378290006 0.0548549810844 0.40542244640560005 0.1289407313998 0.1040353089533 0.0712484237074 0.13682219419910002 0.0904791929381 0.1368221941992
3.2771573929286 2.6926248354391995 0.1192035180432 4.2897381501125995 1.2110794547319 0.3768311181979 1.0517164744503 1.7503970358367 0.4388544771103 0.7923975431502
0.6260869565232 0.486956521739 0.20869565217359998 0.939130434783 0.24347826087 0.45217391304419996 0.0347826086956 0.695652173914 0.1043478260868 0.2086956521742
0.5848539844909 0.5944013639116 0.0344827586207 0.6771819831714 0.22460540064899998 0.165924214926 0.0647637903536 0.4521366111205 0.0114942528736 0.1901556398833
1.0665154073441 0.7410616293785001 0.21274799493429997 1.5652807091607999 0.4421485859009 0.0878957365976 0.9092444069245 0.6837484170529 0.17020894892339997 0.121148163782
0.9800057003657502 1.0462269595454499 0.19989165763789998 1.9348472939192 0.6945993456978501 0.4533433886385 0.16109305405075003 0.7141866533542001 0.27857529794145003 0.53723064885025
0.0666666666666 0.0 0.0 0.4666666666669 0.133333333333 0.0 0.0333333333333 0.0 0.233333333334 0.0666666666665
2.2491557043267 1.7461814809307998 0.5236370807828 2.578593053752 1.1711649574664 0.2975715839074 0.9475150843237 1.1663262477880998 0.6553130929783 0.6645417137495
2.41987133570234 3.5146567590565896 0.49667740932568005 3.72306037291502 1.0752138959670798 0.6656627029391201 0.9025497344070001 1.2576126878821499 0.24873929193801 0.69595580986488
2.5725585395914 2.5165106564728 0.14890439824309998 2.1008055951660998 1.0312245374106 0.6987509948659 0.2451669481321 1.0104990886838001 0.2406663761348 0.43491286529749995
0.0 0.0 0.0 0.0 0.0 0.0 0.0 0.0 0.0 0.0
3.3781372821786197 2.83159519667054 0.40788162955642 4.28922977101724 1.6631584724519202 0.64119417637172 0.6358111404433401 1.56974986657124 0.75070899337322 0.83253347136426
0.6056451612911999 0.43790322580609997 0.107258064516 0.7096774193547 0.0967741935485 0.2572580645161 0.1290322580647 0.33064516129129995 0.0645161290322 0.2612903225807
0.3912071535023 0.3002980625931 0.0454545454546 0.3494783904618 0.2649031296573 0.162816691505 0.0163934426229 0.2965722801789 0.0491803278688 0.12369597615500001
0.0 0.0 0.0 0.0 0.0 0.0 0.0 0.0 0.0 0.0
0.6180173092054999 0.4201416207711 0.0283241542093 0.7848151062156 0.2993705743509 0.10110149488589999 0.2305271439812 0.26632572777350005 0.0853658536584 0.16601101494929998
0.3861046057766 0.5406713505080001 0.26135831381749997 1.5277127244335 0.3120999219358 0.09836065573769999 0.2697892271665 0.4591725214679 0.5723653395789 0.5723653395789
1.0658042744672 0.6383577052876 0.2793869516311 0.898762654669 0.36698537682840005 0.1653543307086 0.0950506186727 0.201068616423 0.1664791901013 1.1227502812152
