1.9904437532708399 1.3796526305097199 0.0818997756172 1.61296696814026 0.29416262982638 0.2316239361262 0.5068537314636801 0.30416611631117996 0.10290100112018 0.49532945761548
3.85417854352164 5.35351464123184 0.43832964834692 4.4792850728244 0.6436386569306201 0.9981849754115201 0.6043203716759 1.56167311595274 0.5939306147806 0.47294435932262
0.16666666666660002 0.060606060606 0.9318181818181 0.060606060606 0.1818181818181 0.0 0.030303030303 0.4015151515155 0.1060606060606 0.060606060606
4.15628373614016 2.1381933288508996 0.34944110996678 3.85050535550012 1.0951089076279001 0.52343589293698 0.81209885896638 0.7321056300425001 0.60066993221408 0.7421572477529801
1.020889251955 0.9329560042001 0.2731940716533 1.0913953397898002 0.2915353794687 0.1357023378844 0.0263157894736 0.42494262263189997 0.271035126619 0.5320340763214
1.8849284928498 1.2732306563995999 0.1123945727905 1.7890539053913 0.29138247158029995 0.6488632196555 0.0 0.4710854418776 0.2413824715806 0.2876787678773
1.2858454493693001 0.595306997664 0.3939280359819 1.5157886173189998 0.9351893820542 0.0924886394012 1.0762612879604 0.2546749880872 0.26067198958640003 0.5898446125773
0.39718761564063 0.24978413716532 0.23374861231000998 0.44862464536783 0.3995312692735 0.12075983717771 0.03811520907851 0.31318613543862 0.27692117922781 0.52214135931921
0.9078152610676 0.9863215747382001 0.39124563599330003 1.2209512462660002 0.8222807113006001 0.0 0.28499440089609995 0.48358717848099997 1.0724539828108 0.830350008449
0.11764705882330001 0.0823529411764 0.035294117647 0.30588235294099997 0.0941176470588 0.1764705882353 0.0235294117646 0.035294117647 0.047058823529300006 0.0823529411763
4.3650943620696 2.6780540547352003 0.4591804277554 3.8689335925025 0.9658064049733 0.5712191523276 0.7114942528745001 1.0473809366646 0.675187698154 0.6576491179387
3.47814603974256 2.16486268989229 0.16525859061559 1.57165751563375 0.29959125530539 0.38137867286178007 0.16539856968399003 0.39612684927518 0.0887297226582 0.28885009432368
0.8789513677814 0.3815349544072 0.131838905775 0.34460486322170003 0.23898176291789996 0.08168693009110001 0.7427051671733 0.125 0.3104103343463 0.7642857142857
2.39775851968244 1.0413887079658601 0.23677454452832997 1.47552903970002 0.36401563380159996 0.35507048474942005 0.2418462701886 0.6345872680092199 0.01652892561982 0.23650060575190998
0.0947368421052 0.14736842105300002 0.0315789473684 0.23157894736860002 0.0315789473684 0.0526315789473 0.0315789473685 0.1578947368419 0.0947368421052 0.1263157894737
2.4464332472975 1.32306512550025 0.1356675270263 1.0840608985135 0.2409568697863 0.2633150039275 0.03862267609315 0.32975722889340003 0.00877192982455 0.12934949313575
3.0541696887363 0.7609967739069 0.21085012837619999 1.6644776498223002 0.4681367320528 0.0647253226912 0.6618641759345 0.5496981213398999 0.2853467146696 0.2797346924707
1.0406233390421 1.1357851532502001 0.1737066674543 1.7972819346839999 0.185901789405 0.3274449300181 0.0779616724737 0.814216323156 0.1877177700347 0.2593604204803
0.4097744360898 0.37791353383450005 0.14511278195490002 0.3165726817041 0.2760651629073 0.0448621553884 0.22387218045079998 0.28085839598969997 0.5744987468674 0.3504699248127
1.1002684293008 0.5507889959502 0.2367468851337 1.6210938106106 0.24617139133239996 0.18768328445729998 0.317596859532 0.5085300004648999 0.44911751927890003 0.7820028239386001
4.59111840429091 2.06792717042461 0.35334689251295004 2.91646046235241 0.63846286183193 0.49476255807415 0.36769918980474997 1.0135287189331301 0.16434726730278 0.39234647447201
3.8695996713531606 2.49839184983165 0.43103612100190997 2.6486255475902496 0.8331750701394001 0.43920369374866003 0.2861556933164 0.82550551595103 0.40836593845338004 0.75994089861569
0.9019305019302001 0.5397683397678 0.359073359073 0.45096525096560003 0.39073359073360003 0.0 0.19073359073340002 0.9629343629356 0.8131274131271999 0.39073359073360003
9.103586419825682 3.57531877832116 0.51405938008106 5.75195212131922 1.7096346276997598 0.88614672119412 0.9270733149861001 1.9814980303798402 0.5048737709176 1.0458568352704
0.8666119321289001 0.6973180076627001 0.2513409961684 0.7260536398467 0.6130815544618 0.2969348659005 0.0 0.4360153256716 0.23201970443349998 0.8806239737266001
2.55412431771302 1.0768657067552798 0.15471720308638 0.99532514586736 0.32486824769446004 0.30352672689656 0.0412384716732 0.39261010728367995 0.054281949934 0.10244212309410002
1.1420634920639 0.5190476190483 0.1357142857143 0.8809523809529 0.2095238095241 0.015873015873 0.41309523809560006 0.3531746031747 0.17896825396820001 0.1515873015873
1.6982955216829 1.3962454212455002 0.168956043956 2.0691421481751 0.7064604750096001 0.7211774784351 0.16721611721610002 0.7978642325414 0.16365355075029997 0.11098901098899999
0.26 0.08 0.08 0.14 0.02 0.0 0.06 0.16 0.10000000000010001 0.1
1.06557749035598 0.28587996729574 0.021978021978 1.16577162594798 0.23735327275152002 0.14587182728772 0.26290065228126 0.21080460018508 0.30899614970406003 0.29486639221154
7.10317532151036 3.44977607083855 0.46581627990708 3.9812555632773803 0.92412299917337 0.5914311806803401 0.56963485445008 1.1910570865989898 0.33429551103986 0.38943513252415995
10.315698259358651 4.56189347004529 0.9097982843178801 4.94646296680382 1.61727929590401 0.9521760197121102 0.7951413178031399 1.46743615555427 0.6942751778443399 0.7398390526690001
1.9053007742708 0.43828171530680005 0.5126811594206999 0.3076235854675 0.3591423466358 0.0217391304348 0.6124181060157 0.9674905697833001 0.42515386142580003 0.4501687512408
9.954389932035689 2.8513561518442 0.5663430489054 4.08400161979308 2.4036351963533003 0.47615674604798996 0.61828607631639 1.8113602706996 0.25917416117500003 0.97529679682199
2.1214894770663 0.7275718120784 0.1550679023137 1.4946984913913002 0.4672103847665 0.3961773203771001 0.1139432517192 0.7632171595693 0.35635429202290003 0.4042699086977
5.5773384302322 1.0567666513171499 0.11726182615525 1.5531802289588001 0.44845443649329997 0.33756908601760005 0.0633103343694 0.5143780764526 0.1154421279219 0.2162988020818
1.6082205098653 0.6986434996656001 0.22698303065220002 2.5607544551085 0.5955131394599 0.050215717596499995 0.7311271653596999 0.6445618870544 0.3462381993639 0.537742395873
2.05352004078358 1.1847773003852802 0.13800499631868 1.9544577756943597 0.5076296317158799 0.90064969818328 0.0980545507869 0.66520339590654 0.1790986411182 0.3186039691082
0.6682597448504799 0.56997573829516 0.19279459494203 0.63375911822362 0.49161605449976004 0.0243902439024 0.16935875188793 0.3231530576176301 0.4346171149468 0.49207558083486
1.4042649727771002 0.7958257713246 0.2068965517239 1.0054446460986002 0.2849364791293 0.1215970961886 0.19056261342989997 0.272686025408 0.3679673321233 0.3498185117973
15.086701800609902 9.325239871827598 1.1776983038767 11.1595795420191 3.2275793064502003 2.4602482957716 1.5867120898807003 3.9157785661221998 1.2293090779261 1.8311531455071002
16.03398657186881 7.60344877494866 1.2363985683350698 10.24388128999061 2.55042653581037 1.6811870934919 1.56071641683167 3.0081875841590704 0.71090885120956 1.37085831336425
0.3584158415844 0.2485148514851 0.5094059405939 0.18910891089100001 0.0990099009902 0.109900990099 0.34900990099039997 0.2188118811882 0.2359735973596 0.6818481848186
15.4851352425598 7.037980700451671 0.8192309122125301 9.5294658791478 3.13122119545422 1.87305469229159 1.6666743425662998 2.86491686944849 1.36652237102061 2.2257977948463004
2.1251743092864 0.9056165825487 0.2008507792562 1.953644975843 0.37185081224350003 0.5392342087041 0.14529522370050002 0.5377175304910999 0.5649525129022 0.6556630650239
7.089332905411 2.1237841213403 0.15242496138720002 4.4885482897808 0.9554736776270001 0.5170757691746 0.1756404805461 0.796006792501 0.294067525828 0.4076454764099
2.9519270408166003 1.9422614073256 0.6164684435157001 4.333841642127 0.9591316899369001 0.22807397318050002 0.996329937962 1.856185059797 1.7325802885408 1.383200516797
3.6989965781676 2.4385581874164104 0.54900395464731 4.07291183602991 2.1004713446268095 0.92581418036711 0.572278301644 1.13957066447192 0.79831055472652 0.7040843978982199
0.4096993636164 0.5795479482116 0.12244897959180001 0.44349352644319995 0.2091288128158 0.0272108843538 0.3023919245121 0.1224489795919 0.5795479482128999 0.2040816326531
1.8818994262123 1.2446869551978 0.2867681657386 2.6667304209504 0.8228956855835001 0.2455459453967 0.5654051217818 0.9689189417914001 0.5988185711144 0.7183307662364
8.34598648287694 6.15405539273772 0.7949139450869799 8.375470278125519 2.4154443484814596 1.07767573341896 1.0700412810139597 2.7498156786944996 0.58516068193762 1.43143617763182
10.00462393784558 6.826339587262421 0.69438158988402 8.70330138130824 1.8152620469804799 1.39482217921174 0.8903290356415001 2.8617073590191198 0.82987765692655 0.9793552259172099
0.1416666666666 0.2 0.44166666666660004 0.1833333333332 0.29166666666700003 0.0916666666666 0.6416666666666 0.2166666666666 0.3416666666666 0.44999999999999996
13.305366523511122 7.758153950974041 0.8460825927158699 10.782514587487789 4.17984170895927 1.78662175032477 1.8078016110315 3.68912987879834 1.6264821341251698 2.21800526208037
1.31399061032897 1.08413145539925 0.14572769953039 1.43211267605607 0.5472300469489 0.23417840375558002 0.11605633802818999 0.6529577464783001 0.12938967136129 0.34422535211219
3.88393020715702 1.76367466942946 0.44122556175978 3.0459886770027396 0.9611252826478 0.59836960070332 0.40540108792617996 1.1831762596073 0.34200651411663996 0.37510213965524003
1.0778601680009 1.0015280494149 0.4892909906997 1.3225816437087001 0.2962839976923 0.0845070422535 0.7609742370302999 0.5723938033799001 0.17600709150000002 0.2185729763193
3.5249700239792 2.2962516653356 0.5252984279241 3.7169537703163 1.3296116440179002 0.5509425792692001 0.8245556887823 1.6389488409269002 0.7077531308284 0.8847142286168002
0.6372549019608 0.4135472370765 0.2404634581104 1.1481283422469999 0.317825311943 0.3832442067744 0.25401069518700004 0.5531194295894001 0.3732620320854 0.6791443850269999
0.7068616295433499 0.66059524559295 0.27718934352225 1.2282706666952 0.5549696638885 0.12049209581585 0.48871286713030004 0.6214608219796001 0.52080483418385 0.82064283165075
5.645642997232001 4.495735519410699 0.6511671639678 6.3088554090277995 1.7793089500215498 0.8357774265298 0.94882647754085 1.8532931074804 0.5715438084656499 0.9098491403238
8.2462985343643 6.98800092574736 0.72816048626441 7.61101746326178 1.7709458728719 1.91162537142723 1.14740952103125 1.9636299426121302 0.5890236517993801 1.04388823062878
0.8699461305096001 1.0017014453645 0.3230727526501 1.3015826325676003 0.19489912447649999 0.1532165968785 0.3107012261941 0.20841263799 0.37171678721010004 0.264750666159
8.05444353310797 5.509789196436559 0.75385864596706 8.576717421771031 2.89314035827228 1.38334465888977 1.41259232484624 3.14164849241813 1.45561308504369 1.8188522832522398
2.4026835995856 1.8988334674165999 0.38389265601609995 3.0278128950698 0.6604413285826001 0.5284737386513001 0.2626134927015 1.9263303068620001 0.3886622227327 0.5202562923796
1.5789110700102502 1.0400109006931197 0.10483260289752999 1.59413238979834 0.5805673944226 0.2054227592152 0.12511783022622 0.39666959287682 0.1202359731772 0.2540994866847
1.2267995162744503 0.65316262684765 0.15314948209694 1.51612860823311 0.3150533676849 0.20087806929881 0.92290604132691 0.54407434670581 0.21311583153667002 0.25473210999537
2.7916178150792 1.6420855979463003 0.4827273600923 4.4628610479344 1.8332289564439 0.6630165009813 0.48183130274439995 1.5302657383968996 0.4311380373227 0.6812276430573001
0.40758258258262003 1.00863363363302 0.3629129129127 1.06516516516528 0.25885885885879 0.02500000000003 0.30330330330339 0.36846846846873 0.5462462462466 0.6538288288284599
1.8203734111773 0.7796071276525 0.23630237791119998 2.0096940947512003 0.4275107948672 0.23815118895569998 0.3668819558478 0.8259271422487 0.5136191692513 0.7819327373345999
6.11042190392662 5.92083499798658 0.4397908086166599 8.33623160026164 2.25699271945608 1.17873547009576 0.7896468809877801 2.27348833911206 0.5275107044685 1.1663465750874
4.4947994589542 5.238076101998 0.5604419362311001 5.6373350806832505 1.4938822135827001 1.44144593314085 0.8911861847376499 1.7086154174787502 0.6460923439431999 0.88812532924535
0.3157894736841 0.4561403508776 0.0701754385964 0.49122807017610004 0.1754385964912 0.0 0.1052631578947 0.1052631578947 0.0701754385965 0.2105263157894
5.5501509082533005 4.4775137679646 0.5037141383821 7.8991319789151 1.8062923875308 1.6530810180438 0.8359944265103002 1.9181922343689002 1.1825016895767002 1.1734274504624
1.7722765576120203 2.12318869200665 0.45753166437611004 3.13223149953486 0.50596752711021 0.47047422147490003 0.5286068825385001 1.4988286234136399 0.22657351455601998 0.28432081737500997
1.9000543696666001 1.6736013318879999 0.21337054785030002 2.4176367093183 0.9765467494717 0.30370017661730003 0.22643446428980002 0.7867459585773001 0.2083168704683 0.2935928218533
1.3353573213389 1.101332667 0.2126436781608 2.1148913638432 0.5013909711808999 0.20734632683640003 0.9188144023224001 0.5675781157037 0.419702053735 0.6209430998783001
2.33825533100094 1.4221302994356801 0.29693813051136 3.05008665455966 0.96730754275542 0.73962990971904 0.26991408342941997 1.2717113412022 0.39196667767032 0.25206002970992
0.5199463327369 0.7390876565295 0.1270125223612 0.8523255813952999 0.3966905187833 0.0502683363148 0.52343470483 0.43935599284419996 0.7202146690529 0.6316636851519
0.7636037023500499 0.5195530386067999 0.24969553038615003 1.7344842284744502 0.8071489465363 0.0865424430641 0.34241261722085 0.55747777371855 0.51994275971285 0.41913895993165
3.4636630590764605 2.1143252185682297 0.18369658808345998 3.6813911292171198 1.26595517959483 0.7887980015354 0.47819738154589997 0.98223009056609 0.42895204062809006 0.6127913111846599
5.42135974133014 5.07988086600334 0.52868600806418 5.3917982695018 1.84494189541062 1.2800758377005401 0.8216176051026999 1.7674241852331398 0.8880924593092999 0.9761231323458999
0.2167800453514 0.4836734693878 0.2260770975056 0.528117913832 0.3170068027215 0.3222222222222 0.0834467120181 0.5095238095237999 0.1074829931972 0.2056689342403
2.72408589820622 1.9240519297419398 0.2844663016043 3.52626997454046 0.89151358026501 0.69998921855713 0.6104159198544 1.25321453868251 0.5079640387452 0.5780285997989999
0.33366085318891003 0.3084008843039 0.04356014083342 0.54892327847348 0.11373126995838001 0.07492016703511001 0.030254646687900004 0.317817080161 0.10288217473172 0.12584950462605
1.8265651753138998 1.1780317129453002 0.1077756271866 2.04715997915484 0.8064654209776799 0.2835461177695 0.19581441226818 1.05366448299078 0.3368104667607 0.16416660463028
0.8296632385563001 0.7744000806608998 0.5203871748337 0.9893123613633 0.3329602742489 0.1111111111112 0.7832778786050001 0.4529895140147 0.5744000806616 0.6314982859449
1.13261333135284 0.6617511325171099 0.0243902439024 1.4722785092136301 0.5308246427401 0.30586469196539995 0.16796274095820998 0.40458736035822 0.0674524448592 0.23227490213149998
0.6368875745153 0.36742036140070006 0.3133227769496 0.8409595442133001 0.3630386860409 0.1570184426229 0.35540859413790005 0.4070727769497 0.8592508072527 0.6996204359163
0.41341318785569003 0.42965234480878 0.40709033613518 1.1016688126865601 0.3232142857146 0.07316176470589 0.47804452426098 0.36430604499839 0.66172065600438 2.7477280428312003
3.7203922286138003 5.041503856736361 0.6071294807347 4.97751273724172 1.65080890175596 1.08887293850778 0.79499049716278 1.73748825176674 0.57849849427518 0.80280261321078
2.8500199544647504 2.9208388142887296 0.34229539374343004 2.89553205446478 1.4649312348492398 0.82428753077465 0.6050868335910801 1.08013019214552 0.35156898400293995 0.6653090076713899
0.0 0.0 0.0 0.0 0.0 0.0 0.0 0.0 0.0 0.0
5.3352016420138995 3.9998814504454 0.2850670403796 5.090542861634001 1.3900469180178001 0.8898206430655999 1.1088119519304998 1.8267354704446 0.7577462808580999 1.3161457412102002
0.9202006716025 0.9205761216977001 0.2270801472669 1.4790743213177002 0.42354897439 0.4573160173163 0.2437795849006 0.7167957276367 0.2624711736856 0.34915726018509996
1.039743589744 0.9080128205132001 0.08782051282040002 1.2474358974352 0.3929487179497 0.28429487179470003 0.1823717948718 0.6541666666670001 0.0230769230769 0.18012820512850003
0.6941770647659 0.3795999207763 0.47363834422680007 0.9602099425624001 0.12794612794610002 0.0818181818181 0.3032679738559 0.42495543671969993 0.2723311546838 0.2820558526439
1.6259897226779998 1.8926272569669003 0.147329521948 2.4411760626143 0.9017958116461 0.5320357790325 0.1440071011683 0.7204541326728001 0.2244503152433 0.3701342960315
0.1990740740739 0.1276455026454 0.1256613756613 0.5952380952380001 0.17923280423280002 0.0727513227512 0.1798941798941 0.48809523809470007 0.4695767195767 0.5628306878306
0.5191420265109099 0.56758135266954 0.44099962461821 0.94670445035848 0.37115111731500006 0.0508762012436 0.46189542912830006 0.2641697719226 0.7270484703864699 0.65043155584617
3.47512920068053 2.5255240988681305 0.40297640529203 3.0371621828722297 1.004157310623 0.5123959243508 0.46770345977922995 1.2880730945832 0.57017187413436 0.7167064488179998
2.5201044583866703 3.18377781052949 0.2040679258843 2.73367467522245 0.59242938625309 0.47477333888669 0.27949050834527 1.16516324072568 0.5857196534739 0.26079900229418
0.33819628647199995 0.31299734747979996 0.32294429708210004 0.4854111405831 0.48408488063680005 0.05570291777189999 0.05570291777189999 0.1419098143238 0.643899204244 0.159151193634
2.5055390505021 2.07467625658 0.1390526451161 2.929306980336 0.8806966354542 0.3168977477745 0.6532348248776 0.9403807013875999 0.2069743689145 0.3532407890613
0.5851063829787 0.2127659574464 0.0212765957447 0.4853723404254 0.3789893617016 0.0425531914894 0.0 0.1063829787235 0.0837765957447 0.0837765957447
0.5848539844909 0.5944013639116 0.0344827586207 0.6771819831714 0.22460540064899998 0.165924214926 0.0647637903536 0.4521366111205 0.0114942528736 0.1901556398833
0.38778668917937 0.21781342338519 0.07738849022090001 0.49894470240582 0.15984240889267 0.02420149148727 0.33868017447587 0.18390319403391 0.05811172083847 0.05332770507947
0.4419244223507 0.7606917270339 0.2843986998916 1.3544105254956 0.5671398678651001 0.2309451985926 0.055946791862300005 0.43404198443530007 0.46420187793460005 0.40629890453830003
0.0961538461538 0.18037135278519997 0.07692307692309999 0.40649867374009996 0.18435013262619998 0.0192307692308 0.1690981432361 0.3183023872679 0.3454907161804 0.2035809018568
0.3225806451615 0.3870967741936 0.125 0.5766129032264 0.2580645161293 0.0860215053762 0.1720430107531 0.1505376344085 0.5860215053763 0.3360215053764
1.6099297407786002 1.9153275556988998 0.2381947743208 2.4283669645572 0.4094144261091 0.4287794585398 0.6242272721008001 0.5460889029723001 0.2116003497217 0.5880705551997001
2.3373450120912 2.6300753717135996 0.0943123938878 1.9155978288827 1.3907650357559 0.6534045891856 0.2790271132375 0.9594664814533 0.131286978443 0.6087191953485
0.2666666666665 0.2666666666666 0.0 0.2333333333332 0.0333333333333 0.0333333333333 0.0 0.0666666666667 0.0333333333333 0.0666666666667
3.6803571029797197 1.9348774821566397 0.21526781783192 3.43519063244934 1.22758754911042 0.57777446827732 0.82795910584154 1.3127636978912403 0.75010906635782 1.0381130771048601
0.6056451612911999 0.43790322580609997 0.107258064516 0.7096774193547 0.0967741935485 0.2572580645161 0.1290322580647 0.33064516129129995 0.0645161290322 0.2612903225807
0.0 0.0 0.0 0.0 0.0 0.0 0.0 0.0 0.0 0.0
0.24999999999970002 0.090909090909 0.35606060606129997 0.4393939393943 0.0227272727273 0.113636363636 0.2121212121215 0.0681818181818 0.0 0.44696969697050004
0.80571688860188 0.6782167850783901 0.08508633897883 1.31162633176155 0.6408827931351 0.17460172855416 0.26962814195213003 0.34418431996585996 0.292536218595 0.397520453377
0.23739837398359998 0.1398373983739 0.0243902439024 1.0260162601624 0.1154471544715 0.0487804878049 0.0 0.091056910569 0.1463414634148 0.1707317073172
0.47244094488219995 0.37795275590530003 0.0314960629921 0.5039370078744 0.1732283464573 0.11023622047250001 0.0157480314961 0.11023622047250001 0.0157480314961 0.1889763779523
