0.444444444444 0.0 0.0 0.264957264957 0.0 0.111111111111 0.0 0.45299145299099997 0.111111111111 0.0 0.0 0.076923076923 0.230769230769 0.0 0.307692307693
0.06382978723409999 0.0425531914894 0.0 0.127659574468 0.0 0.19148936170220002 0.0425531914893 0.15957446808499998 0.1063829787234 0.1914893617024 0.0 0.0 0.0 0.0531914893617 0.0212765957446
0.0 0.125 0.1 0.175 0.0 0.5249999999999999 0.525 0.25 0.125 0.775 0.05 0.15000000000000002 0.1 0.05 0.05
0.5523933582762 0.424069829952 0.1049062049061 1.396542890661 0.0 0.5370855723793 0.231842231842 0.9068611127432001 0.504490716256 1.0949915008738 0.049350649350600004 0.1606804959746 0.2025974025972 0.118881118881 0.7153069153077001
0.0 0.0 0.0 0.0 0.0 0.0 0.0 0.0 0.0 0.0 0.0 0.0 0.0 0.0 0.0
0.1286914765906 0.28459383753480005 0.0470588235294 0.8092837134852 0.0470588235294 0.4844337735093 0.04393757503 0.17575030011999998 0.3342136854742 0.3959983993601 0.3535014005604 0.0711484593837 0.41472589035630003 0.1119647859143 0.2976390556221
0.046511627907 0.0232558139535 0.0 0.0930232558139 0.0 0.5215946843849 0.11627906976730001 0.24750830564749998 0.10465116279090002 0.058139534883600005 0.0232558139534 0.0232558139535 0.08139534883720001 0.428571428571 0.23255813953520002
0.5156883504750001 0.4447268650056 0.0526315789474 0.7147790090584 0.0 0.1696271488224 0.1366767704602 0.8757057976086999 0.4584464741371 0.9568956380705 0.24924312914010002 0.2481240858894 0.4504562056467 0.08404519151279999 0.6429537552271001
0.2232968881411 0.1041491449396 0.1839080459772 0.8303896832082001 0.0 0.5085506027478001 0.781609195403 0.6952621250361 0.07036725539659999 0.6276983459482 0.1407345107932 0.11634426689079999 0.2870759742079 0.07036725539659999 0.3602467059157
0.7820704630224 0.5080637219237 0.0722561617863 1.1582560300329998 0.02 0.5758794087353 0.1419591320834 1.4425764291713001 0.922920426502 2.2667472963587 0.5694458066110999 0.6139166208789999 0.9078215432855 0.22767073000330001 1.7904162296019999
0.528584525119 0.0277777777778 0.0648881554822 0.49140080674810005 0.0185185185185 0.11859185918595 0.0 0.74220755408805 0.17599926659325002 0.6266593326001499 0.3354785478548 0.27081041437455 0.5974697469753 0.0463696369637 0.95524385771915
0.24767080745329997 0.0 0.0 0.7158385093171 0.025 0.1465838509316 0.0791925465839 0.3267080745341 0.27546583850899997 0.9990683229827 0.1402173913043 0.3942546583851 0.1010869565217 0.0358695652174 0.5130434782611
1.2249753844073998 0.0463609172483 0.130434782609 1.3982128149711 0.0588235294117 0.29684672690020003 0.17471312769789998 0.9829802517919 0.7469962782460999 1.1799582618611002 0.27493234582029996 0.5924183969822 0.7611829108942 0.1374020794758 0.9937621916863999
0.0 0.25 0.0 0.0 0.0 0.0 0.0 0.125 0.0 0.125 0.0 0.0 0.0 0.5 0.0
0.6250489236782 0.0 0.0298507462686 0.7274994888566 0.0 0.2513771650553 0.383047580103 1.4324970061632 0.4276075590729 1.2150071560018998 0.4799485936267 0.7049975173080001 0.8093758214799001 0.0845401174167 0.8292023249683
1.279247622986 0.0 0.0365853658536 1.0535345183969 0.0508474576271 0.1525423728811 0.0243902439024 0.5673832162043 0.12401818933440001 1.1653575857790002 0.41484084332390003 0.5837122778014001 0.5917734601072 0.0508474576271 0.9049193881773999
0.12499999999980001 0.49385964912299996 0.0315789473684 0.5127192982455001 0.0 0.6793859649137002 0.1263157894736 0.6833333333336999 0.5342105263164001 0.9131578947357 0.0631578947368 0.2298245614038 0.13640350877180002 0.1894736842108 0.2815789473682
0.0833333333333 0.0833333333333 0.571428571429 0.0833333333333 0.0 0.2500000000003 0.0833333333333 0.3333333333336 0.41666666666700003 0.6428571428576 0.142857142857 0.47619047619 0.45238095238099996 0.702380952381 0.6785714285713
0.43510577988029997 0.1402461175187 0.1732981170654 1.4399570673016 0.0 0.472013693897 0.27570578437509996 1.7103470568793 0.9406671117070999 1.5674487181033 0.2900988421133 0.22073509901500002 0.5975342604906 0.042650531286800006 0.6941918203626
0.0 0.0 0.0 0.0 0.0 0.0 0.0 0.0 0.0 0.0 0.0 0.0 0.0 0.0 0.0
0.09090909090899998 0.1827922077926 0.0857142857142 0.2165584415583 0.0340909090909 0.3022727272729 0.0571428571428 0.1707792207794 0.0454545454545 0.341883116883 0.0568181818181 0.0853896103896 0.1422077922077 0.0626623376623 0.1253246753246
0.15911330049240002 0.0569527266441 0.00985221674875 0.39123671247095004 0.0 0.101892662691 0.2668049433929 1.34417941405445 0.44629677642434995 0.3494080027652 0.0197044334975 0.06680494339279999 0.16532711088035 0.14493993604685002 0.4774868204992
0.2322706571241 0.3126684636118 0.14612572419980002 0.3175635901726 0.0 0.10507482107989999 0.13628899835779998 0.5442730117412 0.6466988877536999 0.6468228150079 0.0238095238095 0.1239427456082 0.6776187378003 0.1502153236049 0.9366267001271998
0.2208272916095 0.2127072147979 0.0547634910059 0.7601657718384001 0.0147058823529 0.30531214484479996 0.1707351961438 0.397944507583 0.1663028569187 0.7705803973829 0.14733315044849998 0.1074440569031 0.2144805423835 0.088439079829 0.36825841595810005
0.6218210195299001 0.20336291176870003 0.1070981863663 1.6801824274652 0.0 0.5846423722431 0.2416037446873 2.2439138251412 0.8447613138468 2.7671671261735002 0.6609810968513001 0.7829331233193 1.2142146504273 0.2924092864166 1.7549089157677
0.45257172782718 0.00877192982455 0.02369730295887 0.56103692065921 0.0 0.18315190962471 0.0 0.5576852579202001 0.35811543784881 0.9058392249276599 0.26231997905226 0.30130550256211 0.35713911644756996 0.10194890210591 0.9264167882404999
0.24905577514260002 0.0217391304348 0.0363636363636 0.5619235836633 0.0 0.1525691699606 0.2536231884055 0.3020641194551 0.4471234079931 0.5248133508998 0.2191919191919 0.2067193675889 0.35050505050520003 0.1545893719805 0.5197189284143
0.6776247401243001 0.03125 0.0624999999999 1.2340176715175 0.0 0.5985576923076 0.0 1.5344984407479 0.1874999999998 1.4947375259896 0.30158523908510004 0.5454132016627 1.0826403326428 0.1875 1.0621751559255999
0.0 0.1428571428573 0.1071428571428 0.3071428571429 0.0 0.17857142857129998 0.742857142857 0.25000000000010003 0.39285714285679996 0.3571428571438 0.0357142857143 0.0357142857143 0.0714285714285 0.0714285714285 0.3071428571429
0.5114856742139 0.1866442930609 0.072204968944 1.0496092967343 0.0 0.2115290856875 0.36024844720529997 1.4991534762557999 0.7148650904972 0.8960645829163 0.2647849462365 0.4149802978696 0.7074868095911 0.202405997462 1.9085370333265
0.44247311828009994 0.161290322581 0.0 0.37903225806429997 0.0166666666667 0.0333333333334 0.0 0.47043010752750003 0.7973118279588001 0.7693548387096 0.263440860215 0.7629032258063 0.362365591398 0.0166666666667 0.5247311827957
0.127912087912 0.3197802197801 0.1479120879122 0.36175824175820004 0.0 0.297802197802 0.127912087912 0.38373626373720005 0.14989010989 0.531648351648 0.065934065934 0.02 0.063956043956 0.2178021978022 0.18395604395600001
0.0810810810811 0.054054054054 0.054054054054 0.027027027027 0.0 0.0810810810811 0.08108108108100001 0.1621621621622 0.08108108108100001 0.2432432432431 0.0 0.027027027027 0.027027027027 0.054054054054 0.027027027027
0.45554641529191 0.2071009194642 0.0588235294118 0.92562885353281 0.0185185185185 0.4267964620029 0.2169609267066 1.20139711982852 0.59320418374571 1.1873877087608402 0.13322788322772 0.37343373042561 0.3772176897178 0.27157677631282 0.55317928305201
0.142857142857 0.0714285714286 0.0 0.0 0.0 0.0 0.0714285714286 0.0714285714286 0.0714285714286 0.0714285714286 0.0 0.0 0.2142857142856 0.0 0.2857142857142
0.26375127112586 0.50029174365462 0.0727174060507 0.8409660917039401 0.00884955752212 0.45719172120334 0.22842087443846 0.5502633496734 0.34061611937712 0.49232281975616 0.2578335572435 0.2785863759313 0.18982787124324 0.2498982498982 0.26846299117672
0.3944444444448 0.16666666666660002 0.2 0.5944444444443 0.0 0.6555555555556001 0.311111111111 0.47222222222259996 0.19444444444429998 0.4777777777776 0.0 0.0555555555555 0.16666666666660002 0.0555555555555 0.2555555555555
0.40380273469902994 0.23008558262051998 0.11435494884464999 0.5963771658119199 0.0102040816326 0.13699972590356002 0.09084924292304 1.4239363657975703 0.2121198299302 0.8140806068393501 0.17264913228062 0.27085321993522005 0.33560071187929996 0.22262090653425 0.96546574437036
0.32729885057459995 0.1876436781608 0.19396551724119998 0.9045977011499999 0.0459770114942 0.43390804597649996 0.325000000001 1.0399425287342998 0.6882183908046 1.3097701149436 0.2816091954022 0.25258620689669997 0.6295977011503001 0.2272988505745 1.1525862068972001
1.59890599239073 0.65441729211657 0.1180685784353 2.3672291602618496 0.017460675848560002 0.9379109777663301 0.22847001764257002 4.65924375608927 1.9835316287742097 2.86013305303271 0.7111696384522901 1.06537963018995 1.0521030725965002 0.45592382535953 2.2900527010373697
0.50108225108182 0.030303030303 0.030303030303 0.31737012986982005 0.0 0.1087662337661 0.030303030303 0.5438311688307 0.18560606060615997 0.8400974025962401 0.49377705627755997 0.20508658008636 0.40827922077878 0.14799783549768003 1.1571969696971198
0.50679012345575 0.03183421516755 0.00714285714285 0.2878306878304 0.0 0.13121693121685 0.87945326278725 0.5570546737214 0.1939153439152 1.2448853615520499 0.053262786596099995 0.40705467372105 0.5739858906525 0.0500000000002 1.07557319224095
0.48143229640341 0.1004184100417 0.0 0.8137347644168 0.133333333333 0.32640834394581003 0.10093384270200001 2.0023952458942 0.71181856770372 0.87740585774163 0.19265660056990996 0.21921047844261 0.97062640228031 0.0260869565217 2.0435389000052
0.0571428571428 0.228571428571 0.0380952380952 0.39047619047619997 0.0 0.25238095238089997 0.2 0.4047619047618 0.3714285714285 0.40000000000049996 0.0 0.0761904761904 0.0380952380952 0.1571428571428 0.38571428571440003
0.7201413206184 0.1266962760731 0.0595238095237 0.5749154252477 0.0198412698412 0.2798811007576 0.3021844356077 2.2362293179281 0.43272927506409997 1.1052769369764999 0.23450913671129997 0.5139836851521999 0.8939498552491999 0.111971696309 1.3881664589392
0.40066981226984 0.04059293826989 0.00847457627118 0.39205885414835 0.01698521085679 0.09988676526118999 0.023607727413080003 0.63370481151679 0.25624143251548 0.43007042421485003 0.44466589936147 0.35822481428479 0.27625321544215997 0.0236077274131 0.5949557907620799
0.0333333333334 0.15 0.0666666666667 0.28333333333340005 0.0 0.18333333333340002 0.0833333333334 0.1833333333335 0.1666666666667 0.3666666666666 0.0 0.0666666666667 0.1333333333334 0.1333333333334 0.1500000000001
0.22031963470319998 0.0 0.0833333333333 0.082191780822 0.0 0.3584474885846 0.4691780821921 1.1289954337907 0.13698630137 0.2465753424657 0.0 0.0547945205479 0.054794520548 0.027397260274 0.1369863013699
1.1208415003227 0.14776613709175998 0.08976257010489999 1.1544548668515597 0.0 0.91090730047146 0.4257260754954 3.3978846094950597 2.69971429422716 2.01090873721996 0.43518571461905997 0.44888434475696 1.0836356637734998 0.30395209509226 1.7703760904814
0.02 0.0 0.0 0.04 0.04 0.0 0.02 0.04 0.04 0.04 0.02 0.0 0.06 0.0 0.68
0.10843920145175999 0.24979376340503 0.08855799373034 0.45561788483746996 0.0131578947368 0.2455865368753 0.14527305725134002 0.68223065500695 0.33649562778528996 0.53848374855598 0.07395644283111999 0.22958257713223001 0.29277346972438 0.14576802507820996 0.39428312159658
0.12586286240211 0.12778730703221 0.08094172279624001 0.45047692758361 0.0 0.6807513701204699 0.15716646446031002 1.6056666527197099 0.45658494749654005 0.47438606032671005 0.02744425385937 0.09176672384214 0.35677530017181 0.09895201439137 0.26543739279591
0.7843172210427 0.10112771920466002 0.10179826374518999 0.6086976764849601 0.00423728813559 0.08782407133988 0.14733832878167 1.5025923149648701 0.49768140159595997 1.3296247229123401 0.13957951928169002 0.22672444339488002 0.45624266737309 0.16519547163877002 1.8470188901045799
0.53885413565439 0.5165790797063 0.25218253465029 1.18917767710719 0.0 0.57819080055209 0.80052248131539 0.9140709008622 1.0379600801795998 1.20051897911708 0.1998904656837 0.15930110727038999 0.45286401441418994 0.28310635456009 0.87678138892719
1.16952387824727 0.2483754459071 0.25276693414318 1.51096411279952 0.0 1.1543050691621 0.43366737668169003 3.5062000797312995 1.47780466039268 2.9162648625083203 0.36504557325976994 0.42679981229152997 1.16584495554092 0.81013884954568 2.56229838979641
1.2123603906326 0.1733548778103 0.0642201834861 0.7197040412799 0.0428134556574 0.2314183486571 0.0593423812772 4.132941910756601 0.6168355226787 1.1393162105627999 0.3382464516127 0.3545698410457 0.8967538839721 0.0644257196737 2.9536967809004997
0.5958851674639 0.19078681552319998 0.21550770866549998 0.9420255183409 0.0681818181818 0.19496544391270001 0.2392929292929 1.5357416267953001 0.7253907496013999 1.4619617224893 0.3939393939395 0.9005794790008999 1.0677830940985 0.22041998936729998 2.2475385433271002
0.83820850965324 0.0671015144699 0.04164792322685 0.72071557519311 0.00925925925925 0.4837180290829399 0.14621342842064 2.7694008080914 0.4347208972109399 1.15144109331074 0.0684834934638 0.31605915541488 0.9906285852871901 0.25956093454102996 2.70284079337259
0.2256728778467 0.1739130434784 0.2608695652179 0.5993788819881 0.0 0.1325051759834 0.35196687370620006 1.198757763975 0.43685300207120004 0.39544513457529995 0.1128364389234 0.067287784679 0.1345755693581 0.4016563146997 0.5082815734986
1.4014178475510999 0.23309945217070002 0.1895280235988 1.2733082061252 0.09457139083329999 0.5196523388119 0.4425094816689 3.7694377354688 1.4796374008589 1.9354355906951002 0.311474045701 0.7988258454882999 1.574672339943 0.2545713908333 1.7218589102537
1.3021136339156 0.2732944139193 0.047619047619 1.7289983301026 0.1331272893772 0.3122138278384 0.3096955128203 1.4194240196062 2.236078566041 2.2620730984701005 0.8225698933416999 0.8425918444307 1.4328707444514999 0.24971382783860002 2.6276159502296
0.07066707279923 0.15077672860173 0.01360544217686 0.54563915118246 0.0298507462686 0.35709209056783 0.054421768707560006 0.36277794699960003 0.1779876129557 0.5350797035230201 0.043456188445459995 0.16021931160516 0.10996040207123 0.1507767286019 0.23768910549262998
0.05940594059399999 0.059405940594 0.019801980198 0.09900990098999998 0.0 0.277227722772 0.1980198019802 0.257425742575 0.1980198019803 0.4554455445544 0.019801980198 0.039603960396 0.05940594059399999 0.11881188118799998 0.1386138613862
1.4917202524456201 0.9250711149772 0.17765046064452 1.5696326654322699 0.037037037037 0.8450429503091902 0.42727249017554997 3.13361871037266 1.5830314188813202 2.44402268473507 0.5690314811722101 1.0388430578863699 0.70964693539847 0.21434299659546 1.8340357439415
0.0 0.0 0.0 0.0555555555556 0.0555555555556 0.0 0.0 0.0 0.0555555555556 0.0 0.0 0.0 0.444444444444 0.0555555555556 0.3333333333336
0.5323725055434 0.2707317073171 0.0090909090909 0.7793791574277001 0.0853658536585 0.23159645232819998 0.0545454545455 1.4413525498902002 0.9963414634142 0.6856984478932001 0.0944567627494 0.3687361419067 1.7926829268337 0.060864745011000004 0.5967849223945999
0.3894535182002 0.2375556060653 0.0428288469655 1.3407799460993 0.0234113712374 0.41685878494710005 0.1598857031527 0.6938013442876 0.5065103743878 1.1449491833625 0.1364743319153 0.4876449004769 1.5645679773992 0.16732149235299998 1.6879566191515
1.63015774995504 0.37761769699084 0.32085181898840004 1.47405152561164 0.01954451345752 0.7840453537515201 0.30921477211052 2.8845450178066203 1.5468049778328201 2.3958729930765 0.66782242829234 1.02525083217634 1.1370520744110602 0.2620379441041 2.1651303014285204
0.61695961675116 0.24103416959156998 0.01169590643274 0.8740712383010399 0.17040491524237 0.35279769263807004 0.1698591210056 0.5292684920944 0.28769764325142 0.86455933744629 0.3383675670063 0.17132110931013 0.7163750976398701 0.13507689180134 1.52051120148913
2.6432946339943504 0.25638817675114 0.09751558612620001 3.12536561082575 0.15566267257229 0.8257306745385802 0.6020285404915 6.2375373933089895 2.50102446874359 3.779553236000581 0.84225278740791 1.27548865905432 1.98345780460637 0.63426138771858 4.040438367859269
2.0914830457274 0.20470763659660002 0.1005557527389 2.0888686121469 0.045837965082 0.5079182558338 0.1156933974129 4.7533881842826995 1.2691407462441 2.2487124143048 0.5651535351529999 0.541469154052 2.2268994833658997 0.0820505542821 4.158121262776099
0.40413457436308 0.07327634023353999 0.0842241618929 0.61381440479858 0.00751879699248 0.15124152141803998 0.29396460378792005 1.0703620926267798 0.44283541240762003 1.05048212066738 0.3037423653679 0.4298792923161999 0.9650181928462 0.167367939844 1.94213818043922
1.3968768472806499 0.11817644000635 0.0165289256198 1.2764772853219502 0.1149275594476 0.2763826135881 0.3843590519428 3.35762547126085 1.8382833436612502 2.44093085175425 0.60956118170205 0.9936819164194001 1.3343184682487998 0.17627663033889998 3.6655934134123997
0.43790849673220006 0.0784313725491 0.0522875816994 0.15686274509810003 0.0130718954248 0.0522875816993 0.078431372549 0.32679738562140004 0.2483660130727 0.6176470588233 0.0392156862744 0.0784313725491 0.10457516339870002 0.3529411764714 0.36274509803910004
2.30716553634249 0.16588093842298998 0.1559394890525 1.3440893697318999 0.15510941338060003 0.63118865103318 0.5772986298777 5.1587236708593 1.6063172594476902 3.3371882802171595 0.7894758097659 1.13784732005999 2.3711992505584 0.25192916508648 3.01064721616229
0.7966880606914599 0.11599479037456 0.0715827338128 1.64922332690866 0.035791366906500005 0.45436685134646 0.13323616968476 0.802802055438 1.11067183388526 1.83109316260566 0.5255323592585001 0.5921429964785 0.8845526231529001 0.06321701259686 1.93310465685936
0.2424046541693 0.1224305106656 0.1224305106656 0.8262443438919 0.0588235294118 0.4001292824821 0.2778280542993 0.5437621202324 0.5462184873945 0.6873949579824001 0.1506140917905 0.035294117646900006 0.26839043309599997 0.1506140917905 0.5674208144799
0.08 0.0666666666667 0.0266666666667 0.0933333333333 0.0 0.1333333333334 0.0133333333333 0.2133333333333 0.0666666666666 0.0533333333332 0.0133333333333 0.053333333333299995 0.0266666666667 0.0266666666666 0.1333333333336
0.9770870398119 0.5776065827051999 0.0721153846153 2.0852070184573 0.033426183844 1.0872302127412001 0.5973674867463 2.2629675427953 1.8972730435987 2.0886558498233 0.4284130994619 0.7983701938136 0.9376700006213 0.12573175990059998 2.0308786010663997
0.0714285714284 0.0 0.0 0.0714285714284 0.107142857143 0.0 0.0 0.0357142857142 0.1071428571427 0.0714285714284 0.0 0.0357142857142 0.3214285714295 0.0714285714284 0.1071428571427
0.33556833847725 0.33256677793434997 0.08546917753095001 0.78226943505595 0.00877192982455 0.26491619955345 0.2868059258636 0.5960987830573999 0.5460070399373 0.5341707079823 0.10737233990430002 0.27227510339475003 0.26575329428460004 0.25324389953740006 0.32871104766275006
0.29873089873060005 0.43532763532740004 0.1522403522402 0.6624190624184999 0.0 0.5344729344725 0.6229474229472 1.0570836570839 0.4480704480704 0.6574462574459001 0.0296296296296 0.8904428904427 0.37684537684510006 0.0806526806526 0.7536907536902
1.2092509192932899 0.12933216783215 0.11300715950706 1.23970917026249 0.02321153846153 0.6441958502487201 0.33869480519433004 0.9894614127008099 0.825631763626 1.72181701454538 0.27949007729849 0.6663015105463801 0.7581175172353 0.15347984816590998 1.9082992450798901
0.9086452045609 0.2025687458081 0.0845070422535 1.4127498323272 0.2558685446004 0.6291817572097 0.5617236753857 1.2621998658621003 1.2374379611007 2.1467672702886 0.1862910798119 0.6065459423199 1.5325821596248002 0.4057947686115 1.5671361502347998
2.8999317190975797 0.8674332249900599 0.36269331183556003 4.33856756577298 0.30965576475125994 1.496181923145 0.79194435235356 5.008296202542059 2.72099976902876 5.015353037162221 0.90714435076522 1.7801876845182598 2.2381723955681 0.5762210926893999 3.6872176057795603
1.8792118146679 0.176106198617 0.22322197760159998 1.7130498504927998 0.0397350993377 0.40680521103969997 0.4192166451031 2.2651485232625004 1.2196283099126 2.0818961937832996 0.6421413162749999 0.5053765553911 1.2622451896898 0.3668146437041999 2.7994024711293
0.9802195000723 0.07695341696205 0.1348287367254 1.254834668623 0.04761750464745 0.14156656511235 0.1214696412503 1.19070507946565 0.6036800018045501 1.8343356973807 0.40060156890095 0.7285209051796 1.5473578646159 0.077253218884 1.86005563037245
1.00050025898036 0.17669955292231998 0.056050555402800004 1.1677795504914399 0.0554225379754 0.2303723389108 0.2581367123133 1.52908582674082 0.8485796877927001 1.59519735986456 0.3253738281434 0.64131469599302 0.75707000624242 0.18512083563340004 2.17329625259822
0.8300000000004 0.250692640693 0.0133333333333 0.4006926406929 0.0119047619048 0.17995670995660001 1.2975757575760998 0.4947619047623 1.3502164502169 0.6015584415584001 0.2171428571432 0.3191774891778 0.3285714285719 0.4963203463207 0.2080952380953
3.2507605648472 0.22011025986716 0.20977419703199002 2.37724567857035 0.1205184530382 0.5957533996644799 0.5540931609511599 4.98251319804167 2.13637684095636 4.3802338238164 0.7531436826794601 1.70050305304973 2.35391429357829 0.7371020339512798 3.6279573599640202
1.64336911149588 0.053552260277790004 0.16738045287317999 1.7605766149234903 0.052101661779 0.31130895787738 0.25615855648978003 1.2714970009782798 1.2280474930250898 1.6874007042399801 0.6752787735475 0.61004628883779 1.2308079738325 0.1762412304603 1.8762329193617897
0.10000000000023002 0.09166666666670001 0.05 0.31666666666652 0.0 0.19166666666656 0.07499999999999 0.24166666666652997 0.24166666666659 0.26666666666669 0.02500000000003 0.04999999999996001 0.058333333333330004 0.10000000000010001 0.19166666666689
0.0 0.0 0.0 0.7142857142860001 0.0 0.0 0.142857142857 0.142857142857 0.0 0.0 0.0 0.0 0.0 0.0 0.0
2.46183086203959 0.5171344057358 0.22464163814879 2.87203830162157 0.0834313520613 1.3923013591689999 0.9671093659231 2.12788122003908 2.3814675881863003 3.3645400135131704 0.58893855814529 1.13605585883357 1.52364838845738 0.37409245245718004 1.9848886356652002
0.0 0.0 0.0 0.0 0.0 0.0 0.0 0.0 0.0 0.0 0.0 0.0 0.0 0.0 0.0
0.26673038053007003 0.705973040558 0.24309160701330002 1.21335533447287 0.0 0.58575188440707 0.37763138972057003 0.94122136721817 0.6382766848752399 0.9201511818009499 0.27298836265067 0.2863911694948 0.52194611688857 0.43308119671870005 0.5934102836537
0.06766917293227999 0.06101792943887001 0.12290341237697 0.20387507229607002 0.0 0.18305378831687003 0.13794100636201 0.21399652978624 0.1437246963562 0.14372469635601 0.06101792943891 0.03007518796984 0.23655292076337 0.12290341237707002 0.27154424522811
0.8891972389356001 0.186841346186 0.1499030676244 1.8707827708579001 0.0 0.60659207234 0.4855114608283 1.3338092746505 0.8542133719708 1.9427280594049998 0.2803425167534 0.9717363305222 0.9296351451971 0.3279577790746 1.1707495656495999
0.3681760717155 0.08085277554289999 0.074074074074 0.46150293495434 0.0 0.47320231391012 0.04838524307548 0.26882180421992 0.36223380028654006 0.68943544164762 0.15150663823229998 0.09855189058732 0.4099252108106 0.09441443512231999 0.41891736582012
2.30970252064333 0.32212122365789997 0.1708898871496 3.6585834205310497 0.2251324281407 1.20226674807713 0.8465820602188101 4.4193366172763096 2.28549528978981 5.1044155680718095 1.61057850464401 1.64061873204081 2.5014193855405003 0.52890162055361 3.1739559936681303
1.6425497232381998 0.1307613954671 0.046835839599 1.6055404219117 0.0267379679144 0.5714210325279999 0.25195425059959997 1.7422826786225998 1.4191578545313002 2.1332048369592997 0.5253415959684 0.8278433382934001 1.333113867556 0.2199382145201 2.5233169822962003
0.8758096020769399 0.09113084391206 0.1261869214691 0.84405642427072 0.0514679821407 0.43598683103644 0.19098063412064 1.13828656478688 0.5461980717391 1.53000207546314 0.35539875376782 0.5017995485372 1.11863604384062 0.18893143056020004 2.00512827227852
0.67898418370549 0.1093506534803 0.050656660412700005 1.01952399830079 0.0556402439024 0.3663407259941 0.4008378081129 2.0515142113087705 1.0865500779638 1.36231029760707 0.45203064879039 0.5944585334049899 1.5180021180959 0.1297296840716 2.1240701548480905
0.512694512694 0.533579033581 0.3378378378375 0.9717444717435 0.0 0.7014742014735001 0.526617526617 1.5053235053229999 0.6339066339075001 0.8296478296475001 0.56633906634 0.121212121212 0.43816543816500003 0.33087633087650004 0.9905814905825
1.63173698305469 0.14096224238284 0.060308488215999996 1.3167187110701302 0.18291453389169998 0.42875930990079003 0.1910178998252 1.4859466090828397 1.04832400303699 1.5304177411711501 0.2811428763232 0.9992222776542901 0.79112843549208 0.30133922847999994 1.61006066041829
1.3847633708606002 0.22119428090850002 0.071654040404 1.8964685459836 0.0901230025231 0.33691894193180005 0.2582101237351 1.1634248534145 1.4489015195912 2.9719461940926 0.8761908920704 1.173716744145 1.5977484811545 0.1787799400441 2.329959069141
0.08139534883720001 0.0581395348838 0.0116279069767 0.17441860465110004 0.0232558139535 0.0813953488371 0.046511627907 0.0930232558138 0.0697674418604 0.1511627906977 0.0116279069767 0.0232558139535 0.0697674418605 0.0348837209302 0.0697674418605
0.076923076923 0.0 0.307692307693 0.0 0.0 0.076923076923 0.0 0.23076923076900002 0.076923076923 0.153846153846 0.0 0.0 0.0 0.0 0.076923076923
0.64813477171905 0.0854426141689 0.0478723404255 1.0044828450855 0.031914893617 0.2818044787138 0.147799252883 0.41263687886245004 0.8712597841850999 0.9140751220265 0.22202371284709999 0.16900033908055 0.6066087950106 0.03954848140325 0.5173956899722
0.0 0.0 0.0 0.0 0.0 0.0 0.0 0.0 0.0 0.0 0.0 0.0 0.0 0.0 0.0
0.3336771072066 0.18371530430350003 0.1016424751719 0.9619684237321 0.0214285714286 0.5082505729564 0.2033613445379 0.39428316781249995 0.5869493251849 0.9364782276545 0.12489177489170002 0.3282149223326001 0.4337662337673 0.306786350904 0.5745861981157001
0.1321256038646 0.053864734299500006 0.0277777777778 0.7683574879235999 0.0260869565217 0.3147342995171 0.1649758454107 0.23985507246360002 0.264251207729 0.5007246376815 0.0521739130434 0.1599033816425 0.5268115942031 0.0555555555556 0.7128019323673
0.23863534666239 0.11607777866073 0.0214740252227 0.57245294959736 0.0240963855421 0.22381061908147 0.25006600508322 0.43213185961457 0.33868511184626005 0.6108817080190501 0.09831425667961999 0.16634619003606 0.34044431805679 0.03781847278031 0.52876497311689
1.2246457649965001 0.16764972776749998 0.1576678765879 1.881851595933 0.0689655172413 0.2934718360275 0.6506726718723 0.7890574268632001 1.1172576133459002 3.0719958707295003 0.5553622271431 0.3034724187886 1.6568228741748998 0.29136349256589994 1.7697430859677998
1.1303771212171 0.64499342467282 0.1420626543837 2.50572407202212 0.2772537498078 1.09458121808486 0.98637637471984 2.5175794955334405 2.0257927471487 3.6499386413784802 1.00397411854602 1.15976080096614 1.2816966134925003 0.66279122476292 1.9170977432602
1.01760541580372 0.157115953726 0.04498498924422 1.15873916405822 0.0282485875706 0.30307318067101 0.16898159873821 0.6941891996853001 1.0736838432037 1.17669241064732 0.24201480701029998 0.6537654089598199 0.7706106625322999 0.22720554548062 1.2830892326671097
0.23329752240539997 0.2325149162996 0.0682463001304 1.019371607782 0.076519177819 0.28909537485639997 0.2188531592006 0.7253398552237 0.7837883487539999 0.7421096328404 0.3825637970138 0.48509041094509997 0.5925997073464999 0.17925735055400002 0.9713528388255
1.223922075977 0.3200098838899 0.045871559633 1.8917117721330001 0.046373279816499996 0.7374441035149 0.18493015536379998 1.6491330816642 1.3230241850863 1.5566249425261998 0.8126170560378 1.3295710209967 1.7857627943877 0.1659335957307 2.9270704932528995
0.07703595011 0.0597945707996 0.0212765957447 0.20579603815119998 0.0 0.063829787234 0.0425531914894 0.2787967718266 0.264490095378 0.4754218635363999 0.0689655172413 0.0344827586206 0.07703595011 0.2230374174614 0.1074834922963
1.58083496032306 0.0338983050848 0.036286169117 1.46854302592642 0.1162092788877 0.38886736654529996 0.193408739837 1.65514407216486 1.2260840135170599 2.1911147972056 0.5252635881355601 0.9812368672615599 1.3278816618815399 0.23737914153005998 1.03784801258446
0.36094653047852 0.11827230830142 0.0731707317073 0.6295835732688 0.00956937799042 0.2200172562555 0.11932547555132 0.70660826578382 0.7987838357486199 0.7856962478164998 0.37423595155211997 0.2505514540591 0.768103285002 0.0491803278688 0.7359553786140199
0.0 0.0 0.0 0.0 0.0 0.0 0.0 0.0 0.0 0.0 0.0 0.0 0.0 0.0 0.0
0.0 0.0 0.222222222222 0.6666666666659999 0.0 0.222222222222 0.222222222222 0.0 0.0 0.0 0.0 0.444444444444 0.0 0.0 0.222222222222
0.53202261258884 0.33123718517466 0.03822696563624 1.42494980192222 0.0338983050847 0.40295625756952996 0.2859469895883 0.80202249927758 0.6896534585419399 1.20171017315706 0.32747816872034 0.53307347556861 0.6577647731784099 0.0538526265176 0.68520670747186
0.0 0.0 0.0 0.0 0.0 0.0 0.0 0.0 0.0 0.0 0.0 0.0 0.0 0.0 0.0
0.2291021671825 0.4345101368223 0.1052631578946 1.1421901528019 0.0882352941176 0.5872615599721 0.522745430939 0.6772695495846 0.2020123839011 0.9878907420363001 0.0526315789473 0.29027264556050003 0.33436532507710004 0.1527514231498 0.1934984520122
0.0900584795321 0.0526315789474 0.0374269005848 0.41169590643299997 0.0444444444445 0.2204678362573 0.1567251461989 0.30643274853850005 0.3935672514628001 0.7011695906432001 0.0111111111111 0.0970760233918 0.17076023391839998 0.1274853801169 0.17894736842089998
0.6725322809809 0.3006603740972 0.0343671126785 1.343413023674 0.1169962908733 0.14786252833299998 0.2567249529423 0.9470679566993 0.5975135262921 0.9692905541512999 0.2631083815969 0.5352712776261 0.6865261331418 0.0430107526882 1.0856548542286
0.58643453696928 0.06169655285343001 0.00847457627117 0.6718865143694399 0.11113158110207 0.19167076066468 0.02661098829112 0.33243265372932995 0.40119135347623 1.6925816752646903 0.43842626709315 0.19571358388588 0.52852493244918 0.21141406697757004 0.54180995660373
2.02775943992923 0.43113996368654006 0.08612204984892 2.05937168322798 0.26979463548381 0.87403429921926 0.44408281761880997 2.2303426305015197 1.8619888840350698 4.024239890017289 1.1612903359499 1.09724509042439 2.02380257082423 0.28541226345441995 2.12337344577589
0.57144718231267 0.0673620933521 0.0 0.48196605374853996 0.0 0.0785100126554 0.04658769448367 0.45568283332137005 0.41580436239127 0.48977797215858 0.18387087768927 0.23036086503394 0.26727555274320003 0.07287091491103999 0.63848358519997
0.7723174159314401 0.797881087919 0.12255639097727 1.8057941342897101 0.0294117647059 0.28857509047697 0.5519681556831101 1.1014055537332998 0.96638060996877 1.10552876498564 0.26735363075524 0.7644588225778999 0.7497669696056701 0.6150456787124701 1.06155592967157
0.5782419552372999 0.19494139721979997 0.0 1.2468855722933398 0.059341995289 0.29696252023459996 0.20389968306439998 1.1840185241702101 0.6734836748011099 1.17858670777414 0.53346662391033 0.5250058274376099 0.68086153362752 0.12422488631659999 1.52007909862141
0.142857142857 0.0714285714286 0.0 0.0 0.0 0.0 0.0 0.0 0.7857142857146 0.0 0.0 0.0 0.0 0.0 0.0
1.3991583094059 0.16491895017230002 0.021897810219 1.3634550066509001 0.259038730741 0.5328216828761999 0.1456641953253 1.7049145265016998 1.2222916509542003 1.9690899949864997 0.718836856996 0.9089004526437 1.0345372811394 0.0777984313371 1.4766761200490999
0.3089855072465 0.1501449275363 0.0 0.7643478260872999 0.0 0.16681159420299999 0.1584057971015 0.2856521739131 0.3639130434784 0.5223188405801 0.30217391304350005 0.392463768116 0.2789855072463 0.0384057971015 0.267391304348
0.0 0.173913043478 0.0 0.4347826086952 0.0 0.0 0.0869565217391 0.173913043478 0.3478260869561 0.3478260869561 0.0 0.173913043478 0.173913043478 0.0 0.0869565217391
0.0 0.0 0.0 0.0 0.0 0.0 0.0 0.0 0.0 0.0 0.0 0.0 0.0 0.0 0.0
0.60066825346222 0.6463114586584201 0.0 2.14645290080696 0.0772257333992 0.54109666579052 0.62034206901788 0.8267099767823 1.25754120283634 1.5332538587780198 0.6656403410918601 0.69789953562526 0.9567873419357201 0.0777721175071 1.35229854430652
0.0 0.0 0.0 0.0 0.0 0.0 0.0 0.0 0.0 0.0 0.0 0.0 0.0 0.0 0.0
0.16475095785427002 0.2613378684811 0.06984517945107 0.36036828524511 0.0277777777778 0.34946047384457 0.106243646884 0.29994526546251 0.1956173273907 0.36412151067310006 0.0344827586207 0.12156931738214 0.23659003831429998 0.17483775119234 0.23305184142617003
0.19264069264060002 0.2336134453778 0.0285714285714 0.48599439775880005 0.0 0.1311688311688 0.1588235294118 0.29080723198370007 0.2480519480522 1.6188439011964 0.0151515151515 0.1042780748663 0.1042780748663 0.1176470588236 0.2701298701302
0.26390572390565004 0.27821548821514996 0.12461279461275002 0.57329966329945 0.0530303030305 0.5429292929288501 0.30983164983160005 0.39397306397305 0.32915824915825 0.8708417508415501 0.1898316498315 0.19067340067320002 0.3539730639727 0.18437710437705002 0.34134680134675
0.3226839826841 0.0 0.0064935064935 0.11792207792199999 0.0194805194805 0.0656277056276 0.0064935064935 0.0324675324675 0.1384415584415 0.4556709956714 0.2040692640695 0.0789610389609 0.1832034632035 0.0922943722943 0.27619047619049997
0.52778777823095 0.15503845164934 0.07145899255683 1.13367823609511 0.0508871858603 0.47953375636926004 0.25964270129078004 0.68342736352071 0.8935333820600999 1.34077363547051 0.37959929899767997 0.5872439500921501 0.60349103078899 0.14979534625023 0.68410889077154
0.8506410256409 0.0230769230769 0.0208333333333 0.5358974358972 0.0230769230769 0.18012820512850003 0.136217948718 0.3580128205127 0.4391025641035 0.6631410256412 0.2612179487178 0.3580128205131 0.401923076923 0.06698717948710001 0.6817307692313
0.0714285714287 0.1200128700128 0.0 0.1319176319177 0.0 0.25740025740030004 0.08976833976830001 0.1763191763191 0.11036036036050001 0.2985842985846 0.1200128700128 0.1731016731017 0.1222651222651 0.108108108108 0.2207207207206
0.5453569511539 0.1290391841116 0.0 1.2322061191628 0.0 0.41524422973800007 0.1234567901233 0.7821792807305 0.5846484165327 1.1804616210410002 0.31196994095520003 0.7237788513156 0.7619967793881 0.0246913580247 1.1849704777249
0.5875 0.1875 0.0 0.8875 0.0 0.554166666667 0.2 0.2625 1.175000000001 0.729166666667 0.0625 0.75 0.666666666667 0.625 0.3125
0.74624990237325 0.0528205128205 0.05519316425779999 1.3550314437459 0.0103626943005 0.28503754844135 0.2880674306366 0.42996736221775 0.636866192205 1.2694911272132499 0.1726196042151 0.320246340057 0.36780979612250003 0.07073720570849999 0.9394996756836
1.49749351484275 0.0192307692307 0.0645161290322 1.3533419375324502 0.0128205128205 0.12220843672445 0.28589743589675 0.47246323369334997 0.55527660195555 1.8949707687699502 0.6204635256223 0.41974586883095 1.41363304627215 0.133333333333 1.13460488544345
0.0 0.1538461538465 0.11538461538460001 0.1538461538461 0.0 0.1538461538461 0.192307692308 0.2692307692311 0.3076923076921 0.23076923076960001 0.0384615384615 0.076923076923 0.0384615384615 0.1538461538465 0.11538461538460001
0.0 0.0 0.25 0.0 0.0 0.75 0.0 0.0 0.0 0.0 0.0 0.0 0.0 0.0 0.0
0.55987093647842 0.0371475953565 0.0 0.77380080653218 0.01965780851836 0.3430716376863 0.1541577825162 1.0753926112158603 0.7154070649594599 0.9803773594675199 0.05414056713906 0.29048312444732 0.38697848018121994 0.04404805242076 0.5654661730794
0.0 0.0 0.0 0.0 0.0 0.0 0.0 0.0 0.0 0.0 0.0 0.0 0.0 0.0 0.0
0.0860215053764 0.0645161290322 0.0 0.3010752688173 0.0430107526881 0.0860215053764 0.0430107526881 0.21505376344119997 0.3870967741943 0.258064516129 0.0430107526881 0.2150537634408 0.129032258065 0.0 0.1290322580644
0.2617220801368 0.1167945439045 0.0878090366581 0.4347826086963 0.0 0.0289855072463 0.1449275362317 0.1449275362317 0.46376811594330003 0.7016197783450999 0.0289855072463 0.0 0.0588235294118 0.1457800511507 0.38107416879830003
0.6163072245046 0.218467178371 0.11763049721260001 0.8745444272062 0.0332225913621 0.33542196186159995 0.1175392370259 0.6211012968653 0.5184840712127 1.0277625138097 0.31561461793949996 0.6032298339252 0.6331651168618 0.0 0.9675094318370999
0.64196099935741 0.18670443382767002 0.0194174757281 0.7278547279296099 0.0173913043478 0.47963137567487 0.17917335679326998 0.5881506846620701 0.51861781658017 0.97653491555565 0.24644177321567 0.21286713507381 0.39648891641544 0.16042259244200002 0.6483424923964
1.06361208376427 0.094671801067 0.08158023483357 1.49139527280305 0.0406982716402 0.7544388993385001 0.6064453240820701 2.49240620266078 1.0232179430445398 2.3941758256145103 0.5589715504322 0.6736374416334401 0.5256078523658 0.1885322023603 1.0106090943541701
0.31034482758649995 0.0114942528736 0.0 0.1264367816093 0.0114942528736 0.0459770114943 0.0114942528736 0.0114942528736 0.0459770114943 0.10344827586220001 0.0459770114943 0.0459770114943 0.0344827586208 0.0344827586207 0.16091954023
0.1168215663246 0.14762464007429998 0.0453729812868 0.6591273555379 0.0120481927711 0.0 0.09188460919380001 0.3475733711686 0.1232301795008 0.5855445532747 0.0851063829786 0.22159493987810003 0.2332735196104 0.047352199495700006 0.2834455089037
0.6056706451439 0.1146616541353 0.0 1.5017088174983 0.221804511278 0.11963036963029999 0.264814133235 0.8652926021359999 0.7381434355113 0.7278510962716 0.1755744255743 0.3104658499393 1.0538014616956 0.0916583416583 1.2089226562913
0.051724137931 0.0344827586207 0.0172413793103 0.18965517241360003 0.0172413793103 0.1034482758621 0.0172413793103 0.0689655172413 0.1379310344828 0.1379310344827 0.0 0.0517241379309 0.08620689655159999 0.0344827586206 0.0517241379309
0.8675703221793 0.0688259109311 0.0238095238095 0.9515779895594999 0.0307692307692 0.5295115544857001 0.0878304285947 1.1059524116518 0.774411039848 1.1526756626991 0.3624762543303 0.6028531642677 0.6126264951941001 0.16674943114750002 0.6623605805298001
1.0057603686638998 0.166666666667 0.0 0.3870967741941 0.3099078341011 0.40668202765 0.1209677419356 0.9078341013818999 0.3629032258071 0.7208141321046999 0.2154377880183 0.3360215053768 0.5034562211984 0.0241935483871 0.5322580645170999
0.0 0.0 0.0 0.0 0.0 0.0 0.0 0.0 0.0 0.0 0.0 0.0 0.0 0.0 0.0
0.0 0.0 0.166666666667 0.166666666667 0.0 0.0 0.0 0.333333333333 0.166666666667 0.166666666667 0.0 0.0 0.0 0.0 0.0
0.3962922117313 0.4065180682198 0.1353535353535 1.79497460007642 0.0688956433637 0.94146872604864 0.4714282453875401 1.19872485513722 0.81993885108122 0.84977420328576 0.15191292107122 0.31349172386612 0.31736736871321997 0.11293721028223999 1.02092183637942
0.0 0.0 0.0 0.0 0.0 0.0 0.0 0.0 0.0 0.0 0.0 0.0 0.0 0.0 0.0
0.07632545931766 0.0533333333334 0.0 0.3950656167976899 0.00787401574803 0.21994750656162998 0.07454068241473 0.10540682414692 0.1399475065619 0.32052493438335 0.07391076115493 0.08661417322829 0.13753280839903 0.03695538057743 0.27202099737543
0.0384615384614 0.0384615384614 0.0 0.19230769230789999 0.0 0.0384615384615 0.1538461538461 0.0961538461538 0.2500000000004 0.11538461538460001 0.0192307692307 0.0 0.0 0.0 0.057692307692200004
0.7065040891896 0.2017597708203 0.0322580645161 1.1471753566073 0.049723756906 0.6074872769752 0.3678166894393 1.1494526294264 0.7696736569038001 1.404814121732 0.3142050667668 0.44098232968289997 0.552230407203 0.38037139349289995 0.8755453903386999
0.2791666666667 0.0238095238095 0.0125 0.145238095238 0.0625 0.12142857142850001 0.0 0.0714285714285 0.047619047619 0.44047619047630004 0.12142857142850001 0.036309523809500005 0.23154761904750001 0.025 0.38154761904789997
1.6379473285029 0.0990853658536 0.0449438202246 1.5064791328979998 0.07492239467850001 0.6707079126279999 0.3295754339952 0.8797158914461999 1.5016696583939 2.1819119651336996 0.5130736853539 1.0386743607286002 1.3795325093983 0.0922693712447 2.049491169516
0.6901923213395 0.0491803278688 0.0227272727273 0.20782769143410001 0.0454545454545 0.17131502377399999 0.0163934426229 0.2702789014265 0.5506174153712999 0.7288694911641002 0.26021928890760004 0.19993258108019998 0.35762188631009995 0.0227272727273 0.40664253779000004
0.7821139012786 0.083175205566 0.0537634408602 0.9208457576587 0.0537634408602 0.22733104972180002 0.0588235294116 1.0861989370534 0.657892834553 1.4579232279419998 0.573495321883 1.0493046485456 0.5911464879202 0.15460377699459998 1.2496184397523997
0.72302269435009 0.0663157894737 0.00917431192659 0.63039111540368 0.0275229357798 0.21971028488669 0.0526315789474 0.5343022694357801 0.66001931434088 0.7152197006279799 0.1327860936745 0.2792563978753 0.41068083051688997 0.12 0.41896668276219007
0.1333333333333 0.2000000000003 0.0 0.266666666667 0.0 0.166666666667 0.0 0.2000000000003 0.2000000000003 0.2666666666666 0.0333333333333 0.0 0.0666666666666 0.2333333333337 0.2333333333332
0.3466509988248 0.0 0.054054054054 0.20564042303160002 0.0757931844888 0.0869565217392 0.108108108108 0.054054054054 0.4870740305519 0.6498237367800002 0.0975323149236 0.0757931844888 0.34665099882480005 0.0757931844888 0.3360752056402
