0.7778902194483001 0.0165289256198 0.0 0.42026948520429996 0.0165289256198 0.30068776822 0.0165289256198 0.4244485673047 0.2753883922712 0.47731489289920004 0.267330072525 0.2293810086021 0.2303929836398 0.0699949401247 0.4773148929001001
0.267154595418 0.3328345214123 0.0588235294117 0.8872503673057 0.0 0.5137400010889001 0.0425531914893 0.45113457038720006 0.4874571475212 1.2106709473799 0.0 0.0 0.2033248081839 0.1708385481857 0.3742177722154
0.0 0.0 0.0 0.0 0.0 0.0 0.0 0.0 0.5 0.25 0.0 0.0 0.0 0.0 0.25
0.5199883052077 0.2163528977483 0.031168831168800003 0.9894783175124999 0.0 0.390625501361 0.4010067451926 0.8540923272687001 0.6003668873693 1.0114561167125 0.2588705054458 0.20876033810060002 0.3972839945439 0.10071534072800001 1.0198338916407
0.0 0.0 0.0 0.0 0.0 0.0 0.0 0.0 0.05 0.25 0.1 0.0 0.5 0.0 0.1
0.1970172684457 0.2289377289375 0.19230769230810002 0.5803244374673 0.0 0.3197278911564 0.17425431711150002 0.2354788069073 0.2378335949764 0.6159079016219 0.1630036630035 0.08608058608050001 0.14730507587640002 0.16535845107260003 0.6564625850336
0.061004381530200005 0.05224132119990001 0.0 0.39737108190049997 0.0 0.16548702392989997 0.1307718233905 0.1916076845297 0.2930569598925 0.1885743174924 0.0232558139534 0.037748567576700004 0.09588810246040001 0.0289855072464 0.3340074148976
0.4714797464862 0.6302011573440001 0.105263157895 0.8120694406166 0.0 0.23615321025070002 0.2628823367322 0.9705152934684 0.6034720308624 1.0220446403980001 0.2617801047119 0.2620556627176 0.3926701570681 0.1576191788374 0.8117938826119
0.151515151515 0.0526315789473 0.1578947368423 0.39872408293460004 0.0 0.42105263157929995 0.0526315789473 0.3540669856463 0.503987240831 1.4529505582146 0.1132376395533 0.157894736842 0.3317384370021 0.1578947368423 0.6937799043062001
1.12573618135232 0.33946243926891 0.05245418158831 1.0232501680635098 0.0 0.73860062454051 0.09092660025879999 1.3846742466272 1.0248208566915098 3.4844619183999397 0.5273230704513199 0.7965165581351 0.82136938545841 0.35746528587341 1.2329384832902097
0.42673267326709996 0.0 0.0463696369637 0.41732673267400006 0.0 0.0630363036304 0.0 0.6773927392732999 0.129702970297 0.41369636963679995 0.25214521452140004 0.2615511551153 0.5419141914197 0.0463696369637 0.7237623762370999
0.5365225502922 0.0625 0.0 0.7281391953278 0.0125 0.127384815055 0.1929347826085 0.7020725178453 0.1940014600907 1.0675008111628 0.29285366645050004 0.6611088578854 0.4091377352368 0.0912840687864 0.9220595392614
0.72557328016 0.057078763708799996 0.0 0.528414755733 0.0294117647059 0.1712362911265 0.0423728813559 0.8215353938198 0.5319042871390001 1.2063808574301 0.057078763708799996 0.2265702891327 0.6961615154533 0.1418245264206 0.7644566301093
0.0952380952381 0.0952380952381 0.0 0.6666666666663 0.0 0.0952380952381 0.0 0.0 0.1904761904762 0.3809523809522 0.2857142857141 0.0 0.190476190476 0.0 0.0
0.6965392866919999 0.0140845070422 0.0149253731343 0.7803442461312 0.0 0.5032825951542 0.4016337649699 1.5449595396108 0.6682411396001999 1.6697105246826998 0.5471457742286 0.8717230563359 0.8720521471298999 0.17638920493319998 1.2389688403583001
0.7796610169497 0.0 0.0 1.3143297380591 0.0338983050847 0.19260400616309997 0.0 0.3050847457627 0.0338983050847 0.8027734976879 0.2033898305084 0.372881355932 0.3959938366718 0.1248073959937 0.4406779661018
0.0 0.3789473684218 0.0210526315789 0.6210526315804 0.0 0.2526315789474 0.0842105263156 0.5052631578947 0.2421052631581 0.4947368421053 0.0421052631578 0.0947368421051 0.0631578947367 0.1263157894736 0.0736842105262
0.0 0.0 0.0 0.0 0.0 0.30000000000000004 0.3 0.2 0.1 0.1 0.0 0.0 0.0 0.0 0.0
0.31419564502959996 1.1306318315116 0.16558490637150003 1.8264339622356998 0.0 0.8093320426280999 0.4247987478256 1.5681198808441998 0.5953369724874 1.3909553426897 0.17991942453050003 0.3043787243387 0.40156282330619997 0.4210448642267 0.46770483197589996
0.0 0.0 0.0 0.0 0.0 0.0 0.0 0.0 0.0 0.0 0.0 0.0 0.0 0.0 0.0
0.3616270229176 0.4639800462379 0.1714285714288 1.1031971015853 0.0681818181818 1.0938781051700002 0.3248165215909 0.959923350247 0.3077549690451 1.2281424071754 0.2257715402876 0.406228956229 0.4504848795173 0.2501753324332 0.5844093779581
0.21295945433850003 0.1689635228654 0.00985221674875 0.91755250194595 0.0 0.2840788975091 0.1788157396142 1.13162880676755 0.80243712730205 0.8257912686226001 0.0197044334975 0.101892662691 0.20041483017855 0.42280768233595 0.7231008555871998
0.6163876895167 0.7201143510579 0.473434277715 1.0677666055475 0.106666666667 0.5699964511732001 0.43192267502599996 0.8076347075167001 1.0153419688103 1.537146743954 0.277575757576 0.3537128605508 1.1395727607883002 0.18117367559779998 1.7015528085012
0.2463690872752 0.5664223850767001 0.1600266489001 1.4931379080604001 0.0 0.9221852098603001 0.2612924716855 0.7160559626899999 0.3327115256487 2.1033977348453 0.3810792804791 0.1980013324448 0.1726848767486 0.1116588940705 0.3349766822119
0.24901612393859 0.46896497811137 0.11937148217616998 1.17424436064648 0.0 0.6115530746321199 0.09278611632256 1.24986077313229 1.07090056285119 1.2691412949928698 0.18859082718772 0.56168552127266 0.29589851949514 0.29571294559236 0.35227341964997005
0.18891257995738 0.0 0.01492537313432 0.21542288557196 0.0 0.04555792466236 0.0 0.327860696517 0.13255152807396 0.35671641791076 0.11144278606966 0.11684434968016 0.14335465529482 0.03603411513856 0.3103766879888
0.08695652173920002 0.0217391304348 0.0108695652174 0.35869565217430005 0.0 0.054347826087000006 0.10869565217379999 0.21739130434790002 0.19565217391300002 0.2934782608697 0.0869565217391 0.2500000000003 0.0652173913043 0.0652173913043 0.1847826086957
0.2113970588235 0.015625 0.03125 0.2738970588235 0.0235294117647 0.2737132352942 0.0705882352942 0.5159926470588 0.1996323529411 0.5005514705879999 0.066544117647 0.0586397058823 0.2970588235292 0.1055147058823 0.3560661764704
0.1 0.34255319148929997 0.0 0.0851063829788 0.0 0.2 0.2 0.1914893617024 0.063829787234 0.063829787234 0.063829787234 0.0212765957447 0.1702127659573 0.24255319148930002 0.2553191489363
0.8149266380629199 0.2000768049161 0.0357142857143 0.7958048625457201 0.095238095238 0.29519572011192 0.3201970443346 1.1536363154825 0.4239234069597 0.79941999046536 0.2644737539063 0.2631230467715 0.6269532284545 0.15894644843464 0.7523703585988402
0.43699712643729 0.0 0.0 0.3426724137933 0.02557471264363 0.01666666666666 0.0 0.45977011494240005 0.58462643678213 0.5801724137930899 0.2880747126437 0.1267241379311 0.26860632183903 0.056824712643629996 0.8132902298839602
0.04 0.10000000000010001 0.06 0.12 0.0 0.1 0.04 0.12 0.04 0.18 0.0 0.02 0.02 0.02 0.13999999999999999
0.41216216216199997 0.108108108108 0.108108108108 0.054054054054 0.0 0.41216216216199997 0.41216216216199997 0.324324324324 0.16216216216200002 0.486486486487 0.0 0.054054054054 0.054054054054 0.358108108108 0.054054054054
0.49621541358821 0.14109881240619998 0.0510204081632 0.75049269737541 0.0277777777778 0.37379880342940003 0.2391114064841 1.44828401017752 0.5267761059223101 1.12447290065254 0.18141382427082 0.24709976934521 0.5402940313658 0.13274968238632 0.7193943566523101
0.0 0.0 0.0 0.0 0.0 0.0 0.0 0.0 0.0 0.0 0.0 0.0 0.0 0.0 0.0
0.4271091085247 0.1873966741223 0.196174196174 0.6914288595707 0.0176991150442 0.2165134112034 0.1861864782216 0.8434381089252999 0.7044312619540001 0.7221303769973 0.4002146657012 0.3015764962666 0.3137216765534 0.255189255189 0.5367903155511
0.1269841269841 0.33333333333299997 0.0 0.1746031746031 0.015873015873 0.047619047619 0.603174603175 0.460317460317 0.174603174604 0.2857142857141 0.015873015873 0.047619047619 0.34920634920699994 0.015873015873 0.349206349207
0.3580378565712 0.5000000000011999 0.1306318315114 0.2274060250599 0.0 0.291122367368 0.1612903225806 0.4422820581175 0.2919221540919 0.7523327112777001 0.082644628099 0.0661157024792 0.24593441748869999 0.43668355105350004 1.0135963742997
0.37158736523163 0.16139846743282998 0.1795977011497 0.6334848079838 0.0919540229884 0.5077385725741 0.13158914728749999 0.7676757551447301 0.7368372984059 1.5121758888024899 0.5037868662572 0.42112848614493004 0.6650739552702299 0.23515325670513001 1.08081840862546
1.0900390982058 0.37082155021249996 0.0611360470515 1.6727234196634002 0.0446300895612 0.6418868185692 0.0803013158621 1.5820543343342999 1.1916825021584 1.9966450627776 0.5816361027257 0.5271138915635 0.6931358498875 0.1639423944343 2.3022515229931
0.4360248447203 0.0 0.0260869565216 0.3501552795025 0.0 0.07484472049680001 0.0 1.4046583850953 0.44565217391340006 0.9284161490671 0.0700310559005 0.22453416149049998 0.2066770186331 0.0796583850929 0.7532608695651001
0.12 0.0342857142857 0.0142857142857 0.15714285714280002 0.0 0.23428571428579997 0.0828571428571 0.44571428571410004 0.1885714285714 0.40285714285710006 0.0971428571428 0.0857142857142 0.41142857142870004 0.12000000000000001 0.6057142857139
0.29787156630924005 0.01673640167361 0.0 0.34028084582953 0.0 0.15447040377 0.09076985715141 0.93535434912562 0.22533069986221 0.7581390715290299 0.04249590685823001 0.11624522466803 0.33665029410020997 0.0521739130435 0.63348146608062
0.0571428571428 0.228571428571 0.0380952380952 0.1904761904762 0.0 0.1523809523809 0.0 0.3047619047618 0.1714285714285 0.40000000000049996 0.0 0.0761904761904 0.0380952380952 0.0571428571428 0.2857142857144
0.93132704940633 0.08928521969653 0.07142857142850001 0.86957123614266 0.037323037323000005 0.38183444445096 0.34712617746200003 3.27104790691486 0.9891937786030299 1.97313976017153 0.462840519573 0.7135524047686299 1.0871299040431999 0.1653627497001 1.6098372403134
1.5756126566819 0.159798236283 0.0 1.0649290340670998 0.056720310194499995 0.1396218645989 0.1030779260885 1.8792650674762 0.44455674088299996 1.2769919428508998 0.5316715247833 0.9340335081535 0.7535844224171 0.2151991382096 3.864937627314399
0.14634146341440002 0.0975609756098 0.0 0.1951219512192 0.0 0.29268292682860003 0.0243902439024 0.1951219512192 0.1951219512194 0.29268292683 0.0487804878048 0.0487804878048 0.0487804878048 0.07317073170720001 0.3414634146348
0.0684931506849 0.0 0.411764705883 0.041095890411 0.0 0.095890410959 0.22723609991889998 0.4738114423849 0.068493150685 0.2997582594677 0.0588235294117 0.027397260274 0.027397260274 0.013698630137 0.18614020950790003
0.5750219524533 0.09328327524471 0.0657494406241 0.6539376773311101 0.0 0.50742543838621 0.15300210979575002 1.8886310535923596 1.3000910697771602 1.06122395902481 0.29006917141891 0.30376780155571 0.6301715856787501 0.19666341269706 1.28096205242035
0.0 0.0 0.0 0.0 0.0 0.0 0.0 0.0 0.0 0.0 0.0 0.0 0.0 0.0 0.0
0.14949010457152 0.13929219600726 0.11001642036109999 1.11993345432496 0.0131578947368 0.31779880736335997 0.11705989110699999 0.89423991012048 0.20326678765882 0.54986604442114 0.07395644283111999 0.33959899749356 0.2763157894735 0.12068965517219998 0.57531760435588
0.23907040957200001 0.15408805031439998 0.1792836324589 0.4985043718365 0.0 0.3695735542264 0.5016490259238999 1.707010277648 0.4968936953516 1.1274735388857 0.0235849056604 0.1179245283019 1.5566037735841 0.0723653934652 0.9559748427667
0.61892483195486 0.20921652479589997 0.04099490147438 0.57370694140592 0.00847457627118 0.20692496942335997 0.11765742759697001 1.6307262344182099 0.51434987506222 1.05199624987661 0.16214393984098002 0.1800244056499 0.32137858284461 0.15000732407727002 1.21347321530899
0.41903762729069 0.2032240068609 0.04856826451509 0.43910440553219005 0.0 0.14488047360918999 0.00775193798449 0.3460811497182 0.4880806667834 0.76113872721788 0.27909474683400004 0.21827825377369 0.38394990799279 0.18569680013979 1.07511303175089
1.33741474652364 0.23972540864250003 0.1759524325887 1.68261047609782 0.0 0.8731104469458001 0.30792506797633995 4.7886683620429995 1.5855808147501 3.09037361738338 0.6686357884882399 0.75492064455764 1.3859748765425 0.34804236471169997 2.76106495274844
1.1578005753345 0.1774255989961 0.0550458715595 0.7298707180725 0.0366972477063 0.278282273156 0.053226173326099996 3.9946589044989005 0.5949022339001999 1.2106044621764 0.3504586151707 0.3474207635395 0.9430912475223001 0.07461264881060001 2.9959026662314
0.34768740031870005 0.1935140882507 0.17278043593819997 0.7161084529498 0.060606060606 0.1376927166399 0.1493886230727 0.9665071770339 0.5087719298245 0.9681020733657 0.3078149920252 0.47581073896810006 0.9633173843689999 0.13769271664000002 1.8942052099939002
0.65314714476799 0.1099115309641 0.0671015144699 0.84397811512316 0.0308641975308 0.20686379170279 0.10969779979979 2.5452326760326005 0.75246536846489 1.11729849776369 0.09277499143949999 0.43599217885638003 0.73907117583439 0.14833054699498 3.1472704702578898
0.12422360248439002 0.04347826086959 0.057971014492990004 0.19358178053828 0.0 0.060041407867470004 0.10559006211180001 0.53209109730879 0.1469979296068 0.16356107660448002 0.054865424430590004 0.0383022774327 0.07660455486538001 0.18426501035199003 0.21842650103507
2.0927142776269 0.20841550779600002 0.20174884112970004 1.2015891645269 0.068022718267 0.4449382939016 0.4130335319965 5.7937213427122005 1.4380806011498999 2.5500193002854 0.5141891140293 1.1151403358853 1.7590200613328 0.3525125141855 1.8468543951724996
0.83612519527044 0.13966632326036998 0.0 1.1510736506144 0.04381295787548 0.10355139652018 0.07819654304028001 0.85934217436957 0.7683444772141901 1.09743825414797 0.44060160121749997 0.43276469241536 1.12029920141116 0.05667639652018 1.8721071361246102
0.12244897959180001 0.40947992100130004 0.0408163265306 0.4298880842663 0.0 0.2653061224495 0.2277814351546 0.6155365371962 0.4265964450307 0.7241606319955002 0.0408163265306 0.15470704410789998 0.061224489795900006 0.1836734693877 0.29756418696459996
0.154702970297 0.029702970297 0.0515676567656 0.04950495049499999 0.0 0.2636138613858 0.0990099009901 0.6703795379552998 0.6406765676567999 0.4360561056103 0.009900990099 0.061468646864600004 0.029702970296999996 0.1010726072606 0.40264026402629993
1.01901822022657 0.92626891425045 0.29262024848736 1.63523827293621 0.074074074074 1.02746590535098 0.5325219882379 2.81541990947135 1.7786326139748103 2.6557974190726106 0.73563532955336 1.14076484710375 1.0800613510497499 0.2030782238425 2.08340268236805
0.0 0.0 0.0 0.0555555555556 0.0555555555556 0.0 0.0 0.0 0.0555555555556 0.0 0.0 0.0 0.444444444444 0.0555555555556 0.3333333333336
0.6110604085915501 0.40370508285164997 0.11925052047185 0.7408026269012 0.04421895363985 0.27652934107395 0.22252602359475 1.0084749750348998 0.7852150437530501 0.6743069683992001 0.0853015351804 0.41722279582275 0.80646062185765 0.22045784600800003 0.5844672568168
0.4110140598105 0.2543754261774 0.1738683962722 1.187830795208 0.010033444816 0.3922459979863 0.0990356203524 0.6664488424191999 0.5861812838919 1.3480087346172 0.0890021755364 0.23950384777749997 0.8260423093153 0.4742750917291 1.2421339740877002
1.148238219254 0.2749203727733 0.079277864992 1.1910826580526 0.0 0.4638478779686 0.19577408553429998 2.119867333325 0.6324761118329001 1.0962150978676 0.5688968339657 0.8744294516384999 0.9513525285613 0.1764775274275 1.2271440368055
0.70386464303022 0.30462140772979995 0.0 0.96090223985496 0.274261603376 0.4020981589936 0.0782165123748 0.5454058819825 0.29739488212912 0.82865734618068 0.37404748409910005 0.16154984570802 0.9169080756544 0.14869744106469998 2.00337447782402
3.7477114915554597 0.33581265388455994 0.10018880115752 4.553485610413221 0.20425705852809997 1.11010639564652 0.79960778762262 9.212075019862 3.48390160310596 5.613765174198621 1.2938046342354799 1.7527850726679999 2.8623578291666005 0.9480795922854002 5.9820612756716205
1.5679865520559 0.1588561082116 0.07791974351360001 1.5891378793894 0.040476034787100004 0.39236163361519993 0.0984193184825 3.5998824418612 0.9540922196035001 1.7370988010889004 0.4591324854792 0.4015087246293 1.7086771154545999 0.0701384056466 3.1443125361829996
0.8315428820816599 0.15764401197008002 0.21172065247990002 1.5919911843047 0.015037593985 0.32992775212638004 0.6299852129123801 2.22633573307196 1.02443767090098 2.33656748543818 0.6366590471745 0.8325050509883001 2.0503475811039 0.49769222597060003 3.6276059154918805
1.7030566634378699 0.1915168247252 0.0185950413223 1.7839382752111 0.2697840228869 0.32968788782569003 0.29561286650949 4.15345452399389 1.5299633839283002 3.29185968965287 0.5977722039194899 1.1946567025284 1.96770795789139 0.15830104425310002 5.5140929119214
0.19153168513790003 0.1455557051197 0.0667803353226 0.7175034773637 0.042057402671200006 0.0522875816993 0.2126800376904 0.5823275152930001 0.4352462571615 0.4847968172778 0.1643110333377 0.0929241261723 0.24416326408530004 0.19784328681899999 0.36999147485100004
2.8116034902699 0.198119318511 0.1589336909117 1.3875864743552 0.1564064943088 0.5814240704603999 0.5192523103413 5.8899993254538 1.7125593859027 4.3277747514417 1.2785538300678 1.4086989025285999 3.2878002903223003 0.2926591061362 3.9886285589928
0.7795030232969301 0.056912056561610004 0.03219424460431 0.9862190744399701 0.01609712230215 0.29225601370071996 0.20573238324032 0.6706701496263601 1.17399376743147 1.4157584263454701 0.5690822157290201 0.7229197111386501 0.79959386950866 0.019412056561610002 2.2596558855126703
0.3229907347553 0.1151045033396 0.0894634776986 0.9544494720980001 0.0588235294118 0.3964662788191 0.2521870286583 0.5474251238956 0.5828485240245 0.6983839689715001 0.1396250808015 0.035294117646900006 0.253738418444 0.1396250808015 0.413574660634
0.08 0.0666666666667 0.0266666666667 0.0933333333333 0.0 0.1333333333334 0.0133333333333 0.2133333333333 0.0666666666666 0.0533333333332 0.0133333333333 0.053333333333299995 0.0266666666667 0.0266666666666 0.1333333333336
0.46368169100697004 0.32004191895879996 0.0399267399267 1.1745576182337198 0.00557103064066 0.62479387516416 0.26751682584269 1.20012817432057 0.73152410461742 1.0091997152762302 0.11765735554023 0.44529979349327 0.49024260559069 0.08343890024476 1.02641965114462
0.0714285714284 0.0 0.0 0.0714285714284 0.107142857143 0.0 0.0 0.0357142857142 0.1071428571427 0.0714285714284 0.0 0.0357142857142 0.3214285714295 0.0714285714284 0.1071428571427
0.4167887808873 0.21491612957419998 0.0630130371801 1.1624525014178002 0.0263157894737 0.3298742468457 0.1845023408141 0.7750614070083 0.664969663888 0.7005017529864 0.14680788528959998 0.2909936388638 0.42134444607700006 0.21441857535749997 0.38803980433749996
0.36603396603359994 0.0 0.339260739261 0.9650349650349999 0.0 0.5186813186808 0.30889110889079996 0.2249750249748 0.3928071928068 0.9552447552438 0.0 0.2669330669328 0.8257742257744001 0.1276723276722 1.7086913086875999
2.06794813697 0.2014090909091 0.177084082584 2.74123453851 0.06325 1.0481058338832 0.8673871128859 1.9649024928992 1.5016407652627 2.7913530210915996 0.5281218285259 1.6548105121819 1.4236117889225 0.25231863703659996 2.7168221583382
0.6358685446008 0.12967136150199998 0.0563380281689 0.9211267605637999 0.1549295774642 0.3985915492955 0.3557746478865 0.8143661971833001 0.9016901408451 1.5790610328643 0.1585915492955 0.4415962441308 1.0561502347415 0.2341784037557 1.1620657277002
2.3287843750829 0.6110015274307601 0.18578720813605998 3.20289923877116 0.22715536965976 1.08800180584812 0.46342423051110004 4.59109160815888 1.89768943757498 4.08641772475624 0.9208091194989199 1.56132330737378 2.26495864687684 0.53864401651466 3.0320123838092
0.24817733409354997 0.04201465993282 0.00593471810088 0.18995028199753 0.0132450331126 0.061194411146300004 0.015524593707610002 0.23170947393274 0.19863619392002002 0.28606520329394003 0.09155580010612 0.07031265352635001 0.13585002063403 0.03995126456654 0.36987835793059004
1.76844110817435 0.13496704945995 0.2569036021892 1.9102086453315998 0.060176591690850004 0.267298129685 0.20364985201295 1.80108839682695 1.1188511452131 2.5663389841418005 0.7107157244397501 1.1238197431280001 2.2511908584256 0.1802575107294 2.6460926585529503
1.1895413548706602 0.24245297758002 0.0724889115672 1.54586174227234 0.080080072222 0.30434494165070003 0.32389013697079994 1.86607212811042 1.0622783179303001 2.01437544205616 0.44866149937669997 0.81391743571942 1.05296041720102 0.20977836988 2.77329625259822
0.4066666666666 0.10380952380950001 0.04 0.47047619047600003 0.0238095238095 0.23142857142860002 0.12 0.8295238095237999 0.34285714285710006 0.9085714285717 0.127619047619 0.2638095238095 0.3904761904763 0.2714285714285 0.46952380952359996
1.481825611702 0.27936056556155997 0.20241588533392 1.86145147002736 0.0890701195149 0.87127913544426 0.53626867949606 2.5043182531588593 1.4461916162789001 2.8739593934458805 0.44532027456059997 0.83334317356486 2.4785503130141997 0.3579790315652 2.7386664773311598
2.06807415807141 0.1081816337445 0.1592212290632 1.95708185661211 0.0595307917888 0.45235725316401 0.25716844313942 1.3615112075381102 2.0946434288447 1.96264863923734 0.73294020464641 0.4840245565873099 1.3736976949186 0.14897966245362 1.7799392401885101
0.0499999999999 0.0499999999999 0.0999999999999 0.5499999999995 0.0 0.3999999999999 0.0499999999999 0.2999999999997 0.44999999999970003 0.24999999999990002 0.0 0.0499999999999 0.0499999999999 0.2 0.5000000000008
0.121212121212 0.1 0.16060606060600002 0.424242424242 0.0 0.1 0.36060606060600003 0.121212121212 0.0 0.18181818181800002 0.0 0.866666666668 0.242424242424 0.2 0.121212121212
1.9043165954886998 0.7980442645084 0.1371458511587 2.6048571670735003 0.0718646445949 1.6048764350965001 0.5405687688834 1.9678298997813002 2.0531629603842 2.9673700768583995 0.8842123271811999 1.6632906333553 1.6758647138091 0.1428807827834 2.9837148790481
0.0 0.0 0.0 0.0 0.0 0.0 0.0 0.0 0.0 0.0 0.0 0.0 0.0 0.0 0.0
0.11756302521 0.3348739495797 0.040840336134399996 0.5421848739499 0.0 0.233529411765 0.0669747899159 0.2726890756303 0.2515126050418 0.33966386554609995 0.1175630252104 0.0457142857144 0.262857142857 0.19605042016810004 0.1779831932773
0.1108722358722 0.06111793611790001 0.0810810810811 0.2542997542996 0.0 0.15356265356249998 0.18488943488930001 0.14926289926279998 0.3098894348895 0.2714987714987 0.0795454545454 0.08108108108100001 0.0568181818182 0.0383906633906 0.1676904176904
0.9867268848468 0.25558451228582 0.06566706851515 2.1175111394782 0.0 0.560352031108 0.6553747237299 1.18144730466049 1.16727978110938 2.0562254015524 0.4034233946747 1.0778223947810102 1.38324084908127 0.5594924889783699 1.5298520252001402
0.6719777272873999 0.21510200713709998 0.09971509971510001 1.01503347520945 0.00641025641025 0.69207120313285 0.29077633281205 0.6469149500129 0.6545543116336 1.4835926119105998 0.2477024777909 0.2801122181655 0.69660239792975 0.20314346420539997 0.7962914666454001
1.9197791828871402 0.2289969429063 0.1560467366644 2.82981329574666 0.2043937683044 0.8067958269154799 0.5423279631685001 3.06361071017814 1.50614472365104 3.77892123403252 1.7209047471519001 1.6684145399721202 1.9931668942567398 0.3332076142063 2.2474758199516196
1.8398438721577002 0.1014345131991 0.0454782790309 1.5514853868196998 0.0213903743315 0.5163786806593 0.2000491983075 1.8813887995381 1.3880205192128 2.1527104861089996 0.5497949977434 0.7871075862565999 1.2201878358983 0.2143382073721 2.5303912633628998
0.6834749837374501 0.14651375179226 0.1614810391162 1.05078136500084 0.03959885579201 0.33515146730525 0.17424117960287003 0.9717142486876802 0.65300116363642 1.3650492616936498 0.33967132402223 0.5108223962612299 0.8056905329362201 0.16143929493191 1.60136913548893
0.6428092306098999 0.11322025948409001 0.02485928705437 1.03389349917562 0.124237804878 0.45604118533283994 0.31404460762087 1.2104844594175301 1.14996794689195 1.2937258779267702 0.48342722477557 0.54051857092949 1.35444960143694 0.16180050958749 2.0965199348836405
0.22932022932 0.219492219493 0.135135135135 0.42506142506100003 0.0 0.31695331695300005 0.222768222768 0.644553644553 0.289926289926 0.374283374283 0.262899262899 0.060606060606 0.20556920556900002 0.138411138411 0.4750204750200001
1.7411982154181 0.30249219067516997 0.04644088905913 1.8119931115171202 0.20610361408369998 0.7324734551565399 0.58266194587503 1.98980921192216 1.09434597776897 1.89520372475436 0.3059216434853 1.08387142964283 1.48547040395416 0.41752051756233 2.30449366912512
1.1337980307692 0.0940566302215 0.162563131313 1.2799462242261002 0.0610369358004 0.15676529806040002 0.1685179964064 1.0072477561592 0.8400469422993 1.5133405384795 0.6772549666123999 0.6405081884868999 0.9334603127566 0.054119703128800004 1.2773373452771002
0.25509838998260004 0.1316636851526 0.0232558139535 0.5026833631491 0.061896243291600005 0.17817531305900003 0.1391771019678 0.3706618962432 0.2472271914131 0.456171735242 0.0232558139535 0.046511627907 0.1703041144907 0.085152057245 0.30876565295180003
0.1120107962212 0.0 0.3252361673421 0.1052631578947 0.0 0.1470985155194 0.0526315789473 0.3886639676111 0.1646423751685 0.25910931174060003 0.0 0.140350877193 0.140350877193 0.0526315789473 0.11201079622120001
1.05547791363697 0.24687686879960002 0.1298814974415 2.03737928334558 0.01632011605411 0.88218748052648 0.33895781895392996 0.8794638910331801 1.19041394428191 1.6864997117339 0.27554525513641004 0.33577935495980005 0.78728109077436 0.15242957931520001 0.98550619400783
0.0 0.0 0.0 0.0 0.0 0.0 0.0 0.0 0.0 0.0 0.0 0.0 0.0 0.0 0.0
0.3811500094113 0.34290419725235 0.06774891774885 0.88611895350925 0.050621118012349996 0.4591944287597 0.07204968944095 0.42001693958175 0.7661114248077999 0.90206098249515 0.08203463203455 0.185808394504 0.5095426312816 0.24388292866535002 0.6307547524938999
0.1320652173912 0.1423913043478 0.1875 0.38260869565260003 0.0173913043478 0.31630434782600003 0.1423913043478 0.29184782608680004 0.2016304347826 0.27826086956539997 0.0347826086956 0.1320652173912 0.2956521739136 0.0625 0.3826086956522
0.40661202681313 0.08568658905341 0.07429102132318 0.91808055886578 0.0333333333333 0.33890436774858995 0.3246114910467 0.6521193529527899 0.43094896354188 0.91450572405091 0.15956973981970002 0.31441983462112 0.51436938500499 0.15632887312843 0.67621873869671
0.50756915955713 0.08859765461381 0.11798478291218001 0.69479130777847 0.0172413793103 0.15866561342871002 0.28592941300012004 0.26662884061415004 0.40109805486152 1.0073575087065998 0.15374881366647003 0.12335306179682001 0.5134923415052 0.12047672352945 0.54306534471932
1.35440163950485 0.49916544603439 0.13453969384293 2.8854465877146502 0.43106939948293 0.9780636833739198 0.62220702645865 1.88720740068153 1.5543774333868998 3.01523165261742 0.8722104532786599 1.46852118482653 1.5433735943124898 0.58687085321609 2.16731395127002
0.51451152287882 0.0079365079365 0.01673640167362 0.36172544331552003 0.0 0.07358703593011 0.032177724646309996 0.2555289898383 0.30142126585639994 0.42823935710942 0.14139602842549998 0.17098359566962001 0.2278342299262 0.04977751212052001 0.41814438467120996
0.20891203703688999 0.13435365773528 0.0123456790123 0.4860495468869901 0.0 0.05140817901229 0.08726728723398999 0.30022819805559 0.26647048200627 0.3479343150775 0.15582520685579 0.31681975636999005 0.29658564814879 0.14000525348030002 0.19579475308638
0.9406032455857001 0.1856144829652 0.0275229357798 1.2269777211735 0.0450114678899 0.5664171200033 0.1189580932183 1.1398055068929 0.8162158268406 0.9943466760404 0.7110077336220999 1.1007261652298 1.0186846503157 0.1339351574384 1.9741732170031003
0.127659574468 0.127659574468 0.063829787234 0.255319148936 0.0 0.19148936170199998 0.127659574468 0.31914893616999995 0.638297872342 0.702127659574 0.0 0.0 0.127659574468 0.255319148936 0.063829787234
0.9589346953878599 0.0338983050848 0.025236445360069998 0.92332454753307 0.094268511158 0.26105912887269994 0.052082913255570004 0.8737706241133499 0.81109868043835 1.25784183816884 0.38193453886359996 0.67099509537836 0.8841752878642299 0.09872281739609999 0.6726565711225501
0.89355769133233 0.17447219241983003 0.0 0.72917865773664 0.02519285226051 0.72049665688302 0.18863084284121 0.75823363989603 0.69803961107391 1.69473781282747 0.28819387194861 0.6083211755176199 1.0214267834957 0.2216939890708 0.97782422269863
0.0 0.0 0.0 0.0 0.0 0.0 0.0 0.0 0.0 0.0 0.0 0.0 0.0 0.0 0.0
0.0444444444444 0.4222222222218 0.0888888888888 0.2666666666663 0.0 0.42222222222180006 0.21111111111140002 0.3888888888888 0.2666666666663 0.3555555555548 0.0444444444444 0.177777777778 0.17777777777769999 0.0 0.13333333333320002
1.01528278186474 0.59953573593306 0.19242383259884 2.6519960809148198 0.1302966101694 1.1047268420105298 0.7898370764696 1.35208147466978 1.3912826738643402 2.7585330963844603 0.44218579550903997 0.81050447557011 1.12044010238121 0.37011172953710003 1.27076169212636
0.0 0.0 0.0 0.0 0.0 0.0 0.0 0.0 0.0 0.0 0.0 0.0 0.0 0.0 0.0
0.0766806722687 0.2163865546218 0.0535714285714 0.3928571428577 0.0294117647059 0.2279411764705 0.1743697478992 0.1239495798319 0.1575630252101 0.2394957983192 0.0 0.0294117647058 0.09453781512590001 0.1544117647059 0.0294117647058
0.2180076628353 0.20689655172440002 0.1490421455941 0.1911877394637 0.0444444444445 0.0888888888889 0.4226053639848 0.398084291188 0.2157088122606 0.3291187739465 0.0111111111111 0.1134099616858 0.28237547892750003 0.1601532567052 0.16896551724130002
0.6145415917059001 0.06430868167199999 0.0064308681672 0.8450807377464 0.08262917819480001 0.071960183161 0.2183482081981 0.7607822610087001 0.3279478844556 0.6977206047317001 0.1019217826964 0.3801931899655 0.34654329839389997 0.0294117647059 0.45217976519899994
1.1057219502208 0.2224286219622 0.0985818056036 2.0709120102700003 0.093036109064 0.4478335100287 0.5225145411848 0.7280157050491001 0.7412321597767 2.4225834160053 0.3696061573734 0.4057983835244 0.9218950783459001 0.2236777091678 1.6261628424236
2.4793088771167198 0.694391541558 0.16816126143010002 3.22206213718853 0.2990468118238 1.3139773185574002 0.7691221247087099 3.80282695274181 3.1496458683081 5.738847190789211 1.628325282993 1.7897812153825001 2.4610629478951003 0.41510334210810007 3.0683371273947295
0.1485148514852 0.049504950495 0.0 0.0891089108911 0.0 0.009900990099 0.019801980198 0.09900990099 0.1188118811881 0.1782178217824 0.039603960396 0.029702970296999996 0.1089108910891 0.009900990099 0.09900990099
0.6122364111674 0.4981683101583 0.150456058178 1.2144578168593 0.0588235294117 0.30669436134260003 0.39288614496679997 0.8854554496807 1.0689295757828 1.3330445440438 0.25077824277280003 0.7233906733105 1.0799564391438 0.32684865256729995 1.0978737906137002
0.46723215355139996 0.17134896503389999 0.0 1.0069721918506 0.0536433401717 0.2770172273239 0.1551191952596 0.7787301722212 0.7112087716781 1.0175427141570998 0.3663820558687 0.3701163813474 0.4349075787605 0.0632492765605 1.1265299762143
0.142857142857 0.5476190476196 0.0 0.0 0.0 0.095238095238 0.095238095238 0.28571428571400004 0.8809523809526 0.380952380952 0.0 0.0 0.0 0.5714285714289999 0.0
1.1571146245058 0.1448334274421 0.0227272727273 1.0386787125907002 0.0496894409937 0.30815923207170004 0.21089779785420001 1.6101072840181 0.9065499717673 1.2025691699601 0.515386787125 0.7701863354046 0.7886787125926 0.1199887069452 1.1544325239976
0.2682962560569 0.0993948080905 0.013698630137 0.4224283161747 0.021978021978 0.14345873503120002 0.0385252428731 0.3069409447016 0.46486559896330004 0.6158400364782 0.2727526196258 0.33926013434670005 0.37595093015 0.06592250314709999 0.5506872222481001
0.0 0.0 0.0 0.0 0.0 0.0 0.0 0.0 0.0 0.0 0.0 0.0 0.0 0.0 0.0
0.0 0.133333333333 0.2 0.2666666666662 0.0 0.0666666666666 0.0 0.3333333333332 0.1333333333332 0.6000000000002 0.0666666666666 0.33333333333320003 0.266666666667 0.6000000000000001 0.0
0.44984056904582 0.37371228844731996 0.0416666666667 1.2789121903362601 0.0502820701497 0.53909124356122 0.24215109148868 0.6800343389745 0.6741169977919399 0.78341918077032 0.32560706401756 0.24613686534196 0.48917709099792006 0.0549116997793 0.77094064262992
0.0 0.0 0.0 0.0 0.0 0.0 0.0 0.0 0.0 0.0 0.0 0.0 0.0 0.0 0.0
0.103448275862 0.0 0.0344827586207 0.4482758620694 0.0 0.2413793103447 0.0689655172413 0.5172413793107 0.34482758620730003 0.5517241379305 0.137931034483 0.2413793103454 0.7241379310353 0.0689655172414 0.5172413793107
0.19264069264060002 0.0571428571428 0.0285714285714 0.3095238095238 0.0 0.1311688311688 0.09999999999999999 0.17316017316010002 0.2480519480522 0.3835497835496 0.0151515151515 0.045454545454500006 0.045454545454500006 0.0 0.2701298701302
0.58128639721855 0.22323061119655 0.08757575757575001 0.93035676188185 0.0869286081152 0.33741258741235003 0.2584848484848 0.6229358776821501 0.50205957883935 1.79701789735685 0.25221998340630003 0.4148567816364 0.709096440283 0.26366520485155 0.93287266405965
0.634785774973 0.07476635514010001 0.025974025974 0.6107537322489001 0.077922077922 0.34276004369449997 0.10074038111410001 0.4850103167856 0.5515232431114001 0.9857992474816 0.38961038961100003 0.19322733341409998 0.6503216409763001 0.2119189221991 0.6648865153540999
0.9739465979496501 0.19836560642224 0.09555537809893 1.67684862310921 0.1018487243218 0.75059983988206 0.32310423975238 1.3236361233366103 1.3516689287976 2.03717068812531 0.51244410824718 1.05508491480635 1.01724621325979 0.21479783110603 1.36768218278844
0.2615384615384 0.0153846153846 0.0 0.2461538461537 0.0153846153846 0.0923076923077 0.07692307692309999 0.16923076923070002 0.1538461538461 0.26153846153849997 0.076923076923 0.16923076923070002 0.1846153846153 0.0307692307692 0.24615384615439997
0.37761413843880004 0.14698881503 0.0 0.3913678037389 0.0103092783505 0.294685480768 0.1167442847855 0.3127452931576 0.382525308814 0.46439185872190003 0.19853520678249997 0.24131473152100003 0.3729524074885 0.1184173864585 0.5714080059443001
0.43263553408503 0.06929683306491 0.0 1.5302737520127299 0.0 0.622329575953 0.21604938271629998 0.8992485238876101 0.55356951154073 0.81363392377901 0.33725174449782 0.5883521202364099 0.9682769726255 0.0432098765432 0.92587224906182
0.0208333333333 0.062499999999900004 0.0 0.2291666666667 0.0 0.0208333333333 0.0 0.0208333333333 0.0416666666667 0.14583333333310003 0.0208333333333 0.125 0.16666666666680002 0.0416666666667 0.1041666666666
1.2978618780303002 0.025641025641 0.0466321243523 0.9987736239929 0.0887803905938 0.3552082559282 0.18361581920890002 0.6407405093083001 0.7574508605175999 1.6680135129370002 0.49562591619320007 0.7881367191112 0.5038831956371 0.0932642487047 1.0563719198457
0.71552008030585 0.0192307692307 0.016129032258 0.62389355376425 0.0128205128205 0.33697923468685 0.07186234817805001 0.38683455098095 0.34807929179225 0.77745687017105 0.5211226687361 0.13827178514055 0.7147482631559499 0.0 0.31705103877755003
0.0588235294117 0.1945701357461 0.1753393665153 0.5475113122168 0.0588235294117 0.4298642533938001 0.15497737556559998 0.5463800904968 0.389140271493 0.29185520361929995 0.13687782805419998 0.0384615384616 0.0192307692308 0.1945701357461 0.7635746606328
0.0 0.0 0.0 0.0 0.0 0.0 0.0 0.0 0.0 0.0 0.0 0.0 0.0 0.0 0.0
0.49359938475402 0.1750786298392 0.0 1.6369473582575802 0.11340780851825999 0.51548543079 0.1886405411369 1.2973753698364603 0.78706654771806 1.6296230491227197 0.06653280851825999 0.47528915893021995 0.7177974456993199 0.12540581104136 0.7777506558375
0.0 0.0 0.0 0.0 0.0 0.0 0.0 0.0 0.0 0.0 0.0 0.0 0.0 0.0 0.0
0.3860215053764 0.11451612903220001 0.0 0.40107526881730005 0.0430107526881 0.0860215053764 0.14301075268809998 0.26505376344119996 0.43709677419429993 0.45806451612900007 0.0430107526881 0.2150537634408 0.229032258065 0.05 0.1290322580644
0.0588235294118 0.0588235294118 0.0588235294118 0.0 0.0 0.0 0.0 0.0 0.0 0.41176470588180003 0.0 0.0 0.0588235294118 0.0588235294118 0.2941176470594
0.7151553679050001 0.2408134501161 0.2583949392236 0.7309476166496 0.0568811033927 0.4500153706017 0.1645313071261 0.8407896241114 0.6391325897786 1.0620993843401 0.3130977549576 0.6355778632084002 0.5802299133009 0.1658692185008 1.1464644967859001
1.0970061108647 0.2799509237301 0.0388349514563 1.1940272128693 0.0347826086956 0.7349636859288 0.3022719472318 0.8772359487621 0.8503197453099001 1.5792380554111 0.47419195764669997 0.35096791500769997 0.718211477692 0.28346200731369997 1.1845354520826
0.9134986535794 0.5996841986856001 0.1964113447808 1.6214504540657 0.0667083726503 0.7432659675832001 0.21440655834830002 0.9213607754952 1.1532272402659 1.9335143362812999 0.3768371712874 0.5606011051515001 0.4590804508931 0.2577984718658 0.9821548990671001
0.5559588626743 0.0114942528736 0.0 0.21415607985500001 0.0114942528736 0.0810647307925 0.0290381125227 0.0290381125227 0.1512401693889 0.29643073200250003 0.0635208711434 0.15124016938930002 0.06957047791899999 0.0344827586207 0.301270417423
0.3882661728214 0.23318858425190003 0.09789957703140001 1.2180562333693001 0.0550589454592 0.052755376344100005 0.1659165812825 0.9751114059432 0.400097601143 1.0168138566377 0.27572351864559996 0.6257072711525 0.579622324232 0.0629771994957 0.8528053521885001
0.6377622377619999 0.0923076923076 0.0 0.7762237762229999 0.0 0.10909090909079999 0.1132867132866 0.6398601398613001 0.3461538461535 0.5223776223778 0.2664335664339 0.6314685314685999 0.7426573426563999 0.041958041958 1.0804195804207
0.051724137931 0.0344827586207 0.0172413793103 0.18965517241360003 0.0172413793103 0.1034482758621 0.0172413793103 0.0689655172413 0.1379310344828 0.1379310344827 0.0 0.0517241379309 0.08620689655159999 0.0344827586206 0.0517241379309
1.1749709894536 0.0688259109311 0.0 0.6836071069387001 0.0307692307692 0.47082183656029997 0.0767597582883 1.4803837128344999 0.9051359412743 1.2169765422856 0.48986478936219996 0.7956041500115 0.7544220669264999 0.1811564678475 0.6707014965136
0.66697258455106 0.0428571428571 0.1572504708095 0.6317495031553599 0.00806451612903 0.1922461749415 0.20698924731173002 0.32913813602692005 0.41744339434309996 0.46418851484452994 0.13484730141363 0.40269858626919003 0.48503692710926 0.09751837676923 0.7629991234700598
0.0979608156739 0.1143542582968 0.0243902439024 0.36745301879299996 0.016393442623 0.269092363055 0.049180327869 0.3178728508599 0.1143542582968 0.22870851659350003 0.0815673730509 0.0 0.1551379448221 0.032786885246 0.13074770091969998
0.0 0.0 0.0 0.0 0.0 0.0 0.0 0.0 0.0 0.0 0.0 0.0 0.0 0.0 0.0
0.5748883356888 0.317629179331 0.0161290322581 1.4211688866479002 0.0688956433637 0.39706897633809995 0.4666012140120999 1.3804201985235998 0.7640914821594 1.2120509819194998 0.2549674457644 0.2036248565065 0.3401859052059 0.1805935048869 1.4016843573923998
0.0 0.0 0.0 0.0 0.0 0.0 0.0 0.0 0.0 0.0 0.0 0.0 0.0 0.0 0.0
0.3375599017868 0.213333333334 0.0645161290322 1.6447785962241002 0.0314960629921 0.9443061552791 0.3304207941752 0.6474337482008 0.6888222843131 1.3788739310823999 0.3279011091357 0.4109728219455 0.550131233597 0.1800795868257 1.2493743120835998
0.0 0.0 0.0227272727273 0.1590909090909 0.113636363636 0.11363636363650001 0.0454545454545 0.0909090909091 0.0227272727273 0.1136363636363 0.0 0.0454545454545 0.1136363636364 0.0 0.1590909090906
0.3314917127072 0.0220994475138 0.0 0.6850828729282 0.0662983425414 0.3535911602208 0.1325966850828 0.3535911602211 0.35359116022110004 0.48618784530369996 0.11049723756900001 0.24309392265180002 0.35359116022090004 0.0441988950276 0.46408839778989996
0.4610902830223 0.0865185539099 0.0944397993311 0.7143124290394001 0.0625 0.3435129386743001 0.3890657028806 0.3097498574356 0.39940996357569997 0.7494091929578 0.1536866359447 0.0797877846791 0.26380568356370004 0.1795743877441 0.7131367872437
1.2254191306916 0.0625 0.0224719101124 1.2128279617597 0.04 0.5695473585647001 0.24038069189810002 0.6298859156321 1.1768578750249 2.0073814803858 0.4863788685191999 0.7291780011824001 1.1583840922535 0.09720086733679999 1.3415858466396
0.0 0.0 0.0 0.0 0.0 0.0 0.0 0.0 0.0 0.0 0.0 0.0 0.0 0.0 0.0
0.47533206831030006 0.1312460468056 0.0430107526881 1.2694497153709 0.0430107526881 0.1312460468056 0.176470588235 0.6540164452874999 0.5679949399103 1.1293485135985 0.17204301075210002 0.8260594560403001 0.3440860215052 0.1312460468056 0.9054395951936
0.5637434150706899 0.1073968705548 0.042507645259889995 0.58588661089908 0.0275229357798 0.09971028488669001 0.11929824561399999 0.58168965682278 0.46001931434047993 0.7636881690962799 0.1327860936745 0.2933104519293 0.56095110078699 0.027027027027 0.63446217825759
0.0 0.0 0.0 0.0 0.0 0.0 0.0 0.0 0.0 0.0 0.0 0.0 0.0 0.0 0.0
0.8500728268339 0.00961538461538 0.037037037037 0.9064992076607401 0.16420475659598 0.27427899298218 0.1749680715197 0.16767364181146 0.55950496973748 1.3864600819242598 0.41209897188134004 0.37966059705178 0.66151059085778 0.15090531657248002 0.86550955291626
