0.7689323663358001 0.0330578512396 0.0 0.9966144087152 0.0330578512396 0.4443598846509 0.0330578512396 0.5468120729439 0.5077481909918 1.2642365553361001 0.6610912052793 0.719588298936 0.6155893520487 0.1603980435147 1.2154560675325001
0.06382978723409999 0.0425531914894 0.0 0.127659574468 0.0 0.19148936170220002 0.0425531914893 0.15957446808499998 0.1063829787234 0.1914893617024 0.0 0.0 0.0 0.0531914893617 0.0212765957446
0.166666666667 0.0 0.0 0.0 0.0 0.0 0.0 0.333333333334 0.8333333333340001 0.25 0.0 0.0 0.0 0.0 0.41666666666700003
0.2775544090616 0.1698412698413 0.031168831168800003 0.5527150170982 0.0 0.2154104647253 0.2614718614716 0.4788135760739 0.2665025993792 0.6170629978849 0.12188420407589999 0.08005692937190001 0.28769495344830004 0.0500622665006 0.5897606198976
0.0 0.0 0.0 0.0 0.0 0.0 0.0 0.0 0.0 0.0 0.0 0.0 0.0 0.0 0.0
0.1282805429865 0.16040723981879998 0.16674208144789998 0.4972850678727 0.0705882352941 0.2470588235291 0.11221719457000001 0.2180995475111 0.3753393665153 0.4393665158368 0.5165158371034999 0.0545248868778 0.4780542986438 0.07375565610859999 0.461764705882
0.0 0.0 0.0 0.0833333333333 0.0 0.0 0.0833333333333 0.0833333333333 0.166666666667 0.166666666667 0.0 0.3333333333333 0.0833333333333 0.0 0.0
0.4770314989219 0.2200650796516 0.0595238095239 0.5207861735664 0.0 0.1265318451182 0.0447519321865 0.7615526136020001 0.25880469954310004 0.9393288152552001 0.23260139391200002 0.2275425272812 0.44335074566180005 0.0328471702817 0.6552816954967999
0.0344827586206 0.20480668756530002 0.045977011494099995 0.468129571578 0.0 0.3876698014626 0.195402298851 0.1494252873561 0.0114942528735 0.30825496342699993 0.0229885057471 0.0229885057471 0.0229885057471 0.1024033437826 0.022988505747
0.8624251801462 0.321729435907 0.029702970297 1.2283349111473998 0.0 0.6629869561049999 0.15940594059399998 1.1664620910856 0.6775176531355 2.6485704925233002 0.5135474971887999 0.3622692557651 0.8056575249717999 0.3801544466208 1.1812356445123
0.201851851852 0.0277777777778 0.0351851851852 0.22407407407410002 0.0185185185185 0.08888888888895 0.0 0.14814814814805 0.14629629629625002 0.32962962963014997 0.2166666666668 0.09259259259255001 0.1222222222223 0.0166666666667 0.33148148148215
0.5165940483916001 0.0 0.0 1.0916380828784 0.0 0.2166264948549 0.11490683229809999 0.5577315286922 0.3630991007691 0.9715629924922999 0.2443218689164 0.9123250208586001 0.29996755353669996 0.055645684620399996 0.6555807916941
0.8760150191263 0.0254237288135 0.086956521739 0.9774678036289 0.0 0.2195424079729 0.1686949503458 0.9454117977337 0.3212373232267 0.981762992597 0.2539951573855 0.445959223778 0.5869881040104 0.1334140435834 0.977130926062
0.108225108225 0.199134199134 0.121212121212 0.42424242424220004 0.0 0.138528138528 0.060606060606 0.060606060606 0.458874458874 0.5844155844161 0.1428571428571 0.0 0.0952380952381 0.27272727272700004 0.333333333333
0.9556895127516001 0.0422535211267 0.0 0.7640348107735999 0.0 0.46774753961730003 0.6224724853893999 1.5497973311009001 0.8758315772583001 1.2363978390895998 0.5724972500006 0.8280160414562 0.8212569313775999 0.0851272015654 1.1788779584939997
0.40324858757148 0.2083333333337 0.0 1.04196627289904 0.00847457627118 0.18577726416708 0.1527777777778 0.24293785310727997 0.17514124293787997 0.5188751926040399 0.1341807909606 0.0932203389831 0.30606916623860003 0.22438366718018 0.30461393596996
0.062499999999900004 0.0416666666666 0.0 0.1458333333333 0.0 0.2291666666674 0.0 0.0416666666666 0.12499999999980002 0.12499999999980002 0.0 0.0833333333334 0.0208333333333 0.0 0.1249999999998
0.0416666666667 0.0416666666667 0.0 0.0416666666667 0.0 0.125 0.0416666666667 0.1666666666667 0.125 0.1666666666667 0.0 0.0 0.0 0.208333333334 0.0416666666667
0.12637010158911 0.30909858506302 0.11658956843351999 1.0768922654973099 0.0 0.32567446336151007 0.0727788942961 0.7007505306576101 0.5769687614333001 0.76720954162814 0.13720812513452 0.16717633184023 0.22651594505041 0.09649975692751 0.30026712908873
0.0 0.0 0.0 0.0 0.0 0.0 0.0 0.0 0.0 0.0 0.0 0.0 0.0 0.0 0.0
0.2809818616272 0.10499387112280001 0.0 0.600432124626 0.0681818181818 0.6132329438784 0.1621437105307 0.7004763456384 0.2271098077548 0.8207691352852 0.19351347577150002 0.34908609908620003 0.3288258933418 0.1769034430323 0.3733494701237
0.18866995073850001 0.0591133004924 0.0147783251231 0.1921182266007 0.0 0.0738916256156 0.2738916256157 1.6083743842357001 0.277339901478 0.3399014778321 0.0295566502462 0.0738916256156 0.22167487684690002 0.114778325123 0.5320197044326
0.1711512168443 0.35933513027846 0.04934411500446 0.41309582405572 0.0266666666667 0.10060705496292 0.1523809523808 0.7669416774092401 0.5131356693624 0.6034345091606199 0.09221532091086 0.19309816789687995 0.8171889526927602 0.13964061096126 0.60176413141156
0.3278637770894 0.1767801857584 0.0421052631578 0.6814241486068 0.0294117647059 0.28204334365350003 0.0715170278637 0.3743034055723 0.1724458204332 0.7448916408676 0.1640866873064 0.0715170278637 0.3362229102162 0.0798761609907 0.4455108359148
0.36925249270360994 0.03788919413917 0.03044871794877 1.0945854938413 0.0 0.29174058296964 0.06318681318667001 2.4784288047449 0.4239036995825 1.68104150419147 0.34253431214244 0.6431705437917701 0.70884050877567 0.13921495171487 1.6957623802671997
0.2545168892381 0.0263157894737 0.056166535742299996 0.4010212097407 0.0 0.1991358994503 0.0 0.811861743912 0.17989002356619999 0.7608012568731999 0.1421838177531 0.3299293008636 0.3185388845249 0.041241162607999995 1.4783974862527
0.2109500805151 0.0434782608695 0.0217391304348 0.7544283413853999 0.0 0.12721417069229998 0.2729468599032 0.7310789049915001 0.4098228663451 0.6425120772945 0.1924315619968 0.5370370370376 0.2600644122383 0.20450885668270002 0.5917874396132
0.41783770869118003 0.00781249999999 0.015625 1.05651476439488 0.0235294117647 0.5567661199091001 0.0705882352942 0.6352938738489 0.18724011156189 0.46277378491178 0.20476527149298002 0.07366374434379 0.43333203307868 0.058639705882290005 0.7956177348267
0.0 0.0 0.0 0.0 0.0 0.0 0.0 0.0 0.0 0.0 0.0 0.0 0.0 0.0 0.0
0.4859396914449 0.10799438990179999 0.0434782608695 0.7619915848524 0.0 0.1346072931276 0.17391304347849998 1.6259817671801 0.680294530155 0.9188639551189 0.3346774193548 0.3786816269282 0.6259817671818 0.1626928471248 1.5649018232821998
0.9262828407228 0.0 0.0 0.9438628899829001 0.033908045977 0.0333333333334 0.0952380952381 0.5966748768471 0.6929597701155 0.7551724137929 0.7523604269291 0.20172413793100002 0.4805110837442 0.06515804597699999 1.422814039408
0.043956043956 0.10989010989 0.0439560439561 0.12087912087910001 0.0 0.09890109890109999 0.043956043956 0.1318681318685 0.054945054945 0.175824175824 0.032967032967 0.0 0.021978021978 0.09890109890109999 0.021978021978
0.25 0.625 0.125 0.0 0.0 0.0 0.25 0.625 0.0 0.0 0.0 0.0 0.0 0.0 0.125
1.0992025757100201 0.33635907613606003 0.0 1.3510930650719601 0.00925925925926 0.68672484742652 0.37648684595200005 2.9275392575359995 0.6305136494533401 1.47499883254138 0.36802907577526 0.43581152055656 0.7612382401121001 0.34388342071295996 1.1988603337576598
0.0 0.0 0.0 0.0 0.0 0.0 0.0 0.0 0.0 0.0 0.0 0.0 0.0 0.0 0.0
0.47731693085710003 0.8446618114768 0.032967032967 1.9231183434738 0.0442477876106 0.588190324916 0.4182541483426 1.3385505022678001 1.0457749395798999 1.2355253726942 0.6768695905865 0.2917922785178 0.8913452984243 0.1703296703296 1.021055967958
0.09722222222219999 0.08333333333330001 0.0 0.09722222222230001 0.0 0.0277777777778 0.0555555555556 0.2361111111118 0.0972222222222 0.1388888888889 0.0 0.0277777777778 0.08333333333330001 0.0277777777778 0.0277777777778
0.69427232059141 0.2709019091511 0.15418058783811 1.08944235305182 0.0306122448979 0.18752479029832 0.1112574061884 2.02558090710851 0.28305305759031996 1.30813648161711 0.28340799893392005 0.48117618407192 0.5897120651586 0.26343723306491 1.22730446043902
0.44036131159270003 0.37735358511200007 0.15948275862060002 0.9376993673713 0.0229885057471 1.5414003131321998 0.3482558139545 1.3071667239456 1.0785176487073 1.3891873830542 0.4424841842649 0.24086028691080003 0.7859551813247 0.23726053639830003 1.6910263998686998
1.5361276880246901 0.5221313776911001 0.08848019542412001 1.77396913190379 0.02716941371259 0.84634068398941 0.1499119812225 3.9077250606112397 1.3446041973686 1.98691707329809 0.46708715335689 0.90377646208478 0.84037196880308 0.32048798834189 1.28489962416578
0.8055900621114 0.0 0.0695652173912 0.7849378881974001 0.0 0.1400621118011 0.0 3.4481366459670997 0.7717391304351999 1.4936335403728 0.1569875776395 0.42018633540379996 0.4023291925464 0.12313664596250001 1.3836956521744
0.23111111111100002 0.0342857142857 0.0142857142857 0.1941798941798 0.0 0.23428571428579997 0.3606349206351 0.5012698412696001 0.2070899470899 0.5880423280422999 0.0971428571428 0.1412698412697 0.4669841269842 0.12000000000000001 0.8094179894179001
0.59574313261873 0.03347280334721 0.0 0.49008550118201005 0.0 0.11846461706400001 0.0863016190649 1.72785155539441 0.30780425686741 0.9924686192468201 0.0849918137164 0.23249044933621998 0.3399672548663 0.104347826087 0.88601055120932
0.0 0.0 0.0 0.0 0.0 0.0 0.0 0.0 0.0 0.0 0.0 0.0 0.0 0.0 0.0
0.65381611975223 0.06930051898893 0.047619047619 0.69139007295196 0.0293865293865 0.23838356451956 0.1954519278614 2.35008609733286 0.60582197466443 1.31851239134033 0.3054846286785 0.46095841863603 0.8121006619362 0.1133451555138 1.1083428908225998
1.3298525048149 0.1657236458335 0.1306868867085 1.3373931104111 0.0236077274131 0.1591408607649 0.0631685499994 1.9647205402587 0.8254918488866001 1.4793849497249996 0.679201225677 0.8167940912814001 0.7853065327218 0.2209037972082 2.0186237282969
0.2861788617882 0.446341463416 0.1333333333332 0.8593495934947 0.0 0.8056910569094999 0.20325203251989998 0.6593495934954 0.6260162601626 1.172357723578 0.0731707317072 0.20650406504039998 0.3398373983741 0.376422764227 0.8121951219519
0.22031963470319998 0.0 0.4950980392163 0.082191780822 0.0 0.3584474885846 0.5868251410151 1.2466424926137 0.13698630137 0.42304593070040003 0.0588235294117 0.0547945205479 0.054794520548 0.027397260274 0.2546333601929
1.0266916659303 0.25475824830500005 0.1525182809871 1.4105162239783 0.0 0.9330376291992001 0.3874695459662 3.0628976219544 2.5318759030984 2.1537898547750003 0.4546405548358 0.6125352916778999 1.0744688999793 0.32224965974809994 1.6225506195687
0.0 0.0 0.0 0.0 0.0 0.0 0.0 0.0 0.0 0.0 0.0 0.0 0.0 0.0 0.0
0.22413793103434 0.06034482758617 0.043103448275840006 0.35344827586211 0.0 0.34482758620804 0.18965517241333998 0.89655172413737 0.47413793103587 0.49999999999934 0.1379310344827 0.39655172413767 0.63793103448328 0.18103448275840997 0.5603448275855
0.2099056603772 0.10495283018860001 0.15330188679239998 0.2405660377361 0.0 0.1132075471702 0.1049528301886 0.2464622641509 0.5188679245284 0.6886792452831 0.0141509433962 0.070754716981 0.9339622641506 0.0141509433962 0.5860849056604
1.159464534515 0.4588101791503 0.19452541548430002 0.947710584855 0.0169491525424 0.26836498901379996 0.17964323276430003 3.014885463621 0.6543236095731 1.8754100079027998 0.324287879682 0.3020777968068 0.8617378059297 0.17974498286600002 1.5620643652893
0.7938028734445001 0.32222824566695 0.11762560518605 0.9211478774289501 0.0 0.18876036684485 0.22184744659415 0.51088691524175 0.7260891443952 0.96896790427855 0.44911103555845 0.1668052609776 0.79152618936595 0.20667593001660003 1.61452520500165
1.5041818312059 0.2608508080439 0.1354406130268 1.8061708179194997 0.0 0.8426840315491001 0.5023271313088999 6.489430818387901 1.7137468890173 3.4421658389512992 0.696670354919 0.8245519620951 1.3076420575623 0.4100341516467 3.0641026943668
1.3204428836205002 0.21698972503140002 0.0458715596329 0.8696143200484 0.0305810397553 0.28116940382919997 0.05950665959 3.5065866146749998 0.6307107217087999 1.3517027953434 0.33278735691300004 0.3368783304431 1.1519539244096 0.0707062059375 3.7944984590674
0.43700159489620005 0.1690590111641 0.1531100478471 0.7440191387553 0.030303030303 0.1610845295054 0.23125996810190003 1.3253588516744002 0.4712918660287 0.9202551834138 0.4266347687398 0.3636363636367 1.1403508771924 0.10047846889940001 2.3261562998401004
1.4314890907573 0.11628430049460001 0.0682636077373 1.2910554067275002 0.0648148148148 0.3445810757277 0.26360941580860003 4.6141173350515 1.4889794169057 1.9917663146256002 0.1303804862325 0.7331751051318001 1.0874238792532 0.26926937512140003 4.104790375602399
0.18219461697710002 0.1304347826088 0.1739130434788 0.2950310559005 0.0 0.1325051759834 0.22153209109719998 1.024844720497 0.3933747412016 0.39544513457529995 0.06935817805380001 0.067287784679 0.1345755693581 0.3146997929605 0.46480331262900004
1.2885256757573 0.1795280235993 0.1895280235988 0.9621979411238 0.079646017699 0.37934621636270005 0.40934621636269997 3.3640539401603 0.8233778821267 1.4309427487818998 0.32716091746450005 0.6213966648608 1.0973649990967 0.24985009933160002 1.5977346336775002
1.12672322047358 0.39115248490328003 0.0 1.48701242451304 0.12523512523497998 0.32706848331829996 0.21579237204222 1.2119128056636 1.9465677903187997 2.03880803880908 0.9594006781497001 0.803119740619 1.24741052866048 0.1480144292643 1.97178187803316
0.1522997258604 0.4990321598072 0.0408163265306 0.9075000245643999 0.0298507462686 0.5339628388676 0.2277814351546 0.7946410148079 0.5161486838366 1.082369587219 0.0706670727992 0.2741100291824 0.15077672860180003 0.2732257081936 0.4468179183076
0.11881188118799998 0.118811881188 0.039603960396 0.19801980197999997 0.0 0.554455445544 0.39603960396 0.514851485149 0.39603960396 0.910891089108 0.039603960396 0.079207920792 0.11881188118799998 0.23762376237599997 0.277227722772
1.4661754269011 1.1924864778161 0.28663470252330003 2.53198158441715 0.0185185185185 1.40827455724825 0.39896624476415005 3.02009135290575 1.7570775058574 2.5540015502614497 0.7169053422036 1.3530833391747499 1.25114515452835 0.26749588870725005 2.7771623541734
0.0 0.0 0.0 0.0 0.0 0.0 0.0 0.0 0.0 0.0 0.0 0.0 0.0 0.0 0.0
1.0093725654716998 0.2975609756091 0.0452088452088 0.9483430215127 0.0487804878048 0.2664229639836 0.136117936118 1.0465152513947 0.7392221489777999 0.4837897764721 0.0669623059866 0.24966740576470003 1.0243902439032 0.11480793432 0.5228381374721001
0.3333441568984 0.2058317368574 0.0391596584082 0.9074909893830001 0.010033444816 0.3242848329382 0.0893268824884 0.46377893950719995 0.3835113809789 0.9899990258796 0.07929343767239999 0.22979510991349997 0.6913335714513 0.1757314024091 1.0770854303972999
1.84524973799454 0.37401972600984 0.29139307897030003 1.88424996538014 0.01954451345752 0.81776626609392 0.26228933191722 3.26326492999652 1.8000734126272198 2.8457978536998 0.9251724957376399 1.15690887362774 1.31218837673276 0.2819403911351 2.9201410466167204
0.67258864460834 0.35413428084977006 0.01169590643274 1.01443482122978 0.38981419794237 0.33044636908687 0.20556665926370002 0.47753349618720003 0.21815086238769998 0.79539566215131 0.2301428677183 0.12369531423481 0.93870752831307 0.10030350136933999 2.13738988822321
2.97878881295504 0.27482008669566 0.10945691256359999 3.1087967160590604 0.22305691400181998 1.1328179590220802 0.56178891872158 7.71879571257602 2.4663406926372202 4.0125828692267405 0.8716563842000999 1.4501183488494402 2.8439787767907 0.8963368582451201 5.3506640374529795
1.29537103055426 0.09772073703280001 0.09331480538643 1.6520527558192002 0.0485189302294 0.43578390318726 0.10577148491293001 2.4720624528667603 0.777101690786 1.6322484785528302 0.4696924442696 0.3516240412527 1.92924210837096 0.06944767663473 3.57004746013563
1.1380426819177 0.10253687654250002 0.20256523662120002 0.7936314742857 0.0676691729323 0.14833840325990003 0.40845096576219997 2.8769763429738 0.37336212106309996 1.9291656397407 0.5181588907168 1.1266665766358 1.5145767427119 0.1695426262106 4.6303162486345
1.4713319309143997 0.18800308348690004 0.0144628099173 1.5150315703802 0.0723095677739 0.31016158347190004 0.21616452354159998 3.4046513358381003 1.2839618881368 3.2142722162223003 0.4837153024809 0.9689768917725999 1.8228916508844 0.15678940612390002 3.8772762390484004
0.0869565217392 0.4430641821942 0.11449275362320001 0.1869565217392 0.0289855072464 0.2 0.31469979296039996 0.3028985507242 0.0289855072464 0.344927536232 0.1724637681159 0.15734989648019998 0.0869565217392 0.2573498964802 0.2739130434784
1.6904570791924 0.167316238203 0.0758375764223 0.8332042068596 0.07010396161589999 0.34855429192509996 0.33397036751229997 3.1218600162161 0.9344224352463999 2.7118427454817002 0.741639800953 0.7418148407637 1.8589847258382 0.18004784501020002 2.189943868762
1.0155889929961002 0.1440275365912 0.1187769784171 1.9032261511743 0.0393884892086 0.6386641031995001 0.23575167452219997 0.9352868156413 1.4114916130774 2.4659800965591 0.6389748678506 0.5211513653802 1.0606491994728 0.1090275365913 1.7620145793203
0.3010127127773 0.0821374703726 0.056496444731599996 0.8006033182512999 0.0588235294118 0.3415212238741 0.1752639517346 0.4485240249946 0.43999138116750003 0.5555268261145001 0.1286360698125 0.035294117646900006 0.18780435251 0.1286360698125 0.2597285067873
0.08 0.0666666666667 0.0266666666667 0.0933333333333 0.0 0.1333333333334 0.0133333333333 0.2133333333333 0.0666666666666 0.0533333333332 0.0133333333333 0.053333333333299995 0.0266666666667 0.0266666666666 0.1333333333336
1.4707761529735 0.52802371739943 0.14720695970679998 2.66705368578185 0.00557103064066 1.21798274103426 0.56115275747915 3.3874359040306996 1.9460598966370497 3.00673053833019 0.45347593510935996 0.6975132747541001 0.9948397371510899 0.21267509614741997 2.70350257282685
0.0714285714284 0.0 0.0 0.0714285714284 0.107142857143 0.0 0.0 0.0357142857142 0.1071428571427 0.0714285714284 0.0 0.0357142857142 0.3214285714295 0.0714285714284 0.1071428571427
0.4224637681164 0.2659420289857 0.0 0.8782608695653 0.0 0.672463768116 0.3753623188409 0.3043478260872 0.3876811594202 0.6449275362322999 0.07826086956520001 0.2956521739134 0.29202898550710005 0.1217391304348 0.2608695652172
0.3710067710064 0.2222222222222 0.3277611277614 0.754467754468 0.0 0.47594627594579997 0.5138639138636 0.45791985792 0.3475857475854 0.7479409479402 0.0 0.819225219225 0.6044844044848 0.1359085359084 1.221667221666
0.85117282717279 0.13413986013983 0.15078188478174 1.55722144522053 0.02561538461537 0.5310762570763601 0.41493106893067 0.93371994671985 1.071284382284 1.806419247419 0.19716017315999002 0.7454019314025802 0.8056829836838 0.13462171162155 1.6407708957706901
0.20356807511727 0.06582159624410999 0.02816901408452 0.44807511737089 0.05399061032862 0.18657276995287 0.18553990610299 0.4293896713614899 0.47737089201911 0.74516431924867 0.0508920187792 0.21474178403753 0.39305164319200003 0.10732394366185999 0.41032863849764
2.21720750057498 0.6827077678215399 0.19187481810016 3.2335543020668203 0.06546555554596001 1.06865449522518 0.44985865218472004 4.04742974997526 2.07888035001282 3.73802122022148 0.8059265692366999 1.5963966063064599 1.86233403792608 0.32513717210178006 2.63655120269774
0.9116971379349 0.046867521776519996 0.13877189623813999 0.8962501196520201 0.0 0.16547812769193998 0.24848042500235998 1.28244950703544 0.54041830190582 1.04522829520522 0.29717861587042 0.27230305350794 0.6328491432947201 0.20108643629734 1.3209414185889001
1.1012757429009998 0.1459589364773 0.1564051343918 1.5888571364056001 0.07503695066169999 0.43819438102999997 0.1661150543384 1.2611606989431001 1.1167970547756 1.9407093545176999 0.4412480619929 0.5257784957735999 1.8618824449251001 0.154506437768 3.0260741150972
1.24812934222656 0.26015582267992 0.0615300074576 1.6014992554434402 0.125180177596 0.37810679623420007 0.34159298207090005 2.25679920924922 1.4736587183509 2.1041541564929602 0.8587774108618 0.69884894256842 1.47108475861402 0.25487847525400004 2.8656039449054203
0.16666666666660002 0.0416666666666 0.0 0.0416666666666 0.0 0.0 0.2916666666666 0.0416666666666 0.458333333334 0.333333333334 0.0416666666666 0.0 0.0416666666666 0.37499999999960004 0.166666666667
1.50235710319264 0.16177188751822 0.10100338460358001 1.23929985212262 0.1434918882224 0.40080925286238 0.24738186107152002 1.9913097629347998 1.0473334369099598 2.15504819602426 0.46112115132836007 0.74688955640666 1.6427371663955601 0.34668227249272004 1.81276322791562
1.17767552281578 0.06593843098308999 0.24205579380928 0.8157158189135899 0.0 0.22082597701038 0.25574000433538 0.91781266752238 0.40282830291209 1.20240147141158 0.1980185896364 0.34444926810229004 0.849273781905 0.13504735289539999 1.17221701774849
0.08333333333363001 0.0750000000001 0.0166666666667 0.6000000000002199 0.0 0.05833333333336 0.058333333333390004 0.20833333333343002 0.09166666666669 0.51666666666599 0.02500000000003 0.09999999999996 0.04166666666673 0.0333333333334 0.09166666666659
0.0 0.0 0.0 0.0 0.0 0.0 0.0 0.0 0.0 0.0 0.0 0.0 0.0 0.0 0.0
0.80768641824578 0.15964704650109002 0.039734231012690004 0.9483186304112701 0.01539988655699 0.37823732039989 0.14963459846889 0.7965840632198798 0.65472189651629 1.30692024113737 0.30701366173509004 0.69374067611987 0.5824582977432801 0.08700726468598 1.0728957672492903
0.0 0.0 0.0 0.0 0.0 0.0 0.0 0.0 0.0 0.0 0.0 0.0 0.0 0.0 0.0
0.29594173812540003 0.3377759532932 0.10356261022910002 1.0623006750588 0.0 1.1526223925071 0.26353220215309997 0.8519035455811 0.4274122726997 0.951429787751 0.22953049930049998 0.22023170954170002 0.6629106610711 0.6154983883717999 0.8253475643124
0.24897470950069997 0.1902176770597 0.24580682475420002 0.8622955991375001 0.0 0.4570166675428 0.3213365581783 0.5643566959351 0.5829039381669999 0.5601766654399001 0.2811267679684 0.060150375939700004 0.586742205164 0.2685340974813 0.7703612177304
0.8795736204474901 0.30084508225769 0.28563744576379 1.8370960472231999 0.0 0.647723039495 0.6687839881379 1.19603150309439 1.0761119070897 1.87363546567409 0.30101836870660004 0.8096937519981 0.97077239512349 0.63159593875738 1.5214814462319002
1.7226626618227 0.3464297501904 0.102564102564 1.8181044619088 0.025641025641 0.5432005310323 0.9624387411990001 1.1453745369689001 0.8123403145527 2.4030825369328 0.48547580737850005 0.5710723642141999 1.6197578232972 0.3980956359265 2.0437597063696002
1.6873844319633302 0.3337170495726399 0.15475229435691001 3.4624109707752897 0.16989818869599999 1.00670908870138 0.56979260448523 2.8306662807892398 1.71405222881724 4.3048038077207496 1.4462649059635297 1.3918768089066098 2.83942571293711 0.48772158875054 2.6005240375659398
1.0339228195259 0.1014345131991 0.0290309106098 1.1074064394504 0.0213903743315 0.40124710171149996 0.1836018298864 1.1083624837489001 0.9603889402646 1.4125789071598 0.3359792082703 0.5568444283617 0.9241352043201 0.1485487336879 1.675128105469
0.7407381533225 0.1663645019352 0.18178560764409998 1.2986675831154 0.0438339802926 0.20531501940879998 0.1489332214065 1.2555051634662 0.6370451331577 1.5860639898143 0.4603029910375 0.7043093686098001 0.7903187096127 0.16958934517200003 1.6112272320096999
1.273950515947 0.23006566604009998 0.091228893058 1.9013295958129999 0.16082317073160002 0.7733429837601 0.7284644497631 3.3426921257373 2.0370362133672 2.4936856076481 0.9937998358344999 1.2191604127569 2.4784007650248 0.24340408067480002 4.0326156838337
0.0 0.0 0.0 0.0 0.0 0.0 0.0 0.0 0.0 0.0 0.0 0.0 0.0 0.0 0.0
2.4616423654037902 0.22829743704698996 0.0863671201378 1.9393106142799796 0.2925391655035 0.6718491191145899 0.3332468435196 2.2925698446940896 1.4461136726501898 2.2542350205267003 0.3788627460309 1.51001024104889 1.24470374183548 0.4781268816521 2.38212518655539
0.9150557297106 0.0574712643679 0.1437815656564 0.9596394984325 0.08961925287349999 0.053291536050200004 0.23710978317639997 0.5932737939749 0.7771600705339 1.0473294366074999 0.5720431687563 0.5479226532567001 0.7611214515856 0.049163510101 1.1960172849188
0.1737030411448 0.0735241502684 0.0116279069767 0.32826475849729997 0.0386404293381 0.0967799642217 0.0926654740608 0.2776386404292 0.17745974955260002 0.3050089445439 0.0116279069767 0.0232558139535 0.10053667262970001 0.0502683363148 0.23899821109129998
0.0350877192982 0.0 0.0175438596491 0.1052631578947 0.0 0.0701754385964 0.0526315789473 0.1578947368421 0.08771929824550001 0.1052631578946 0.0 0.140350877193 0.140350877193 0.0526315789473 0.0350877192982
1.9557682156617 0.5725370907389999 0.06988957716130001 3.140260766619 0.0440038684719 1.2386853941737 0.5862513184528 1.4906601163903 1.7844494754517 2.7632047035256995 0.8441143213954 0.6700345562002 1.6911605522420998 0.5766732736792 1.5723067698332
0.0 0.0 0.0 0.0 0.0 0.0 0.0 0.0 0.0 0.0 0.0 0.0 0.0 0.0 0.0
0.3050420168066 0.0428571428571 0.1907563025209 1.0605042016811002 0.0142857142857 0.43865546218490004 0.23361344537780002 0.4815126050420001 0.4504201680669 0.41932773109230004 0.0428571428571 0.17394957983190001 0.4050420168064 0.24789915966370002 0.493277310924
0.2277777777776 0.1997076023394 0.3049707602344 0.6277777777785001 0.0 0.32777777777709993 0.3301169590645 0.5833333333340001 0.5134502923986 0.8552631578953 0.0 0.1415204678363 0.08333333333340001 0.3134502923976 0.4915204678366
0.55737878199266 0.20762565068388 0.0759452267262 1.0705074583161 0.0120481927711 0.5520959340425 0.41492859059738 0.8805499209136 0.5591705998642 1.3067073061610597 0.2052590824286 0.35907204151728 0.733647959004 0.20762467866335999 0.8574385763169801
0.32786093674562 0.03289473684201 0.00657894736841 0.35991067117353004 0.0 0.04725977788501 0.04985514244318001 0.14196040560098 0.22072670207641 0.7023177209081201 0.11926605504580001 0.059029454369810004 0.44054804442309997 0.07339449541278001 0.41839690970620996
1.98361113681722 0.6322983818577601 0.22559958535115998 3.05984507332188 0.38394080118986 1.14328829824334 0.7661595517794001 2.5530955453497 1.99770625665176 4.36212782623158 1.2175546496135201 1.7142525198086802 1.80780030103538 0.65573579896508 2.49698427377812
0.46104914319948 0.04412160344352 0.01401791835094 0.4950273705681799 0.00564971751412 0.12396058818302999 0.07440201809392999 0.30835367974565 0.50119489442934 0.52888965434171 0.11145669056463 0.29554022398495006 0.3772343062461 0.07069182304978 0.58841036828412
0.32855136644741 0.08168153699628 0.04332489839736 0.7420876896370501 0.028942818723200002 0.18349516557415002 0.08542123567259 0.42901138222199003 0.37494183441657 0.5786004718369401 0.34279745674199 0.49425443481379 0.62037572496419 0.041211816499420004 0.62530216705478
0.72449547047129 0.21340468108929 0.0091743119266 0.76089845730867 0.01239965596329 0.1321353758471 0.07318703609778 0.86743673931627 0.49410397745648 0.70345527811197 0.44435444135888 0.8132754512237 0.5201462444103899 0.0796377241712 1.15189515525017
0.0851063829786 0.0851063829787 0.0425531914893 0.1702127659573 0.0 0.127659574468 0.0851063829786 0.21276595744670002 0.425531914895 0.4680851063833 0.0 0.0 0.0851063829787 0.1702127659573 0.0425531914893
1.3053548664385999 0.0650793650793 0.061431202315100006 1.3496015359290001 0.1489561617142 0.5892679413768 0.2924248903858 1.4342643106316 1.0615560782267999 2.1329111826769 0.42924670390700004 0.8599541683409999 1.2476540956987001 0.18132227531040002 0.8409752219693
0.83682728928562 0.06510157659412 0.0555555555555 0.8734047114800001 0.00956937799042 0.28112836736659996 0.02956937799042 0.60210962079782 0.50412258913582 1.3564279551334 0.21908690006172 0.62190646761 0.6602713066817 0.14251366120199999 0.7424052431124201
0.015625 0.09375 0.03125 0.1406250000002 0.0078125 0.078125 0.046875 0.1875 0.09375 0.09375 0.0390625 0.03125 0.0625 0.0234375 0.0546875
0.0 0.0 0.0 0.0 0.0 0.0 0.0 0.0 0.0 0.0 0.0 0.0 0.0 0.0 0.0
1.2285197689341298 0.5443570543137599 0.33213754678053 2.6906022974899897 0.0677966101694 0.9305062548559301 0.72696871327089 1.99285328489486 0.65831484581383 2.69205001316086 0.57491122610673 1.2682955731041001 1.3321048777913 0.5259890968505 1.4345928364587301
0.0 0.0 0.0 0.0 0.0 0.0 0.0 0.0 0.0 0.0 0.0 0.0 0.0 0.0 0.0
0.19621848739499 0.76817057468199 0.179464285714 1.20135368663707 0.0588235294117 0.8754388045553001 0.60645838980748 0.5053876389263801 0.5267331932777 0.8194005828139801 0.04374999999999 0.18059772296009 0.3310399159662 0.5358396584436801 0.171323529412
0.2291187739464 0.20689655172440002 0.1601532567052 0.3134099616856 0.088888888889 0.1777777777778 0.5003831417626 0.5203065134102001 0.2934865900384 0.4513409961686 0.0222222222222 0.15785440613020002 0.426819923372 0.18237547892740003 0.2689655172412
0.6794660883884001 0.21618185897 0.0658042324085 1.1850370148801002 0.0385852090032 0.09276153443490001 0.2740596724742 0.7296792043669001 0.7841172511782999 0.7915202273244999 0.10809092948480001 0.49420474089620003 0.4979062289702 0.0 1.0425858072227
0.46739046883779 0.14698456144888 0.0662400553441 1.0454584191809202 0.09064112011778 0.37742527617695 0.21894368162399 0.60362744950546 0.63857849698438 1.71764446382954 0.29595512977949 0.19571316613099 0.48810609972328994 0.19704413330037998 0.45024747801318
1.60348646526317 0.44907173785132 0.09953740238162 2.2059990778970304 0.21696280708835997 1.0170018784071102 0.4886860702269701 2.16192672380113 2.18774959098066 3.9484474225148896 0.9930032814281 0.84468035643646 1.64629671087528 0.24514792949201997 1.8920025453563802
1.2914092161089001 0.1842291371993 0.0 1.0530410183877 0.0 0.1669210154097 0.1129773691654 1.0103755676311 0.9504206059709001 1.1577737660993999 0.4073457157746 0.4904247003651 0.6434619965753 0.1556428199209 1.3759770713914
0.7158483199015 0.1198660320817 0.11068655244659999 0.5713304944002999 0.0 0.18919588765649997 0.07789966720059999 0.9760413726027001 0.6325517654534001 1.2095654259920998 0.2923570162843 0.8394836907180001 0.8812751073885001 0.12362211716479998 1.2602765507122
1.0688581698113 0.36240587560299997 0.0 2.1980291024207 0.15933439708219999 0.47620421919370004 0.2689403334708 1.9901122860434 1.4713713733045999 2.0297378361092004 0.9680080721289999 0.7969456496398 1.5080783104690998 0.205525699325 2.4964486754018003
0.0 0.238095238095 0.0 0.0 0.0 0.047619047619 0.047619047619 0.14285714285700002 0.047619047619 0.190476190476 0.0 0.0 0.0 0.28571428571400004 0.0
1.25458629909848 0.13376391121529 0.04568993346359 1.69243853529429 0.0967493312782 0.7428495297750901 0.3070525358837 1.5629186153543901 1.35527604315759 1.72089428563459 0.73819830525808 0.61058326767649 0.98310237431497 0.07661039373179 1.6792866388632801
0.3994556763468 0.1211339385253 0.013698630137 0.741268895885 0.021978021978 0.1985311987993 0.0493948080905 0.5047670316581 0.5851554540358 0.946999456768 0.41550624281410004 0.4921586850713 0.5737770171064001 0.0767920683645 0.8593828744224001
0.035714285714240006 0.0625 0.026785714285670004 0.15178571428568 0.00892857142857 0.13392857142847 0.06250000000004 0.13392857142847 0.08928571428574 0.17857142857134 0.00892857142857 0.0 0.0357142857142 0.0446428571428 0.026785714285670004
0.0 0.0 0.0 0.0 0.0 0.0 0.0 0.0 0.0 0.0 0.0 0.0 0.0 0.0 0.0
0.977345445537 0.35704383702310005 0.0208333333333 1.6219744206169 0.1446772909169 0.5833642308233999 0.3584952575018 1.2373541829572998 0.7615999200582 1.3302398320891 0.8065608628065999 0.5679629710859 0.8862423454807 0.09015143245269999 1.2561546373175
0.0 0.0 0.0 0.0 0.0 0.0 0.0 0.0 0.0 0.0 0.0 0.0 0.0 0.0 0.0
0.2446670808738 0.2469969969968 0.12534948741830002 0.44485865175510003 0.0277777777778 0.4495184840008 0.2244226985605 0.5026146836488999 0.2001915708813 0.7916278347308 0.0689655172414 0.3909599254424 0.4716785751272 0.1981464222841 0.6122242932594002
0.0714285714285 0.0571428571428 0.0285714285714 0.1428571428571 0.0 0.08571428571430001 0.09999999999999999 0.1428571428571 0.1571428571431 0.1714285714285 0.0 0.0 0.0 0.0 0.0428571428571
0.3966433566431 0.1460606060605 0.0951515151515 0.8954312354309 0.106060606061 0.2995337995335 0.31151515151500003 0.388857808858 0.5042424242426 1.6444755244754004 0.29407925407909996 0.3185547785545 0.5539860139858 0.191888111888 0.8535198135207
0.49072622081954 0.037383177570119996 0.012987012987 0.34537686612442 0.038961038961 0.19804668851381999 0.05037019055712 0.24250515839311998 0.35576162155603996 0.78623295707432 0.30147186147189997 0.1366136667069 0.378494153821 0.15929279443292 0.46577659100994
1.4691935858679 0.2388011375277 0.09596962830610001 2.5683254122154002 0.19272327023980002 1.3649932881205002 0.4441002832533 1.7716559719309999 2.0655283326344 2.844716780346401 0.7859404190671 1.2581254857188997 1.4447790268938 0.2509358745736 2.2042115033061003
0.6214743589738 0.0230769230769 0.0104166666667 0.4525641025641 0.0230769230769 0.1592948717953 0.1258012820514 0.3059294871794 0.3349358974363 0.5277243589747 0.1883012820512 0.3059294871798 0.3394230769231 0.0565705128205 0.5254807692311
0.27142857142829996 0.0452380952381 0.0 0.35714285714259997 0.0 0.1285714285715 0.0690476190476 0.1619047619047 0.48333333333330003 0.3571428571431 0.0452380952381 0.152380952381 0.32857142857129995 0.0 0.5999999999998
0.41734372712583 0.15442493399760998 0.0 1.64631926460923 0.0454545454546 0.6158471269411 0.19654882154859998 0.9081401218576102 0.70275291647063 1.2193771800966102 0.33949641340911996 0.5431781583951101 0.9417037693266 0.0711279461279 1.19828507463512
0.1764705882358 0.176470588235 0.0 0.1764705882358 0.0 0.3529411764704 0.2352941176468 0.2352941176472 0.2352941176468 0.1176470588236 0.0588235294118 0.0588235294118 0.0588235294118 0.0588235294118 0.0588235294118
0.46632124352390003 0.0 0.0466321243523 0.2797927461139 0.0310880829015 0.0777202072538 0.0 0.2020725388607 0.24870466321239998 0.6683937823847 0.1709844559584 0.23316062176189997 0.17098445595849998 0.0932642487047 0.3108808290155
0.44871794871709997 0.0961538461537 0.0 0.5769230769236 0.0641025641025 0.2884615384616 0.0961538461537 0.5128205128198999 0.6410256410262 0.7371794871788 0.2243589743587 0.1923076923073 0.5128205128204 0.0 0.6089743589748999
0.0196078431372 0.3494720965316 0.0969079939668 0.7004524886881001 0.0196078431372 0.2612368024132 0.1157616892911 0.3052036199093 0.3989441930615 0.1742081447963 0.0584464555052 0.0384615384616 0.0192307692308 0.1161387631976 0.3263197586724
0.18131868131849999 0.0769230769231 0.21978021978009998 0.3076923076924 0.0384615384615 0.076923076923 0.076923076923 0.47802197802160007 0.3351648351645 0.192307692308 0.0384615384615 0.23076923076960001 0.076923076923 0.0 0.6703296703297
0.5667446327473 0.0597014925373 0.0 1.0230966473059 0.0923507462685 0.3317109036098 0.4166311300654001 1.0396533343126 0.656686548783 1.5544146570095998 0.0955835048893 0.5517190831553 0.8384907359770001 0.0611007462686 0.7121158370708001
0.0 0.0 0.0 0.0 0.0 0.0 0.0 0.0 0.0 0.0 0.0 0.0 0.0 0.0 0.0
0.056179775280900006 0.0645161290322 0.0 0.2555273649873 0.0 0.1192461036606 0.22725625226570004 0.08988764044950001 0.3494019572312 0.25552736498740003 0.0337078651685 0.0224719101123 0.12069590431309998 0.1080101486045 0.29757158390719995
0.46909633418630003 0.1466325660703 0.1321398124472 0.6173913043477 0.05 0.0144927536232 0.07246376811579999 0.1724637681158 0.331884057971 1.3184569479978 0.0144927536232 0.15000000000000002 0.417647058824 0.16112531969359997 0.9317135549886
1.100761009452 0.3695796318094 0.3461251042103 1.3254451413746 0.0995819046434 0.6459024487415002 0.23223665710889999 1.3797138641079 0.9184140031854999 2.0062191387215997 0.5275788962524001 1.0584285687398 0.9627598923859 0.1952809832067 1.831972756062
0.91371965772891 0.198016435027 0.0776699029126 1.22868831440351 0.0347826086956 0.4761849907099 0.37349960352441 0.6033950994742199 0.8029556222713099 1.1544127219582099 0.46557205019741 0.33590576093852 0.72256679935101 0.2273872409586 1.3852431918528096
0.4479728794801 0.2710911936264 0.08373528844280001 1.0155501571763 0.2520202020201 0.6950492772613 0.2140153220414 0.6807587743145 0.7932480311519 1.4612524044225002 0.2754324062544 0.1811247727125 0.6120520271207999 0.2357554904631 0.7809417735132
0.7741406808563001 0.0114942528736 0.0 0.3777924434914 0.066039707419 0.4083374580649 0.0835835670681 0.3017653852497 0.4239674421163 0.9509761865487001 0.2817026893248 0.3148765330257 0.1786613870098 0.0344827586207 0.7921795083320001
0.1671898193962 0.27115289460659997 0.07380319148930001 1.2830513978243 0.0 0.03125 0.1668264473032 0.6827220435425 0.2366712023748 0.7021508535379001 0.23271276595739998 0.3031296387925 0.3447473404259 0.0621366279069 0.4424557768429
0.5407763289341 0.0878542510121 0.0178571428571 0.8887231189867 0.0441729323308 0.10844155844150001 0.17232898680250003 0.6380395919878001 0.6123481781376999 0.5343419738157 0.1776223776223 0.48300909616739995 0.7075109101422999 0.0458291708291 0.9411443819346
0.29508196721339996 0.4733606557376 0.0 0.5184426229511 0.0491803278688 0.8805170239599 0.2522068095836 0.8475725094586001 0.0983606557376 0.5687263556123999 0.1475409836065 0.3997477931907 0.0983606557376 0.2233606557376 0.1475409836065
1.1418587847928998 0.113782051282 0.0394345238095 1.2933046650798 0.0615384615384 0.9022355696318001 0.1566998553463 1.3878145341921 1.0181798429818 1.5435552571100997 0.5141597256253 0.749371441987 0.8993005004546999 0.2298523132918 0.9489124728776999
0.5014458416862999 0.0444444444444 0.0508474576271 0.4475183767693 0.0161290322581 0.1812101330418 0.1028673835126 0.18515278537160001 0.4600145799162 0.5694854504586 0.1489520685255 0.23682036328310002 0.3474211773283 0.0775226292449 0.6301682765323
0.0979608156739 0.1143542582968 0.0243902439024 0.36745301879299996 0.016393442623 0.269092363055 0.049180327869 0.3178728508599 0.1143542582968 0.22870851659350003 0.0815673730509 0.0 0.1551379448221 0.032786885246 0.13074770091969998
0.0 0.0 0.0 0.0 0.0 0.0 0.0 0.0 0.0 0.0 0.0 0.0 0.0 0.0 0.0
0.8296987675165 0.0 0.0322580645161 0.7636932318879001 0.0 0.0530973451328 0.2654867256638 0.7926373667294 0.5851630279632001 1.4002407873990999 0.34462386277589996 0.3168712532126 0.4242698804749 0.11761347416500001 1.0743462125623
0.0 0.0 0.0 0.0 0.0 0.0 0.0 0.0 0.0 0.0 0.0 0.0 0.0 0.0 0.0
0.3298179663029 0.0533333333334 0.129032258064 0.9492947252556999 0.0314960629921 0.6088222843106 0.162678858691 0.7932401998134 0.6578545423775001 0.9156481246295 0.2801591736515 0.4754889509777 0.3501312335967 0.1723376513418 1.0906646346634001
0.0384615384614 0.0384615384614 0.0 0.19230769230789999 0.0 0.0384615384615 0.1538461538461 0.0961538461538 0.2500000000004 0.11538461538460001 0.0192307692307 0.0 0.0 0.0 0.057692307692200004
0.1842643748722 0.1994095121171 0.0571428571428 0.584869478792 0.08870472682620001 0.38526118857579994 0.18904966529259998 0.2709754742904 0.3265310298459 0.6198134993712999 0.073767137303 0.2157268555058 0.3535151568303 0.0977608231751 0.35320822005909996
0.8540529363104 0.08608058608050001 0.1269230769229 1.035637480798 0.25 0.6418645870254001 0.4751861042182 0.33268344558640006 0.6150892118635001 1.8052699988185001 0.375115207373 0.0976190476189 0.7203533026112001 0.1868486352356 1.397276379535
1.3701036693533 0.2615853658535 0.067415730337 1.2167082826499 0.0321951219512 0.9438251808156001 0.2410474030374 0.5441872362692 0.7501856632992 2.1876388428131 0.44873152782330006 0.5541150904113001 1.052318515526 0.0812831040787 1.2486592657763
0.190476190476 0.0 0.0 0.0238095238095 0.0 0.0238095238095 0.0 0.07142857142850001 0.1428571428575 0.2142857142855 0.07142857142850001 0.047619047619 0.142857142857 0.0 0.07142857142850001
0.22051184110010003 0.0588235294117 0.0 0.6596638655473 0.0 0.16726508785320002 0.1176470588234 0.6132161955689 0.47100840336030003 0.6376241405645 0.2155844155845 0.4326967150496 0.0896103896104 0.094537815126 0.2218105423988
0.4970767484040899 0.1073968705548 0.00917431192659 0.55255327756578 0.0275229357798 0.09971028488669001 0.0526315789474 0.34835632348977996 0.26001931434088 0.53035483576308 0.1327860936745 0.2933104519293 0.56095110078699 0.027027027027 0.50112884492439
0.0 0.166666666667 0.0 0.166666666667 0.0 0.166666666667 0.0 0.166666666667 0.166666666667 0.0 0.0 0.0 0.0 0.166666666667 0.0
0.7215618707372 0.00961538461538 0.027027027027 1.04621258875404 0.08012067251198 0.39293683577798 0.3753706684739 0.32851002678576 0.7301175886259801 1.26922686124326 0.14282970261234001 0.16257987997127998 0.5120429413902801 0.27720089114408 0.92464706033006
